296
0 2.160000000000000 2.080000000000000
1 6.580000000000000 3.830000000000000
2 6.138042963474635 3.655017010425477
3 4.183224366935399 2.881050371524196
4 4.291018206338503 2.923728927848955
5 6.234124593805875 3.693058379900516
6 6.555996896819241 3.820496508921646
7 2.297853556851544 2.134580028165204
8 5.535341739951148 3.416390960387898
9 4.127890426433210 2.859142137162470
10 2.430612244897962 2.187142857142858
11 5.738203619243784 3.496709577754892
12 6.490685331710286 3.794637857577602
13 4.214412682609279 2.893398686553447
14 2.625974814494801 2.264492290806765
15 4.430000000000000 9.380000000000001
16 8.800000000000001 6.150000000000000
17 8.411338983050847 6.437271186440680
18 6.956889294126587 7.512299217384697
19 7.672739793408756 6.983192326610920
20 6.302354779309191 7.996085597901903
21 4.948142850676685 8.997024849499843
22 6.294183603037043 8.002125162972622
23 8.063288774359801 6.694525688516670
24 8.674737732656514 6.242585154123448
25 7.110878214459000 7.398481319747696
26 5.297686274509804 8.738666666666667
27 6.050812107655675 8.182008442167545
28 7.020030416774527 7.465629691949263
29 8.289999999999999 0.590000000000000
30 7.133780618883295 2.780731458957968
31 6.822678835717809 3.370187469166256
32 6.616441363373772 3.760953206239168
33 6.585282944977482 3.819990209516350
34 0.530000000000000 5.130000000000000
35 1.550000000000000 8.810000000000000
36 1.252414335578389 7.736357602871049
37 1.079769134153392 7.113480797729885
38 1.300322492438994 7.909202717819117
39 0.605641724617524 5.402903477051460
40 1.041677892337185 6.976053572353764
41 1.640000000000000 6.950000000000000
42 2.540000000000000 4.700000000000000
43 2.268736349453978 5.378159126365055
44 2.080223226149349 5.849441934626627
45 2.442103806228374 4.944740484429066
46 2.348934240362812 5.177664399092970
47 2.273018549747049 5.367453625632377
48 2.302518337408313 5.293704156479217
49 0.740000000000000 8.380000000000001
50 2.380000000000000 6.320000000000000
51 1.669018191973191 7.213062514960504
52 8.029999999999999 7.310000000000000
53 9.520000000000000 3.900000000000000
54 8.270717980654299 6.759095091254257
55 8.920227517058294 5.272633669014239
56 3.920000000000000 2.890000000000000
57 0.410000000000000 2.180000000000000
58 2.205485908141963 2.543189457202506
59 1.452947080652167 2.390966503493743
60 2.511449842832294 2.605079597837872
61 3.110000000000000 6.870000000000000
62 1.610000000000000 4.210000000000000
63 2.925831743078797 6.543408291059733
64 1.935378801320038 4.787005074340868
65 1.766115527678506 4.486844869083217
66 1.709123929520622 4.385779768349902
67 2.086714396815957 5.055373530353630
68 1.865951938099844 4.663888103563723
69 2.257977629646367 5.359080329906225
70 1.836639394309439 4.611907192575405
71 2.280000000000000 9.150000000000000
72 2.369153896094796 9.023018743665315
73 6.742541845886500 2.794033577239859
74 6.208054733148487 3.555299747795165
75 5.315362154232034 4.826755400960696
76 6.138181127649636 3.654820224179553
77 3.430877989466803 7.510812713837630
78 3.501861928539529 7.409710797288124
79 6.257573631394305 3.484770335318593
80 5.813749337331654 4.116906101903667
81 4.210423473145728 6.400511658880627
82 4.732049150974365 5.657563938046495
83 5.366979533501029 4.753237136976903
84 6.294781456110957 3.431775496787055
85 4.398034507798194 6.133298604533687
86 5.625647711448348 4.384817901830639
87 6.388976190969274 3.297614609867389
88 4.187456574822922 6.433223247839565
89 5.027909582810448 5.236172041787448
90 4.850866664449746 5.488333003712174
91 6.450000000000000 0.580000000000000
92 2.163371886519319 2.078821018699539
93 4.333396561944280 1.320071132187315
94 2.323081488377507 2.022978500567306
95 2.185027735271615 2.071249043611323
96 3.740125498254078 1.527508567044029
97 2.758362684215405 1.870782278246362
98 5.780000000000000 9.910000000000000
99 8.920000000000000 2.720000000000000
100 4.186393442622951 2.880942622950820
101 4.368377095097585 2.874755178766682
102 5.675823986194996 2.830301984469370
103 4.088052793943756 2.884286205005913
104 7.231078348778433 2.777423336141533
105 6.206580380614568 2.812256267059105
106 4.209811011190100 2.880146425619537
107 7.670239864031361 2.762491844622934
108 6.120000000000000 3.090000000000000
109 4.295281856939839 2.924116532449077
110 4.576600199401796 2.949690927218345
111 5.887912087912088 3.068901098901099
112 4.058981872361558 2.902634715669233
113 4.222790720438528 2.917526429130775
114 7.070000000000000 8.109999999999999
115 6.685930923260310 6.080498141859744
116 6.234084313839801 3.692845532079794
117 6.177703258462512 3.394916165770326
118 6.723188264944735 6.277373778971124
119 6.187057008283255 3.444343349033620
120 6.918358905022241 7.308696529696472
121 6.264798049903511 3.855143379490131
122 6.484077329506539 5.013861256971397
123 6.933053546185286 7.386346107210667
124 3.220000000000000 2.910000000000000
125 5.149496689950944 4.675028157127683
126 6.992948525469169 6.361345844504022
127 5.353344862144850 4.861500497596120
128 3.557771724137931 3.218980371352785
129 4.073671179494070 3.690905029059025
130 4.891791683281610 4.439289689488375
131 5.793013288121426 5.263691989133944
132 4.685758786881392 4.250818848706471
133 0.300000000000000 1.340000000000000
134 2.228713277742139 2.104728672225785
135 6.555978142076504 3.820475409836066
136 2.163933812330176 2.079043820493971
137 2.298359229334991 2.132343070229957
138 5.535413066346617 3.415824607516413
139 4.129248631583451 2.858284887363502
140 2.399293001186240 2.172362989323843
141 5.739137360364087 3.496600641290856
142 6.490761855846602 3.794617360041089
143 4.213870468965119 2.891837176389036
144 2.626642592158940 2.262506378101236
145 5.550000000000000 3.300000000000000
146 2.298892314767395 2.129984844842543
147 4.199465109725598 2.813966794650510
148 2.343541420118345 2.146053254437871
149 4.185026733456367 2.808770682836805
150 2.631013018589191 2.249509109934753
151 1.000000000000000 7.100000000000000
152 9.580000000000000 8.550000000000001
153 3.623666997074332 7.543393606731676
154 2.051839988191011 7.277758506162816
155 6.281808293958913 7.992613289771612
156 8.151829144925173 8.308642454561948
157 4.986580031790909 7.773722732645317
158 7.190035834316364 8.146101627011507
159 4.893907597082013 7.758061307199175
160 5.966546930617904 7.939334854241954
161 7.897737241759641 8.265701515215790
162 0.550000000000000 4.170000000000000
163 2.805020319058368 6.644917137934041
164 0.786265069361646 4.429304301746815
165 1.581762233739706 5.302373847354859
166 5.046121257136200 9.104557555633228
167 1.098035376915995 4.771476685181226
168 0.817290585518271 4.463355250645292
169 1.598345080775576 5.320573759780460
170 7.400000000000000 4.770000000000000
171 4.040000000000000 0.990000000000000
172 4.502721717096438 1.510561931733492
173 5.135920258318125 2.222910290607890
174 6.218389261744967 3.440687919463087
175 6.524871794871795 3.785480769230769
176 6.607062068965517 3.877944827586206
177 7.341299338073058 4.703961755332189
178 6.060000000000000 3.910000000000000
179 3.628358958423964 5.953126965384376
180 4.183390519502792 5.486775258989196
181 5.403731779116862 4.461413335967599
182 3.765188214877846 5.838159526221058
183 5.482221884913708 4.395463942563106
184 3.507489283782097 6.054684755919930
185 3.016029085631944 6.467622178049853
186 4.904530475434686 4.880855032858451
187 4.529827287563175 5.195690230186580
188 2.318923823758944 2.041370881337549
189 2.188758684338708 2.073009716204784
190 3.794053811546642 1.682815631451143
191 2.735008908581848 1.940234376217463
192 7.020000000000000 8.560000000000000
193 3.260000000000000 5.670000000000000
194 5.075758061943070 7.065622552929647
195 6.742062131624327 8.346372223509125
196 4.425118385302105 6.565529822745502
197 5.877009612365566 7.681478132908640
198 0.660000000000000 4.390000000000000
199 8.369999999999999 6.790000000000000
200 1.713851414404501 4.718047132888561
201 5.233432969229470 5.813636721939135
202 1.358127524429968 4.607315960912052
203 1.602650670107384 4.683432115208524
204 7.612827752673383 6.554304358808835
205 2.008351580129879 4.809720336227199
206 5.227819791377608 5.811889429222602
207 5.194410467134917 5.801489639575071
208 1.792696253115537 4.742590273343358
209 1.250000000000000 6.770000000000000
210 2.430000000000000 1.550000000000000
211 1.802248362671556 4.327003005808880
212 2.299914031197728 2.125465048430390
213 1.888408867318161 3.945852298812881
214 1.680429754892056 4.865895491070734
215 1.723707506769189 4.674446453105793
216 1.645962179419710 5.018370697821282
217 1.778583532253347 4.431689797997905
218 2.105443816541260 2.985748540385275
219 1.535193656602623 5.508380603842634
220 9.869999999999999 1.520000000000000
221 8.029999999999999 8.789999999999999
222 8.320925679251134 7.640527343393611
223 8.247969402561004 7.928783936620381
224 8.491471529110683 6.966685860524633
225 8.113027958028630 8.461949318006443
226 4.880000000000000 8.619999999999999
227 5.522050491240342 3.521927442688626
228 5.149063644469921 6.483554345403013
229 5.411375152577384 4.400722669087040
230 4.966384947563233 7.934077729796421
231 5.279304120159845 5.449406090671077
232 5.232100460214822 5.824217241279323
233 5.230786764492648 5.834648377461358
234 9.529999999999999 7.100000000000000
235 7.968099226059834 7.798261522467367
236 8.805731158605173 7.423790776152980
237 5.385815312682642 8.952694330800702
238 6.193103038154806 8.591789230001380
239 7.576831982298248 7.973180996149019
240 5.600000000000000 1.930000000000000
241 2.523532681617788 3.871754520477924
242 1.259480529946490 4.669578363741860
243 1.188868986768701 4.714145807167684
244 0.591571560673630 5.091138265452541
245 1.146978157417235 4.740585778355986
246 1.739157653477895 4.366823571769375
247 4.189102185828302 2.820507496124149
248 2.850812221011067 3.665187552813527
249 1.967515776681260 4.222692211956601
250 2.140000000000000 2.050000000000000
251 2.621666950209821 2.277303504593399
252 0.910000000000000 4.060000000000000
253 8.710000000000001 3.150000000000000
254 6.867666666666667 3.364938888888889
255 6.433319434557104 3.415612732635005
256 1.510115045379010 3.989986578039115
257 4.475074911058776 3.644074593709809
258 3.014576048428850 3.814466127683301
259 2.067636317524727 3.924942429622115
260 7.059510337323177 3.342557127312296
261 1.332226688102894 4.703504823151126
262 2.185726126681829 5.101549404371795
263 5.521331566466732 6.657168084809597
264 6.774024749412202 7.241383739636184
265 1.741635685625553 4.894439961009226
266 5.960000000000000 4.360000000000000
267 1.110000000000000 4.720000000000000
268 1.917393528889898 4.660069758680337
269 4.754735308727885 4.449462946156281
270 3.789766633947797 4.521089486964700
271 1.817962653805726 4.667450194769059
272 9.090000000000000 9.270000000000000
273 7.780000000000000 1.890000000000000
274 6.585626362015453 3.820904048075018
275 6.627997490327304 3.752404057304192
276 6.620000000000000 3.760000000000000
277 6.567975612276532 3.773935103854500
278 7.630000000000000 6.600000000000000
279 5.860000000000000 1.890000000000000
280 6.968168293360799 4.838854611146533
281 4.990000000000000 6.880000000000000
282 2.385353703407454 5.429990721484562
283 1.691448303879748 5.043692870201096
284 3.370000000000000 7.050000000000000
285 1.854975928057645 4.557375935689437
286 4.730000000000000 7.360000000000000
287 5.250000000000000 5.460000000000000
288 8.680000000000000 4.220000000000000
289 1.680000000000000 0.430000000000000
290 3.300000000000000 0.260000000000000
291 6.630000000000000 9.850000000000000
292 5.238008321775313 5.841231172920494
293 8.440000000000000 8.760000000000000
294 2.318226208216256 3.179709885130788
295 9.010000000000000 1.490000000000000
516
0 7
7 10
10 14
14 9
9 3
3 13
13 4
4 8
8 11
11 2
2 5
5 12
12 6
6 1
15 21
21 26
26 27
27 22
22 20
20 18
18 28
28 25
25 19
19 23
23 17
17 24
24 16
1 33
33 32
32 31
31 30
30 29
34 39
39 40
40 37
37 36
36 38
38 35
41 44
44 43
43 47
47 48
48 46
46 45
45 42
49 36
36 51
51 50
52 54
54 17
17 55
55 53
57 59
59 58
58 60
60 56
62 66
66 65
65 70
70 68
68 64
64 67
67 69
69 43
43 63
63 61
71 72
72 77
77 78
78 88
88 81
81 85
85 82
82 90
90 89
89 75
75 83
83 86
86 80
80 2
2 76
76 74
74 79
79 84
84 87
87 73
73 29
0 92
92 95
95 94
94 97
97 96
96 93
93 91
35 72
72 98
56 103
103 3
3 100
100 106
106 101
101 102
102 105
105 73
73 30
30 104
104 107
107 99
56 112
112 113
113 4
4 109
109 110
110 111
111 108
108 117
117 119
119 74
74 116
116 5
5 121
121 122
122 115
115 118
118 120
120 123
123 18
18 114
124 128
128 129
129 132
132 130
130 125
125 75
75 127
127 131
131 115
115 126
126 19
19 52
133 92
92 136
136 134
134 137
137 140
140 144
144 139
139 100
100 143
143 109
109 138
138 141
141 76
76 116
116 142
142 135
135 1
0 134
134 146
146 148
148 150
150 149
149 147
147 101
101 110
110 145
151 37
37 51
51 154
154 77
77 153
153 159
159 157
157 160
160 155
155 20
20 158
158 161
161 156
156 152
162 164
164 168
168 167
167 165
165 169
169 44
44 163
163 78
78 153
153 21
21 166
166 98
171 93
93 172
172 173
173 102
102 111
111 117
117 174
174 79
79 175
175 135
135 6
6 176
176 177
177 170
49 38
38 154
154 163
163 63
63 185
185 184
184 179
179 182
182 180
180 187
187 186
186 125
125 181
181 183
183 80
80 178
0 136
136 189
189 188
188 191
191 190
190 172
172 29
193 179
179 81
81 196
196 194
194 197
197 155
155 22
22 195
195 192
198 164
164 202
202 203
203 200
200 208
208 64
64 205
205 45
45 180
180 82
82 207
207 206
206 201
201 118
118 126
126 204
204 23
23 54
54 199
209 219
219 165
165 216
216 214
214 200
200 215
215 65
65 217
217 211
211 213
213 218
218 58
58 7
7 137
137 146
146 212
212 188
188 94
94 210
221 225
225 156
156 223
223 222
222 224
224 24
24 55
55 220
226 230
230 157
157 194
194 228
228 233
233 232
232 201
201 231
231 127
127 83
83 181
181 229
229 227
227 8
8 138
138 145
15 166
166 237
237 238
238 195
195 158
158 239
239 235
235 222
222 236
236 234
34 244
244 167
167 245
245 243
243 242
242 202
202 66
66 246
246 211
211 249
249 241
241 248
248 128
128 112
112 103
103 9
9 139
139 247
247 147
147 173
173 240
250 95
95 189
189 212
212 148
148 140
140 10
10 251
251 56
252 256
256 213
213 259
259 241
241 258
258 129
129 257
257 227
227 11
11 141
141 119
119 174
174 84
84 255
255 31
31 254
254 260
260 253
198 168
168 242
242 261
261 214
214 265
265 67
67 262
262 46
46 182
182 85
85 228
228 263
263 264
264 120
120 25
25 235
235 223
223 152
267 243
243 261
261 203
203 215
215 271
271 68
68 268
268 270
270 269
269 130
130 229
229 183
183 86
86 266
221 272
1 274
274 275
275 254
254 104
104 273
178 121
121 12
12 142
142 175
175 277
277 32
32 276
162 244
244 39
39 49
279 105
105 87
87 255
255 277
277 33
33 274
274 176
176 280
280 204
204 278
267 245
245 216
216 283
283 69
69 47
47 282
282 184
184 88
88 196
196 281
199 224
224 236
236 152
57 256
256 246
246 217
217 285
285 268
268 205
205 262
262 48
48 282
282 185
185 284
286 159
159 230
230 26
26 237
237 98
287 231
231 131
131 122
122 280
280 177
177 288
16 234
133 289
290 96
96 190
190 149
149 247
247 106
106 143
143 13
13 113
113 257
257 132
132 269
269 186
186 89
89 206
206 232
232 292
292 263
263 197
197 160
160 27
27 238
238 291
133 59
59 218
218 294
294 248
248 258
258 270
270 187
187 90
90 207
207 233
233 292
292 264
264 123
123 28
28 239
239 161
161 225
225 293
151 40
40 219
219 169
169 283
283 265
265 208
208 271
271 70
70 285
285 249
249 259
259 294
294 60
60 251
251 14
14 144
144 150
150 191
191 97
97 290
276 275
275 260
260 107
107 295
649
0 0.500000000000000 2.200000000000000
1 0.500000000000000 2.200000000000000
2 0.600000000000000 4.000000000000000
3 0.600000000000000 4.400000000000000
4 0.700000000000000 4.500000000000000
5 0.700000000000000 6.000000000000000
6 0.700000000000000 4.600000000000000
7 0.700000000000000 4.300000000000000
8 0.700000000000000 3.400000000000000
9 0.700000000000000 6.400000000000000
10 0.700000000000000 6.600000000000000
11 0.700000000000000 2.600000000000000
12 0.700000000000000 5.100000000000000
13 0.700000000000000 1.800000000000000
14 0.800000000000000 8.199999999999999
15 0.800000000000000 4.800000000000000
16 0.800000000000000 1.600000000000000
17 0.800000000000000 7.100000000000000
18 0.800000000000000 4.100000000000000
19 0.800000000000000 5.600000000000000
20 0.800000000000000 1.600000000000000
21 0.800000000000000 1.700000000000000
22 0.900000000000000 4.600000000000000
23 0.900000000000000 3.100000000000000
24 0.900000000000000 5.300000000000000
25 0.900000000000000 7.200000000000000
26 0.900000000000000 6.900000000000000
27 0.900000000000000 7.800000000000000
28 0.900000000000000 1.600000000000000
29 0.900000000000000 7.500000000000000
30 0.900000000000000 2.400000000000000
31 0.900000000000000 6.100000000000000
32 1.000000000000000 3.300000000000000
33 1.000000000000000 7.100000000000000
34 1.000000000000000 2.600000000000000
35 1.000000000000000 3.100000000000000
36 1.000000000000000 4.100000000000000
37 1.100000000000000 6.300000000000000
38 1.100000000000000 6.300000000000000
39 1.100000000000000 7.100000000000000
40 1.100000000000000 3.000000000000000
41 1.100000000000000 7.400000000000000
42 1.100000000000000 6.900000000000000
43 1.100000000000000 5.100000000000000
44 1.100000000000000 6.000000000000000
45 1.100000000000000 5.400000000000000
46 1.200000000000000 4.400000000000000
47 1.200000000000000 5.600000000000000
48 1.200000000000000 2.200000000000000
49 1.200000000000000 6.700000000000000
50 1.200000000000000 7.600000000000000
51 1.200000000000000 5.300000000000000
52 1.200000000000000 3.700000000000000
53 1.200000000000000 3.500000000000000
54 1.200000000000000 7.800000000000000
55 1.300000000000000 7.900000000000000
56 1.300000000000000 7.000000000000000
57 1.300000000000000 7.700000000000000
58 1.300000000000000 4.200000000000000
59 1.300000000000000 2.800000000000000
60 1.300000000000000 4.400000000000000
61 1.300000000000000 7.700000000000000
62 1.300000000000000 7.300000000000000
63 1.300000000000000 2.400000000000000
64 1.400000000000000 4.000000000000000
65 1.400000000000000 2.100000000000000
66 1.400000000000000 6.100000000000000
67 1.400000000000000 3.900000000000000
68 1.400000000000000 6.400000000000000
69 1.400000000000000 7.000000000000000
70 1.400000000000000 2.100000000000000
71 1.500000000000000 3.300000000000000
72 1.500000000000000 5.700000000000000
73 1.500000000000000 6.000000000000000
74 1.500000000000000 7.300000000000000
75 1.500000000000000 4.200000000000000
76 1.500000000000000 2.400000000000000
77 1.600000000000000 3.000000000000000
78 1.600000000000000 6.000000000000000
79 1.600000000000000 3.300000000000000
80 1.600000000000000 2.400000000000000
81 1.600000000000000 2.600000000000000
82 1.600000000000000 4.200000000000000
83 1.600000000000000 2.100000000000000
84 1.700000000000000 8.300000000000001
85 1.700000000000000 8.600000000000000
86 1.700000000000000 4.000000000000000
87 1.700000000000000 2.800000000000000
88 1.700000000000000 4.200000000000000
89 1.700000000000000 2.000000000000000
90 1.700000000000000 7.700000000000000
91 1.700000000000000 2.400000000000000
92 1.800000000000000 7.600000000000000
93 1.800000000000000 3.900000000000000
94 1.800000000000000 2.200000000000000
95 1.800000000000000 7.300000000000000
96 1.800000000000000 8.699999999999999
97 1.800000000000000 8.000000000000000
98 1.800000000000000 8.500000000000000
99 1.800000000000000 6.900000000000000
100 1.900000000000000 6.600000000000000
101 1.900000000000000 2.800000000000000
102 2.000000000000000 3.800000000000000
103 2.000000000000000 4.200000000000000
104 2.000000000000000 6.400000000000000
105 2.000000000000000 3.600000000000000
106 2.000000000000000 7.800000000000000
107 2.000000000000000 2.500000000000000
108 2.000000000000000 8.000000000000000
109 2.000000000000000 6.700000000000000
110 2.000000000000000 6.300000000000000
111 2.000000000000000 2.500000000000000
112 2.000000000000000 7.800000000000000
113 2.000000000000000 7.700000000000000
114 2.000000000000000 5.200000000000000
115 2.100000000000000 4.200000000000000
116 2.100000000000000 8.000000000000000
117 2.100000000000000 2.500000000000000
118 2.100000000000000 7.600000000000000
119 2.100000000000000 5.000000000000000
120 2.100000000000000 8.600000000000000
121 2.100000000000000 5.200000000000000
122 2.100000000000000 7.400000000000000
123 2.100000000000000 6.900000000000000
124 2.100000000000000 3.200000000000000
125 2.100000000000000 2.800000000000000
126 2.200000000000000 3.800000000000000
127 2.200000000000000 7.700000000000000
128 2.200000000000000 8.100000000000000
129 2.200000000000000 8.500000000000000
130 2.200000000000000 6.800000000000000
131 2.200000000000000 8.800000000000001
132 2.300000000000000 7.300000000000000
133 2.300000000000000 7.700000000000000
134 2.300000000000000 7.800000000000000
135 2.300000000000000 8.000000000000000
136 2.300000000000000 3.000000000000000
137 2.300000000000000 8.300000000000001
138 2.300000000000000 2.700000000000000
139 2.400000000000000 8.000000000000000
140 2.400000000000000 3.600000000000000
141 2.400000000000000 5.100000000000000
142 2.400000000000000 6.800000000000000
143 2.400000000000000 3.300000000000000
144 2.400000000000000 5.800000000000000
145 2.400000000000000 3.600000000000000
146 2.400000000000000 2.600000000000000
147 2.500000000000000 7.100000000000000
148 2.500000000000000 7.700000000000000
149 2.500000000000000 4.900000000000000
150 2.500000000000000 3.500000000000000
151 2.500000000000000 7.500000000000000
152 2.500000000000000 5.200000000000000
153 2.500000000000000 8.500000000000000
154 2.600000000000000 8.800000000000001
155 2.600000000000000 3.900000000000000
156 2.600000000000000 3.000000000000000
157 2.600000000000000 3.400000000000000
158 2.600000000000000 4.200000000000000
159 2.600000000000000 6.500000000000000
160 2.600000000000000 6.300000000000000
161 2.600000000000000 6.400000000000000
162 2.600000000000000 2.400000000000000
163 2.600000000000000 4.100000000000000
164 2.700000000000000 6.300000000000000
165 2.700000000000000 2.400000000000000
166 2.700000000000000 5.100000000000000
167 2.700000000000000 9.000000000000000
168 2.700000000000000 2.900000000000000
169 2.700000000000000 5.600000000000000
170 2.700000000000000 4.700000000000000
171 2.700000000000000 7.700000000000000
172 2.800000000000000 3.000000000000000
173 2.800000000000000 6.000000000000000
174 2.800000000000000 8.300000000000001
175 2.800000000000000 7.800000000000000
176 2.800000000000000 7.300000000000000
177 2.800000000000000 2.300000000000000
178 2.800000000000000 1.900000000000000
179 2.900000000000000 6.400000000000000
180 2.900000000000000 6.400000000000000
181 2.900000000000000 6.300000000000000
182 2.900000000000000 8.500000000000000
183 2.900000000000000 6.200000000000000
184 2.900000000000000 3.500000000000000
185 2.900000000000000 5.300000000000000
186 2.900000000000000 2.400000000000000
187 3.000000000000000 4.600000000000000
188 3.000000000000000 2.800000000000000
189 3.000000000000000 5.000000000000000
190 3.000000000000000 7.100000000000000
191 3.000000000000000 8.800000000000001
192 3.000000000000000 2.300000000000000
193 3.000000000000000 2.400000000000000
194 3.000000000000000 3.600000000000000
195 3.100000000000000 4.200000000000000
196 3.100000000000000 9.199999999999999
197 3.100000000000000 5.900000000000000
198 3.100000000000000 8.800000000000001
199 3.100000000000000 6.200000000000000
200 3.100000000000000 2.500000000000000
201 3.100000000000000 4.400000000000000
202 3.100000000000000 8.699999999999999
203 3.100000000000000 6.000000000000000
204 3.100000000000000 1.900000000000000
205 3.200000000000000 3.800000000000000
206 3.200000000000000 5.600000000000000
207 3.200000000000000 7.700000000000000
208 3.200000000000000 2.600000000000000
209 3.200000000000000 7.400000000000000
210 3.200000000000000 4.600000000000000
211 3.200000000000000 2.100000000000000
212 3.200000000000000 3.300000000000000
213 3.200000000000000 3.100000000000000
214 3.200000000000000 6.900000000000000
215 3.200000000000000 4.500000000000000
216 3.200000000000000 5.800000000000000
217 3.200000000000000 1.600000000000000
218 3.300000000000000 0.800000000000000
219 3.300000000000000 5.700000000000000
220 3.300000000000000 5.300000000000000
221 3.300000000000000 4.000000000000000
222 3.300000000000000 3.000000000000000
223 3.300000000000000 4.700000000000000
224 3.300000000000000 3.800000000000000
225 3.300000000000000 2.500000000000000
226 3.300000000000000 6.500000000000000
227 3.300000000000000 1.000000000000000
228 3.300000000000000 7.200000000000000
229 3.400000000000000 6.800000000000000
230 3.400000000000000 8.500000000000000
231 3.400000000000000 8.500000000000000
232 3.400000000000000 5.000000000000000
233 3.400000000000000 7.900000000000000
234 3.400000000000000 1.600000000000000
235 3.400000000000000 0.700000000000000
236 3.500000000000000 6.300000000000000
237 3.500000000000000 5.900000000000000
238 3.500000000000000 6.100000000000000
239 3.500000000000000 3.900000000000000
240 3.500000000000000 9.100000000000000
241 3.600000000000000 2.400000000000000
242 3.600000000000000 4.400000000000000
243 3.600000000000000 7.000000000000000
244 3.600000000000000 1.600000000000000
245 3.600000000000000 6.900000000000000
246 3.600000000000000 5.900000000000000
247 3.600000000000000 2.300000000000000
248 3.600000000000000 4.300000000000000
249 3.600000000000000 9.199999999999999
250 3.700000000000000 7.100000000000000
251 3.700000000000000 4.000000000000000
252 3.700000000000000 5.400000000000000
253 3.700000000000000 7.800000000000000
254 3.700000000000000 3.400000000000000
255 3.700000000000000 5.400000000000000
256 3.700000000000000 7.700000000000000
257 3.700000000000000 3.500000000000000
258 3.800000000000000 1.700000000000000
259 3.800000000000000 5.000000000000000
260 3.800000000000000 8.100000000000000
261 3.800000000000000 4.600000000000000
262 3.800000000000000 7.200000000000000
263 3.800000000000000 7.300000000000000
264 3.800000000000000 6.300000000000000
265 3.800000000000000 6.300000000000000
266 3.800000000000000 7.300000000000000
267 3.800000000000000 7.600000000000000
268 3.900000000000000 6.700000000000000
269 3.900000000000000 6.100000000000000
270 3.900000000000000 2.800000000000000
271 3.900000000000000 9.400000000000000
272 3.900000000000000 1.700000000000000
273 3.900000000000000 3.300000000000000
274 3.900000000000000 7.900000000000000
275 3.900000000000000 1.700000000000000
276 3.900000000000000 8.000000000000000
277 3.900000000000000 8.000000000000000
278 4.000000000000000 3.600000000000000
279 4.000000000000000 9.199999999999999
280 4.000000000000000 5.000000000000000
281 4.000000000000000 2.400000000000000
282 4.000000000000000 7.900000000000000
283 4.000000000000000 3.700000000000000
284 4.000000000000000 1.500000000000000
285 4.000000000000000 2.800000000000000
286 4.000000000000000 5.400000000000000
287 4.100000000000000 5.900000000000000
288 4.100000000000000 2.600000000000000
289 4.100000000000000 4.100000000000000
290 4.100000000000000 8.300000000000001
291 4.100000000000000 4.400000000000000
292 4.100000000000000 7.400000000000000
293 4.100000000000000 8.100000000000000
294 4.200000000000000 3.200000000000000
295 4.200000000000000 7.800000000000000
296 4.200000000000000 1.600000000000000
297 4.200000000000000 6.200000000000000
298 4.200000000000000 4.400000000000000
299 4.200000000000000 5.100000000000000
300 4.200000000000000 2.000000000000000
301 4.200000000000000 8.100000000000000
302 4.300000000000000 9.500000000000000
303 4.300000000000000 5.800000000000000
304 4.300000000000000 3.700000000000000
305 4.300000000000000 8.000000000000000
306 4.300000000000000 7.900000000000000
307 4.300000000000000 8.699999999999999
308 4.300000000000000 6.300000000000000
309 4.300000000000000 7.500000000000000
310 4.300000000000000 6.100000000000000
311 4.300000000000000 7.700000000000000
312 4.400000000000000 9.500000000000000
313 4.400000000000000 6.300000000000000
314 4.400000000000000 4.100000000000000
315 4.400000000000000 7.400000000000000
316 4.400000000000000 9.000000000000000
317 4.400000000000000 8.699999999999999
318 4.400000000000000 4.800000000000000
319 4.500000000000000 3.400000000000000
320 4.500000000000000 7.600000000000000
321 4.500000000000000 6.400000000000000
322 4.500000000000000 3.000000000000000
323 4.500000000000000 3.100000000000000
324 4.500000000000000 2.600000000000000
325 4.500000000000000 8.100000000000000
326 4.500000000000000 1.900000000000000
327 4.500000000000000 2.400000000000000
328 4.500000000000000 7.500000000000000
329 4.500000000000000 6.600000000000000
330 4.500000000000000 3.600000000000000
331 4.600000000000000 7.000000000000000
332 4.600000000000000 5.400000000000000
333 4.600000000000000 7.700000000000000
334 4.600000000000000 3.700000000000000
335 4.600000000000000 4.200000000000000
336 4.600000000000000 8.199999999999999
337 4.600000000000000 4.000000000000000
338 4.600000000000000 4.900000000000000
339 4.600000000000000 2.000000000000000
340 4.700000000000000 7.800000000000000
341 4.700000000000000 3.000000000000000
342 4.700000000000000 3.500000000000000
343 4.700000000000000 7.200000000000000
344 4.700000000000000 6.300000000000000
345 4.700000000000000 9.600000000000000
346 4.700000000000000 3.100000000000000
347 4.700000000000000 7.600000000000000
348 4.800000000000000 2.700000000000000
349 4.800000000000000 4.300000000000000
350 4.800000000000000 3.500000000000000
351 4.800000000000000 9.000000000000000
352 4.800000000000000 9.199999999999999
353 4.800000000000000 5.900000000000000
354 4.900000000000000 3.200000000000000
355 4.900000000000000 2.600000000000000
356 4.900000000000000 2.100000000000000
357 4.900000000000000 3.800000000000000
358 4.900000000000000 7.800000000000000
359 4.900000000000000 1.800000000000000
360 4.900000000000000 7.900000000000000
361 5.000000000000000 5.600000000000000
362 5.000000000000000 2.300000000000000
363 5.000000000000000 4.800000000000000
364 5.000000000000000 9.699999999999999
365 5.000000000000000 9.100000000000000
366 5.000000000000000 2.000000000000000
367 5.000000000000000 4.400000000000000
368 5.000000000000000 5.000000000000000
369 5.100000000000000 3.700000000000000
370 5.100000000000000 8.500000000000000
371 5.100000000000000 9.500000000000000
372 5.100000000000000 5.800000000000000
373 5.100000000000000 3.000000000000000
374 5.100000000000000 6.300000000000000
375 5.100000000000000 1.600000000000000
376 5.200000000000000 4.900000000000000
377 5.200000000000000 3.900000000000000
378 5.200000000000000 6.300000000000000
379 5.200000000000000 2.200000000000000
380 5.200000000000000 3.600000000000000
381 5.200000000000000 4.200000000000000
382 5.200000000000000 2.200000000000000
383 5.200000000000000 9.600000000000000
384 5.200000000000000 5.600000000000000
385 5.300000000000000 3.100000000000000
386 5.300000000000000 4.500000000000000
387 5.300000000000000 7.200000000000000
388 5.300000000000000 5.100000000000000
389 5.300000000000000 8.900000000000000
390 5.400000000000000 8.500000000000000
391 5.400000000000000 5.800000000000000
392 5.400000000000000 2.900000000000000
393 5.400000000000000 2.000000000000000
394 5.400000000000000 3.900000000000000
395 5.400000000000000 2.600000000000000
396 5.500000000000000 5.100000000000000
397 5.500000000000000 7.900000000000000
398 5.500000000000000 7.000000000000000
399 5.500000000000000 5.300000000000000
400 5.500000000000000 6.800000000000000
401 5.500000000000000 2.200000000000000
402 5.500000000000000 8.000000000000000
403 5.500000000000000 8.600000000000000
404 5.500000000000000 9.699999999999999
405 5.500000000000000 4.600000000000000
406 5.500000000000000 5.700000000000000
407 5.600000000000000 8.400000000000000
408 5.600000000000000 6.600000000000000
409 5.600000000000000 3.300000000000000
410 5.600000000000000 2.600000000000000
411 5.600000000000000 4.800000000000000
412 5.600000000000000 9.600000000000000
413 5.600000000000000 7.600000000000000
414 5.700000000000000 4.400000000000000
415 5.700000000000000 3.300000000000000
416 5.700000000000000 6.900000000000000
417 5.700000000000000 3.600000000000000
418 5.700000000000000 7.800000000000000
419 5.800000000000000 2.900000000000000
420 5.800000000000000 3.900000000000000
421 5.800000000000000 6.600000000000000
422 5.800000000000000 4.000000000000000
423 5.800000000000000 1.600000000000000
424 5.800000000000000 4.900000000000000
425 5.900000000000000 1.400000000000000
426 5.900000000000000 2.600000000000000
427 5.900000000000000 6.200000000000000
428 5.900000000000000 8.600000000000000
429 5.900000000000000 4.300000000000000
430 6.000000000000000 1.900000000000000
431 6.000000000000000 7.300000000000000
432 6.000000000000000 3.300000000000000
433 6.000000000000000 4.400000000000000
434 6.000000000000000 1.800000000000000
435 6.000000000000000 3.400000000000000
436 6.000000000000000 8.400000000000000
437 6.000000000000000 3.000000000000000
438 6.000000000000000 7.000000000000000
439 6.000000000000000 5.800000000000000
440 6.000000000000000 7.100000000000000
441 6.000000000000000 3.200000000000000
442 6.000000000000000 5.600000000000000
443 6.100000000000000 5.700000000000000
444 6.100000000000000 6.000000000000000
445 6.100000000000000 7.400000000000000
446 6.100000000000000 6.600000000000000
447 6.100000000000000 1.300000000000000
448 6.100000000000000 2.200000000000000
449 6.100000000000000 2.000000000000000
450 6.100000000000000 5.900000000000000
451 6.200000000000000 4.700000000000000
452 6.200000000000000 7.400000000000000
453 6.200000000000000 2.100000000000000
454 6.200000000000000 5.600000000000000
455 6.200000000000000 1.500000000000000
456 6.200000000000000 3.000000000000000
457 6.200000000000000 1.700000000000000
458 6.200000000000000 2.300000000000000
459 6.300000000000000 5.200000000000000
460 6.300000000000000 4.300000000000000
461 6.300000000000000 7.600000000000000
462 6.300000000000000 4.600000000000000
463 6.300000000000000 2.500000000000000
464 6.300000000000000 3.300000000000000
465 6.300000000000000 3.000000000000000
466 6.300000000000000 7.200000000000000
467 6.400000000000000 1.700000000000000
468 6.400000000000000 7.500000000000000
469 6.400000000000000 1.500000000000000
470 6.400000000000000 1.100000000000000
471 6.400000000000000 1.200000000000000
472 6.400000000000000 3.500000000000000
473 6.500000000000000 2.200000000000000
474 6.500000000000000 5.800000000000000
475 6.500000000000000 3.400000000000000
476 6.500000000000000 3.800000000000000
477 6.500000000000000 4.700000000000000
478 6.500000000000000 4.800000000000000
479 6.600000000000000 7.500000000000000
480 6.600000000000000 2.800000000000000
481 6.600000000000000 4.500000000000000
482 6.600000000000000 6.600000000000000
483 6.700000000000000 1.300000000000000
484 6.700000000000000 4.400000000000000
485 6.700000000000000 2.900000000000000
486 6.700000000000000 3.300000000000000
487 6.700000000000000 2.200000000000000
488 6.700000000000000 6.500000000000000
489 6.700000000000000 6.200000000000000
490 6.800000000000000 6.400000000000000
491 6.800000000000000 4.200000000000000
492 6.800000000000000 8.300000000000001
493 6.800000000000000 7.900000000000000
494 6.800000000000000 4.400000000000000
495 6.800000000000000 5.100000000000000
496 6.800000000000000 5.900000000000000
497 6.800000000000000 5.300000000000000
498 6.800000000000000 4.600000000000000
499 6.800000000000000 5.600000000000000
500 6.800000000000000 5.000000000000000
501 6.800000000000000 7.000000000000000
502 6.900000000000000 1.200000000000000
503 6.900000000000000 1.900000000000000
504 6.900000000000000 7.800000000000000
505 6.900000000000000 5.900000000000000
506 6.900000000000000 3.900000000000000
507 6.900000000000000 4.600000000000000
508 6.900000000000000 3.100000000000000
509 6.900000000000000 2.000000000000000
510 6.900000000000000 7.600000000000000
511 6.900000000000000 5.800000000000000
512 6.900000000000000 3.600000000000000
513 6.900000000000000 5.500000000000000
514 7.000000000000000 2.400000000000000
515 7.000000000000000 1.900000000000000
516 7.000000000000000 7.200000000000000
517 7.000000000000000 2.000000000000000
518 7.000000000000000 2.500000000000000
519 7.000000000000000 4.100000000000000
520 7.000000000000000 5.600000000000000
521 7.000000000000000 3.900000000000000
522 7.100000000000000 2.600000000000000
523 7.100000000000000 3.300000000000000
524 7.100000000000000 6.000000000000000
525 7.100000000000000 8.100000000000000
526 7.100000000000000 0.900000000000000
527 7.100000000000000 3.900000000000000
528 7.100000000000000 6.500000000000000
529 7.100000000000000 5.300000000000000
530 7.100000000000000 7.300000000000000
531 7.100000000000000 5.600000000000000
532 7.100000000000000 6.400000000000000
533 7.200000000000000 5.900000000000000
534 7.200000000000000 8.100000000000000
535 7.200000000000000 7.600000000000000
536 7.200000000000000 2.500000000000000
537 7.200000000000000 7.800000000000000
538 7.200000000000000 6.200000000000000
539 7.300000000000000 5.300000000000000
540 7.300000000000000 2.100000000000000
541 7.300000000000000 5.400000000000000
542 7.300000000000000 7.800000000000000
543 7.300000000000000 1.500000000000000
544 7.300000000000000 1.700000000000000
545 7.300000000000000 6.000000000000000
546 7.300000000000000 2.900000000000000
547 7.300000000000000 4.700000000000000
548 7.400000000000000 4.100000000000000
549 7.400000000000000 6.900000000000000
550 7.400000000000000 4.600000000000000
551 7.400000000000000 2.900000000000000
552 7.500000000000000 2.100000000000000
553 7.500000000000000 6.900000000000000
554 7.500000000000000 4.500000000000000
555 7.500000000000000 6.000000000000000
556 7.500000000000000 1.800000000000000
557 7.500000000000000 2.100000000000000
558 7.500000000000000 3.100000000000000
559 7.500000000000000 2.200000000000000
560 7.500000000000000 7.900000000000000
561 7.500000000000000 5.500000000000000
562 7.600000000000000 2.000000000000000
563 7.600000000000000 6.700000000000000
564 7.600000000000000 7.100000000000000
565 7.600000000000000 5.500000000000000
566 7.600000000000000 4.600000000000000
567 7.600000000000000 2.300000000000000
568 7.600000000000000 2.500000000000000
569 7.600000000000000 4.200000000000000
570 7.700000000000000 1.400000000000000
571 7.700000000000000 3.100000000000000
572 7.700000000000000 6.700000000000000
573 7.700000000000000 4.900000000000000
574 7.700000000000000 2.900000000000000
575 7.700000000000000 3.000000000000000
576 7.700000000000000 3.000000000000000
577 7.700000000000000 6.000000000000000
578 7.700000000000000 8.000000000000000
579 7.700000000000000 1.400000000000000
580 7.800000000000000 1.800000000000000
581 7.800000000000000 0.800000000000000
582 7.800000000000000 6.800000000000000
583 7.800000000000000 5.900000000000000
584 7.900000000000000 3.900000000000000
585 7.900000000000000 1.300000000000000
586 7.900000000000000 6.900000000000000
587 7.900000000000000 6.700000000000000
588 7.900000000000000 3.500000000000000
589 7.900000000000000 1.200000000000000
590 7.900000000000000 3.700000000000000
591 7.900000000000000 6.700000000000000
592 7.900000000000000 7.700000000000000
593 8.000000000000000 2.700000000000000
594 8.000000000000000 4.800000000000000
595 8.000000000000000 7.100000000000000
596 8.000000000000000 2.300000000000000
597 8.000000000000000 1.000000000000000
598 8.000000000000000 7.000000000000000
599 8.000000000000000 1.200000000000000
600 8.000000000000000 6.500000000000000
601 8.000000000000000 1.700000000000000
602 8.000000000000000 3.900000000000000
603 8.000000000000000 3.800000000000000
604 8.100000000000000 6.800000000000000
605 8.100000000000000 5.300000000000000
606 8.100000000000000 0.900000000000000
607 8.100000000000000 2.400000000000000
608 8.100000000000000 6.000000000000000
609 8.100000000000000 6.700000000000000
610 8.199999999999999 2.900000000000000
611 8.199999999999999 4.700000000000000
612 8.199999999999999 1.400000000000000
613 8.199999999999999 1.500000000000000
614 8.199999999999999 7.600000000000000
615 8.199999999999999 6.900000000000000
616 8.199999999999999 2.600000000000000
617 8.199999999999999 4.700000000000000
618 8.199999999999999 7.200000000000000
619 8.199999999999999 2.200000000000000
620 8.300000000000001 7.400000000000000
621 8.300000000000001 7.200000000000000
622 8.300000000000001 6.900000000000000
623 8.400000000000000 7.800000000000000
624 8.400000000000000 7.600000000000000
625 8.400000000000000 6.500000000000000
626 8.400000000000000 7.600000000000000
627 8.500000000000000 7.800000000000000
628 8.500000000000000 6.300000000000000
629 8.500000000000000 7.000000000000000
630 8.500000000000000 8.000000000000000
631 8.500000000000000 7.100000000000000
632 8.600000000000000 7.300000000000000
633 8.600000000000000 6.200000000000000
634 8.699999999999999 7.100000000000000
635 8.800000000000001 6.900000000000000
636 8.800000000000001 7.500000000000000
637 8.800000000000001 7.200000000000000
638 8.900000000000000 7.500000000000000
639 8.900000000000000 7.500000000000000
640 8.900000000000000 7.400000000000000
641 9.000000000000000 7.500000000000000
642 9.000000000000000 8.400000000000000
643 9.100000000000000 7.100000000000000
644 9.100000000000000 8.300000000000001
645 9.300000000000001 8.000000000000000
646 9.300000000000001 7.100000000000000
647 9.400000000000000 8.199999999999999
648 9.500000000000000 8.199999999999999
