324
0 5.090000000000000 5.780000000000000
1 4.560000000000000 8.720000000000001
2 5.006912249156306 6.240901863170678
3 4.648229636349083 8.230575224780555
4 4.733064084344119 7.759984135902435
5 4.817525022747953 7.291464968152868
6 4.776607757060101 7.518439989138306
7 4.983033185142693 6.373363086189588
8 4.870244142895674 6.999023056390033
9 5.079965000121527 5.835665848382471
10 4.634354463917302 8.307543162421004
11 4.719511266497044 7.835163917922059
12 4.614158888742825 8.419571447351125
13 3.640000000000000 8.240000000000000
14 5.990000000000000 1.810000000000000
15 4.407571554899199 6.139793575318362
16 4.923705427874372 4.727563446284164
17 5.338577635105877 3.592402470752856
18 4.472054619922128 5.963356933574776
19 3.708901379873720 8.051474096771054
20 3.742920610425992 7.958391691472712
21 5.098630315989547 4.248939177952006
22 3.978520983444255 7.313748968703591
23 4.552485172004745 5.743285252769995
24 5.751179207192875 2.463454339468007
25 4.482598986499697 5.934505751832743
26 4.226137494609997 6.636228046662860
27 4.269056244041945 6.518795042897998
28 4.839309390367193 4.958485370186787
29 4.800775855731882 5.063919679848509
30 4.777426319506302 5.127807985350843
31 4.878189621318374 4.852102440392708
32 5.327606014418897 3.622422692462339
33 4.549987384441894 5.750119624697287
34 9.890000000000001 7.090000000000000
35 8.699999999999999 6.070000000000000
36 7.860000000000000 9.000000000000000
37 7.387016568846414 8.959868072508181
38 5.950000000000000 6.400000000000000
39 5.240000000000000 4.680000000000000
40 5.836275193211093 6.124497651159267
41 5.264591817542888 4.739574543906713
42 5.503212483198776 5.317641508594216
43 5.477138058972857 5.254475297793400
44 5.768445099484157 5.960176860722181
45 5.552668043608984 5.437449345080917
46 5.275341539293927 4.765616123359935
47 5.280092541348745 4.777125593126536
48 1.030000000000000 5.570000000000000
49 5.821996731270030 6.378405952632953
50 4.236409790271804 6.110918724781626
51 3.948827452308603 6.062403818174013
52 3.199991137293061 5.936075740640903
53 5.507595231925369 6.325366675304483
54 2.602207920792079 5.835230198019802
55 4.790320382037083 6.204362991278614
56 2.890344463753725 5.883838598560080
57 4.666998647710244 6.183558714959249
58 2.786795252225518 5.866369930761622
59 3.795039009683502 6.036459832934412
60 3.870379529625517 6.049169717396175
61 2.086453457428661 5.748222839362965
62 3.681909726335741 6.017375014808672
63 5.940000000000000 4.280000000000000
64 5.710000000000000 8.369999999999999
65 5.912871437520216 4.762416611053564
66 5.895461337135491 5.072013613547139
67 5.897703221017033 5.032147069740587
68 5.768388150591519 7.331706365568207
69 5.852101910828026 5.843057324840764
70 5.813463906226647 6.530141841447879
71 5.782837781873621 7.074754226682140
72 5.758947383449093 7.499587833448737
73 5.890936100049776 5.152484133897461
74 5.928949484068339 4.476507000697814
75 5.768757549327760 7.325137492388961
76 5.918744279532563 4.657982159616615
77 9.250000000000000 4.880000000000000
78 3.290000000000000 4.670000000000000
79 4.798615642270977 4.723155920281360
80 6.377001300288791 4.778770180043733
81 6.606530278232406 4.786857610474632
82 3.677683192122739 4.683659978245935
83 5.329078569224420 4.741846728110256
84 5.140706283487580 4.735209449585971
85 5.163146757366499 4.736000137423988
86 5.446939390471831 4.745999542281726
87 6.839947216170851 4.795082032784543
88 3.730000000000000 9.930000000000000
89 2.390000000000000 7.800000000000000
90 2.805307469914063 8.460152918594741
91 3.156025914042609 9.017638206649819
92 3.173915655344712 9.046074884988236
93 2.636313307554466 8.191527869470905
94 2.952482861699060 8.694095892103730
95 2.632115872380189 8.184855826992390
96 3.137225862416160 8.987754542497328
97 8.670000000000000 1.840000000000000
98 5.601482176360225 3.454108818011257
99 4.077126991791406 4.255953645581844
100 7.496243816472916 2.457421932970567
101 4.994722648916197 3.773277863116573
102 6.595144208455809 2.931420425663580
103 9.500000000000000 8.330000000000000
104 8.713093871627416 7.902189062603075
105 6.826291320423179 6.876406267159644
106 6.762854923486063 6.841918310514958
107 7.135417175469491 7.044466239058061
108 3.260000000000000 1.730000000000000
109 8.970000000000001 0.610000000000000
110 7.178504100869139 0.961396743787489
111 7.148482332606047 0.967285426879374
112 6.636264463144268 1.067755481835100
113 6.250000000000000 4.850000000000000
114 1.060000000000000 8.100000000000000
115 1.295360787561444 7.952616077153237
116 3.123283307810107 6.807963246554364
117 3.188131118025892 6.767355272912496
118 4.497400001502137 5.947485548192303
119 3.789907637360760 6.390520265621874
120 2.765522985367606 7.031994276985603
121 3.123522816777480 6.807813265023736
122 2.172911438092281 7.403090139922946
123 1.965236888049171 7.533136823475953
124 1.560814365831940 7.786387921203506
125 5.066537766382245 5.591089067294355
126 7.320000000000000 8.740000000000000
127 3.605738837277094 8.031804159643096
128 3.171272875632646 7.948964807929957
129 4.206845192552920 8.146416730425912
130 4.132623742061553 8.132264973131411
131 5.234736011052989 8.342404026448238
132 4.115155380049545 8.128934291530745
133 4.450000000000000 7.580000000000000
134 0.040000000000000 9.940000000000000
135 2.279246604093557 8.741673019124537
136 4.438832543341342 7.585976235309396
137 3.166739208393225 8.266733666256687
138 3.241597573306371 8.226673407482306
139 1.868225473314983 8.961629905436880
140 2.411079325567376 8.671123082009295
141 3.195148139694134 8.251530700753252
142 7.230000000000000 0.880000000000000
143 4.750000000000000 4.800000000000000
144 5.562279795225109 3.516073872063537
145 1.130000000000000 7.820000000000000
146 3.150000000000000 9.440000000000000
147 2.938548073785141 9.270419742342538
148 1.511850420745319 8.126236476043276
149 1.578584047786847 8.179755523472620
150 1.687167350447388 8.266837182041964
151 2.496374169685991 8.915805027173914
152 1.903621132171723 8.440428828771381
153 2.690837945539076 9.071761124640249
154 4.750000000000000 7.770000000000000
155 2.847272955816731 6.644731317956131
156 3.187014023344582 6.845653454666150
157 4.557170626349892 7.655961123110151
158 4.603552154651632 7.683391059202577
159 2.202382899514815 6.263344725519515
160 3.594791382601582 7.086812107990182
161 2.068427830796157 6.184123985954717
162 3.045048374988402 6.761695275530775
163 3.123341364382457 6.807997581086399
164 2.057297681520614 6.177541639608966
165 2.435386531595118 6.401142572448725
166 6.980000000000000 4.460000000000000
167 0.870000000000000 7.690000000000000
168 3.192484279016444 6.462238261665612
169 6.755063861758077 4.578910593538692
170 4.372840635411574 5.838252822851166
171 3.566346837146095 6.264598971525060
172 3.550388201947170 6.273035369510744
173 3.758081433742895 6.163240093127733
174 1.683217394079122 7.260099479071103
175 6.807883975643445 4.550987685543645
176 1.994971596067547 7.095293247905373
177 1.266660418046766 7.480308813372987
178 4.525011583409128 5.757808933811542
179 3.155367972267602 9.063753943789008
180 3.210726041440154 5.183656549967384
181 3.215862503784173 4.823637234763856
182 3.245600774338561 2.739254816815386
183 3.198261978304764 6.057274066093346
184 3.178570803430772 7.437446414079531
185 3.203616106144086 5.681998378446320
186 3.167372245075415 8.222363549714055
187 3.254189539613613 2.137260450718580
188 3.190214622084096 6.621320579378336
189 3.188495503201479 6.741815184696345
190 3.162095640575100 8.592205556054330
191 3.211019028509980 5.163120819891415
192 3.219369516478670 4.577827526813177
193 3.196699968939323 6.166756722525625
194 3.167003663003663 8.248197802197801
195 3.156504031097034 8.984126547653327
196 6.660000000000000 8.380000000000001
197 9.410000000000000 7.740000000000000
198 7.295833213893269 8.232024270221203
199 7.143036040014592 8.267584339778423
200 7.128468344502084 8.270974639824971
201 7.291541175767000 8.233023144548772
202 6.426404897536436 7.048509284604572
203 5.974627735017681 7.242945025435429
204 5.594079275545834 7.406725375081540
205 5.653696541465234 7.381067311268127
206 7.097982028632348 6.759476088943040
207 7.990000000000000 2.850000000000000
208 3.540000000000000 9.080000000000000
209 4.396843403205918 7.880419235511715
210 5.284484474180820 6.637721736146852
211 4.981607855170298 7.061749002761584
212 7.243558011049724 3.895018784530387
213 4.113362831858408 8.277292035398229
214 7.945944350758854 2.911677908937605
215 4.274742120343840 8.051361031518624
216 6.818476454293629 4.490132963988920
217 6.802777380100215 4.512111667859699
218 4.058717504332756 8.353795493934143
219 3.678672350791717 8.885858708891597
220 2.320000000000000 9.859999999999999
221 5.501205859957253 6.827776232657826
222 5.153915831751052 7.158801989570623
223 3.988101657380882 8.270018805912438
224 4.157933877117621 8.108140161204691
225 2.963849687237420 9.246303052936234
226 3.917725535297500 8.337099076548387
227 3.259179833362124 8.964803795197534
228 8.640000000000001 2.950000000000000
229 3.397881293398672 4.983259181125007
230 2.671782484696717 5.760732905537006
231 2.422731316372650 6.027405618789664
232 3.233889431827352 5.158854240449015
233 4.185360053133063 4.140062584616957
234 1.359713953423975 7.165636474399800
235 2.039636231733859 6.437606487718934
236 1.164810699836967 7.374330052533059
237 1.927724280070993 6.557436737848513
238 6.403103062800633 7.016789509571542
239 7.290446833801600 8.224692025070240
240 0.540000000000000 9.090000000000000
241 0.520000000000000 2.320000000000000
242 0.533421271587150 6.863100432250340
243 0.522012554930379 3.001249843933251
244 0.533602398523985 6.924411900369003
245 0.532989348069838 6.716894321640238
246 2.060000000000000 3.810000000000000
247 7.180000000000000 8.300000000000001
248 4.717797911230749 6.140764183872278
249 3.862384442937017 5.390606669685002
250 4.177323540608644 5.666793495572815
251 4.214617743160474 5.699498763045026
252 5.961511011883124 7.231442274092819
253 3.534224089238148 5.102825422007673
254 3.032256134991921 4.662623055881587
255 2.209196064194687 3.940837954733232
256 4.344486232370718 5.813387340496978
257 1.560000000000000 3.310000000000000
258 0.540000000000000 4.560000000000000
259 4.168316818825240 6.603660376868434
260 2.827424237141472 5.848398591401974
261 3.561775358657099 6.262024072496619
262 3.625497940584847 6.297916008702911
263 5.597244304968970 7.408508087437342
264 2.008925781645591 5.387376870987126
265 1.752141051943032 5.242742098534178
266 2.107199992119313 5.442730116043107
267 3.323389787097807 6.127752681287017
268 2.950000000000000 7.630000000000000
269 9.900000000000000 2.720000000000000
270 0.450000000000000 6.900000000000000
271 4.969245089022636 4.901011166971998
272 5.024961478790829 4.876366245360247
273 5.226877585787296 4.787053089038000
274 6.750373763655934 4.113168007187111
275 2.056492123322560 6.189403484075312
276 0.631714996576564 6.819622361302640
277 1.627014703732486 8.132923434410273
278 1.808619551257186 8.143468232008482
279 3.842324290759500 8.261554313657003
280 1.923335879111887 8.150129180077464
281 1.909618422220250 8.149332682580530
282 2.738621659634317 8.197468354430379
283 0.020000000000000 3.160000000000000
284 0.720000000000000 9.010000000000000
285 8.900000000000000 1.100000000000000
286 5.624118344897002 4.267753532012801
287 7.076147180747642 2.863652298323489
288 5.053679139232375 4.819364059739842
289 2.333321551750924 7.449929893111269
290 6.641456917115948 3.283994594818196
291 1.945413651085609 7.825033987764405
292 1.765319453587887 7.999183755760368
293 3.876835624554563 5.957363106329266
294 7.010000000000000 2.860000000000000
295 5.087242078204557 4.813102738351755
296 2.456090898319737 7.485778542309363
297 6.635704569834799 3.240202531645569
298 1.932321637411600 8.017813889114185
299 1.856875100178199 8.094451117752993
300 3.997258333137857 5.920288522436724
301 0.720000000000000 8.730000000000000
302 1.850000000000000 9.230000000000000
303 7.960000000000000 6.260000000000000
304 7.088047560999460 6.683845948253945
305 2.598513726910540 8.866156175298805
306 3.732126393787183 8.315120230843219
307 6.800334906611243 4.493517353556558
308 2.112268398768840 5.368097828128839
309 5.180000000000000 2.650000000000000
310 6.609597670017187 3.041453229808264
311 2.132487067273611 5.070377934396073
312 1.977935006992076 7.346157022041687
313 0.809979780473714 7.005114095898325
314 7.500000000000000 9.820000000000000
315 6.570000000000000 2.740000000000000
316 2.250000000000000 3.340000000000000
317 1.922481035443363 8.162716753096474
318 2.033714395812594 6.524805521659548
319 0.190000000000000 6.360000000000000
320 2.779984984375635 9.054984375634106
321 5.200000000000000 5.550000000000000
322 0.880000000000000 6.880000000000000
323 2.000000000000000 8.109999999999999
574
1 12
12 10
10 3
3 11
11 4
4 6
6 5
5 8
8 7
7 2
2 9
9 0
13 19
19 20
20 22
22 26
26 27
27 15
15 18
18 25
25 33
33 23
23 30
30 29
29 28
28 31
31 16
16 21
21 32
32 17
17 24
24 14
35 34
1 37
37 36
39 41
41 46
46 47
47 43
43 42
42 45
45 44
44 40
40 38
48 61
61 54
54 58
58 56
56 52
52 62
62 59
59 60
60 51
51 50
50 15
15 57
57 55
55 2
2 53
53 49
49 38
64 72
72 68
68 75
75 71
71 70
70 49
49 40
40 69
69 73
73 66
66 67
67 65
65 76
76 74
74 63
78 82
82 79
79 16
16 84
84 85
85 41
41 83
83 86
86 65
65 80
80 81
81 87
87 77
89 95
95 93
93 90
90 94
94 96
96 91
91 92
92 88
78 99
99 101
101 17
17 98
98 102
102 100
100 97
38 106
106 105
105 107
107 104
104 103
108 112
112 111
111 110
110 109
114 115
115 124
124 123
123 122
122 120
120 116
116 121
121 117
117 119
119 50
50 18
18 118
118 125
125 42
42 66
66 113
89 128
128 127
127 19
19 132
132 130
130 129
129 3
3 131
131 126
134 139
139 135
135 140
140 90
90 137
137 141
141 138
138 127
127 20
20 136
136 133
143 79
79 21
21 144
144 98
98 110
110 142
145 115
115 148
148 149
149 150
150 152
152 135
135 151
151 153
153 147
147 146
48 164
164 161
161 159
159 165
165 155
155 162
162 116
116 163
163 156
156 160
160 22
22 136
136 157
157 158
158 4
4 154
167 177
177 174
174 176
176 155
155 168
168 172
172 171
171 173
173 51
51 170
170 178
178 23
23 43
43 67
67 80
80 169
169 175
175 166
146 179
179 91
91 195
195 190
190 137
137 194
194 186
186 128
128 184
184 156
156 117
117 189
189 188
188 168
168 193
193 183
183 52
52 185
185 180
180 191
191 181
181 192
192 182
182 187
187 108
196 200
200 199
199 201
201 198
198 104
104 197
154 204
204 205
205 68
68 203
203 202
202 105
105 206
206 35
208 219
219 218
218 213
213 129
129 215
215 209
209 157
157 5
5 211
211 210
210 53
53 44
44 69
69 81
81 169
169 217
217 216
216 212
212 214
214 207
220 147
147 225
225 179
179 92
92 227
227 226
226 223
223 130
130 224
224 209
209 158
158 6
6 222
222 221
221 70
70 38
228 109
167 236
236 234
234 237
237 235
235 159
159 231
231 54
54 230
230 180
180 232
232 229
229 82
82 99
99 233
233 24
24 111
111 142
38 238
238 202
202 239
239 198
198 36
241 243
243 245
245 242
242 244
244 240
246 255
255 254
254 181
181 229
229 253
253 249
249 250
250 251
251 256
256 170
170 25
25 118
118 248
248 55
55 7
7 210
210 221
221 71
71 252
252 203
203 199
199 247
257 182
182 14
258 265
265 264
264 266
266 230
230 260
260 56
56 183
183 267
267 261
261 171
171 262
262 119
119 259
259 26
26 8
8 211
211 222
222 204
204 263
263 72
72 200
200 247
268 184
184 160
160 259
259 27
27 57
57 248
248 9
9 45
45 73
73 113
270 242
242 276
276 275
275 161
161 231
231 58
58 260
260 185
185 249
249 28
28 271
271 272
272 273
273 46
46 83
83 74
74 274
274 212
212 269
114 148
148 277
277 278
278 281
281 280
280 93
93 282
282 186
186 138
138 279
279 223
223 213
213 10
10 131
131 64
283 243
243 187
187 112
112 142
284 149
149 277
277 292
292 291
291 289
289 120
120 162
162 188
188 172
172 261
261 59
59 293
293 250
250 29
29 271
271 288
288 84
84 286
286 290
290 287
287 100
100 285
134 150
150 278
278 299
299 298
298 296
296 163
163 121
121 189
189 262
262 173
173 60
60 300
300 251
251 30
30 272
272 295
295 85
85 286
286 297
297 294
294 287
287 214
214 228
301 284
302 151
151 305
305 94
94 190
190 306
306 279
279 132
132 224
224 215
215 11
11 263
263 205
205 75
75 252
252 238
238 106
106 304
304 303
48 264
264 308
308 191
191 232
232 253
253 31
31 288
288 295
295 273
273 47
47 86
86 76
76 307
307 216
216 166
309 14
48 265
265 311
311 254
254 192
192 233
233 101
101 32
32 144
144 310
310 294
270 244
244 313
313 234
234 174
174 312
312 122
122 289
289 296
296 268
315 102
102 310
310 297
297 290
290 274
274 307
307 217
217 175
175 87
87 304
304 206
206 107
107 239
239 201
201 37
37 314
302 139
139 152
152 317
317 280
280 298
298 291
291 123
123 312
312 176
176 318
318 235
235 275
275 164
164 61
61 266
266 308
308 311
311 255
255 316
319 245
245 276
276 313
313 236
236 177
177 124
124 292
292 299
299 281
281 317
317 140
140 305
305 320
320 225
225 146
322 237
237 318
318 165
165 193
193 267
267 62
62 293
293 300
300 256
256 178
178 33
33 125
125 321
323 95
95 282
282 194
194 141
141 306
306 226
226 218
218 12
12 126
302 153
153 320
320 96
96 195
195 227
227 219
219 1
630
0 0.500000000000000 7.800000000000000
1 0.600000000000000 9.300000000000001
2 0.600000000000000 9.400000000000000
3 0.600000000000000 9.000000000000000
4 0.700000000000000 6.700000000000000
5 0.700000000000000 3.500000000000000
6 0.700000000000000 7.900000000000000
7 0.700000000000000 4.600000000000000
8 0.800000000000000 6.800000000000000
9 0.800000000000000 3.500000000000000
10 0.800000000000000 4.800000000000000
11 0.800000000000000 6.200000000000000
12 0.800000000000000 8.600000000000000
13 0.800000000000000 3.200000000000000
14 0.900000000000000 5.300000000000000
15 0.900000000000000 8.400000000000000
16 0.900000000000000 6.500000000000000
17 0.900000000000000 8.300000000000001
18 0.900000000000000 7.800000000000000
19 0.900000000000000 8.600000000000000
20 0.900000000000000 5.300000000000000
21 0.900000000000000 7.200000000000000
22 0.900000000000000 5.400000000000000
23 1.000000000000000 4.800000000000000
24 1.000000000000000 7.000000000000000
25 1.000000000000000 6.600000000000000
26 1.000000000000000 5.900000000000000
27 1.000000000000000 4.700000000000000
28 1.000000000000000 5.600000000000000
29 1.000000000000000 6.400000000000000
30 1.100000000000000 4.800000000000000
31 1.100000000000000 8.500000000000000
32 1.100000000000000 7.200000000000000
33 1.100000000000000 3.300000000000000
34 1.100000000000000 8.199999999999999
35 1.100000000000000 7.200000000000000
36 1.100000000000000 7.300000000000000
37 1.200000000000000 5.400000000000000
38 1.200000000000000 8.000000000000000
39 1.200000000000000 3.800000000000000
40 1.200000000000000 8.199999999999999
41 1.200000000000000 6.400000000000000
42 1.200000000000000 5.000000000000000
43 1.200000000000000 8.000000000000000
44 1.300000000000000 8.199999999999999
45 1.300000000000000 7.200000000000000
46 1.300000000000000 8.300000000000001
47 1.300000000000000 6.300000000000000
48 1.300000000000000 7.800000000000000
49 1.300000000000000 9.000000000000000
50 1.400000000000000 4.200000000000000
51 1.400000000000000 3.700000000000000
52 1.400000000000000 4.800000000000000
53 1.400000000000000 5.400000000000000
54 1.400000000000000 7.900000000000000
55 1.400000000000000 6.500000000000000
56 1.400000000000000 8.600000000000000
57 1.400000000000000 3.200000000000000
58 1.400000000000000 6.500000000000000
59 1.500000000000000 3.800000000000000
60 1.500000000000000 8.199999999999999
61 1.500000000000000 5.900000000000000
62 1.500000000000000 3.800000000000000
63 1.500000000000000 5.900000000000000
64 1.500000000000000 4.500000000000000
65 1.500000000000000 5.200000000000000
66 1.600000000000000 4.100000000000000
67 1.600000000000000 3.700000000000000
68 1.600000000000000 8.199999999999999
69 1.600000000000000 6.400000000000000
70 1.600000000000000 8.400000000000000
71 1.600000000000000 8.100000000000000
72 1.600000000000000 4.200000000000000
73 1.600000000000000 3.700000000000000
74 1.600000000000000 3.700000000000000
75 1.600000000000000 3.100000000000000
76 1.600000000000000 3.700000000000000
77 1.600000000000000 7.000000000000000
78 1.700000000000000 8.400000000000000
79 1.700000000000000 6.500000000000000
80 1.700000000000000 4.000000000000000
81 1.700000000000000 7.600000000000000
82 1.700000000000000 3.000000000000000
83 1.700000000000000 5.500000000000000
84 1.700000000000000 8.900000000000000
85 1.700000000000000 5.200000000000000
86 1.800000000000000 6.200000000000000
87 1.800000000000000 8.100000000000000
88 1.800000000000000 8.400000000000000
89 1.800000000000000 3.300000000000000
90 1.800000000000000 6.100000000000000
91 1.800000000000000 5.900000000000000
92 1.800000000000000 3.800000000000000
93 1.800000000000000 3.400000000000000
94 1.900000000000000 9.100000000000000
95 1.900000000000000 7.300000000000000
96 2.000000000000000 4.800000000000000
97 2.000000000000000 7.600000000000000
98 2.000000000000000 6.500000000000000
99 2.000000000000000 5.300000000000000
100 2.000000000000000 3.900000000000000
101 2.000000000000000 2.600000000000000
102 2.100000000000000 6.900000000000000
103 2.100000000000000 6.800000000000000
104 2.100000000000000 6.900000000000000
105 2.100000000000000 6.500000000000000
106 2.100000000000000 4.800000000000000
107 2.100000000000000 8.000000000000000
108 2.200000000000000 9.100000000000000
109 2.200000000000000 4.600000000000000
110 2.200000000000000 2.600000000000000
111 2.200000000000000 8.400000000000000
112 2.200000000000000 8.100000000000000
113 2.200000000000000 5.500000000000000
114 2.200000000000000 8.800000000000001
115 2.200000000000000 7.200000000000000
116 2.200000000000000 8.900000000000000
117 2.200000000000000 3.400000000000000
118 2.300000000000000 7.800000000000000
119 2.300000000000000 2.500000000000000
120 2.300000000000000 5.100000000000000
121 2.300000000000000 8.199999999999999
122 2.300000000000000 5.100000000000000
123 2.300000000000000 8.400000000000000
124 2.300000000000000 2.900000000000000
125 2.400000000000000 7.900000000000000
126 2.400000000000000 3.100000000000000
127 2.400000000000000 8.699999999999999
128 2.400000000000000 6.100000000000000
129 2.400000000000000 5.400000000000000
130 2.500000000000000 5.300000000000000
131 2.500000000000000 7.800000000000000
132 2.500000000000000 4.600000000000000
133 2.500000000000000 7.400000000000000
134 2.500000000000000 8.800000000000001
135 2.500000000000000 3.100000000000000
136 2.600000000000000 2.600000000000000
137 2.600000000000000 7.600000000000000
138 2.600000000000000 6.100000000000000
139 2.600000000000000 3.900000000000000
140 2.600000000000000 8.400000000000000
141 2.600000000000000 4.600000000000000
142 2.600000000000000 8.900000000000000
143 2.600000000000000 8.600000000000000
144 2.600000000000000 3.900000000000000
145 2.600000000000000 5.300000000000000
146 2.700000000000000 5.900000000000000
147 2.700000000000000 3.700000000000000
148 2.700000000000000 3.600000000000000
149 2.700000000000000 4.400000000000000
150 2.800000000000000 3.500000000000000
151 2.800000000000000 4.600000000000000
152 2.800000000000000 7.000000000000000
153 2.800000000000000 7.600000000000000
154 2.800000000000000 2.600000000000000
155 2.800000000000000 3.200000000000000
156 2.800000000000000 2.800000000000000
157 2.900000000000000 3.200000000000000
158 2.900000000000000 2.700000000000000
159 2.900000000000000 7.100000000000000
160 2.900000000000000 5.800000000000000
161 2.900000000000000 7.500000000000000
162 2.900000000000000 2.900000000000000
163 2.900000000000000 8.600000000000000
164 2.900000000000000 7.300000000000000
165 2.900000000000000 8.000000000000000
166 3.000000000000000 8.800000000000001
167 3.000000000000000 5.200000000000000
168 3.000000000000000 3.900000000000000
169 3.000000000000000 8.699999999999999
170 3.000000000000000 6.900000000000000
171 3.000000000000000 5.700000000000000
172 3.100000000000000 8.699999999999999
173 3.100000000000000 2.400000000000000
174 3.100000000000000 9.199999999999999
175 3.100000000000000 7.300000000000000
176 3.100000000000000 5.300000000000000
177 3.100000000000000 7.600000000000000
178 3.100000000000000 8.300000000000001
179 3.100000000000000 3.200000000000000
180 3.100000000000000 3.900000000000000
181 3.100000000000000 3.200000000000000
182 3.100000000000000 8.699999999999999
183 3.100000000000000 3.900000000000000
184 3.100000000000000 8.100000000000000
185 3.100000000000000 7.600000000000000
186 3.100000000000000 8.500000000000000
187 3.200000000000000 5.400000000000000
188 3.200000000000000 2.500000000000000
189 3.200000000000000 3.900000000000000
190 3.200000000000000 3.400000000000000
191 3.200000000000000 2.400000000000000
192 3.200000000000000 8.000000000000000
193 3.200000000000000 5.200000000000000
194 3.200000000000000 7.700000000000000
195 3.300000000000000 2.300000000000000
196 3.300000000000000 2.800000000000000
197 3.300000000000000 1.900000000000000
198 3.300000000000000 4.800000000000000
199 3.300000000000000 8.300000000000001
200 3.300000000000000 2.700000000000000
201 3.300000000000000 3.100000000000000
202 3.300000000000000 2.000000000000000
203 3.300000000000000 2.800000000000000
204 3.300000000000000 4.100000000000000
205 3.400000000000000 8.199999999999999
206 3.400000000000000 6.900000000000000
207 3.400000000000000 2.900000000000000
208 3.400000000000000 3.600000000000000
209 3.400000000000000 4.000000000000000
210 3.400000000000000 5.300000000000000
211 3.400000000000000 6.700000000000000
212 3.400000000000000 8.100000000000000
213 3.400000000000000 8.500000000000000
214 3.400000000000000 4.100000000000000
215 3.500000000000000 8.699999999999999
216 3.500000000000000 5.900000000000000
217 3.500000000000000 5.800000000000000
218 3.500000000000000 6.500000000000000
219 3.500000000000000 4.700000000000000
220 3.500000000000000 3.200000000000000
221 3.500000000000000 2.000000000000000
222 3.600000000000000 7.800000000000000
223 3.600000000000000 7.400000000000000
224 3.600000000000000 3.100000000000000
225 3.600000000000000 7.700000000000000
226 3.600000000000000 5.200000000000000
227 3.600000000000000 1.800000000000000
228 3.700000000000000 7.200000000000000
229 3.700000000000000 1.700000000000000
230 3.700000000000000 3.500000000000000
231 3.700000000000000 7.400000000000000
232 3.700000000000000 4.700000000000000
233 3.700000000000000 7.900000000000000
234 3.700000000000000 5.600000000000000
235 3.700000000000000 1.700000000000000
236 3.700000000000000 2.900000000000000
237 3.800000000000000 3.600000000000000
238 3.800000000000000 6.600000000000000
239 3.800000000000000 6.600000000000000
240 3.800000000000000 1.700000000000000
241 3.800000000000000 3.500000000000000
242 3.800000000000000 6.300000000000000
243 3.800000000000000 4.700000000000000
244 3.900000000000000 7.400000000000000
245 3.900000000000000 7.900000000000000
246 3.900000000000000 8.400000000000000
247 3.900000000000000 2.400000000000000
248 3.900000000000000 2.200000000000000
249 3.900000000000000 4.500000000000000
250 3.900000000000000 2.000000000000000
251 3.900000000000000 2.500000000000000
252 3.900000000000000 8.100000000000000
253 4.000000000000000 4.300000000000000
254 4.000000000000000 8.400000000000000
255 4.000000000000000 8.400000000000000
256 4.000000000000000 2.800000000000000
257 4.000000000000000 6.300000000000000
258 4.000000000000000 8.100000000000000
259 4.000000000000000 7.000000000000000
260 4.000000000000000 4.800000000000000
261 4.000000000000000 5.300000000000000
262 4.100000000000000 2.100000000000000
263 4.100000000000000 2.400000000000000
264 4.100000000000000 6.200000000000000
265 4.100000000000000 4.400000000000000
266 4.100000000000000 2.600000000000000
267 4.100000000000000 2.900000000000000
268 4.100000000000000 4.700000000000000
269 4.200000000000000 8.500000000000000
270 4.200000000000000 8.000000000000000
271 4.200000000000000 7.800000000000000
272 4.200000000000000 2.000000000000000
273 4.200000000000000 6.800000000000000
274 4.200000000000000 5.200000000000000
275 4.200000000000000 1.900000000000000
276 4.200000000000000 7.200000000000000
277 4.300000000000000 3.000000000000000
278 4.300000000000000 1.800000000000000
279 4.300000000000000 5.300000000000000
280 4.300000000000000 5.100000000000000
281 4.300000000000000 8.000000000000000
282 4.300000000000000 2.700000000000000
283 4.300000000000000 3.000000000000000
284 4.300000000000000 6.600000000000000
285 4.300000000000000 6.600000000000000
286 4.400000000000000 7.600000000000000
287 4.400000000000000 2.800000000000000
288 4.400000000000000 6.500000000000000
289 4.500000000000000 4.600000000000000
290 4.500000000000000 8.000000000000000
291 4.500000000000000 6.000000000000000
292 4.500000000000000 6.500000000000000
293 4.500000000000000 8.000000000000000
294 4.500000000000000 5.600000000000000
295 4.500000000000000 1.700000000000000
296 4.600000000000000 4.500000000000000
297 4.600000000000000 3.200000000000000
298 4.600000000000000 6.900000000000000
299 4.600000000000000 5.600000000000000
300 4.600000000000000 6.500000000000000
301 4.600000000000000 3.500000000000000
302 4.700000000000000 2.700000000000000
303 4.700000000000000 8.699999999999999
304 4.700000000000000 7.200000000000000
305 4.700000000000000 3.600000000000000
306 4.700000000000000 6.400000000000000
307 4.700000000000000 2.600000000000000
308 4.700000000000000 3.500000000000000
309 4.700000000000000 4.100000000000000
310 4.800000000000000 2.700000000000000
311 4.800000000000000 3.000000000000000
312 4.800000000000000 6.400000000000000
313 4.800000000000000 5.200000000000000
314 4.800000000000000 6.700000000000000
315 4.800000000000000 6.300000000000000
316 4.800000000000000 7.000000000000000
317 4.800000000000000 5.200000000000000
318 4.800000000000000 8.199999999999999
319 4.900000000000000 4.100000000000000
320 4.900000000000000 2.300000000000000
321 4.900000000000000 6.900000000000000
322 4.900000000000000 3.600000000000000
323 5.000000000000000 7.100000000000000
324 5.000000000000000 7.900000000000000
325 5.000000000000000 8.600000000000000
326 5.000000000000000 4.500000000000000
327 5.100000000000000 5.200000000000000
328 5.100000000000000 7.700000000000000
329 5.100000000000000 4.400000000000000
330 5.100000000000000 6.900000000000000
331 5.100000000000000 7.200000000000000
332 5.100000000000000 4.000000000000000
333 5.100000000000000 3.800000000000000
334 5.100000000000000 4.700000000000000
335 5.100000000000000 1.500000000000000
336 5.100000000000000 6.200000000000000
337 5.200000000000000 2.400000000000000
338 5.200000000000000 5.700000000000000
339 5.200000000000000 5.700000000000000
340 5.200000000000000 8.699999999999999
341 5.200000000000000 3.200000000000000
342 5.200000000000000 6.600000000000000
343 5.200000000000000 3.100000000000000
344 5.300000000000000 4.500000000000000
345 5.300000000000000 5.000000000000000
346 5.300000000000000 4.900000000000000
347 5.300000000000000 1.500000000000000
348 5.300000000000000 7.900000000000000
349 5.300000000000000 4.100000000000000
350 5.300000000000000 3.100000000000000
351 5.300000000000000 7.200000000000000
352 5.300000000000000 6.000000000000000
353 5.300000000000000 4.900000000000000
354 5.300000000000000 2.800000000000000
355 5.400000000000000 2.600000000000000
356 5.400000000000000 5.300000000000000
357 5.400000000000000 5.900000000000000
358 5.400000000000000 8.000000000000000
359 5.400000000000000 6.600000000000000
360 5.500000000000000 4.500000000000000
361 5.500000000000000 2.800000000000000
362 5.500000000000000 8.000000000000000
363 5.500000000000000 8.100000000000000
364 5.500000000000000 5.800000000000000
365 5.500000000000000 5.600000000000000
366 5.500000000000000 2.100000000000000
367 5.600000000000000 2.500000000000000
368 5.600000000000000 4.400000000000000
369 5.600000000000000 2.300000000000000
370 5.600000000000000 7.900000000000000
371 5.600000000000000 7.200000000000000
372 5.600000000000000 4.800000000000000
373 5.600000000000000 7.000000000000000
374 5.600000000000000 1.800000000000000
375 5.600000000000000 3.400000000000000
376 5.600000000000000 6.500000000000000
377 5.700000000000000 5.700000000000000
378 5.700000000000000 1.800000000000000
379 5.700000000000000 8.500000000000000
380 5.700000000000000 3.800000000000000
381 5.700000000000000 5.600000000000000
382 5.700000000000000 5.900000000000000
383 5.700000000000000 6.300000000000000
384 5.700000000000000 4.500000000000000
385 5.700000000000000 3.600000000000000
386 5.700000000000000 5.900000000000000
387 5.700000000000000 7.900000000000000
388 5.800000000000000 3.700000000000000
389 5.800000000000000 6.100000000000000
390 5.800000000000000 5.200000000000000
391 5.800000000000000 1.800000000000000
392 5.800000000000000 2.100000000000000
393 5.800000000000000 2.900000000000000
394 5.800000000000000 5.500000000000000
395 5.800000000000000 7.300000000000000
396 5.800000000000000 2.900000000000000
397 5.900000000000000 7.900000000000000
398 5.900000000000000 1.300000000000000
399 5.900000000000000 4.700000000000000
400 5.900000000000000 4.000000000000000
401 5.900000000000000 5.600000000000000
402 5.900000000000000 2.200000000000000
403 5.900000000000000 4.500000000000000
404 6.000000000000000 4.900000000000000
405 6.000000000000000 6.000000000000000
406 6.000000000000000 8.699999999999999
407 6.000000000000000 2.900000000000000
408 6.000000000000000 6.500000000000000
409 6.000000000000000 3.900000000000000
410 6.000000000000000 8.800000000000001
411 6.000000000000000 1.400000000000000
412 6.100000000000000 2.500000000000000
413 6.100000000000000 8.100000000000000
414 6.100000000000000 1.800000000000000
415 6.100000000000000 5.100000000000000
416 6.100000000000000 5.800000000000000
417 6.100000000000000 7.300000000000000
418 6.100000000000000 4.600000000000000
419 6.100000000000000 5.000000000000000
420 6.100000000000000 1.500000000000000
421 6.200000000000000 2.500000000000000
422 6.200000000000000 6.400000000000000
423 6.200000000000000 7.400000000000000
424 6.200000000000000 4.800000000000000
425 6.200000000000000 3.500000000000000
426 6.200000000000000 8.000000000000000
427 6.200000000000000 2.000000000000000
428 6.200000000000000 7.700000000000000
429 6.200000000000000 2.200000000000000
430 6.300000000000000 8.400000000000000
431 6.300000000000000 6.200000000000000
432 6.300000000000000 4.800000000000000
433 6.300000000000000 1.800000000000000
434 6.300000000000000 4.400000000000000
435 6.300000000000000 7.700000000000000
436 6.300000000000000 2.200000000000000
437 6.400000000000000 5.500000000000000
438 6.400000000000000 1.300000000000000
439 6.400000000000000 5.200000000000000
440 6.400000000000000 4.400000000000000
441 6.400000000000000 6.300000000000000
442 6.400000000000000 4.600000000000000
443 6.400000000000000 7.600000000000000
444 6.400000000000000 4.100000000000000
445 6.400000000000000 3.400000000000000
446 6.400000000000000 2.200000000000000
447 6.500000000000000 6.900000000000000
448 6.500000000000000 6.800000000000000
449 6.500000000000000 4.100000000000000
450 6.500000000000000 7.000000000000000
451 6.500000000000000 1.200000000000000
452 6.500000000000000 6.500000000000000
453 6.500000000000000 5.000000000000000
454 6.600000000000000 5.900000000000000
455 6.600000000000000 4.800000000000000
456 6.600000000000000 1.100000000000000
457 6.600000000000000 5.600000000000000
458 6.600000000000000 1.200000000000000
459 6.700000000000000 2.800000000000000
460 6.700000000000000 5.200000000000000
461 6.700000000000000 3.800000000000000
462 6.700000000000000 8.800000000000001
463 6.700000000000000 2.800000000000000
464 6.700000000000000 2.100000000000000
465 6.700000000000000 2.800000000000000
466 6.700000000000000 6.300000000000000
467 6.700000000000000 2.800000000000000
468 6.800000000000000 2.500000000000000
469 6.800000000000000 2.300000000000000
470 6.800000000000000 4.900000000000000
471 6.800000000000000 7.900000000000000
472 6.800000000000000 5.000000000000000
473 6.800000000000000 8.000000000000000
474 6.800000000000000 4.100000000000000
475 6.800000000000000 1.200000000000000
476 6.800000000000000 6.800000000000000
477 6.900000000000000 4.400000000000000
478 6.900000000000000 6.700000000000000
479 6.900000000000000 3.500000000000000
480 6.900000000000000 3.800000000000000
481 6.900000000000000 1.800000000000000
482 6.900000000000000 8.500000000000000
483 7.000000000000000 7.800000000000000
484 7.000000000000000 8.600000000000000
485 7.000000000000000 3.000000000000000
486 7.000000000000000 4.900000000000000
487 7.000000000000000 2.900000000000000
488 7.000000000000000 8.699999999999999
489 7.000000000000000 5.900000000000000
490 7.000000000000000 8.199999999999999
491 7.100000000000000 8.300000000000001
492 7.100000000000000 5.600000000000000
493 7.100000000000000 7.400000000000000
494 7.100000000000000 3.300000000000000
495 7.100000000000000 1.100000000000000
496 7.100000000000000 5.700000000000000
497 7.100000000000000 8.400000000000000
498 7.100000000000000 4.800000000000000
499 7.200000000000000 6.100000000000000
500 7.200000000000000 8.400000000000000
501 7.200000000000000 2.300000000000000
502 7.200000000000000 7.400000000000000
503 7.200000000000000 2.100000000000000
504 7.200000000000000 3.900000000000000
505 7.200000000000000 6.200000000000000
506 7.200000000000000 7.800000000000000
507 7.200000000000000 6.800000000000000
508 7.300000000000000 3.800000000000000
509 7.300000000000000 3.200000000000000
510 7.300000000000000 4.500000000000000
511 7.300000000000000 8.800000000000001
512 7.300000000000000 4.700000000000000
513 7.300000000000000 1.600000000000000
514 7.400000000000000 4.700000000000000
515 7.400000000000000 1.300000000000000
516 7.400000000000000 8.699999999999999
517 7.400000000000000 6.300000000000000
518 7.400000000000000 5.800000000000000
519 7.400000000000000 5.900000000000000
520 7.400000000000000 4.100000000000000
521 7.400000000000000 6.100000000000000
522 7.400000000000000 6.000000000000000
523 7.400000000000000 3.900000000000000
524 7.500000000000000 4.800000000000000
525 7.500000000000000 8.900000000000000
526 7.500000000000000 7.800000000000000
527 7.500000000000000 3.100000000000000
528 7.500000000000000 7.500000000000000
529 7.500000000000000 4.600000000000000
530 7.500000000000000 8.100000000000000
531 7.500000000000000 4.800000000000000
532 7.500000000000000 8.800000000000001
533 7.500000000000000 3.500000000000000
534 7.600000000000000 6.900000000000000
535 7.600000000000000 1.400000000000000
536 7.600000000000000 1.900000000000000
537 7.600000000000000 6.500000000000000
538 7.600000000000000 1.900000000000000
539 7.600000000000000 8.400000000000000
540 7.600000000000000 6.000000000000000
541 7.600000000000000 3.700000000000000
542 7.600000000000000 6.100000000000000
543 7.700000000000000 4.900000000000000
544 7.700000000000000 3.700000000000000
545 7.700000000000000 3.200000000000000
546 7.700000000000000 8.500000000000000
547 7.700000000000000 8.400000000000000
548 7.700000000000000 5.300000000000000
549 7.700000000000000 3.100000000000000
550 7.700000000000000 7.600000000000000
551 7.700000000000000 4.800000000000000
552 7.700000000000000 5.100000000000000
553 7.700000000000000 7.900000000000000
554 7.700000000000000 1.500000000000000
555 7.800000000000000 4.500000000000000
556 7.800000000000000 3.500000000000000
557 7.800000000000000 4.500000000000000
558 7.800000000000000 6.500000000000000
559 7.800000000000000 7.300000000000000
560 7.800000000000000 3.400000000000000
561 7.800000000000000 3.700000000000000
562 7.900000000000000 7.300000000000000
563 7.900000000000000 0.900000000000000
564 7.900000000000000 1.600000000000000
565 7.900000000000000 3.600000000000000
566 7.900000000000000 6.200000000000000
567 7.900000000000000 3.700000000000000
568 8.000000000000000 3.700000000000000
569 8.000000000000000 2.300000000000000
570 8.000000000000000 2.100000000000000
571 8.000000000000000 5.100000000000000
572 8.000000000000000 7.600000000000000
573 8.000000000000000 2.300000000000000
574 8.000000000000000 5.300000000000000
575 8.100000000000000 7.700000000000000
576 8.100000000000000 7.100000000000000
577 8.100000000000000 0.800000000000000
578 8.100000000000000 4.400000000000000
579 8.100000000000000 4.000000000000000
580 8.100000000000000 2.600000000000000
581 8.199999999999999 5.100000000000000
582 8.199999999999999 3.000000000000000
583 8.199999999999999 6.700000000000000
584 8.199999999999999 1.600000000000000
585 8.199999999999999 7.300000000000000
586 8.199999999999999 1.800000000000000
587 8.199999999999999 2.500000000000000
588 8.300000000000001 6.100000000000000
589 8.300000000000001 5.200000000000000
590 8.300000000000001 2.000000000000000
591 8.300000000000001 7.800000000000000
592 8.300000000000001 1.100000000000000
593 8.300000000000001 4.200000000000000
594 8.300000000000001 1.200000000000000
595 8.400000000000000 3.800000000000000
596 8.400000000000000 1.900000000000000
597 8.400000000000000 5.100000000000000
598 8.400000000000000 4.200000000000000
599 8.400000000000000 1.700000000000000
600 8.400000000000000 6.200000000000000
601 8.400000000000000 2.600000000000000
602 8.500000000000000 7.700000000000000
603 8.500000000000000 1.300000000000000
604 8.500000000000000 1.200000000000000
605 8.500000000000000 7.500000000000000
606 8.500000000000000 2.800000000000000
607 8.500000000000000 3.600000000000000
608 8.500000000000000 5.600000000000000
609 8.500000000000000 4.100000000000000
610 8.500000000000000 6.200000000000000
611 8.500000000000000 6.000000000000000
612 8.500000000000000 4.400000000000000
613 8.500000000000000 7.900000000000000
614 8.600000000000000 3.800000000000000
615 8.600000000000000 3.400000000000000
616 8.600000000000000 5.200000000000000
617 8.600000000000000 2.000000000000000
618 8.600000000000000 2.400000000000000
619 8.600000000000000 3.500000000000000
620 8.600000000000000 5.500000000000000
621 8.600000000000000 1.300000000000000
622 8.600000000000000 6.900000000000000
623 8.600000000000000 4.900000000000000
624 8.699999999999999 7.000000000000000
625 8.699999999999999 1.100000000000000
626 8.699999999999999 1.200000000000000
627 8.800000000000001 1.300000000000000
628 8.800000000000001 0.800000000000000
629 8.900000000000000 0.700000000000000
