39
0 6.149000000000000 8.368000000000000
1 6.439000000000000 4.328000000000000
2 6.360241982529592 5.425180657173955
3 6.311794191035712 6.100108511088703
4 6.374382597162607 5.228187267114023
5 5.306000000000000 9.516999999999999
6 0.105000000000000 8.441000000000001
7 2.051679066039811 8.843735373016504
8 7.689000000000000 2.650000000000000
9 2.855000000000000 5.316000000000000
10 2.037000000000000 3.703000000000000
11 2.540694444123939 4.696226330528011
12 2.488398154346567 4.593104184548916
13 1.993000000000000 7.472000000000000
14 2.595000000000000 4.421000000000000
15 2.211682511579225 6.363693782677381
16 0.013000000000000 5.037000000000000
17 3.127000000000000 6.916000000000000
18 2.976078014071693 6.824933072716992
19 2.848373647879510 6.747875749635710
20 1.614781544328397 6.003521362168613
21 3.461000000000000 2.241000000000000
22 6.065453712728329 2.492944552626747
23 5.006575681574629 2.390512879319779
24 4.858049238833709 2.376145018609978
25 8.666000000000000 5.497000000000000
26 3.655592141534885 5.340936702395081
27 6.134302073164932 5.418143120847161
28 4.479991548904437 5.366614949294735
29 4.526155870401070 5.368052867413972
30 5.331000000000000 1.682000000000000
31 6.368000000000000 2.827000000000000
32 2.025000000000000 8.901999999999999
33 3.114535959053967 6.522553652640761
34 3.350468683491361 6.007298277432661
35 5.840000000000000 5.651000000000000
36 9.734000000000000 2.570000000000000
37 4.392359269279131 5.440800843317421
38 3.031000000000000 6.181000000000000
58
0 3
3 2
2 4
4 1
6 7
7 5
1 8
10 12
12 11
11 9
13 15
15 11
11 14
16 20
20 15
15 19
19 18
18 17
21 24
24 23
23 22
22 8
9 26
26 28
28 29
29 27
27 2
2 25
21 30
30 22
22 31
32 7
7 18
18 33
33 34
34 26
26 23
23 30
17 3
3 25
35 27
27 4
4 36
9 24
24 30
13 19
19 33
33 37
37 28
28 8
38 34
34 37
37 29
29 1
6 20
20 12
12 14
0 25
27
0 0.800000000000000 7.800000000000000
1 1.600000000000000 8.300000000000001
2 1.600000000000000 8.199999999999999
3 1.800000000000000 7.500000000000000
4 2.100000000000000 6.000000000000000
5 2.400000000000000 6.800000000000000
6 3.500000000000000 6.000000000000000
7 3.800000000000000 4.000000000000000
8 4.200000000000000 4.000000000000000
9 4.600000000000000 3.900000000000000
10 5.300000000000000 3.400000000000000
11 5.400000000000000 5.800000000000000
12 5.500000000000000 2.000000000000000
13 5.600000000000000 2.000000000000000
14 6.200000000000000 3.900000000000000
15 6.300000000000000 3.600000000000000
16 6.500000000000000 5.300000000000000
17 6.600000000000000 4.100000000000000
18 6.600000000000000 4.700000000000000
19 7.000000000000000 4.700000000000000
20 7.100000000000000 5.400000000000000
21 7.200000000000000 6.900000000000000
22 7.200000000000000 6.700000000000000
23 7.500000000000000 5.000000000000000
24 7.500000000000000 2.900000000000000
25 7.600000000000000 6.400000000000000
26 7.600000000000000 3.200000000000000
