332
0 2.850000000000000 5.630000000000000
1 7.360000000000000 6.000000000000000
2 6.748762918760707 5.949854164066843
3 5.999267469732363 5.888365623902655
4 4.568910426969937 5.771019258975360
5 4.064059672389119 5.729601347845670
6 5.997186582471945 5.888194908096368
7 5.035378802557643 5.809288283136658
8 3.369030231331689 5.672581194144728
9 3.043455462044053 5.645871068948182
10 5.243801683816651 5.826387277829747
11 5.866027579883140 5.877434635156709
12 3.637415388730844 5.694599488654193
13 6.806173176080128 5.954564096485510
14 6.063650105667627 5.893647569644572
15 7.173464436175776 5.984696638888034
16 5.490000000000000 9.240000000000000
17 8.390000000000001 1.660000000000000
18 7.043910368693127 5.178399794933139
19 6.394699510962223 6.875302657553914
20 5.694865038102700 8.704525176269495
21 5.948262536145794 8.042196543453407
22 6.654248868245594 6.196894337482208
23 6.631094488548822 6.257415095448254
24 6.045271537158417 7.788635085634207
25 5.910266553382679 8.141510181158376
26 6.136092293141958 7.551248419994468
27 6.389506871438303 6.888875142930232
28 6.389116951745238 6.889894312334863
29 6.789878483473752 5.842386584575503
30 6.493935649522587 6.615919922971997
31 6.653662153149895 6.198427889353034
32 6.537440748143919 6.502206596230725
33 4.760000000000000 0.750000000000000
34 9.560000000000000 1.060000000000000
35 7.332018006083592 0.916109496226232
36 8.959837802856743 1.021239524767831
37 8.706941776875379 1.004906656423201
38 8.938751534611388 1.019877703276986
39 6.062386079896185 0.834112434326629
40 8.064630381803411 0.963424045491470
41 3.790000000000000 1.450000000000000
42 1.280000000000000 1.290000000000000
43 1.988642241379310 1.335172413793103
44 1.849824208940231 1.326323455549975
45 3.246304009202233 1.415342088235999
46 1.817138985260327 1.324239935315399
47 2.259478083209510 1.352436849925706
48 6.150000000000000 2.860000000000000
49 7.700000000000000 6.880000000000000
50 6.386563350033113 3.473538494924589
51 7.660903605210018 6.778601608351144
52 6.329142938718301 3.324615879772626
53 6.295648036260463 3.237745229527135
54 6.290591916493519 3.224631938260611
55 6.746302230795557 4.406538688902025
56 6.992630971982429 5.045404198302814
57 6.481580157319846 3.719969182210180
58 7.632079686381648 6.703845380164015
59 7.311492819927787 5.872387829748197
60 3.640000000000000 0.000000000000000
61 7.250000000000000 9.010000000000000
62 5.487198143435436 4.610320020042459
63 6.653698033377733 7.521722792446917
64 4.780893524107482 2.847493255459394
65 5.377080137681176 4.335482559697340
66 6.176308572627345 6.330232753288747
67 5.999811685239697 5.889723901387720
68 6.834800353570932 7.973726090214432
69 6.739264294471461 7.735282906700238
70 6.763547931458091 7.795891097628089
71 6.405127196068147 6.901328541987257
72 5.276856972100252 4.085341085491212
73 6.407317257921980 6.906794596641837
74 5.943212809264123 5.748461886833726
75 5.565504873073436 4.805761469914586
76 4.587857432768872 2.365705116135052
77 4.218120043873774 1.442897948837313
78 6.271156063179575 6.566957376522983
79 5.985133051317234 5.853088308135258
80 6.317058829645649 6.681523560971552
81 4.636715204933141 2.487646536412078
82 2.400000000000000 4.650000000000000
83 0.860000000000000 7.760000000000000
84 1.781771821631879 5.898499762808349
85 1.135946168133240 7.202732089029626
86 1.800442666331525 5.860794355655168
87 1.759702784411712 5.943067753558166
88 1.037611225188227 7.401317590691308
89 1.005059160916330 7.467055850357282
90 1.923881329466875 5.611512380102610
91 1.080000000000000 4.360000000000000
92 3.160000000000000 8.920000000000000
93 2.764158430630586 8.052193482536284
94 2.139698150924538 6.683184407796102
95 1.756813533086406 5.843783514843275
96 2.143717253231712 6.691995516700291
97 1.760827966167456 5.852584387367115
98 2.261031331592689 6.949184073107049
99 1.490549879462748 5.260051658822179
100 2.980374820994957 8.526206338335097
101 1.620445682451253 5.544823226912364
102 1.167596566523605 4.552038626609442
103 0.800000000000000 0.160000000000000
104 1.750000000000000 3.190000000000000
105 1.690599263112267 3.000542912873862
106 1.363190391201582 1.956280931937677
107 1.408439712279305 2.100602450743468
108 3.620000000000000 9.760000000000000
109 5.920000000000000 8.590000000000000
110 5.186735191750968 8.963008619848420
111 4.472560770183287 9.326306042993719
112 2.220000000000000 8.740000000000000
113 6.690000000000000 3.090000000000000
114 4.955994611041866 5.281751777989587
115 3.453391740906630 7.181014913619137
116 3.861971765835505 6.664577074503221
117 4.730767379028856 5.566434968341603
118 3.773730616501741 6.776112308001156
119 4.829481816194155 5.441661686466000
120 5.359890400338315 4.771234728878865
121 4.003146864389949 6.486134276554091
122 6.436597627497072 3.410296063678198
123 2.565244931616386 8.303616585317098
124 4.284620826774916 6.130356225664817
125 4.933687814699110 5.309947169340052
126 1.250000000000000 5.790000000000000
127 0.040000000000000 7.770000000000000
128 8.539999999999999 6.130000000000000
129 7.601349487496593 6.822540926908000
130 6.232456063773576 7.832517172459739
131 5.622595078299774 8.282475582473946
132 6.448556620160251 7.673077127808595
133 6.928748758689175 7.318789025601278
134 5.029678123742992 8.719932603823768
135 6.885426032409828 7.350752744380554
136 5.033856819496747 8.716849541712765
137 6.997021017764937 7.268417419819771
138 4.319240629771726 9.244096852424519
139 7.562954306906444 6.850869078440977
140 7.708630120940583 6.743388752232862
141 2.880000000000000 6.300000000000000
142 2.752267467280729 6.366115078555397
143 2.178363935505101 6.663170779861796
144 1.747977935775774 6.885940998031553
145 8.410000000000000 0.100000000000000
146 3.039772371932199 4.165646540384109
147 2.482325476035018 4.587673724466002
148 3.005910561795552 4.191282353382735
149 3.268680815060284 3.992346471127406
150 5.990271623600548 1.931907506259152
151 6.198906022804163 1.773956338808828
152 6.480671483360425 1.560639725575719
153 2.909462325607018 4.264300568800011
154 3.521923009316223 3.800624011249782
155 3.180000000000000 3.910000000000000
156 0.920000000000000 2.530000000000000
157 2.297688757293390 3.371243577462335
158 1.795497255922747 3.064595669545748
159 2.990000000000000 6.870000000000000
160 6.390000000000000 3.260000000000000
161 4.652399701234842 5.104922670159477
162 3.365708601902202 6.471085866803838
163 4.437752727693688 5.332827250889937
164 3.490817423572457 6.338249735559833
165 4.565828583491662 5.196840827527971
166 5.020371840138115 4.714222840323943
167 3.788684853796791 6.021984611115760
168 3.789172782527553 6.021466545610451
169 4.614561915559996 5.145097495537770
170 4.600000000000000 6.770000000000000
171 6.568337649611535 6.220862322390984
172 5.815173355229396 6.430984245099046
173 5.876485212173168 6.413879125589370
174 5.478545303686257 6.524898592812167
175 6.834085735186540 6.146722457937089
176 5.743482078709986 6.450985072243953
177 6.651940245274218 6.197538409832918
178 7.047512100677639 6.087179595100804
179 1.090000000000000 3.030000000000000
180 2.357993243143125 3.768543719531170
181 2.794748827072350 4.022932372803108
182 4.298856191940152 4.899000958996911
183 1.790851257227795 3.438211397931469
184 4.154580081173901 4.814967218232907
185 5.895153939749576 5.828765910444155
186 3.560829705107566 4.469136817649641
187 2.935839244423369 4.105110603786683
188 6.870412397723936 6.396806010777179
189 5.558841857730753 5.632880658436218
190 6.751850096920095 6.327749300021538
191 1.623926664800631 3.340986030178885
192 3.155009549639024 4.232766530425150
193 7.800000000000000 8.199999999999999
194 2.340000000000000 6.920000000000000
195 6.441044766079577 7.881417088018654
196 4.139233515563983 7.341798333319029
197 4.885028218991233 7.516636652071204
198 4.430006051936619 7.409964788732394
199 7.108803496232900 8.037961259190130
200 5.199960492326395 7.590466928603989
201 3.240000000000000 9.449999999999999
202 7.750000000000000 7.240000000000000
203 6.681145177452891 7.763762562711555
204 7.180164710948434 7.519231926564071
205 4.957580404315015 8.608347518062930
206 7.106002009601429 7.555573294629898
207 4.978896708973143 8.597902056135112
208 7.043202766236607 7.586346316323082
209 4.004541831515411 9.075357550410407
210 2.850000000000000 7.010000000000000
211 1.830000000000000 0.290000000000000
212 2.730615265467688 6.223465278375356
213 2.341792632508013 3.661810284758675
214 1.964722719141324 1.177584973166368
215 2.727954037336513 6.205932481275850
216 2.519968401019785 4.835674171424468
217 2.022839335180056 1.560470914127423
218 2.466060218264548 4.480514379154670
219 1.987373137728947 1.326811260331887
220 2.662365002030045 5.773816483962647
221 2.392726118738784 3.997372076396691
222 0.080000000000000 5.190000000000000
223 2.714453955080618 6.217164042071588
224 1.760917509137154 5.845383640220574
225 3.647680651035659 6.581025746064421
226 5.104924921916531 7.149200001938958
227 1.086920607746630 5.582594692916756
228 4.134736359500473 6.770927000271557
229 7.092257510446629 7.924053770264813
230 5.535807958928560 7.317199735281731
231 8.310000000000000 8.420000000000000
232 4.100546276556561 5.063987351583966
233 1.793506497569277 3.224685820470628
234 6.378988391376450 6.880489220563847
235 5.625329214872819 6.279629846613544
236 3.299350736075277 4.425229321596600
237 2.916854239137849 4.120281657117522
238 7.014238262291349 7.386946053625573
239 5.877093087343718 6.480350129086531
240 3.443547078453186 4.540190734803378
241 6.224197685421919 6.757081386395829
242 3.115827487436324 4.278914292574996
243 2.380000000000000 0.640000000000000
244 1.816577888069715 1.369361501060437
245 1.854777687954729 1.319911075181892
246 9.369999999999999 0.680000000000000
247 1.746277926318937 7.022650091852165
248 3.168505575451301 5.839410167544628
249 1.493748411689962 7.232745152201535
250 6.325589616349180 3.212834960781175
251 4.270491537544697 4.922599284862931
252 4.604827117985090 4.644444653897246
253 8.700825109605674 1.236728345944985
254 8.974923260134329 1.008688991568619
255 3.555543838242984 5.517408886632159
256 6.399038551332764 3.151728208761931
257 8.203714344473006 1.650305809768638
258 1.130966188024426 7.534566320656529
259 3.125105220508791 5.875517630881053
260 4.237297537417732 4.950215444780547
261 4.380000000000000 2.430000000000000
262 2.721850165691102 0.945955898293537
263 3.218999240837914 1.390904320549933
264 1.710000000000000 9.940000000000000
265 1.744819173493867 7.139958131534874
266 1.811895342812734 1.745916182142652
267 1.770982935536325 5.035955600620526
268 1.817217121907950 1.317956446569049
269 1.735878761953387 7.858916226248467
270 1.764261995343819 5.576431207767873
271 5.650000000000000 9.680000000000000
272 4.580731574252242 8.025101482611932
273 5.049346657344680 8.750373441982688
274 3.202879841112214 5.892610954090596
275 4.610041033360851 8.070463507016946
276 0.945762820925294 7.435261566179783
277 5.800000000000000 3.390000000000000
278 6.404072035696375 3.186380212686615
279 5.663400437945892 6.216014692378328
280 3.831004942339374 4.514504589315132
281 7.028244622856577 7.483370006938249
282 5.970077519379846 6.500786267995570
283 4.379138381201045 5.023485639686685
284 6.235864527629234 6.747588489941431
285 3.319261492087415 4.039314242652599
286 4.500000000000000 8.160000000000000
287 6.421373483338181 4.949478755347513
288 4.656067572906075 7.899218708511699
289 6.613535078112777 4.628386116263997
290 5.548434334379202 6.408117436127297
291 5.905283128062907 5.811840531514424
292 7.020000000000000 5.050000000000000
293 3.030000000000000 4.380000000000000
294 6.666146826620613 4.990581046074138
295 3.183260509478286 4.405735474022670
296 2.740000000000000 0.930000000000000
297 2.271791126529122 1.341612196457915
298 8.720000000000001 0.510000000000000
299 8.619999999999999 4.300000000000000
300 8.704636021372050 1.092294789999324
301 0.940000000000000 5.700000000000000
302 2.804487960426802 4.210074353051797
303 1.275349377593361 5.432019917012449
304 9.100000000000000 0.970000000000000
305 6.211891968201888 1.863355450513823
306 7.088307743052692 1.592260740496413
307 4.794528895153420 2.301777079041527
308 5.100000000000000 8.859999999999999
309 3.788363273998034 6.021288631647920
310 4.700996523754346 7.996456244647085
311 6.040000000000000 0.680000000000000
312 6.165537916860899 1.544240369794449
313 6.915705408609623 6.708616573320796
314 6.856842061027073 6.303383775500432
315 6.848909738337201 6.248775306073458
316 4.610000000000000 9.400000000000000
317 0.880000000000000 7.400000000000000
318 1.280000000000000 5.470000000000000
319 8.560000000000000 7.070000000000000
320 8.178655551218423 6.986188033234819
321 6.418155339805827 6.599264909847435
322 8.670000000000000 7.240000000000000
323 2.030000000000000 3.810000000000000
324 6.810938209792766 6.279671394516445
325 3.061536531890098 4.342856973551662
326 1.083707201889020 3.866942148760331
327 1.082789060015447 3.989055017945573
328 1.096630075668763 3.972478951294895
329 7.930000000000000 1.300000000000000
330 9.330000000000000 4.230000000000000
331 4.830000000000000 2.260000000000000
582
0 9
9 8
8 12
12 5
5 4
4 7
7 10
10 11
11 6
6 3
3 14
14 2
2 13
13 15
15 1
16 20
20 25
25 21
21 24
24 26
26 28
28 27
27 19
19 30
30 32
32 23
23 31
31 22
22 2
2 29
29 18
18 17
33 39
39 35
35 40
40 37
37 38
38 36
36 34
42 46
46 44
44 43
43 47
47 45
45 41
48 54
54 53
53 52
52 50
50 57
57 55
55 56
56 18
18 59
59 58
58 51
51 49
60 77
77 76
76 81
81 64
64 72
72 65
65 62
62 75
75 74
74 79
79 3
3 67
67 66
66 78
78 80
80 19
19 71
71 73
73 63
63 69
69 70
70 68
68 61
83 89
89 88
88 85
85 87
87 84
84 86
86 90
90 82
91 102
102 99
99 101
101 95
95 97
97 84
84 94
94 96
96 98
98 93
93 100
100 92
103 106
106 107
107 105
105 104
108 111
111 110
110 20
20 109
112 123
123 93
93 115
115 118
118 116
116 121
121 124
124 4
4 117
117 119
119 125
125 114
114 120
120 62
62 50
50 122
122 113
127 126
108 138
138 134
134 136
136 131
131 21
21 130
130 132
132 63
63 135
135 133
133 137
137 139
139 129
129 51
51 140
140 128
127 85
85 144
144 94
94 143
143 142
142 141
82 147
147 153
153 148
148 146
146 149
149 154
154 64
64 150
150 151
151 152
152 35
35 145
156 105
105 158
158 157
157 155
159 162
162 164
164 167
167 168
168 5
5 163
163 165
165 169
169 161
161 166
166 65
65 52
52 160
170 174
174 176
176 172
172 173
173 66
66 171
171 177
177 22
22 175
175 178
178 1
179 191
191 183
183 180
180 181
181 187
187 146
146 192
192 186
186 184
184 182
182 161
161 114
114 189
189 185
185 6
6 67
67 171
171 23
23 190
190 188
188 129
129 49
194 115
115 196
196 198
198 197
197 200
200 24
24 130
130 195
195 68
68 199
199 193
201 209
209 205
205 207
207 131
131 25
25 195
195 203
203 69
69 208
208 206
206 204
204 202
211 214
214 219
219 43
43 217
217 157
157 213
213 180
180 221
221 218
218 147
147 216
216 220
220 215
215 212
212 142
142 210
222 227
227 95
95 224
224 86
86 223
223 212
212 162
162 225
225 116
116 228
228 226
226 230
230 26
26 132
132 203
203 70
70 229
229 193
104 233
233 213
213 181
181 237
237 148
148 242
242 236
236 240
240 232
232 163
163 117
117 7
7 235
235 172
172 239
239 241
241 234
234 27
27 71
71 133
133 238
238 204
204 231
156 106
106 244
244 44
44 245
245 214
214 243
83 258
258 249
249 247
247 96
96 143
143 223
223 215
215 259
259 248
248 8
8 255
255 232
232 260
260 251
251 182
182 252
252 72
72 53
53 250
250 256
256 257
257 253
253 36
36 254
254 246
243 262
262 263
263 45
45 261
264 269
269 265
265 247
247 144
144 87
87 97
97 224
224 270
270 267
267 183
183 233
233 158
158 266
266 244
244 46
46 268
268 211
82 216
216 9
9 248
248 274
274 164
164 225
225 118
118 196
196 272
272 275
275 205
205 134
134 273
273 110
110 271
127 276
276 88
88 249
249 265
265 98
98 194
277 54
54 250
250 278
278 113
155 149
149 285
285 280
280 184
184 251
251 283
283 165
165 119
119 10
10 279
279 173
173 282
282 284
284 234
234 28
28 73
73 135
135 281
281 206
206 193
286 272
272 288
288 197
197 226
226 174
174 290
290 235
235 279
279 11
11 185
185 291
291 74
74 287
287 289
289 55
55 17
293 295
295 236
236 186
186 280
280 252
252 166
166 120
120 75
75 287
287 294
294 56
56 292
156 107
107 266
266 217
217 47
47 297
297 262
262 296
299 253
253 300
300 37
37 298
301 227
227 303
303 99
99 267
267 218
218 302
302 237
237 187
187 155
261 76
76 307
307 150
150 305
305 306
306 300
300 38
38 254
254 304
293 255
255 12
12 309
309 167
167 121
121 228
228 198
198 288
288 310
310 207
207 136
136 273
273 308
311 39
39 312
312 151
151 305
305 256
256 278
278 122
122 57
57 289
289 294
294 29
29 13
13 175
175 315
315 314
314 188
188 313
313 137
137 238
238 281
281 208
208 229
229 199
199 61
42 268
268 245
245 219
219 297
297 263
263 77
77 312
312 152
152 306
306 257
257 17
317 276
276 89
89 258
258 269
269 123
123 100
100 209
209 138
138 111
111 316
318 101
101 270
270 90
90 220
220 259
259 274
274 309
309 168
168 124
124 290
290 176
176 239
239 282
282 78
78 321
321 30
30 313
313 139
139 320
320 319
323 221
221 302
302 153
153 325
325 295
295 240
240 260
260 283
283 169
169 125
125 189
189 291
291 79
79 14
14 177
177 31
31 324
324 314
314 58
58 140
140 320
320 322
91 327
327 326
326 179
156 326
326 328
328 102
102 303
303 318
329 40
40 145
286 275
275 310
310 200
200 230
230 241
241 284
284 80
80 321
321 32
32 190
190 324
324 315
315 178
178 15
15 59
59 330
222 327
327 328
328 191
191 104
293 325
325 242
242 192
192 285
285 154
154 81
81 307
307 331
530
0 0.100000000000000 6.000000000000000
1 0.200000000000000 6.000000000000000
2 0.200000000000000 6.200000000000000
3 0.200000000000000 5.600000000000000
4 0.300000000000000 5.000000000000000
5 0.300000000000000 5.900000000000000
6 0.300000000000000 5.200000000000000
7 0.400000000000000 7.000000000000000
8 0.500000000000000 6.000000000000000
9 0.500000000000000 5.800000000000000
10 0.500000000000000 4.900000000000000
11 0.500000000000000 5.300000000000000
12 0.500000000000000 4.900000000000000
13 0.500000000000000 5.700000000000000
14 0.600000000000000 4.900000000000000
15 0.600000000000000 5.200000000000000
16 0.800000000000000 5.400000000000000
17 0.800000000000000 7.400000000000000
18 0.800000000000000 5.900000000000000
19 0.800000000000000 6.300000000000000
20 0.800000000000000 5.500000000000000
21 1.000000000000000 5.700000000000000
22 1.000000000000000 4.000000000000000
23 1.000000000000000 4.400000000000000
24 1.000000000000000 6.800000000000000
25 1.000000000000000 7.200000000000000
26 1.100000000000000 6.400000000000000
27 1.100000000000000 2.600000000000000
28 1.100000000000000 3.800000000000000
29 1.100000000000000 2.600000000000000
30 1.100000000000000 3.100000000000000
31 1.100000000000000 6.400000000000000
32 1.200000000000000 6.700000000000000
33 1.200000000000000 3.000000000000000
34 1.200000000000000 5.800000000000000
35 1.200000000000000 4.400000000000000
36 1.200000000000000 7.300000000000000
37 1.200000000000000 4.000000000000000
38 1.300000000000000 5.500000000000000
39 1.300000000000000 5.500000000000000
40 1.300000000000000 5.400000000000000
41 1.300000000000000 5.800000000000000
42 1.300000000000000 3.800000000000000
43 1.300000000000000 3.300000000000000
44 1.300000000000000 6.000000000000000
45 1.400000000000000 2.100000000000000
46 1.400000000000000 3.400000000000000
47 1.400000000000000 4.800000000000000
48 1.400000000000000 1.600000000000000
49 1.400000000000000 3.600000000000000
50 1.400000000000000 5.400000000000000
51 1.500000000000000 1.500000000000000
52 1.500000000000000 2.300000000000000
53 1.500000000000000 2.600000000000000
54 1.500000000000000 4.700000000000000
55 1.500000000000000 7.200000000000000
56 1.500000000000000 2.300000000000000
57 1.500000000000000 2.000000000000000
58 1.500000000000000 7.700000000000000
59 1.500000000000000 3.100000000000000
60 1.500000000000000 3.900000000000000
61 1.500000000000000 6.300000000000000
62 1.500000000000000 5.900000000000000
63 1.600000000000000 6.300000000000000
64 1.600000000000000 5.200000000000000
65 1.600000000000000 7.700000000000000
66 1.600000000000000 7.500000000000000
67 1.600000000000000 1.700000000000000
68 1.600000000000000 2.100000000000000
69 1.700000000000000 4.000000000000000
70 1.700000000000000 4.100000000000000
71 1.700000000000000 1.900000000000000
72 1.700000000000000 2.300000000000000
73 1.700000000000000 1.900000000000000
74 1.800000000000000 2.200000000000000
75 1.800000000000000 5.200000000000000
76 1.800000000000000 7.300000000000000
77 1.900000000000000 4.500000000000000
78 1.900000000000000 2.200000000000000
79 1.900000000000000 3.900000000000000
80 1.900000000000000 2.400000000000000
81 1.900000000000000 7.500000000000000
82 1.900000000000000 3.500000000000000
83 1.900000000000000 3.100000000000000
84 1.900000000000000 3.100000000000000
85 2.000000000000000 2.000000000000000
86 2.000000000000000 2.500000000000000
87 2.000000000000000 4.400000000000000
88 2.100000000000000 3.200000000000000
89 2.100000000000000 4.800000000000000
90 2.100000000000000 4.100000000000000
91 2.100000000000000 5.100000000000000
92 2.200000000000000 2.200000000000000
93 2.200000000000000 2.900000000000000
94 2.200000000000000 3.600000000000000
95 2.200000000000000 7.000000000000000
96 2.200000000000000 5.300000000000000
97 2.200000000000000 1.800000000000000
98 2.200000000000000 7.800000000000000
99 2.300000000000000 8.000000000000000
100 2.300000000000000 2.700000000000000
101 2.300000000000000 2.900000000000000
102 2.300000000000000 6.700000000000000
103 2.300000000000000 8.100000000000000
104 2.300000000000000 7.600000000000000
105 2.400000000000000 6.700000000000000
106 2.400000000000000 4.400000000000000
107 2.400000000000000 5.600000000000000
108 2.400000000000000 7.400000000000000
109 2.400000000000000 4.700000000000000
110 2.400000000000000 5.900000000000000
111 2.500000000000000 8.000000000000000
112 2.500000000000000 5.700000000000000
113 2.500000000000000 1.100000000000000
114 2.500000000000000 7.600000000000000
115 2.500000000000000 4.800000000000000
116 2.500000000000000 7.900000000000000
117 2.500000000000000 7.500000000000000
118 2.500000000000000 1.700000000000000
119 2.600000000000000 0.900000000000000
120 2.600000000000000 6.000000000000000
121 2.600000000000000 7.800000000000000
122 2.600000000000000 7.600000000000000
123 2.600000000000000 6.600000000000000
124 2.600000000000000 7.800000000000000
125 2.600000000000000 6.700000000000000
126 2.600000000000000 6.500000000000000
127 2.600000000000000 3.000000000000000
128 2.700000000000000 2.400000000000000
129 2.700000000000000 3.600000000000000
130 2.700000000000000 4.800000000000000
131 2.700000000000000 6.500000000000000
132 2.700000000000000 6.100000000000000
133 2.800000000000000 6.800000000000000
134 2.800000000000000 5.000000000000000
135 2.800000000000000 7.700000000000000
136 2.800000000000000 3.200000000000000
137 2.800000000000000 2.000000000000000
138 2.800000000000000 6.200000000000000
139 2.800000000000000 2.200000000000000
140 2.800000000000000 4.300000000000000
141 2.800000000000000 2.400000000000000
142 2.800000000000000 1.300000000000000
143 2.900000000000000 1.500000000000000
144 2.900000000000000 2.500000000000000
145 2.900000000000000 1.700000000000000
146 3.000000000000000 4.200000000000000
147 3.000000000000000 8.000000000000000
148 3.000000000000000 4.600000000000000
149 3.000000000000000 6.500000000000000
150 3.000000000000000 1.800000000000000
151 3.100000000000000 6.500000000000000
152 3.100000000000000 4.300000000000000
153 3.100000000000000 7.100000000000000
154 3.100000000000000 6.800000000000000
155 3.100000000000000 6.000000000000000
156 3.200000000000000 4.500000000000000
157 3.200000000000000 7.900000000000000
158 3.200000000000000 3.800000000000000
159 3.200000000000000 3.600000000000000
160 3.200000000000000 2.400000000000000
161 3.200000000000000 5.800000000000000
162 3.200000000000000 6.500000000000000
163 3.200000000000000 4.600000000000000
164 3.200000000000000 6.600000000000000
165 3.300000000000000 7.700000000000000
166 3.300000000000000 6.800000000000000
167 3.300000000000000 6.500000000000000
168 3.300000000000000 5.900000000000000
169 3.300000000000000 2.900000000000000
170 3.300000000000000 6.900000000000000
171 3.300000000000000 7.000000000000000
172 3.300000000000000 1.700000000000000
173 3.400000000000000 7.500000000000000
174 3.400000000000000 8.100000000000000
175 3.400000000000000 5.900000000000000
176 3.400000000000000 1.500000000000000
177 3.400000000000000 2.800000000000000
178 3.400000000000000 2.600000000000000
179 3.400000000000000 5.100000000000000
180 3.400000000000000 1.600000000000000
181 3.400000000000000 6.100000000000000
182 3.400000000000000 8.500000000000000
183 3.400000000000000 2.700000000000000
184 3.500000000000000 2.700000000000000
185 3.500000000000000 4.400000000000000
186 3.500000000000000 3.600000000000000
187 3.500000000000000 2.500000000000000
188 3.500000000000000 2.300000000000000
189 3.500000000000000 8.800000000000001
190 3.500000000000000 3.600000000000000
191 3.500000000000000 8.600000000000000
192 3.500000000000000 3.300000000000000
193 3.600000000000000 6.500000000000000
194 3.600000000000000 7.200000000000000
195 3.600000000000000 2.400000000000000
196 3.600000000000000 7.800000000000000
197 3.600000000000000 3.800000000000000
198 3.600000000000000 4.600000000000000
199 3.600000000000000 8.600000000000000
200 3.700000000000000 5.100000000000000
201 3.700000000000000 8.400000000000000
202 3.700000000000000 8.900000000000000
203 3.700000000000000 3.700000000000000
204 3.700000000000000 7.500000000000000
205 3.700000000000000 3.100000000000000
206 3.800000000000000 2.500000000000000
207 3.800000000000000 7.500000000000000
208 3.800000000000000 1.900000000000000
209 3.800000000000000 8.800000000000001
210 3.900000000000000 5.000000000000000
211 3.900000000000000 9.100000000000000
212 3.900000000000000 7.900000000000000
213 3.900000000000000 3.400000000000000
214 3.900000000000000 6.400000000000000
215 3.900000000000000 5.000000000000000
216 3.900000000000000 1.600000000000000
217 3.900000000000000 9.100000000000000
218 3.900000000000000 5.700000000000000
219 3.900000000000000 7.000000000000000
220 4.000000000000000 5.300000000000000
221 4.000000000000000 1.800000000000000
222 4.000000000000000 5.800000000000000
223 4.000000000000000 3.600000000000000
224 4.000000000000000 2.100000000000000
225 4.000000000000000 6.100000000000000
226 4.000000000000000 7.200000000000000
227 4.000000000000000 5.000000000000000
228 4.000000000000000 3.400000000000000
229 4.000000000000000 2.100000000000000
230 4.000000000000000 3.000000000000000
231 4.000000000000000 2.900000000000000
232 4.000000000000000 3.800000000000000
233 4.100000000000000 7.800000000000000
234 4.100000000000000 6.000000000000000
235 4.100000000000000 6.300000000000000
236 4.100000000000000 4.900000000000000
237 4.100000000000000 3.200000000000000
238 4.100000000000000 7.800000000000000
239 4.100000000000000 7.500000000000000
240 4.200000000000000 6.300000000000000
241 4.200000000000000 6.900000000000000
242 4.200000000000000 3.100000000000000
243 4.200000000000000 6.300000000000000
244 4.200000000000000 8.300000000000001
245 4.200000000000000 4.200000000000000
246 4.200000000000000 2.400000000000000
247 4.200000000000000 6.600000000000000
248 4.200000000000000 2.300000000000000
249 4.200000000000000 6.900000000000000
250 4.200000000000000 8.300000000000001
251 4.200000000000000 5.200000000000000
252 4.200000000000000 7.600000000000000
253 4.200000000000000 7.200000000000000
254 4.300000000000000 7.600000000000000
255 4.300000000000000 4.200000000000000
256 4.300000000000000 3.100000000000000
257 4.300000000000000 5.200000000000000
258 4.300000000000000 6.000000000000000
259 4.400000000000000 7.500000000000000
260 4.400000000000000 4.000000000000000
261 4.400000000000000 3.000000000000000
262 4.400000000000000 6.000000000000000
263 4.400000000000000 3.300000000000000
264 4.400000000000000 7.200000000000000
265 4.400000000000000 3.100000000000000
266 4.400000000000000 3.600000000000000
267 4.500000000000000 3.200000000000000
268 4.500000000000000 9.100000000000000
269 4.500000000000000 4.300000000000000
270 4.500000000000000 6.800000000000000
271 4.500000000000000 6.300000000000000
272 4.500000000000000 7.400000000000000
273 4.500000000000000 2.400000000000000
274 4.500000000000000 5.300000000000000
275 4.500000000000000 2.300000000000000
276 4.600000000000000 2.100000000000000
277 4.600000000000000 1.600000000000000
278 4.600000000000000 1.600000000000000
279 4.600000000000000 8.300000000000001
280 4.700000000000000 1.900000000000000
281 4.700000000000000 9.000000000000000
282 4.700000000000000 1.700000000000000
283 4.700000000000000 4.400000000000000
284 4.700000000000000 8.699999999999999
285 4.700000000000000 8.000000000000000
286 4.700000000000000 6.900000000000000
287 4.700000000000000 6.700000000000000
288 4.700000000000000 4.900000000000000
289 4.800000000000000 8.300000000000001
290 4.800000000000000 8.300000000000001
291 4.800000000000000 8.100000000000000
292 4.800000000000000 7.900000000000000
293 4.800000000000000 2.100000000000000
294 4.900000000000000 4.900000000000000
295 4.900000000000000 6.400000000000000
296 4.900000000000000 8.699999999999999
297 4.900000000000000 2.200000000000000
298 4.900000000000000 6.300000000000000
299 5.000000000000000 8.400000000000000
300 5.000000000000000 3.600000000000000
301 5.000000000000000 6.000000000000000
302 5.000000000000000 4.300000000000000
303 5.000000000000000 2.000000000000000
304 5.000000000000000 4.100000000000000
305 5.000000000000000 7.900000000000000
306 5.000000000000000 3.700000000000000
307 5.100000000000000 6.500000000000000
308 5.100000000000000 6.600000000000000
309 5.100000000000000 8.800000000000001
310 5.100000000000000 6.900000000000000
311 5.100000000000000 2.900000000000000
312 5.200000000000000 8.199999999999999
313 5.200000000000000 4.700000000000000
314 5.200000000000000 5.400000000000000
315 5.200000000000000 3.600000000000000
316 5.200000000000000 1.800000000000000
317 5.200000000000000 4.600000000000000
318 5.200000000000000 7.800000000000000
319 5.200000000000000 7.900000000000000
320 5.300000000000000 2.800000000000000
321 5.300000000000000 8.900000000000000
322 5.300000000000000 7.400000000000000
323 5.300000000000000 4.600000000000000
324 5.300000000000000 3.200000000000000
325 5.300000000000000 7.400000000000000
326 5.300000000000000 7.300000000000000
327 5.300000000000000 8.500000000000000
328 5.300000000000000 3.100000000000000
329 5.300000000000000 7.100000000000000
330 5.400000000000000 4.600000000000000
331 5.400000000000000 5.300000000000000
332 5.400000000000000 7.700000000000000
333 5.400000000000000 4.600000000000000
334 5.400000000000000 6.300000000000000
335 5.400000000000000 2.700000000000000
336 5.400000000000000 6.300000000000000
337 5.400000000000000 2.400000000000000
338 5.500000000000000 4.300000000000000
339 5.500000000000000 3.500000000000000
340 5.500000000000000 4.300000000000000
341 5.500000000000000 7.500000000000000
342 5.500000000000000 6.300000000000000
343 5.500000000000000 5.700000000000000
344 5.500000000000000 5.600000000000000
345 5.500000000000000 4.200000000000000
346 5.600000000000000 1.700000000000000
347 5.600000000000000 5.300000000000000
348 5.600000000000000 3.400000000000000
349 5.600000000000000 8.199999999999999
350 5.600000000000000 2.700000000000000
351 5.600000000000000 6.500000000000000
352 5.700000000000000 5.800000000000000
353 5.700000000000000 6.200000000000000
354 5.700000000000000 6.800000000000000
355 5.700000000000000 1.800000000000000
356 5.700000000000000 5.200000000000000
357 5.700000000000000 5.200000000000000
358 5.700000000000000 2.600000000000000
359 5.700000000000000 5.800000000000000
360 5.800000000000000 2.300000000000000
361 5.800000000000000 4.800000000000000
362 5.800000000000000 7.100000000000000
363 5.800000000000000 5.000000000000000
364 5.800000000000000 4.400000000000000
365 5.800000000000000 3.500000000000000
366 5.800000000000000 8.300000000000001
367 5.800000000000000 2.900000000000000
368 5.800000000000000 5.100000000000000
369 5.800000000000000 7.100000000000000
370 5.800000000000000 7.600000000000000
371 5.900000000000000 5.200000000000000
372 6.000000000000000 6.100000000000000
373 6.000000000000000 5.600000000000000
374 6.000000000000000 3.100000000000000
375 6.100000000000000 2.100000000000000
376 6.100000000000000 2.000000000000000
377 6.100000000000000 3.800000000000000
378 6.100000000000000 3.800000000000000
379 6.200000000000000 4.700000000000000
380 6.200000000000000 1.200000000000000
381 6.200000000000000 1.500000000000000
382 6.200000000000000 1.500000000000000
383 6.200000000000000 1.300000000000000
384 6.200000000000000 6.100000000000000
385 6.200000000000000 1.000000000000000
386 6.300000000000000 2.200000000000000
387 6.300000000000000 5.300000000000000
388 6.300000000000000 7.500000000000000
389 6.300000000000000 1.000000000000000
390 6.300000000000000 7.100000000000000
391 6.300000000000000 6.500000000000000
392 6.300000000000000 3.200000000000000
393 6.400000000000000 3.800000000000000
394 6.400000000000000 3.800000000000000
395 6.400000000000000 3.500000000000000
396 6.400000000000000 1.900000000000000
397 6.400000000000000 6.600000000000000
398 6.500000000000000 7.400000000000000
399 6.500000000000000 5.000000000000000
400 6.500000000000000 4.900000000000000
401 6.500000000000000 2.100000000000000
402 6.500000000000000 5.000000000000000
403 6.600000000000000 7.200000000000000
404 6.600000000000000 5.100000000000000
405 6.600000000000000 5.100000000000000
406 6.600000000000000 2.300000000000000
407 6.600000000000000 3.300000000000000
408 6.600000000000000 4.800000000000000
409 6.600000000000000 3.000000000000000
410 6.600000000000000 7.500000000000000
411 6.700000000000000 7.400000000000000
412 6.700000000000000 1.400000000000000
413 6.700000000000000 4.300000000000000
414 6.800000000000000 1.800000000000000
415 6.800000000000000 5.300000000000000
416 6.800000000000000 2.300000000000000
417 6.800000000000000 1.100000000000000
418 6.800000000000000 3.900000000000000
419 6.800000000000000 1.800000000000000
420 6.800000000000000 3.400000000000000
421 6.800000000000000 1.400000000000000
422 6.800000000000000 4.600000000000000
423 6.800000000000000 3.000000000000000
424 6.800000000000000 4.800000000000000
425 6.800000000000000 7.300000000000000
426 6.800000000000000 1.300000000000000
427 6.800000000000000 6.400000000000000
428 6.800000000000000 2.000000000000000
429 6.900000000000000 5.900000000000000
430 6.900000000000000 5.000000000000000
431 6.900000000000000 3.700000000000000
432 6.900000000000000 1.000000000000000
433 6.900000000000000 2.600000000000000
434 6.900000000000000 0.900000000000000
435 6.900000000000000 5.200000000000000
436 7.000000000000000 4.200000000000000
437 7.000000000000000 3.700000000000000
438 7.000000000000000 6.300000000000000
439 7.000000000000000 8.100000000000000
440 7.100000000000000 7.900000000000000
441 7.100000000000000 1.500000000000000
442 7.100000000000000 4.500000000000000
443 7.100000000000000 1.400000000000000
444 7.100000000000000 5.800000000000000
445 7.200000000000000 2.400000000000000
446 7.200000000000000 6.300000000000000
447 7.200000000000000 4.800000000000000
448 7.200000000000000 2.900000000000000
449 7.200000000000000 3.600000000000000
450 7.200000000000000 3.800000000000000
451 7.200000000000000 4.900000000000000
452 7.300000000000000 4.400000000000000
453 7.300000000000000 2.900000000000000
454 7.300000000000000 7.100000000000000
455 7.300000000000000 4.000000000000000
456 7.300000000000000 6.100000000000000
457 7.300000000000000 1.000000000000000
458 7.300000000000000 1.300000000000000
459 7.400000000000000 1.400000000000000
460 7.400000000000000 5.700000000000000
461 7.400000000000000 2.200000000000000
462 7.400000000000000 1.900000000000000
463 7.400000000000000 4.400000000000000
464 7.400000000000000 5.200000000000000
465 7.400000000000000 4.000000000000000
466 7.400000000000000 4.500000000000000
467 7.500000000000000 2.900000000000000
468 7.500000000000000 1.400000000000000
469 7.500000000000000 1.100000000000000
470 7.500000000000000 5.600000000000000
471 7.500000000000000 6.900000000000000
472 7.500000000000000 6.800000000000000
473 7.500000000000000 5.100000000000000
474 7.500000000000000 4.900000000000000
475 7.500000000000000 4.500000000000000
476 7.500000000000000 3.900000000000000
477 7.600000000000000 5.600000000000000
478 7.600000000000000 2.200000000000000
479 7.600000000000000 1.300000000000000
480 7.600000000000000 1.400000000000000
481 7.600000000000000 4.900000000000000
482 7.600000000000000 6.300000000000000
483 7.600000000000000 1.000000000000000
484 7.600000000000000 2.800000000000000
485 7.600000000000000 1.500000000000000
486 7.600000000000000 0.800000000000000
487 7.600000000000000 4.100000000000000
488 7.600000000000000 3.900000000000000
489 7.600000000000000 1.700000000000000
490 7.700000000000000 1.000000000000000
491 7.700000000000000 7.800000000000000
492 7.700000000000000 3.100000000000000
493 7.700000000000000 7.600000000000000
494 7.700000000000000 2.800000000000000
495 7.700000000000000 5.300000000000000
496 7.700000000000000 7.400000000000000
497 7.700000000000000 2.100000000000000
498 7.700000000000000 2.300000000000000
499 7.800000000000000 7.100000000000000
500 7.800000000000000 2.800000000000000
501 7.800000000000000 5.400000000000000
502 7.800000000000000 7.300000000000000
503 7.800000000000000 5.200000000000000
504 7.800000000000000 3.600000000000000
505 7.800000000000000 3.600000000000000
506 7.800000000000000 8.100000000000000
507 7.900000000000000 3.400000000000000
508 7.900000000000000 4.700000000000000
509 7.900000000000000 3.900000000000000
510 7.900000000000000 0.600000000000000
511 7.900000000000000 1.500000000000000
512 7.900000000000000 6.200000000000000
513 7.900000000000000 1.000000000000000
514 8.000000000000000 1.200000000000000
515 8.000000000000000 6.600000000000000
516 8.000000000000000 2.200000000000000
517 8.000000000000000 1.200000000000000
518 8.000000000000000 5.100000000000000
519 8.000000000000000 4.700000000000000
520 8.000000000000000 2.100000000000000
521 8.100000000000000 3.100000000000000
522 8.100000000000000 6.600000000000000
523 8.100000000000000 6.400000000000000
524 8.100000000000000 1.100000000000000
525 8.100000000000000 1.500000000000000
526 8.300000000000001 1.300000000000000
527 8.400000000000000 0.500000000000000
528 8.400000000000000 1.100000000000000
529 8.400000000000000 1.400000000000000
