58
0 2.479000000000000 2.941000000000000
1 3.923000000000000 3.965000000000000
2 3.227911830338006 3.472084289657976
3 3.162000000000000 9.446999999999999
4 8.138000000000000 4.124000000000000
5 5.114513522977449 7.358328480142893
6 4.627413533139592 7.879396254641871
7 6.660348071252644 5.704695582138701
8 4.406046807504783 8.116199928386663
9 6.638492101634792 5.728075671824357
10 9.705000000000000 2.438000000000000
11 5.115591347480782 7.354271625478709
12 8.778508310649862 3.430477495132985
13 4.625583468459982 7.879178430316978
14 6.658288004600983 5.701702334670902
15 4.405554582104693 8.114878027514626
16 6.636420222388351 5.725127565532638
17 8.565945155804473 3.658179642819266
18 5.164000000000000 3.630000000000000
19 0.463000000000000 6.591000000000000
20 3.196913819711006 4.869000676416871
21 3.183704425332527 4.877320824631012
22 3.111000000000000 5.370000000000000
23 3.318105939930900 5.194469393336695
24 3.432284426439416 5.097698537747402
25 3.169772239977569 5.320188164850965
26 4.702000000000000 8.911000000000000
27 6.443000000000000 2.358000000000000
28 6.211065518987293 3.230984867361440
29 4.965388643835809 7.919623904045920
30 5.862025954025625 4.544744930080459
31 6.056417037502044 3.813070737075878
32 5.846894191528039 4.601699806385272
33 6.034900252610521 3.894058382908244
34 5.612013971861463 3.184438020165925
35 5.204644049171851 3.589578396757941
36 9.994999999999999 3.525000000000000
37 5.308769780444680 3.160875672136734
38 4.887041922669050 3.128107036034955
39 7.363345623865995 3.320518074020455
40 3.242752323468469 3.000344246528151
41 5.040358184785672 3.350873378562249
42 3.134078197013697 4.700251838133950
43 3.190531993573795 4.660290480134135
44 8.472000000000000 8.337000000000000
45 3.095000000000000 7.697000000000000
46 4.303514795340109 7.840844052262910
47 3.984000000000000 1.816000000000000
48 5.519982771434705 4.047761063396996
49 5.601638198983951 4.166405235199274
50 3.305765049659795 5.161327191394049
51 3.852608955146498 6.629909339732160
52 3.184974836272432 4.836937819409094
53 5.778000000000000 3.918000000000000
54 5.473887405338496 4.070943173194770
55 3.172664028230451 5.228265861249295
56 5.571152933450002 4.209343669210750
57 3.269000000000000 2.166000000000000
104
0 2
2 1
3 8
8 6
6 5
5 9
9 7
7 4
3 15
15 13
13 11
11 16
16 14
14 17
17 12
12 10
19 21
21 20
20 18
22 25
25 23
23 24
24 18
26 29
29 5
5 11
11 32
32 30
30 33
33 31
31 28
28 27
18 35
35 34
34 27
0 40
40 38
38 37
37 34
34 28
28 39
39 12
12 36
19 42
42 43
43 41
41 37
37 27
45 46
46 13
13 6
6 29
29 44
47 38
38 41
41 35
35 48
48 49
49 30
30 14
14 7
7 44
4 44
0 42
42 52
52 20
20 50
50 23
23 51
51 46
46 15
15 8
8 26
19 55
55 50
50 24
24 54
54 48
48 53
45 51
51 56
56 49
49 53
3 26
53 31
31 39
39 10
18 54
54 56
56 32
32 16
16 9
9 44
45 25
25 55
55 21
21 52
52 43
43 2
2 40
40 57
53 33
33 17
17 36
33
0 2.400000000000000 5.600000000000000
1 2.600000000000000 5.300000000000000
2 3.300000000000000 3.700000000000000
3 3.300000000000000 9.000000000000000
4 3.700000000000000 7.500000000000000
5 3.900000000000000 3.200000000000000
6 3.900000000000000 5.900000000000000
7 4.400000000000000 7.100000000000000
8 4.400000000000000 8.300000000000001
9 4.500000000000000 4.400000000000000
10 4.800000000000000 6.000000000000000
11 4.800000000000000 8.300000000000001
12 5.000000000000000 5.300000000000000
13 5.100000000000000 7.100000000000000
14 5.100000000000000 4.700000000000000
15 5.300000000000000 7.800000000000000
16 5.600000000000000 4.500000000000000
17 5.600000000000000 3.700000000000000
18 5.600000000000000 4.900000000000000
19 6.200000000000000 7.100000000000000
20 6.300000000000000 7.000000000000000
21 6.300000000000000 6.300000000000000
22 6.400000000000000 4.600000000000000
23 6.600000000000000 4.200000000000000
24 6.800000000000000 4.300000000000000
25 7.100000000000000 4.100000000000000
26 7.500000000000000 6.900000000000000
27 8.000000000000000 8.100000000000000
28 8.100000000000000 5.900000000000000
29 8.300000000000001 3.700000000000000
30 8.400000000000000 6.100000000000000
31 8.900000000000000 3.400000000000000
32 9.699999999999999 3.000000000000000
