32
0 7.376000000000000 8.816000000000001
1 6.868000000000000 5.339000000000000
2 7.005007618713512 6.276747028084406
3 7.185598625059060 7.512800038051870
4 6.750000000000000 9.276000000000000
5 4.718000000000000 4.555000000000000
6 6.089929067472613 7.742439531268801
7 5.167753003893842 5.599923194578162
8 6.480580378266295 8.650050180017312
9 9.522000000000000 3.744000000000000
10 3.946000000000000 0.817000000000000
11 4.312000000000000 2.025000000000000
12 6.167000000000000 7.120000000000000
13 5.852000000000000 9.664000000000000
14 6.008555018703379 8.399631848947951
15 4.563000000000000 2.008000000000000
16 5.093052637643694 5.156241267494273
17 5.547342612792908 7.854491112135376
18 2.902000000000000 3.088000000000000
19 3.234000000000000 7.048000000000000
20 6.259793347759642 7.026625829497303
21 6.875300283713217 8.013335782130179
22 5.473595377706800 5.766283635970157
23 3.847000000000000 2.480000000000000
24 8.404000000000000 3.953000000000000
25 3.233000000000000 5.119000000000000
26 6.370563464140281 8.827516155937204
27 7.536435947165719 4.735841000799684
28 2.647000000000000 2.145000000000000
29 5.302000000000000 5.852000000000000
30 1.474000000000000 7.676000000000000
31 4.726000000000000 3.667000000000000
44
1 2
2 3
3 0
5 7
7 6
6 8
8 4
10 9
10 11
13 14
14 6
6 12
15 16
16 7
7 17
17 13
18 19
5 16
16 22
22 20
20 21
21 0
23 11
10 24
12 20
20 2
2 9
25 17
17 14
14 26
26 4
13 26
26 8
8 21
21 3
3 9
1 27
27 24
28 18
29 22
22 27
27 9
30 18
28 31
25
0 4.800000000000000 2.100000000000000
1 4.800000000000000 4.100000000000000
2 5.000000000000000 3.000000000000000
3 5.100000000000000 5.000000000000000
4 5.400000000000000 3.700000000000000
5 5.500000000000000 2.800000000000000
6 5.600000000000000 7.900000000000000
7 5.600000000000000 3.200000000000000
8 5.700000000000000 8.300000000000001
9 5.700000000000000 3.000000000000000
10 6.100000000000000 5.300000000000000
11 6.300000000000000 3.400000000000000
12 6.300000000000000 7.900000000000000
13 6.400000000000000 3.900000000000000
14 6.400000000000000 5.000000000000000
15 6.400000000000000 5.100000000000000
16 6.600000000000000 8.199999999999999
17 6.700000000000000 5.900000000000000
18 6.800000000000000 4.300000000000000
19 7.200000000000000 4.200000000000000
20 7.200000000000000 5.600000000000000
21 8.400000000000000 3.400000000000000
22 8.500000000000000 5.100000000000000
23 8.600000000000000 3.500000000000000
24 9.100000000000000 4.100000000000000
