389
0 5.700000000000000 6.370000000000000
1 6.920000000000000 6.510000000000000
2 6.159236158411988 6.422699231293179
3 6.306620189965903 6.439612152946907
4 5.746726062467999 6.375362007168459
5 6.507509966549054 6.462665078128579
6 5.310000000000000 3.600000000000000
7 6.360000000000000 7.090000000000000
8 6.235772094390223 6.677090104211311
9 5.848788695566521 5.390830997644910
10 5.522489988329252 4.306276246922944
11 5.472880792014931 4.141384727744867
12 5.990180713808775 5.860791134469166
13 5.720072017444032 4.963001277028260
14 5.809770465702534 5.261141833620805
15 5.714789931054295 4.945444627980465
16 5.752752562225476 5.071625183016105
17 5.837475315483878 5.353227477179745
18 5.537412972074556 4.355877402419238
19 6.348889939579746 7.053072275365060
20 6.309470569626143 6.922049798090701
21 5.768668792347548 5.124527700278996
22 8.010000000000000 0.730000000000000
23 5.680000000000000 8.539999999999999
24 7.254323794417178 3.262974749185339
25 7.843133347631953 1.289325560083452
26 6.454492551415981 5.943954151691495
27 7.789274087625480 1.469858101135192
28 6.917629963621625 4.391549349405624
29 5.768878529362944 8.242085272822061
30 6.413033341039814 6.082922577888004
31 5.860863972324042 7.933756384613403
32 7.863610791744638 1.220686573594152
33 6.655854788958073 5.269001758900192
34 6.511419353734510 5.753139419456424
35 7.347137423642859 2.951869837488954
36 6.727220122846465 5.029790060330091
37 6.104684596017791 7.116486397039075
38 5.714007909265138 8.426007823450327
39 6.170331811784679 6.896441437751781
40 6.772037376307281 4.879565704309071
41 6.099729981014993 7.133093926297382
42 5.400000000000000 9.720000000000001
43 6.220000000000000 1.810000000000000
44 5.990444765096281 4.024368180595637
45 6.125315601092432 2.723358043120556
46 6.121316141023406 2.761938200615672
47 5.969401423301266 4.227359441081696
48 5.603520577866594 7.756771011067368
49 5.809887998543070 5.766080404297941
50 5.629114526262465 7.509883045443784
51 5.908575362779366 4.814108390750256
52 6.199179595245867 2.010840733664867
53 5.869421784597693 5.191797175405182
54 5.888759508532648 5.005258887203360
55 5.870879153190238 5.177738900323434
56 6.114796961842496 2.824824429055927
57 5.853282600150338 5.347481259525401
58 5.949074821087105 4.423436786830488
59 5.657868377302181 7.232513579926525
60 5.550871553070124 8.264641481969905
61 5.701650011796671 6.810180983766259
62 6.008816933501230 3.847143970738141
63 5.695232027009135 6.872091056533828
64 9.550000000000001 1.880000000000000
65 2.130000000000000 6.350000000000000
66 6.242755985593194 3.872369372560434
67 9.348305435344711 2.001506024799077
68 5.724018421721677 4.184870303895432
69 4.614276543609362 4.853407526963093
70 4.848907345649341 4.712059860505047
71 4.361915257314011 5.005436495930777
72 4.285121554752052 5.051699009468777
73 8.178748134055319 2.706077606573144
74 4.762368245928798 4.764193253463379
75 5.150336078174706 4.530471392258633
76 5.460977074508808 4.343333217917200
77 8.210662550458144 2.686851536314299
78 3.053056112331848 5.793927112921379
79 5.973589862059322 4.034522010322753
80 6.657935817666868 3.622254298521443
81 3.555352474745646 5.491330786777218
82 3.762136365871335 5.366758820020907
83 8.539999999999999 1.510000000000000
84 5.540000000000000 0.560000000000000
85 7.970329103032911 1.329604215960422
86 7.768685470995210 1.265750399148483
87 5.750495011511896 0.626656753645434
88 6.404889793962626 0.833881768088165
89 6.080000000000000 2.280000000000000
90 6.820000000000000 9.520000000000000
91 6.128676136568482 2.756236795615965
92 6.284618238920115 4.281940607813013
93 6.471854780600462 6.113822448036951
94 6.306856845527832 4.499518326515540
95 6.771505893633553 9.045544148522872
96 6.643194984043292 7.790177951991119
97 6.323644331965063 4.663763464090614
98 6.375659111234069 5.172664818019802
99 6.427262463267516 5.677540856833532
100 6.135908933916648 2.827000921022335
101 6.374173363207070 5.158128580566459
102 6.562194061641213 6.997682440922132
103 6.559160736493022 6.968005043526322
104 6.158694029850746 3.049925373134328
105 6.609665259523004 7.462130376954788
106 9.570000000000000 0.870000000000000
107 8.029999999999999 8.730000000000000
108 8.815635641091710 4.720197312350108
109 8.315541481950602 7.272625942771604
110 8.349344527998831 7.100098707746222
111 8.116630401332344 8.287847432160895
112 8.578585709234675 5.930075535984057
113 8.910476563707814 4.236139096919863
114 8.466287030126146 6.503236326758754
115 8.116753989045010 8.287216653315726
116 8.091121522453795 8.418042099683873
117 8.326102961088440 7.218721250548608
118 5.530000000000000 3.220000000000000
119 9.080000000000000 0.470000000000000
120 8.502406544036621 0.917431550394168
121 6.048904880066170 2.818031430934657
122 6.228435872073854 2.678958127266733
123 6.549743471970237 2.430057873825874
124 1.480000000000000 3.450000000000000
125 8.930000000000000 4.740000000000000
126 4.302631604352220 3.938750975787163
127 4.789563290459387 4.023065321435250
128 2.499818935192179 3.626586097503075
129 3.105309161739834 3.731429371630119
130 2.668631339640235 3.655816701763209
131 3.611164107388864 3.819020362219012
132 6.528790278293524 4.324220061610557
133 7.632308170460467 4.515298998643491
134 6.604454494064443 4.337321650650085
135 4.719086792405164 4.010862008349351
136 4.536757859070088 3.979290958147707
137 7.977912775755508 4.575141943721424
138 8.178416979673113 4.609860121312526
139 5.938347329613702 4.221982289288816
140 6.724718297289000 4.358145852819169
141 2.574590196068317 3.639533067507132
142 4.079731966636806 3.900154931135769
143 9.960000000000001 7.310000000000000
144 8.199999999999999 7.270000000000000
145 8.694149971379506 7.281230681167716
146 8.438598629093679 7.275422696115765
147 3.240000000000000 0.820000000000000
148 6.160000000000000 9.390000000000001
149 4.944578842074978 5.822822149514575
150 4.732386075380049 5.200050913016101
151 3.560274227815003 1.759982922046086
152 5.337949137585239 6.977337023666268
153 4.878190552911527 5.627977067962941
154 4.001263366293553 3.054255838745119
155 5.052965021522002 6.140928162480672
156 4.798569774656356 5.394295537261977
157 4.219269815031208 3.694089833841594
158 3.843301873854555 2.590649677716965
159 4.900615273095905 5.693792085764350
160 3.516007067137809 1.630061837455830
161 4.380038999429343 4.165936378462146
162 5.443831245742398 7.288093758908341
163 5.891296097671207 8.601372451041861
164 5.252851043679495 6.727579946689477
165 5.391044412468331 7.133168018785477
166 5.191298411557776 6.546927187345940
167 4.161238415128997 3.523771649882021
168 3.310000000000000 6.370000000000000
169 4.970000000000000 9.730000000000000
170 3.486491762192036 6.727236337930869
171 3.873963797911054 7.511517084928399
172 3.954634135096686 7.674801622846304
173 3.473303370267241 6.700541761504777
174 4.580000000000000 1.590000000000000
175 5.170000000000000 8.440000000000000
176 4.898452575653470 5.287288378349608
177 4.610712202639305 1.946573878100403
178 4.989055648332705 6.339205408608523
179 4.924636717067066 5.591290698151529
180 4.678429673398193 2.732785191148511
181 4.979348781661055 6.226507041319024
182 4.806677215189874 4.221760888221412
183 4.673559638599954 2.676243261711336
184 4.932467987954963 5.682213080494062
185 4.807917179703195 4.236157086384551
186 5.078945819376529 7.382845530049540
187 5.118018393683700 7.836484740226011
188 5.018796560040042 6.684502434363198
189 5.162258174459474 8.350116093300672
190 4.996098505619578 6.420974175413749
191 9.320000000000000 7.610000000000000
192 1.420000000000000 3.460000000000000
193 2.194896712682491 3.867065994637005
194 2.671902951155494 4.117645221176621
195 2.415713868380519 3.983064880225209
196 4.218692491510503 4.930199220223872
197 5.145326074198470 5.416975089610589
198 7.056711170264387 6.421057133746482
199 5.510640292490860 5.608880659979375
200 4.789122120772995 5.229855291292143
201 7.534150129421915 6.671863675582399
202 5.356682241243972 5.528003962172466
203 2.029500402591927 3.780180591234999
204 7.627686996084432 6.721000130854479
205 8.138517037901320 6.989347557884871
206 5.662602705006798 5.688709015921292
207 6.904680693126725 6.341193022338723
208 2.484935018131855 4.019427889271798
209 3.893650308431507 4.759449212657057
210 0.660000000000000 3.140000000000000
211 1.050000000000000 4.770000000000000
212 2.990000000000000 3.240000000000000
213 1.353503893586444 4.530638681862238
214 2.257599531200057 3.817614802713357
215 1.588525536499814 4.345286561420250
216 2.595443721024498 3.551170673625009
217 0.070000000000000 1.140000000000000
218 4.630000000000000 1.950000000000000
219 4.600380951397992 1.944738721629906
220 3.343198961673538 1.721423499770957
221 3.039975500719825 1.667561437627864
222 4.506781167259413 1.928112444184238
223 3.870000000000000 3.050000000000000
224 0.380000000000000 6.160000000000000
225 1.514778299709469 5.148779222895000
226 3.413244678528545 3.457022650365681
227 3.710124212801372 3.192468108363248
228 1.221109885538524 5.410472279649052
229 3.685393529826847 3.214506052217337
230 2.891795522334850 3.921695107604188
231 1.980903313988415 4.733407075500295
232 2.405791497946328 4.354781788363014
233 2.148826403830025 4.583767875097027
234 6.420000000000000 1.660000000000000
235 5.669680851063830 0.722101063829787
236 0.370000000000000 6.630000000000000
237 1.199007935433199 5.557352327817350
238 2.511393342613119 3.859265865855545
239 1.898669300836505 4.652065293955820
240 2.527718191608607 3.838143255895734
241 2.890000000000000 2.500000000000000
242 6.750000000000000 9.560000000000000
243 4.684041321148321 5.781329463032939
244 6.540017820180669 9.175939329138737
245 6.336873501681505 8.804385212920060
246 4.947610903028860 6.263402325228951
247 4.836865442187880 6.060847155918765
248 4.680023569764954 5.773980933300667
249 3.743744330795527 4.061511651662286
250 5.499893495449014 7.273535771468921
251 6.619930944465516 9.322101675628637
252 5.195639336025817 6.717050184544629
253 5.399258956524421 7.089473635508398
254 5.054291914758348 6.458523553936253
255 3.959381200536484 4.455914838286937
256 6.800000000000000 4.110000000000000
257 1.470000000000000 8.320000000000000
258 4.814869143798299 5.677992665029861
259 5.733956391738008 4.952034444799810
260 5.673117842073538 5.000088908981314
261 4.704702791044173 5.765009615329086
262 3.770117952414735 6.503208896873165
263 3.819942089277062 6.463854372259581
264 5.812806377409375 4.889753311652257
265 6.708740517138659 4.182083006162523
266 4.378638735616653 6.022557396445382
267 3.463608488798980 6.745311118603432
268 3.898694581280788 6.401650246305419
269 8.116744489573289 8.287783167265680
270 6.496785090273734 9.200291942820492
271 7.995282328847280 8.356201726155646
272 9.217240686719910 7.667883410645115
273 7.334222448420715 5.502238280018808
274 7.099018035394037 6.280982302981085
275 7.569379604512375 4.723650721194321
276 6.909816773368358 6.907413372208966
277 8.212197206021973 2.595330259053299
278 6.281588373531231 8.987430090997437
279 6.874014042954920 7.025953504838329
280 6.720646667576435 7.533741285503231
281 7.015334630108272 6.558051728885217
282 9.150000000000000 0.610000000000000
283 3.610000000000000 3.240000000000000
284 4.646527051325077 2.747930298739178
285 3.677893669645046 3.207768889681142
286 4.775414318379440 2.686743744162829
287 6.369217688423088 1.930118678600592
288 6.498791488230782 1.868606206850730
289 4.292893447922766 2.915810511184679
290 2.000000000000000 9.690000000000000
291 4.854707883772129 6.371402085114900
292 5.997672727272727 5.042705454545454
293 5.876878790994141 5.183128405469311
294 5.681911879439904 5.409777440151111
295 3.669901301574680 7.748739736919434
296 4.294844992593682 7.022242696109844
297 4.644615296998690 6.615634717239023
298 5.724307377311408 5.360492673875488
299 6.711532086194648 4.212843949798722
300 4.877753312473443 6.344611774249623
301 3.103804235120625 8.406827576672272
302 4.950000000000000 8.029999999999999
303 4.727096434022478 4.150273067850701
304 4.642222776901027 2.673012657412477
305 4.817512500573879 5.724001361339941
306 4.731308428205383 4.223584534169374
307 4.915260820567674 7.425350498529243
308 4.928088141164002 7.648615213773432
309 4.871135160116308 6.657325489591959
310 4.852222202202653 6.328137789689420
311 0.690000000000000 8.940000000000000
312 1.480000000000000 3.690000000000000
313 1.408230696352440 4.166947903986951
314 1.041802374587578 6.602072827107868
315 5.790000000000000 0.580000000000000
316 9.480000000000000 6.240000000000000
317 5.030000000000000 4.710000000000000
318 5.548728534139304 4.888349361175985
319 6.354344905795681 5.165336563116268
320 8.158699979223645 5.785710329935321
321 5.797021132884727 4.973717378272726
322 6.812258965546555 5.322776678041850
323 6.000331400165700 5.294026512013255
324 4.826008284501920 4.239126086077996
325 7.597558519872088 6.728823755139334
326 8.134793188586555 7.211424389747245
327 5.774877907313961 5.091500493010846
328 6.881482721973528 6.085569224823677
329 4.139812509785502 3.622712932519180
330 7.908732882648637 7.008353267464030
331 7.620000000000000 2.980000000000000
332 3.740000000000000 2.580000000000000
333 6.199373786407767 2.833543689320388
334 6.590014710956939 2.873815949583189
335 4.351952013352806 2.643087836428125
336 1.720000000000000 6.850000000000000
337 9.340000000000000 4.080000000000000
338 8.180232395712778 4.501595310219896
339 3.475543083711261 6.211830138860867
340 5.717472067432571 5.396850705145903
341 6.783803649424651 5.009220983083165
342 1.826015032413282 6.811461727062363
343 4.240829178597904 5.933635587307585
344 3.587986270067844 6.170955122298172
345 4.716467349747667 0.995392261813733
346 2.982225177471015 1.912266197156718
347 6.050000000000000 4.440000000000000
348 5.901928507747824 4.415699426873275
349 2.522310427638508 3.861057510006320
350 4.034458175459050 4.109221801224133
351 8.145270486727016 6.586596427916081
352 4.746641129054127 7.469136885339253
353 6.627818379535334 6.980641419546380
354 5.357714228713631 7.310456230246648
355 6.082799398832349 7.122169444497967
356 3.221075393791658 7.865288786630881
357 7.436911191821184 6.770539915232452
358 4.720000000000000 0.980000000000000
359 8.109999999999999 8.690000000000000
360 8.220000000000001 2.130000000000000
361 8.134014618956162 7.257855451341625
362 8.114309382490342 8.433004098757735
363 8.136275211351737 7.123041941205512
364 1.290000000000000 4.050000000000000
365 3.709846495156468 6.443591379476651
366 5.236742844247647 7.953921041235919
367 2.482205330223084 5.229270010184497
368 2.252933387285000 5.002485647097459
369 3.560859709451853 6.296221086926154
370 3.654153743815741 6.388502889452459
371 5.460123102466794 6.765728178368121
372 5.558434585516292 6.783822316352691
373 3.535880050453676 6.411573015420922
374 5.010000000000000 9.160000000000000
375 5.467725121316898 6.725291907888836
376 3.090000000000000 4.650000000000000
377 0.320000000000000 7.290000000000000
378 2.117346760070053 5.577005253940455
379 2.751481144991451 4.972631688528003
380 6.400000000000000 0.780000000000000
381 2.324933335919092 4.697401118986900
382 9.210000000000001 9.140000000000001
383 2.050000000000000 4.520000000000000
384 3.713115777659838 5.593127778322409
385 3.010000000000000 8.840000000000000
386 3.542179592435127 6.382482773786835
387 4.240000000000000 6.420000000000000
388 9.400000000000000 7.760000000000000
688
0 4
4 2
2 3
3 5
5 1
6 11
11 10
10 18
18 15
15 13
13 16
16 21
21 14
14 17
17 9
9 12
12 2
2 8
8 20
20 19
19 7
23 38
38 29
29 31
31 41
41 37
37 39
39 8
8 3
3 30
30 26
26 34
34 33
33 36
36 40
40 28
28 24
24 35
35 27
27 25
25 32
32 22
42 60
60 48
48 50
50 59
59 63
63 61
61 4
4 49
49 9
9 57
57 53
53 55
55 54
54 51
51 58
58 47
47 44
44 62
62 56
56 46
46 45
45 52
52 43
65 78
78 81
81 82
82 72
72 71
71 69
69 74
74 70
70 75
75 76
76 10
10 68
68 79
79 44
44 66
66 80
80 24
24 73
73 77
77 67
67 64
84 87
87 88
88 86
86 25
25 85
85 83
89 45
45 91
91 100
100 104
104 66
66 92
92 94
94 97
97 101
101 98
98 99
99 26
26 93
93 5
5 103
103 102
102 105
105 96
96 95
95 90
107 116
116 111
111 115
115 109
109 117
117 110
110 114
114 112
112 108
108 113
113 67
67 106
118 121
121 46
46 91
91 122
122 123
123 27
27 85
85 120
120 119
124 128
128 141
141 130
130 129
129 131
131 142
142 126
126 136
136 135
135 127
127 11
11 68
68 139
139 47
47 92
92 132
132 134
134 140
140 28
28 133
133 137
137 138
138 108
108 125
144 109
109 146
146 145
145 143
147 160
160 151
151 158
158 154
154 167
167 157
157 126
126 161
161 69
69 150
150 156
156 153
153 159
159 149
149 155
155 166
166 164
164 152
152 165
165 162
162 48
48 29
29 163
163 148
168 173
173 170
170 171
171 172
172 169
174 177
177 183
183 180
180 127
127 182
182 185
185 70
70 176
176 179
179 184
184 149
149 181
181 178
178 190
190 188
188 186
186 187
187 189
189 175
192 203
203 193
193 195
195 208
208 194
194 209
209 196
196 71
71 150
150 200
200 176
176 197
197 202
202 199
199 206
206 49
49 12
12 30
30 93
93 207
207 198
198 201
201 204
204 205
205 110
110 145
145 191
210 211
211 213
213 215
215 193
193 214
214 128
128 216
216 212
217 221
221 220
220 151
151 222
222 219
219 177
177 218
224 228
228 225
225 231
231 233
233 232
232 194
194 230
230 129
129 226
226 229
229 227
227 223
84 235
235 234
236 237
237 225
225 239
239 195
195 238
238 240
240 130
130 212
241 226
226 131
131 249
249 255
255 196
196 72
72 248
248 243
243 247
247 246
246 178
178 254
254 252
252 152
152 253
253 250
250 50
50 31
31 245
245 244
244 251
251 242
257 267
267 170
170 262
262 263
263 268
268 266
266 243
243 261
261 258
258 153
153 179
179 197
197 260
260 13
13 259
259 264
264 51
51 94
94 132
132 265
265 256
84 119
148 270
270 244
244 95
95 271
271 111
111 269
269 272
272 191
148 278
278 245
245 96
96 280
280 279
279 276
276 281
281 198
198 274
274 273
273 275
275 133
133 73
73 277
277 83
283 285
285 227
227 154
154 289
289 284
284 180
180 286
286 52
52 287
287 288
288 86
86 32
32 120
120 282
290 301
301 295
295 171
171 296
296 297
297 291
291 300
300 246
246 181
181 155
155 199
199 294
294 298
298 14
14 53
53 293
293 292
292 97
97 134
134 299
299 256
174 219
219 304
304 284
284 135
135 303
303 306
306 74
74 200
200 156
156 258
258 305
305 247
247 310
310 291
291 309
309 307
307 308
308 302
311 314
314 237
237 228
228 213
213 313
313 312
218 235
235 87
87 315
317 318
318 15
15 259
259 321
321 54
54 292
292 319
319 98
98 33
33 322
322 273
273 320
320 112
112 316
241 285
285 229
229 329
329 157
157 136
136 303
303 182
182 324
324 75
75 318
318 260
260 16
16 327
327 55
55 293
293 323
323 99
99 34
34 328
328 274
274 201
201 325
325 330
330 326
326 144
332 158
158 335
335 304
304 183
183 286
286 121
121 56
56 100
100 333
333 334
334 35
35 331
336 342
342 339
339 344
344 343
343 248
248 261
261 305
305 159
159 184
184 202
202 294
294 340
340 17
17 57
57 323
323 319
319 101
101 36
36 341
341 275
275 137
137 338
338 113
113 337
210 346
346 220
220 160
160 345
345 84
312 203
203 214
214 238
238 349
349 230
230 249
249 350
350 161
161 306
306 185
185 324
324 76
76 18
18 348
348 58
58 347
257 356
356 295
295 172
172 352
352 307
307 186
186 354
354 162
162 250
250 59
59 355
355 37
37 19
19 102
102 353
353 276
276 357
357 325
325 204
204 351
351 114
114 316
174 345
345 358
359 362
362 269
269 115
115 361
361 326
326 363
363 205
205 351
351 320
320 138
138 338
338 77
77 277
277 360
364 313
313 215
215 239
239 231
231 368
368 367
367 78
78 339
339 369
369 370
370 365
365 262
262 296
296 352
352 308
308 187
187 366
366 60
60 38
38 163
163 278
278 270
270 251
251 90
168 373
373 365
365 263
263 297
297 309
309 188
188 252
252 164
164 371
371 372
372 61
61 39
39 20
20 103
103 353
353 279
279 361
361 144
374 189
189 366
366 354
354 165
165 253
253 371
371 375
375 206
206 340
340 298
298 21
21 327
327 321
321 264
264 348
348 139
139 79
79 62
62 104
104 333
333 122
122 287
287 234
377 314
314 378
378 367
367 379
379 376
380 88
88 288
288 123
123 334
334 80
80 265
265 299
299 140
140 40
40 341
341 322
322 328
328 207
207 1
257 342
342 378
378 368
368 381
381 232
232 208
208 349
349 240
240 141
141 216
216 346
346 221
221 147
383 233
233 381
381 379
379 81
81 384
384 343
343 266
266 310
310 300
300 190
190 254
254 166
166 375
375 372
372 63
63 355
355 41
41 105
105 280
280 271
271 116
116 362
362 382
385 301
301 356
356 267
267 173
173 373
373 386
386 369
369 344
344 384
384 82
82 209
209 255
255 350
350 142
142 329
329 167
167 289
289 335
335 222
222 174
168 386
386 370
370 268
268 387
1 281
281 357
357 330
330 363
363 117
117 146
146 272
272 388
560
0 0.900000000000000 4.100000000000000
1 1.000000000000000 4.200000000000000
2 1.100000000000000 6.300000000000000
3 1.100000000000000 4.100000000000000
4 1.100000000000000 4.200000000000000
5 1.200000000000000 3.300000000000000
6 1.200000000000000 3.100000000000000
7 1.200000000000000 5.000000000000000
8 1.200000000000000 4.200000000000000
9 1.300000000000000 5.400000000000000
10 1.300000000000000 5.800000000000000
11 1.300000000000000 4.500000000000000
12 1.400000000000000 3.200000000000000
13 1.400000000000000 3.400000000000000
14 1.400000000000000 3.400000000000000
15 1.400000000000000 5.600000000000000
16 1.500000000000000 3.500000000000000
17 1.500000000000000 8.100000000000000
18 1.500000000000000 6.000000000000000
19 1.500000000000000 2.900000000000000
20 1.600000000000000 3.700000000000000
21 1.600000000000000 4.400000000000000
22 1.600000000000000 6.800000000000000
23 1.700000000000000 6.300000000000000
24 1.700000000000000 4.900000000000000
25 1.700000000000000 2.900000000000000
26 1.700000000000000 6.600000000000000
27 1.700000000000000 4.000000000000000
28 1.800000000000000 7.500000000000000
29 1.800000000000000 3.700000000000000
30 1.800000000000000 2.700000000000000
31 1.800000000000000 5.900000000000000
32 1.800000000000000 3.100000000000000
33 1.900000000000000 7.200000000000000
34 1.900000000000000 5.800000000000000
35 1.900000000000000 4.600000000000000
36 1.900000000000000 3.500000000000000
37 1.900000000000000 6.400000000000000
38 1.900000000000000 3.500000000000000
39 2.000000000000000 6.200000000000000
40 2.000000000000000 3.600000000000000
41 2.000000000000000 8.000000000000000
42 2.000000000000000 3.400000000000000
43 2.000000000000000 2.500000000000000
44 2.000000000000000 6.200000000000000
45 2.000000000000000 5.000000000000000
46 2.000000000000000 7.900000000000000
47 2.000000000000000 2.700000000000000
48 2.100000000000000 6.900000000000000
49 2.100000000000000 5.400000000000000
50 2.100000000000000 7.700000000000000
51 2.200000000000000 7.300000000000000
52 2.200000000000000 7.100000000000000
53 2.200000000000000 6.700000000000000
54 2.200000000000000 5.400000000000000
55 2.200000000000000 3.200000000000000
56 2.200000000000000 4.000000000000000
57 2.300000000000000 4.100000000000000
58 2.300000000000000 3.500000000000000
59 2.300000000000000 7.000000000000000
60 2.300000000000000 5.200000000000000
61 2.300000000000000 4.700000000000000
62 2.300000000000000 3.800000000000000
63 2.300000000000000 3.400000000000000
64 2.300000000000000 3.700000000000000
65 2.300000000000000 4.500000000000000
66 2.400000000000000 6.600000000000000
67 2.400000000000000 4.700000000000000
68 2.400000000000000 7.500000000000000
69 2.400000000000000 7.000000000000000
70 2.500000000000000 4.300000000000000
71 2.500000000000000 3.100000000000000
72 2.500000000000000 7.300000000000000
73 2.500000000000000 7.900000000000000
74 2.500000000000000 5.100000000000000
75 2.500000000000000 2.700000000000000
76 2.500000000000000 7.000000000000000
77 2.500000000000000 8.000000000000000
78 2.600000000000000 7.100000000000000
79 2.600000000000000 5.700000000000000
80 2.600000000000000 3.400000000000000
81 2.600000000000000 7.700000000000000
82 2.600000000000000 7.500000000000000
83 2.600000000000000 5.800000000000000
84 2.600000000000000 5.400000000000000
85 2.700000000000000 2.900000000000000
86 2.700000000000000 6.100000000000000
87 2.700000000000000 4.900000000000000
88 2.700000000000000 5.100000000000000
89 2.700000000000000 2.500000000000000
90 2.700000000000000 3.500000000000000
91 2.700000000000000 4.100000000000000
92 2.800000000000000 3.300000000000000
93 2.800000000000000 6.400000000000000
94 2.800000000000000 2.500000000000000
95 2.800000000000000 3.100000000000000
96 2.800000000000000 5.200000000000000
97 2.800000000000000 7.700000000000000
98 2.800000000000000 2.200000000000000
99 2.900000000000000 2.000000000000000
100 2.900000000000000 2.800000000000000
101 2.900000000000000 4.800000000000000
102 2.900000000000000 4.400000000000000
103 2.900000000000000 4.600000000000000
104 3.000000000000000 3.200000000000000
105 3.000000000000000 3.600000000000000
106 3.000000000000000 6.900000000000000
107 3.000000000000000 3.500000000000000
108 3.000000000000000 5.000000000000000
109 3.000000000000000 2.200000000000000
110 3.000000000000000 7.400000000000000
111 3.000000000000000 4.900000000000000
112 3.000000000000000 6.600000000000000
113 3.000000000000000 2.900000000000000
114 3.100000000000000 7.500000000000000
115 3.100000000000000 3.700000000000000
116 3.100000000000000 6.600000000000000
117 3.100000000000000 1.800000000000000
118 3.100000000000000 3.900000000000000
119 3.100000000000000 6.300000000000000
120 3.100000000000000 5.400000000000000
121 3.100000000000000 6.400000000000000
122 3.200000000000000 1.500000000000000
123 3.200000000000000 5.300000000000000
124 3.200000000000000 5.200000000000000
125 3.200000000000000 3.500000000000000
126 3.200000000000000 5.100000000000000
127 3.200000000000000 2.300000000000000
128 3.200000000000000 8.199999999999999
129 3.200000000000000 7.300000000000000
130 3.300000000000000 4.100000000000000
131 3.300000000000000 6.500000000000000
132 3.300000000000000 1.900000000000000
133 3.300000000000000 1.400000000000000
134 3.400000000000000 6.300000000000000
135 3.400000000000000 7.000000000000000
136 3.400000000000000 7.400000000000000
137 3.400000000000000 5.000000000000000
138 3.500000000000000 3.300000000000000
139 3.500000000000000 3.800000000000000
140 3.500000000000000 3.100000000000000
141 3.500000000000000 5.900000000000000
142 3.500000000000000 5.300000000000000
143 3.500000000000000 6.700000000000000
144 3.600000000000000 3.400000000000000
145 3.600000000000000 1.800000000000000
146 3.600000000000000 6.100000000000000
147 3.600000000000000 5.200000000000000
148 3.600000000000000 2.700000000000000
149 3.600000000000000 5.400000000000000
150 3.600000000000000 2.900000000000000
151 3.600000000000000 5.700000000000000
152 3.600000000000000 5.000000000000000
153 3.700000000000000 3.700000000000000
154 3.700000000000000 5.500000000000000
155 3.700000000000000 6.100000000000000
156 3.700000000000000 6.300000000000000
157 3.700000000000000 7.400000000000000
158 3.800000000000000 6.400000000000000
159 3.800000000000000 3.700000000000000
160 3.800000000000000 3.900000000000000
161 3.800000000000000 3.900000000000000
162 3.800000000000000 7.100000000000000
163 3.900000000000000 1.800000000000000
164 3.900000000000000 2.200000000000000
165 3.900000000000000 1.800000000000000
166 3.900000000000000 4.000000000000000
167 4.000000000000000 6.600000000000000
168 4.000000000000000 5.700000000000000
169 4.000000000000000 5.500000000000000
170 4.000000000000000 4.800000000000000
171 4.100000000000000 7.300000000000000
172 4.100000000000000 6.500000000000000
173 4.200000000000000 6.300000000000000
174 4.200000000000000 5.800000000000000
175 4.200000000000000 3.300000000000000
176 4.200000000000000 3.200000000000000
177 4.200000000000000 6.000000000000000
178 4.200000000000000 2.000000000000000
179 4.200000000000000 5.300000000000000
180 4.200000000000000 7.100000000000000
181 4.200000000000000 4.400000000000000
182 4.200000000000000 5.000000000000000
183 4.300000000000000 1.600000000000000
184 4.300000000000000 4.500000000000000
185 4.300000000000000 7.400000000000000
186 4.300000000000000 4.100000000000000
187 4.300000000000000 7.300000000000000
188 4.300000000000000 4.400000000000000
189 4.300000000000000 1.500000000000000
190 4.300000000000000 4.100000000000000
191 4.300000000000000 4.900000000000000
192 4.300000000000000 5.600000000000000
193 4.300000000000000 5.000000000000000
194 4.300000000000000 6.100000000000000
195 4.400000000000000 5.900000000000000
196 4.400000000000000 3.000000000000000
197 4.400000000000000 4.400000000000000
198 4.400000000000000 1.500000000000000
199 4.400000000000000 6.100000000000000
200 4.400000000000000 2.100000000000000
201 4.500000000000000 7.000000000000000
202 4.500000000000000 1.300000000000000
203 4.500000000000000 2.000000000000000
204 4.500000000000000 1.500000000000000
205 4.600000000000000 4.300000000000000
206 4.600000000000000 5.200000000000000
207 4.600000000000000 2.200000000000000
208 4.600000000000000 3.100000000000000
209 4.600000000000000 7.100000000000000
210 4.600000000000000 2.100000000000000
211 4.600000000000000 2.000000000000000
212 4.600000000000000 3.100000000000000
213 4.600000000000000 3.700000000000000
214 4.700000000000000 5.900000000000000
215 4.700000000000000 2.600000000000000
216 4.700000000000000 2.100000000000000
217 4.700000000000000 7.400000000000000
218 4.700000000000000 1.800000000000000
219 4.800000000000000 3.700000000000000
220 4.800000000000000 3.600000000000000
221 4.800000000000000 5.400000000000000
222 4.800000000000000 2.100000000000000
223 4.800000000000000 3.200000000000000
224 4.900000000000000 7.000000000000000
225 4.900000000000000 6.100000000000000
226 5.000000000000000 1.400000000000000
227 5.000000000000000 6.700000000000000
228 5.000000000000000 2.200000000000000
229 5.000000000000000 3.300000000000000
230 5.000000000000000 4.200000000000000
231 5.000000000000000 2.100000000000000
232 5.100000000000000 1.400000000000000
233 5.100000000000000 7.600000000000000
234 5.100000000000000 3.000000000000000
235 5.100000000000000 2.100000000000000
236 5.100000000000000 2.900000000000000
237 5.100000000000000 6.800000000000000
238 5.100000000000000 3.000000000000000
239 5.100000000000000 3.500000000000000
240 5.100000000000000 6.900000000000000
241 5.100000000000000 7.200000000000000
242 5.100000000000000 1.300000000000000
243 5.100000000000000 1.300000000000000
244 5.200000000000000 4.700000000000000
245 5.200000000000000 3.300000000000000
246 5.200000000000000 1.000000000000000
247 5.200000000000000 4.600000000000000
248 5.200000000000000 1.400000000000000
249 5.200000000000000 6.300000000000000
250 5.300000000000000 3.700000000000000
251 5.300000000000000 0.900000000000000
252 5.300000000000000 4.800000000000000
253 5.300000000000000 4.400000000000000
254 5.400000000000000 6.000000000000000
255 5.400000000000000 7.900000000000000
256 5.400000000000000 7.100000000000000
257 5.400000000000000 7.900000000000000
258 5.400000000000000 2.500000000000000
259 5.400000000000000 6.800000000000000
260 5.400000000000000 1.600000000000000
261 5.500000000000000 1.000000000000000
262 5.500000000000000 3.400000000000000
263 5.500000000000000 3.500000000000000
264 5.500000000000000 1.800000000000000
265 5.500000000000000 5.200000000000000
266 5.500000000000000 3.700000000000000
267 5.500000000000000 1.600000000000000
268 5.500000000000000 3.300000000000000
269 5.600000000000000 7.700000000000000
270 5.600000000000000 3.600000000000000
271 5.600000000000000 6.200000000000000
272 5.600000000000000 7.400000000000000
273 5.600000000000000 6.600000000000000
274 5.600000000000000 3.600000000000000
275 5.600000000000000 1.600000000000000
276 5.600000000000000 6.000000000000000
277 5.600000000000000 0.800000000000000
278 5.600000000000000 3.500000000000000
279 5.600000000000000 7.100000000000000
280 5.600000000000000 5.500000000000000
281 5.600000000000000 7.700000000000000
282 5.700000000000000 4.500000000000000
283 5.700000000000000 2.000000000000000
284 5.700000000000000 3.300000000000000
285 5.700000000000000 6.100000000000000
286 5.700000000000000 3.000000000000000
287 5.700000000000000 1.700000000000000
288 5.700000000000000 7.800000000000000
289 5.800000000000000 3.900000000000000
290 5.800000000000000 5.000000000000000
291 5.800000000000000 7.900000000000000
292 5.800000000000000 6.400000000000000
293 5.800000000000000 7.600000000000000
294 5.800000000000000 7.400000000000000
295 5.800000000000000 3.900000000000000
296 5.800000000000000 1.900000000000000
297 5.800000000000000 7.500000000000000
298 5.900000000000000 1.100000000000000
299 5.900000000000000 6.400000000000000
300 5.900000000000000 3.400000000000000
301 5.900000000000000 6.900000000000000
302 5.900000000000000 4.400000000000000
303 5.900000000000000 4.000000000000000
304 6.000000000000000 3.000000000000000
305 6.000000000000000 6.100000000000000
306 6.000000000000000 8.100000000000000
307 6.000000000000000 5.700000000000000
308 6.000000000000000 8.900000000000000
309 6.000000000000000 6.100000000000000
310 6.000000000000000 7.800000000000000
311 6.100000000000000 9.100000000000000
312 6.100000000000000 1.800000000000000
313 6.100000000000000 8.100000000000000
314 6.100000000000000 0.800000000000000
315 6.100000000000000 1.300000000000000
316 6.100000000000000 6.600000000000000
317 6.100000000000000 3.800000000000000
318 6.100000000000000 2.600000000000000
319 6.100000000000000 5.800000000000000
320 6.100000000000000 8.600000000000000
321 6.200000000000000 1.600000000000000
322 6.200000000000000 5.400000000000000
323 6.200000000000000 1.000000000000000
324 6.200000000000000 6.900000000000000
325 6.200000000000000 8.699999999999999
326 6.300000000000000 1.500000000000000
327 6.300000000000000 1.200000000000000
328 6.300000000000000 1.300000000000000
329 6.300000000000000 4.900000000000000
330 6.300000000000000 1.800000000000000
331 6.300000000000000 3.600000000000000
332 6.300000000000000 3.400000000000000
333 6.300000000000000 8.600000000000000
334 6.300000000000000 3.700000000000000
335 6.400000000000000 4.700000000000000
336 6.400000000000000 5.100000000000000
337 6.400000000000000 2.400000000000000
338 6.400000000000000 8.500000000000000
339 6.400000000000000 5.400000000000000
340 6.400000000000000 6.000000000000000
341 6.400000000000000 9.199999999999999
342 6.400000000000000 8.300000000000001
343 6.400000000000000 3.200000000000000
344 6.500000000000000 2.100000000000000
345 6.500000000000000 0.700000000000000
346 6.500000000000000 6.500000000000000
347 6.500000000000000 2.700000000000000
348 6.500000000000000 7.300000000000000
349 6.500000000000000 7.100000000000000
350 6.600000000000000 1.500000000000000
351 6.600000000000000 2.100000000000000
352 6.600000000000000 6.300000000000000
353 6.600000000000000 6.200000000000000
354 6.600000000000000 3.900000000000000
355 6.700000000000000 4.200000000000000
356 6.700000000000000 6.200000000000000
357 6.700000000000000 6.900000000000000
358 6.700000000000000 5.000000000000000
359 6.700000000000000 4.600000000000000
360 6.700000000000000 8.699999999999999
361 6.700000000000000 6.000000000000000
362 6.700000000000000 6.800000000000000
363 6.700000000000000 9.199999999999999
364 6.800000000000000 0.600000000000000
365 6.800000000000000 0.600000000000000
366 6.800000000000000 6.200000000000000
367 6.800000000000000 1.700000000000000
368 6.800000000000000 1.200000000000000
369 6.800000000000000 3.000000000000000
370 6.900000000000000 1.000000000000000
371 6.900000000000000 4.600000000000000
372 6.900000000000000 1.000000000000000
373 6.900000000000000 7.900000000000000
374 6.900000000000000 5.400000000000000
375 6.900000000000000 1.800000000000000
376 6.900000000000000 7.000000000000000
377 6.900000000000000 3.700000000000000
378 6.900000000000000 7.400000000000000
379 6.900000000000000 2.000000000000000
380 6.900000000000000 7.600000000000000
381 6.900000000000000 1.600000000000000
382 6.900000000000000 6.600000000000000
383 7.000000000000000 8.500000000000000
384 7.000000000000000 2.000000000000000
385 7.000000000000000 7.000000000000000
386 7.000000000000000 8.000000000000000
387 7.000000000000000 5.000000000000000
388 7.000000000000000 8.000000000000000
389 7.100000000000000 2.300000000000000
390 7.100000000000000 1.200000000000000
391 7.200000000000000 3.300000000000000
392 7.200000000000000 0.900000000000000
393 7.200000000000000 8.699999999999999
394 7.200000000000000 6.500000000000000
395 7.200000000000000 5.200000000000000
396 7.200000000000000 2.200000000000000
397 7.200000000000000 2.800000000000000
398 7.200000000000000 0.900000000000000
399 7.200000000000000 6.300000000000000
400 7.300000000000000 2.300000000000000
401 7.300000000000000 2.000000000000000
402 7.300000000000000 6.400000000000000
403 7.300000000000000 7.500000000000000
404 7.300000000000000 1.400000000000000
405 7.300000000000000 8.300000000000001
406 7.300000000000000 5.700000000000000
407 7.300000000000000 7.900000000000000
408 7.300000000000000 0.900000000000000
409 7.300000000000000 1.700000000000000
410 7.300000000000000 6.200000000000000
411 7.400000000000000 2.100000000000000
412 7.400000000000000 3.500000000000000
413 7.400000000000000 5.000000000000000
414 7.400000000000000 6.500000000000000
415 7.400000000000000 0.600000000000000
416 7.400000000000000 8.500000000000000
417 7.400000000000000 6.300000000000000
418 7.400000000000000 6.900000000000000
419 7.400000000000000 4.200000000000000
420 7.400000000000000 4.600000000000000
421 7.400000000000000 3.400000000000000
422 7.500000000000000 4.800000000000000
423 7.500000000000000 7.600000000000000
424 7.500000000000000 6.900000000000000
425 7.500000000000000 2.600000000000000
426 7.500000000000000 3.000000000000000
427 7.600000000000000 3.900000000000000
428 7.600000000000000 2.600000000000000
429 7.600000000000000 0.800000000000000
430 7.600000000000000 5.500000000000000
431 7.600000000000000 3.100000000000000
432 7.600000000000000 7.600000000000000
433 7.700000000000000 5.000000000000000
434 7.700000000000000 4.200000000000000
435 7.700000000000000 3.500000000000000
436 7.700000000000000 2.700000000000000
437 7.700000000000000 6.000000000000000
438 7.700000000000000 7.500000000000000
439 7.700000000000000 6.100000000000000
440 7.700000000000000 1.100000000000000
441 7.800000000000000 7.200000000000000
442 7.800000000000000 5.700000000000000
443 7.800000000000000 6.800000000000000
444 7.800000000000000 6.300000000000000
445 7.800000000000000 4.000000000000000
446 7.800000000000000 6.800000000000000
447 7.800000000000000 2.800000000000000
448 7.800000000000000 1.100000000000000
449 7.800000000000000 2.800000000000000
450 7.800000000000000 3.300000000000000
451 7.900000000000000 4.600000000000000
452 7.900000000000000 7.000000000000000
453 7.900000000000000 4.500000000000000
454 7.900000000000000 7.600000000000000
455 7.900000000000000 7.700000000000000
456 7.900000000000000 6.300000000000000
457 7.900000000000000 1.300000000000000
458 7.900000000000000 3.500000000000000
459 8.000000000000000 7.600000000000000
460 8.000000000000000 4.000000000000000
461 8.000000000000000 4.500000000000000
462 8.000000000000000 4.300000000000000
463 8.000000000000000 4.100000000000000
464 8.000000000000000 7.300000000000000
465 8.000000000000000 5.000000000000000
466 8.000000000000000 6.300000000000000
467 8.100000000000000 5.800000000000000
468 8.100000000000000 1.500000000000000
469 8.100000000000000 1.700000000000000
470 8.100000000000000 5.800000000000000
471 8.100000000000000 5.100000000000000
472 8.100000000000000 6.500000000000000
473 8.100000000000000 4.600000000000000
474 8.100000000000000 7.300000000000000
475 8.100000000000000 7.800000000000000
476 8.199999999999999 6.400000000000000
477 8.199999999999999 5.500000000000000
478 8.199999999999999 2.000000000000000
479 8.199999999999999 7.500000000000000
480 8.199999999999999 4.800000000000000
481 8.199999999999999 1.200000000000000
482 8.300000000000001 7.900000000000000
483 8.300000000000001 1.100000000000000
484 8.300000000000001 2.000000000000000
485 8.300000000000001 7.600000000000000
486 8.300000000000001 1.100000000000000
487 8.400000000000000 6.800000000000000
488 8.400000000000000 3.800000000000000
489 8.400000000000000 5.500000000000000
490 8.400000000000000 5.900000000000000
491 8.400000000000000 1.200000000000000
492 8.400000000000000 0.500000000000000
493 8.400000000000000 5.700000000000000
494 8.400000000000000 0.600000000000000
495 8.400000000000000 1.900000000000000
496 8.400000000000000 6.600000000000000
497 8.400000000000000 6.700000000000000
498 8.400000000000000 4.700000000000000
499 8.500000000000000 3.200000000000000
500 8.500000000000000 4.200000000000000
501 8.500000000000000 8.000000000000000
502 8.500000000000000 4.200000000000000
503 8.500000000000000 7.200000000000000
504 8.500000000000000 3.200000000000000
505 8.500000000000000 0.900000000000000
506 8.600000000000000 6.900000000000000
507 8.600000000000000 1.800000000000000
508 8.600000000000000 6.000000000000000
509 8.600000000000000 1.300000000000000
510 8.600000000000000 1.300000000000000
511 8.600000000000000 4.600000000000000
512 8.600000000000000 5.100000000000000
513 8.600000000000000 0.600000000000000
514 8.600000000000000 7.900000000000000
515 8.699999999999999 1.600000000000000
516 8.699999999999999 4.500000000000000
517 8.699999999999999 2.900000000000000
518 8.699999999999999 6.700000000000000
519 8.699999999999999 0.900000000000000
520 8.699999999999999 4.300000000000000
521 8.699999999999999 6.900000000000000
522 8.699999999999999 7.400000000000000
523 8.800000000000001 7.200000000000000
524 8.800000000000001 4.900000000000000
525 8.800000000000001 5.300000000000000
526 8.800000000000001 7.500000000000000
527 8.900000000000000 3.900000000000000
528 8.900000000000000 4.800000000000000
529 8.900000000000000 2.100000000000000
530 8.900000000000000 3.500000000000000
531 8.900000000000000 1.400000000000000
532 8.900000000000000 5.500000000000000
533 8.900000000000000 5.900000000000000
534 9.000000000000000 5.400000000000000
535 9.000000000000000 3.500000000000000
536 9.000000000000000 7.000000000000000
537 9.000000000000000 7.300000000000000
538 9.000000000000000 2.300000000000000
539 9.000000000000000 1.300000000000000
540 9.000000000000000 7.600000000000000
541 9.100000000000000 6.100000000000000
542 9.100000000000000 7.500000000000000
543 9.100000000000000 2.900000000000000
544 9.100000000000000 3.600000000000000
545 9.100000000000000 6.100000000000000
546 9.100000000000000 2.200000000000000
547 9.199999999999999 4.600000000000000
548 9.199999999999999 4.400000000000000
549 9.199999999999999 2.700000000000000
550 9.199999999999999 3.300000000000000
551 9.300000000000001 7.000000000000000
552 9.300000000000001 6.600000000000000
553 9.300000000000001 5.300000000000000
554 9.300000000000001 4.800000000000000
555 9.300000000000001 7.000000000000000
556 9.300000000000001 7.100000000000000
557 9.300000000000001 4.600000000000000
558 9.300000000000001 2.700000000000000
559 9.300000000000001 6.000000000000000
