323
0 5.840000000000000 6.480000000000000
1 8.070000000000000 4.590000000000000
2 6.040836045879503 6.309784696541588
3 7.087780856444196 5.422463758439672
4 7.406588575585575 5.152263494234647
5 6.989924705274934 5.505400137681783
6 6.737693442094105 5.719174616341768
7 7.207117314839200 5.321322096391889
8 8.031848361822295 4.622334796482449
9 2.330000000000000 7.230000000000000
10 6.910000000000000 2.970000000000000
11 6.516945449065703 3.335592224231464
12 4.119824762341085 5.565228496163097
13 4.597290467050543 5.121122840690980
14 3.048808359716267 6.561414058429849
15 4.872600063031831 4.865048849669083
16 4.446869868049376 5.261033703517394
17 5.196057234473788 4.564191305926128
18 2.961717771130480 6.642419715062044
19 3.754580217933647 5.904953771092285
20 3.513677282785338 6.129025060116695
21 4.195819000450248 5.494543899144530
22 5.517960481086385 4.264779115845416
23 6.370166280143664 3.472116080041047
24 5.762510067654639 4.037315963273197
25 2.658919562409549 6.924061717060114
26 5.233879610771669 4.529011541072641
27 4.535314918121289 5.178768220262732
28 2.685317705650009 6.899507985574447
29 4.510000000000000 8.570000000000000
30 8.410000000000000 1.910000000000000
31 7.765350780194127 3.010862513822338
32 7.525994155333259 3.419609980892434
33 5.080615410460298 7.595564452906260
34 5.538026315789473 6.814447368421053
35 6.736381083457584 4.768026149787818
36 7.700068244518659 3.122344997821983
37 5.436731585729072 6.987427599754970
38 5.152344528570504 7.473073189671909
39 4.860133971291866 7.972078910563122
40 5.193159374679937 7.403373990931184
41 5.841882678972846 6.295554194369448
42 6.574717236771284 5.044098257205961
43 6.947339709842952 4.407773726268190
44 6.586880324122169 5.023327446499065
45 4.590124283676282 8.433172377106656
46 5.910676299418021 6.178075857916919
47 7.210979968295144 3.957557284911370
48 5.619286053130930 6.675680740037951
49 7.382098691364506 3.665339157823690
50 4.770000000000000 3.790000000000000
51 8.230000000000000 2.890000000000000
52 7.491428407920338 3.082113997939796
53 4.933842075668728 3.747382119045707
54 5.209408836143680 3.675702903893262
55 6.967226914059546 3.218466987672373
56 4.847000598239466 3.769970942654474
57 6.317889369478237 3.387369817187742
58 5.415383717310087 3.622125622665006
59 7.061964835164835 3.193824175824176
60 3.890000000000000 5.710000000000000
61 8.970000000000001 2.510000000000000
62 4.656279974076474 5.227303953337654
63 7.928099652375433 3.166315179606026
64 4.859774326890850 5.099118534241984
65 4.488227175553321 5.333163983903420
66 5.191155575344251 4.890374440728031
67 4.970322360771420 5.029481977466822
68 4.188472885759785 5.521985583773364
69 5.824921691863429 4.491151690164770
70 6.670284954534779 3.958639398718250
71 6.032581381584510 4.360342436797159
72 6.215003453303661 4.245430895556749
73 4.597344769718442 5.264428491515942
74 7.308346008708272 3.556711175616836
75 9.810000000000000 7.430000000000000
76 3.240000000000000 7.660000000000000
77 5.954975116124751 7.564955209024552
78 7.501676443346712 7.510808891633220
79 4.722295431281204 7.608108379118010
80 8.097019698314108 7.489967346938776
81 9.275173339057636 7.448723003351103
82 8.445964320202792 7.477751629581942
83 5.771550101569565 7.571376480462557
84 5.150540598455076 7.593116539171284
85 4.269132469537527 7.623972531507818
86 3.764321122079114 7.641644770459940
87 5.368015125674832 7.585503275661307
88 3.619686553516372 7.646708081079336
89 8.832745750160340 7.464211335991343
90 8.633452363636364 7.471188121212121
91 8.675579544272189 7.469713349287275
92 6.662434285170228 7.540188754096019
93 6.255621928746929 7.554430282555282
94 6.930000000000000 9.320000000000000
95 1.880000000000000 0.230000000000000
96 5.136363484924205 6.091454272863569
97 4.835112219451371 5.549201995012469
98 6.400465567410281 8.366838021338506
99 5.172138866719872 6.155849960095771
100 3.359640151515151 2.893352272727273
101 6.823684210526316 9.128631578947369
102 4.688414964568571 5.285146936223427
103 6.542859097127223 8.623146374829002
104 5.225249084832086 6.251448352697755
105 4.393825022394745 4.754885040310541
106 3.688188976377952 3.484740157480315
107 3.152348695169350 2.520227651304830
108 6.798167372881355 9.082701271186441
109 6.440080765779239 8.438145378402632
110 5.355600255427841 6.486080459770116
111 4.401930661577608 4.769475190839695
112 6.441415770609319 8.440548387096774
113 4.939090909090908 5.736363636363635
114 7.860000000000000 1.660000000000000
115 7.810000000000000 3.880000000000000
116 4.789687588307325 6.378201513391314
117 4.991642251566949 6.211158050126244
118 5.173569011338939 6.060680336354225
119 3.693483254433449 7.284908817995966
120 3.563884058831513 7.392104651557305
121 4.465982679343803 6.645948680980400
122 4.965401915798640 6.232862310345983
123 3.723097073856217 7.260414236504047
124 6.483732425162547 4.977000313541701
125 7.023215334427874 4.530775937825522
126 6.521813381401760 4.945502279715830
127 5.173801613892691 6.060487942994667
128 7.629312570063131 4.029452622573602
129 1.030000000000000 4.630000000000000
130 3.340000000000000 6.840000000000000
131 1.951705007963192 5.511804358267816
132 2.391675411615704 5.932728424099873
133 3.161873390515756 6.669584499151437
134 2.522770777975850 6.058148666375164
135 2.007491210336644 5.565175573525534
136 7.130000000000000 8.440000000000000
137 9.050000000000001 3.640000000000000
138 7.357025495750708 7.872436260623229
139 8.190652741514361 5.788368146214099
140 7.928090398502274 6.444774003744317
141 8.052451025056948 6.133872437357631
142 8.036581320919407 6.173546697701484
143 7.878647214854111 6.568381962864722
144 8.640715114031698 4.663212214920758
145 8.425278048780488 5.201804878048780
146 9.140000000000001 3.400000000000000
147 7.183126135866940 3.022665577768064
148 9.850000000000000 8.760000000000000
149 9.410000000000000 8.400000000000000
150 5.080000000000000 1.080000000000000
151 4.720000000000000 7.650000000000000
152 4.815658666666667 5.904229333333333
153 4.758331069280031 6.950457985639435
154 4.858008742502795 5.131340449323981
155 4.798306274517164 6.220910490061750
156 4.929279527711967 3.830648619256612
157 4.969901688933703 3.089294176959919
158 4.765845036010963 6.813328092799932
159 4.885495491329480 4.629707283236994
160 4.832892662219527 5.589708914493633
161 9.490000000000000 6.770000000000000
162 3.260000000000000 9.990000000000000
163 9.200205259253153 6.919781551397246
164 8.532671394799054 7.264799054373523
165 6.267151066936737 8.435742145178764
166 5.937015541958823 8.606373989549372
167 6.211776391554702 8.464362763915547
168 9.270744182914099 6.883323231302825
169 9.151958038262340 6.944718317302610
170 8.666930027978726 7.195406951831220
171 8.482554340836012 7.290702250803858
172 4.412831574339770 9.394154467195175
173 6.263420149991280 8.437670484274170
174 6.468089981046122 8.331886077212117
175 6.723146320834509 8.200059204961939
176 2.260000000000000 2.790000000000000
177 1.560000000000000 8.970000000000001
178 2.248446358091137 2.892002152852530
179 2.102130055534416 4.183766081139010
180 1.667005178658636 8.025297136985186
181 1.894908130688015 6.013239646211522
182 1.911041981625770 5.870800790789627
183 1.914263315334499 5.842361016046848
184 8.869999999999999 4.590000000000000
185 9.306444473849615 7.669358232161170
186 9.182335076767336 6.793697486080647
187 9.209783674422223 6.987362591756802
188 9.212738507167572 7.008210578348987
189 9.096919694515158 6.191044511301395
190 7.340000000000000 4.780000000000000
191 7.865406715126341 4.377188185069805
192 8.840000000000000 6.510000000000000
193 7.590000000000000 9.580000000000000
194 8.142720472369636 8.222518519860174
195 8.775912594311388 6.667398668371230
196 8.603074125137047 7.091889948663414
197 8.509165020187268 7.322530710420067
198 8.327457662997460 7.768803979678239
199 6.210000000000000 1.660000000000000
200 6.110000000000000 1.010000000000000
201 4.280000000000000 4.970000000000000
202 6.390000000000000 8.650000000000000
203 5.166719179810726 6.516505488958991
204 4.538599165374384 5.421016553828309
205 5.005741179588719 6.235747649709234
206 4.318338956397427 5.036866047176554
207 6.268264184072867 8.437683505871163
208 5.199074056277687 6.572934846967719
209 3.030000000000000 2.430000000000000
210 1.000000000000000 3.630000000000000
211 1.363936184098234 3.414865309892670
212 5.130000000000000 8.960000000000001
213 5.240000000000000 1.640000000000000
214 5.142347860765220 8.138305992714459
215 5.154004784945996 7.362590674502819
216 5.192087475459793 4.828360723948311
217 5.170760845897405 6.247550982099952
218 5.204035544324785 4.033271050387008
219 5.213836539220588 3.381059390048153
220 5.137894680792464 8.434644878174172
221 5.165592008634387 6.591513607238965
222 5.196423202279203 4.539837811965811
223 5.173576572557517 6.060177171627048
224 2.860000000000000 3.420000000000000
225 3.482583329624850 2.763763517422456
226 4.128509185115403 2.082922750824305
227 3.040000000000000 6.900000000000000
228 3.284097661401007 7.043776204957076
229 3.713399541346057 7.296639729847788
230 6.776829617596135 9.101033708825856
231 5.647787607944296 8.436015558085872
232 3.801411669531803 7.348479840515436
233 2.020000000000000 5.470000000000000
234 3.058696725691437 6.763156566121870
235 2.490565948913013 6.055845157281261
236 3.656857481773714 7.507854696184142
237 4.399685324712568 8.432660444421270
238 3.612874466079032 7.453096724837350
239 0.380000000000000 2.390000000000000
240 3.871130032507223 6.026351747669754
241 4.003327403562581 6.164048177421257
242 4.013700827293190 6.174853107962626
243 6.185950161664606 8.437462231617378
244 4.675047777713346 6.863710330862821
245 1.320000000000000 8.340000000000000
246 3.740063192876079 6.145217724937491
247 4.111911194445017 5.807984629015309
248 5.680967013893282 4.384990423225134
249 6.484023173203642 3.656689844330124
250 5.892668656794929 4.192995844401778
251 2.746019311507201 7.046727197039309
252 1.686482532071812 8.007632908149260
253 5.657019566206583 4.406708630365539
254 4.642500880695162 5.326786930483795
255 7.036216202557235 3.155899833223834
256 2.774112459025579 7.021249208528283
257 7.580000000000000 8.490000000000000
258 7.743698685540950 8.412188068756320
259 9.038004770453963 7.796957373685561
260 8.943409963701404 7.841921721289916
261 7.630000000000000 5.220000000000000
262 9.310816171651316 6.923946669426334
263 7.632578724489572 5.222614211523831
264 7.870000000000000 8.390000000000001
265 7.536165413533834 8.448646616541353
266 6.974596940884664 8.547300537412154
267 1.570000000000000 5.990000000000000
268 4.016344059051168 6.164979217428694
269 8.532672158516226 6.488017816014915
270 8.216622354013044 6.465411777728581
271 7.765584842307231 6.433150497661590
272 2.018456822410674 6.022076691561699
273 1.948102724632264 6.017044486493642
274 5.715280095627108 6.286498713855034
275 6.948533859142335 6.374709436967540
276 5.316826571957381 6.257998599369716
277 2.046822916916121 6.024105628170067
278 3.410000000000000 8.430000000000000
279 4.620000000000000 3.910000000000000
280 3.497126350600490 8.104536277095690
281 3.681746603576745 7.414880456060423
282 4.388911929894443 4.773238080063733
283 4.349166987154835 4.921706791785248
284 7.889963768115942 4.413357487922705
285 3.280000000000000 4.190000000000000
286 3.919140059430030 3.085708008429226
287 4.347754554599307 2.345157408442308
288 7.978438205485375 6.079290712009863
289 6.651729095724555 5.100891663513684
290 9.224431288870385 6.998164667308544
291 7.167056439018197 5.480926577447047
292 5.695381552943872 4.395620614265392
293 7.167802804902449 5.481476994765818
294 8.780522108588782 7.379551427832173
295 7.496547505605614 5.298096196137638
296 6.751534775082898 4.090353736105608
297 7.293586230435420 4.969075040226242
298 4.340000000000000 1.480000000000000
299 1.960000000000000 2.800000000000000
300 3.290000000000000 1.080000000000000
301 8.650345337274926 7.491393442622950
302 7.032081200323320 5.555822612151422
303 5.990709272743223 4.310260110536012
304 7.122890098699671 5.664437176876077
305 4.630000000000000 9.699999999999999
306 1.958532969019970 5.937683931369791
307 3.728833428953911 8.430857079110091
308 1.962389142055911 5.908343484357198
309 5.940000000000000 9.820000000000000
310 7.145937125748503 8.783913173652694
311 6.442004387091400 8.438150549427665
312 6.896441905823349 8.439372155660815
313 9.890000000000001 3.970000000000000
314 7.168076923076923 5.480360323886640
315 5.445761263593993 6.436051268772657
316 8.218621278405989 4.897426689125099
317 3.120000000000000 5.140000000000000
318 4.267141909814324 4.808434065934065
319 7.519880578252671 3.868273719907035
320 6.556830545855542 7.970385039514793
321 3.660000000000000 3.970000000000000
322 7.440000000000000 9.190000000000000
572
0 2
2 6
6 5
5 3
3 7
7 4
4 8
8 1
9 25
25 28
28 18
18 14
14 20
20 19
19 12
12 21
21 16
16 27
27 13
13 15
15 17
17 26
26 22
22 24
24 23
23 11
11 10
29 45
45 39
39 33
33 38
38 40
40 37
37 34
34 48
48 41
41 46
46 42
42 44
44 35
35 43
43 47
47 49
49 32
32 36
36 31
31 30
50 56
56 53
53 54
54 58
58 57
57 11
11 55
55 59
59 52
52 31
31 51
60 12
12 68
68 65
65 73
73 62
62 64
64 67
67 66
66 69
69 71
71 72
72 70
70 74
74 32
32 63
63 61
76 88
88 86
86 85
85 79
79 33
33 84
84 87
87 83
83 77
77 93
93 92
92 78
78 80
80 82
82 90
90 91
91 89
89 81
81 75
95 107
107 100
100 106
106 105
105 111
111 13
13 62
62 102
102 97
97 113
113 96
96 99
99 104
104 110
110 34
34 77
77 98
98 109
109 112
112 103
103 108
108 101
101 94
10 114
76 120
120 119
119 123
123 121
121 116
116 122
122 117
117 96
96 118
118 127
127 124
124 126
126 35
35 125
125 128
128 115
129 131
131 135
135 132
132 134
134 14
14 133
133 130
136 138
138 78
78 143
143 140
140 142
142 141
141 139
139 145
145 144
144 137
10 147
147 52
52 36
36 63
63 146
149 148
151 79
79 153
153 158
158 116
116 155
155 152
152 160
160 97
97 154
154 64
64 15
15 159
159 156
156 53
53 157
157 150
162 172
172 166
166 167
167 173
173 165
165 98
98 174
174 175
175 138
138 80
80 171
171 164
164 170
170 169
169 163
163 168
168 161
177 180
180 181
181 182
182 183
183 131
131 179
179 178
178 176
184 189
189 186
186 163
163 187
187 188
188 81
81 185
185 149
190 191
191 146
193 194
194 198
198 82
82 197
197 164
164 196
196 195
195 192
200 199
201 206
206 16
16 65
65 204
204 152
152 117
117 205
205 203
203 208
208 37
37 83
83 165
165 207
207 202
210 211
211 178
178 209
212 220
220 214
214 84
84 38
38 215
215 221
221 203
203 217
217 99
99 118
118 223
223 66
66 216
216 17
17 222
222 218
218 54
54 219
219 213
224 100
100 225
225 226
226 150
227 228
228 119
119 229
229 232
232 85
85 39
39 214
214 231
231 166
166 230
230 101
101 193
233 132
132 235
235 18
18 234
234 228
228 120
120 238
238 236
236 86
86 237
237 29
239 211
211 179
179 19
19 240
240 241
241 242
242 121
121 244
244 153
153 215
215 40
40 87
87 243
243 167
167 202
245 180
180 252
252 251
251 256
256 234
234 133
133 246
246 240
240 247
247 204
204 254
254 102
102 154
154 67
67 216
216 253
253 248
248 250
250 249
249 55
55 255
255 147
147 30
257 258
258 194
194 260
260 259
259 185
185 75
261 263
263 139
139 186
186 168
168 262
262 75
202 103
103 266
266 265
265 258
258 264
267 181
181 273
273 272
272 277
277 235
235 134
134 20
20 246
246 241
241 268
268 155
155 122
122 205
205 217
217 104
104 276
276 274
274 41
41 2
2 275
275 271
271 140
140 270
270 269
269 192
278 280
280 88
88 236
236 281
281 229
229 123
123 242
242 268
268 247
247 68
68 21
21 206
206 283
283 282
282 105
105 279
190 284
284 137
285 106
106 286
286 287
287 150
209 107
107 225
225 286
286 56
56 156
156 218
218 22
22 248
248 292
292 69
69 124
124 42
42 289
289 3
3 291
291 293
293 288
288 141
141 269
269 195
195 169
169 187
187 290
290 75
213 57
57 23
23 249
249 70
70 296
296 43
43 125
125 297
297 4
4 295
295 288
288 142
142 270
270 196
196 170
170 294
294 89
89 259
259 149
298 150
299 209
300 226
226 287
287 157
157 219
219 58
58 24
24 250
250 303
303 71
71 126
126 44
44 289
289 5
5 302
302 304
304 271
271 143
143 171
171 197
197 90
90 301
301 260
260 149
129 182
182 306
306 272
272 25
25 251
251 280
280 307
307 172
172 305
177 252
252 273
273 306
306 308
308 135
135 233
309 230
230 108
108 310
310 265
265 198
198 301
301 91
91 294
294 188
188 290
290 262
262 161
278 307
307 237
237 45
45 220
220 231
231 243
243 173
173 207
207 109
109 311
311 312
312 136
76 238
238 281
281 232
232 244
244 158
158 221
221 208
208 110
110 315
315 274
274 46
46 6
6 302
302 291
291 314
314 295
295 263
263 316
316 144
144 313
317 318
318 282
282 111
111 159
159 222
222 26
26 253
253 292
292 303
303 72
72 296
296 47
47 319
319 146
202 112
112 311
311 174
174 320
320 92
92 275
275 304
304 293
293 314
314 7
7 297
297 190
321 318
318 283
283 27
27 73
73 254
254 160
160 113
113 223
223 127
127 276
276 315
315 48
48 93
93 320
320 175
175 312
312 266
266 310
310 322
10 255
255 59
59 74
74 49
49 319
319 128
128 191
191 284
284 8
8 316
316 145
145 189
189 161
129 183
183 308
308 277
277 28
28 256
256 76
488
0 1.100000000000000 4.700000000000000
1 1.400000000000000 4.600000000000000
2 1.400000000000000 4.600000000000000
3 1.500000000000000 5.000000000000000
4 1.500000000000000 3.600000000000000
5 1.600000000000000 6.000000000000000
6 1.600000000000000 8.000000000000000
7 1.600000000000000 7.200000000000000
8 1.600000000000000 6.400000000000000
9 1.600000000000000 6.200000000000000
10 1.600000000000000 8.300000000000001
11 1.700000000000000 5.400000000000000
12 1.700000000000000 6.400000000000000
13 1.700000000000000 7.700000000000000
14 1.700000000000000 5.200000000000000
15 1.700000000000000 6.000000000000000
16 1.700000000000000 7.400000000000000
17 1.800000000000000 7.800000000000000
18 1.800000000000000 5.900000000000000
19 1.800000000000000 5.600000000000000
20 1.800000000000000 3.200000000000000
21 1.900000000000000 7.700000000000000
22 1.900000000000000 3.400000000000000
23 1.900000000000000 4.800000000000000
24 2.000000000000000 6.200000000000000
25 2.000000000000000 5.400000000000000
26 2.100000000000000 5.700000000000000
27 2.100000000000000 4.200000000000000
28 2.100000000000000 3.400000000000000
29 2.100000000000000 3.400000000000000
30 2.100000000000000 3.900000000000000
31 2.200000000000000 5.500000000000000
32 2.200000000000000 6.600000000000000
33 2.200000000000000 4.700000000000000
34 2.200000000000000 3.000000000000000
35 2.200000000000000 5.100000000000000
36 2.300000000000000 3.400000000000000
37 2.300000000000000 7.000000000000000
38 2.300000000000000 3.700000000000000
39 2.300000000000000 6.800000000000000
40 2.400000000000000 4.600000000000000
41 2.400000000000000 3.400000000000000
42 2.400000000000000 3.300000000000000
43 2.400000000000000 2.900000000000000
44 2.500000000000000 3.200000000000000
45 2.500000000000000 4.000000000000000
46 2.500000000000000 5.400000000000000
47 2.500000000000000 6.200000000000000
48 2.500000000000000 4.100000000000000
49 2.500000000000000 4.300000000000000
50 2.500000000000000 4.300000000000000
51 2.600000000000000 5.100000000000000
52 2.600000000000000 5.300000000000000
53 2.600000000000000 6.000000000000000
54 2.600000000000000 4.800000000000000
55 2.600000000000000 7.000000000000000
56 2.700000000000000 6.300000000000000
57 2.700000000000000 3.100000000000000
58 2.700000000000000 3.300000000000000
59 2.800000000000000 3.700000000000000
60 2.800000000000000 6.600000000000000
61 2.800000000000000 2.700000000000000
62 2.800000000000000 5.500000000000000
63 2.800000000000000 3.800000000000000
64 2.900000000000000 4.600000000000000
65 2.900000000000000 6.700000000000000
66 2.900000000000000 2.700000000000000
67 2.900000000000000 4.900000000000000
68 2.900000000000000 5.500000000000000
69 2.900000000000000 2.600000000000000
70 3.000000000000000 3.200000000000000
71 3.000000000000000 3.800000000000000
72 3.000000000000000 7.200000000000000
73 3.000000000000000 6.100000000000000
74 3.000000000000000 6.800000000000000
75 3.000000000000000 4.800000000000000
76 3.000000000000000 7.300000000000000
77 3.000000000000000 7.300000000000000
78 3.000000000000000 3.100000000000000
79 3.100000000000000 5.800000000000000
80 3.100000000000000 5.700000000000000
81 3.100000000000000 4.500000000000000
82 3.100000000000000 3.100000000000000
83 3.100000000000000 4.400000000000000
84 3.200000000000000 3.500000000000000
85 3.200000000000000 5.600000000000000
86 3.200000000000000 3.300000000000000
87 3.300000000000000 5.300000000000000
88 3.300000000000000 7.600000000000000
89 3.300000000000000 5.700000000000000
90 3.300000000000000 4.400000000000000
91 3.300000000000000 7.000000000000000
92 3.400000000000000 5.900000000000000
93 3.400000000000000 5.600000000000000
94 3.400000000000000 6.400000000000000
95 3.400000000000000 3.400000000000000
96 3.500000000000000 5.100000000000000
97 3.500000000000000 5.400000000000000
98 3.500000000000000 8.000000000000000
99 3.600000000000000 6.800000000000000
100 3.600000000000000 4.100000000000000
101 3.600000000000000 7.900000000000000
102 3.600000000000000 8.300000000000001
103 3.600000000000000 5.400000000000000
104 3.600000000000000 3.700000000000000
105 3.600000000000000 5.500000000000000
106 3.600000000000000 6.300000000000000
107 3.700000000000000 7.800000000000000
108 3.700000000000000 5.600000000000000
109 3.800000000000000 7.700000000000000
110 3.800000000000000 2.500000000000000
111 3.800000000000000 4.400000000000000
112 3.800000000000000 7.900000000000000
113 3.800000000000000 4.000000000000000
114 3.800000000000000 4.200000000000000
115 3.800000000000000 4.900000000000000
116 3.800000000000000 6.400000000000000
117 3.900000000000000 5.800000000000000
118 3.900000000000000 4.100000000000000
119 3.900000000000000 8.500000000000000
120 3.900000000000000 6.400000000000000
121 3.900000000000000 6.000000000000000
122 3.900000000000000 5.300000000000000
123 3.900000000000000 8.199999999999999
124 4.000000000000000 8.400000000000000
125 4.000000000000000 5.300000000000000
126 4.000000000000000 3.200000000000000
127 4.000000000000000 6.900000000000000
128 4.000000000000000 2.800000000000000
129 4.100000000000000 5.600000000000000
130 4.100000000000000 3.200000000000000
131 4.100000000000000 8.300000000000001
132 4.100000000000000 3.200000000000000
133 4.100000000000000 7.900000000000000
134 4.100000000000000 3.600000000000000
135 4.100000000000000 8.699999999999999
136 4.100000000000000 8.699999999999999
137 4.200000000000000 3.500000000000000
138 4.200000000000000 4.400000000000000
139 4.200000000000000 5.300000000000000
140 4.200000000000000 4.300000000000000
141 4.200000000000000 4.800000000000000
142 4.200000000000000 3.300000000000000
143 4.200000000000000 4.200000000000000
144 4.300000000000000 3.200000000000000
145 4.300000000000000 9.100000000000000
146 4.300000000000000 8.800000000000001
147 4.300000000000000 4.600000000000000
148 4.300000000000000 2.900000000000000
149 4.300000000000000 3.400000000000000
150 4.300000000000000 5.200000000000000
151 4.300000000000000 6.200000000000000
152 4.300000000000000 4.600000000000000
153 4.300000000000000 7.900000000000000
154 4.400000000000000 4.100000000000000
155 4.400000000000000 7.200000000000000
156 4.400000000000000 6.700000000000000
157 4.400000000000000 5.700000000000000
158 4.500000000000000 7.800000000000000
159 4.500000000000000 9.199999999999999
160 4.500000000000000 3.800000000000000
161 4.500000000000000 2.300000000000000
162 4.500000000000000 7.500000000000000
163 4.500000000000000 7.300000000000000
164 4.600000000000000 8.100000000000000
165 4.600000000000000 8.600000000000000
166 4.600000000000000 3.000000000000000
167 4.600000000000000 7.600000000000000
168 4.600000000000000 3.600000000000000
169 4.600000000000000 1.900000000000000
170 4.600000000000000 5.300000000000000
171 4.600000000000000 4.100000000000000
172 4.600000000000000 8.699999999999999
173 4.600000000000000 4.700000000000000
174 4.600000000000000 6.400000000000000
175 4.600000000000000 3.300000000000000
176 4.600000000000000 3.700000000000000
177 4.600000000000000 6.600000000000000
178 4.700000000000000 2.300000000000000
179 4.700000000000000 4.400000000000000
180 4.700000000000000 2.200000000000000
181 4.700000000000000 1.600000000000000
182 4.700000000000000 3.400000000000000
183 4.700000000000000 7.300000000000000
184 4.700000000000000 3.600000000000000
185 4.700000000000000 2.900000000000000
186 4.800000000000000 3.900000000000000
187 4.800000000000000 2.800000000000000
188 4.800000000000000 4.800000000000000
189 4.800000000000000 1.800000000000000
190 4.800000000000000 6.800000000000000
191 4.800000000000000 6.100000000000000
192 4.900000000000000 2.500000000000000
193 4.900000000000000 2.500000000000000
194 4.900000000000000 3.400000000000000
195 4.900000000000000 3.200000000000000
196 4.900000000000000 6.200000000000000
197 4.900000000000000 5.200000000000000
198 4.900000000000000 3.700000000000000
199 4.900000000000000 1.300000000000000
200 4.900000000000000 1.800000000000000
201 4.900000000000000 2.300000000000000
202 4.900000000000000 6.600000000000000
203 4.900000000000000 5.600000000000000
204 5.000000000000000 5.600000000000000
205 5.000000000000000 5.000000000000000
206 5.000000000000000 3.900000000000000
207 5.000000000000000 7.500000000000000
208 5.000000000000000 4.000000000000000
209 5.000000000000000 8.900000000000000
210 5.000000000000000 2.800000000000000
211 5.100000000000000 4.300000000000000
212 5.100000000000000 3.800000000000000
213 5.100000000000000 3.300000000000000
214 5.100000000000000 8.199999999999999
215 5.200000000000000 6.500000000000000
216 5.200000000000000 5.500000000000000
217 5.200000000000000 3.800000000000000
218 5.200000000000000 7.500000000000000
219 5.200000000000000 4.200000000000000
220 5.300000000000000 3.500000000000000
221 5.300000000000000 4.300000000000000
222 5.300000000000000 7.200000000000000
223 5.300000000000000 8.400000000000000
224 5.300000000000000 4.000000000000000
225 5.300000000000000 5.700000000000000
226 5.300000000000000 5.100000000000000
227 5.300000000000000 6.100000000000000
228 5.400000000000000 4.900000000000000
229 5.400000000000000 6.200000000000000
230 5.400000000000000 6.900000000000000
231 5.400000000000000 7.700000000000000
232 5.400000000000000 5.700000000000000
233 5.400000000000000 5.200000000000000
234 5.400000000000000 6.300000000000000
235 5.400000000000000 4.600000000000000
236 5.400000000000000 5.100000000000000
237 5.400000000000000 8.500000000000000
238 5.500000000000000 8.300000000000001
239 5.500000000000000 8.100000000000000
240 5.500000000000000 3.400000000000000
241 5.500000000000000 5.500000000000000
242 5.500000000000000 5.600000000000000
243 5.600000000000000 4.200000000000000
244 5.600000000000000 6.100000000000000
245 5.600000000000000 6.700000000000000
246 5.600000000000000 2.500000000000000
247 5.700000000000000 8.100000000000000
248 5.700000000000000 3.400000000000000
249 5.700000000000000 7.700000000000000
250 5.700000000000000 2.400000000000000
251 5.700000000000000 5.800000000000000
252 5.700000000000000 3.600000000000000
253 5.700000000000000 6.400000000000000
254 5.700000000000000 4.700000000000000
255 5.800000000000000 5.800000000000000
256 5.800000000000000 5.400000000000000
257 5.800000000000000 4.200000000000000
258 5.800000000000000 8.100000000000000
259 5.800000000000000 5.700000000000000
260 5.800000000000000 5.400000000000000
261 5.800000000000000 6.100000000000000
262 5.800000000000000 7.500000000000000
263 5.800000000000000 8.500000000000000
264 5.900000000000000 4.300000000000000
265 5.900000000000000 4.800000000000000
266 5.900000000000000 7.400000000000000
267 5.900000000000000 6.200000000000000
268 5.900000000000000 5.600000000000000
269 5.900000000000000 3.800000000000000
270 5.900000000000000 7.200000000000000
271 6.000000000000000 8.500000000000000
272 6.000000000000000 4.000000000000000
273 6.000000000000000 4.200000000000000
274 6.000000000000000 4.500000000000000
275 6.000000000000000 3.500000000000000
276 6.000000000000000 5.400000000000000
277 6.000000000000000 6.300000000000000
278 6.000000000000000 6.900000000000000
279 6.000000000000000 8.500000000000000
280 6.000000000000000 4.500000000000000
281 6.000000000000000 8.000000000000000
282 6.000000000000000 4.900000000000000
283 6.000000000000000 6.500000000000000
284 6.100000000000000 5.600000000000000
285 6.100000000000000 8.000000000000000
286 6.100000000000000 4.300000000000000
287 6.100000000000000 5.200000000000000
288 6.200000000000000 3.800000000000000
289 6.200000000000000 4.800000000000000
290 6.200000000000000 5.700000000000000
291 6.200000000000000 3.500000000000000
292 6.200000000000000 8.300000000000001
293 6.200000000000000 4.600000000000000
294 6.200000000000000 5.800000000000000
295 6.200000000000000 7.200000000000000
296 6.200000000000000 3.700000000000000
297 6.200000000000000 8.100000000000000
298 6.200000000000000 5.800000000000000
299 6.200000000000000 4.800000000000000
300 6.200000000000000 5.900000000000000
301 6.200000000000000 4.400000000000000
302 6.200000000000000 7.700000000000000
303 6.300000000000000 8.600000000000000
304 6.300000000000000 6.000000000000000
305 6.300000000000000 4.900000000000000
306 6.300000000000000 7.500000000000000
307 6.300000000000000 5.800000000000000
308 6.300000000000000 6.300000000000000
309 6.400000000000000 4.200000000000000
310 6.400000000000000 4.700000000000000
311 6.400000000000000 8.600000000000000
312 6.400000000000000 7.100000000000000
313 6.400000000000000 6.300000000000000
314 6.400000000000000 6.200000000000000
315 6.400000000000000 4.400000000000000
316 6.400000000000000 3.700000000000000
317 6.500000000000000 8.100000000000000
318 6.500000000000000 6.200000000000000
319 6.500000000000000 7.800000000000000
320 6.500000000000000 4.200000000000000
321 6.500000000000000 4.200000000000000
322 6.600000000000000 4.300000000000000
323 6.600000000000000 6.300000000000000
324 6.600000000000000 3.800000000000000
325 6.700000000000000 5.500000000000000
326 6.700000000000000 6.300000000000000
327 6.700000000000000 5.400000000000000
328 6.700000000000000 5.700000000000000
329 6.700000000000000 5.300000000000000
330 6.700000000000000 7.700000000000000
331 6.800000000000000 3.600000000000000
332 6.800000000000000 7.400000000000000
333 6.800000000000000 4.700000000000000
334 6.800000000000000 3.300000000000000
335 6.800000000000000 6.700000000000000
336 6.800000000000000 3.700000000000000
337 6.800000000000000 5.500000000000000
338 6.900000000000000 7.600000000000000
339 6.900000000000000 8.900000000000000
340 6.900000000000000 3.900000000000000
341 6.900000000000000 7.400000000000000
342 6.900000000000000 7.200000000000000
343 6.900000000000000 7.700000000000000
344 6.900000000000000 3.500000000000000
345 7.000000000000000 9.000000000000000
346 7.000000000000000 5.900000000000000
347 7.000000000000000 4.300000000000000
348 7.000000000000000 3.100000000000000
349 7.000000000000000 3.500000000000000
350 7.000000000000000 6.000000000000000
351 7.000000000000000 4.300000000000000
352 7.000000000000000 6.800000000000000
353 7.100000000000000 5.800000000000000
354 7.100000000000000 9.100000000000000
355 7.100000000000000 4.500000000000000
356 7.100000000000000 8.100000000000000
357 7.200000000000000 8.600000000000000
358 7.200000000000000 7.800000000000000
359 7.200000000000000 5.800000000000000
360 7.200000000000000 8.600000000000000
361 7.200000000000000 3.700000000000000
362 7.200000000000000 3.100000000000000
363 7.200000000000000 7.500000000000000
364 7.200000000000000 4.000000000000000
365 7.300000000000000 8.199999999999999
366 7.300000000000000 3.000000000000000
367 7.300000000000000 3.200000000000000
368 7.300000000000000 5.800000000000000
369 7.300000000000000 5.900000000000000
370 7.400000000000000 5.800000000000000
371 7.400000000000000 4.700000000000000
372 7.400000000000000 6.700000000000000
373 7.400000000000000 3.800000000000000
374 7.400000000000000 7.200000000000000
375 7.400000000000000 4.900000000000000
376 7.500000000000000 5.900000000000000
377 7.500000000000000 5.400000000000000
378 7.500000000000000 4.700000000000000
379 7.500000000000000 3.800000000000000
380 7.500000000000000 8.000000000000000
381 7.500000000000000 7.400000000000000
382 7.500000000000000 4.700000000000000
383 7.500000000000000 9.400000000000000
384 7.500000000000000 3.800000000000000
385 7.500000000000000 4.900000000000000
386 7.600000000000000 7.600000000000000
387 7.600000000000000 4.600000000000000
388 7.600000000000000 9.500000000000000
389 7.600000000000000 6.000000000000000
390 7.600000000000000 6.500000000000000
391 7.600000000000000 9.400000000000000
392 7.700000000000000 8.800000000000001
393 7.700000000000000 9.199999999999999
394 7.700000000000000 7.800000000000000
395 7.700000000000000 4.100000000000000
396 7.800000000000000 5.500000000000000
397 7.800000000000000 5.800000000000000
398 7.800000000000000 3.400000000000000
399 7.800000000000000 6.000000000000000
400 7.800000000000000 7.300000000000000
401 7.800000000000000 2.500000000000000
402 7.800000000000000 4.000000000000000
403 7.800000000000000 8.400000000000000
404 7.800000000000000 5.200000000000000
405 7.900000000000000 3.100000000000000
406 7.900000000000000 3.600000000000000
407 7.900000000000000 3.400000000000000
408 7.900000000000000 4.300000000000000
409 7.900000000000000 4.200000000000000
410 7.900000000000000 6.000000000000000
411 8.000000000000000 5.800000000000000
412 8.000000000000000 2.300000000000000
413 8.000000000000000 2.300000000000000
414 8.000000000000000 3.600000000000000
415 8.000000000000000 6.500000000000000
416 8.000000000000000 8.000000000000000
417 8.000000000000000 7.300000000000000
418 8.000000000000000 4.300000000000000
419 8.100000000000000 2.300000000000000
420 8.100000000000000 7.400000000000000
421 8.100000000000000 6.300000000000000
422 8.100000000000000 4.000000000000000
423 8.100000000000000 6.900000000000000
424 8.100000000000000 2.400000000000000
425 8.100000000000000 2.700000000000000
426 8.100000000000000 5.700000000000000
427 8.100000000000000 7.200000000000000
428 8.199999999999999 2.600000000000000
429 8.199999999999999 5.000000000000000
430 8.199999999999999 7.000000000000000
431 8.199999999999999 4.400000000000000
432 8.199999999999999 3.000000000000000
433 8.199999999999999 4.900000000000000
434 8.199999999999999 4.400000000000000
435 8.199999999999999 5.200000000000000
436 8.199999999999999 3.100000000000000
437 8.199999999999999 6.000000000000000
438 8.300000000000001 2.400000000000000
439 8.300000000000001 5.600000000000000
440 8.300000000000001 6.200000000000000
441 8.400000000000000 3.100000000000000
442 8.400000000000000 7.200000000000000
443 8.400000000000000 2.500000000000000
444 8.400000000000000 6.400000000000000
445 8.400000000000000 2.100000000000000
446 8.400000000000000 2.800000000000000
447 8.400000000000000 4.200000000000000
448 8.400000000000000 6.300000000000000
449 8.500000000000000 5.400000000000000
450 8.500000000000000 5.900000000000000
451 8.500000000000000 7.800000000000000
452 8.500000000000000 4.100000000000000
453 8.500000000000000 5.300000000000000
454 8.500000000000000 5.400000000000000
455 8.500000000000000 3.400000000000000
456 8.600000000000000 4.800000000000000
457 8.600000000000000 6.100000000000000
458 8.600000000000000 6.200000000000000
459 8.600000000000000 6.900000000000000
460 8.600000000000000 7.700000000000000
461 8.600000000000000 6.300000000000000
462 8.699999999999999 7.200000000000000
463 8.699999999999999 7.700000000000000
464 8.699999999999999 6.200000000000000
465 8.699999999999999 6.600000000000000
466 8.800000000000001 6.200000000000000
467 8.800000000000001 4.600000000000000
468 8.800000000000001 5.100000000000000
469 8.800000000000001 6.500000000000000
470 8.900000000000000 7.600000000000000
471 8.900000000000000 4.400000000000000
472 8.900000000000000 5.800000000000000
473 9.000000000000000 6.700000000000000
474 9.000000000000000 6.300000000000000
475 9.000000000000000 4.800000000000000
476 9.100000000000000 6.300000000000000
477 9.100000000000000 6.300000000000000
478 9.100000000000000 4.500000000000000
479 9.100000000000000 7.300000000000000
480 9.100000000000000 4.200000000000000
481 9.100000000000000 3.800000000000000
482 9.100000000000000 4.400000000000000
483 9.199999999999999 6.400000000000000
484 9.300000000000001 7.800000000000000
485 9.300000000000001 7.800000000000000
486 9.400000000000000 6.700000000000000
487 9.600000000000000 7.300000000000000
