322
0 5.700000000000000 0.430000000000000
1 1.300000000000000 7.180000000000000
2 2.149955797347841 5.876090538159561
3 2.970042541167606 4.618002919799695
4 4.200774574782400 2.729948095504273
5 2.049273143084418 6.030546882768221
6 2.312565527305383 5.626632429701969
7 3.502712400221291 3.800838931478701
8 1.599383805363496 6.720718025862817
9 2.728519155675706 4.988521749815678
10 5.037151138329204 1.446870412790426
11 2.728012611981382 4.989298833892197
12 4.177237281841812 2.766056442629039
13 3.103921811017537 4.412619949007187
14 9.699999999999999 4.690000000000000
15 6.900000000000000 2.080000000000000
16 8.956858667924285 3.997286115457995
17 8.861689911616446 3.908575239042475
18 8.561845386533665 3.629077306733167
19 8.440069671731866 3.515564944007205
20 8.599322275557245 3.664011121144432
21 7.035102103172583 2.205934460457300
22 8.474005656978374 3.547198130254842
23 9.078400273290713 4.110580254745987
24 9.326822751651108 4.342145493503355
25 7.183596685690927 2.344352624876185
26 9.119999999999999 3.900000000000000
27 8.029999999999999 4.550000000000000
28 9.070590976488033 3.929464096589705
29 1.460000000000000 9.449999999999999
30 8.980000000000000 3.820000000000000
31 5.120872311991252 6.709213947272507
32 5.842107089957102 6.169246952598606
33 7.183328191290743 5.165114665296957
34 6.655859492938248 5.560014767919903
35 5.249209256684929 6.613131899582958
36 6.658177279391371 5.558279510242897
37 5.334138265316695 6.549548080620612
38 6.325724482512491 5.807177016416846
39 7.977571374149061 4.570488452598509
40 5.947583395931695 6.090279984162841
41 4.510671934285854 7.166052793879073
42 5.264245475731512 6.601874730270158
43 3.158970526759042 8.178031374248217
44 7.156259555246700 5.185380146803336
45 6.644438561679840 5.568565278955120
46 6.560000000000000 4.630000000000000
47 9.520000000000000 3.150000000000000
48 7.942063789868670 3.938968105065665
49 7.003210702341137 4.408394648829431
50 6.996536885245901 4.411731557377049
51 8.825046728971961 3.497476635514020
52 9.386355685131194 3.216822157434403
53 8.195494327390602 3.812252836304699
54 6.980429184549356 4.419785407725322
55 9.366891241578440 3.226554379210779
56 3.470000000000000 6.630000000000000
57 7.270000000000000 3.490000000000000
58 6.452199325218311 4.165761610214343
59 4.744827277944553 5.576590091382659
60 6.864387785334765 3.825163777381273
61 5.867830345035407 4.648634925418111
62 5.824385292274892 4.684534258488642
63 5.487315213354018 4.963060586860101
64 5.666926113931190 4.814645263751595
65 4.154247005799861 6.064595895207484
66 5.092355379532536 5.289422133754694
67 3.829099417991219 6.333270480923045
68 6.847138805401515 3.839416881852432
69 3.699632430797156 6.440251096657087
70 5.848578500643558 4.664543028415586
71 9.070000000000000 2.980000000000000
72 4.609612634799926 6.772208443212152
73 5.522105665109012 5.996409506799566
74 7.068297620664212 4.681841576123857
75 6.865160137764788 4.854548476828098
76 6.074469323081721 5.526791521637485
77 5.474796232876712 6.036631849315069
78 6.394450267618198 5.254744647636040
79 5.467288055809225 6.043015279752209
80 6.116115298976938 5.491384233327098
81 6.537225315358200 5.133357714800584
82 5.692571366828468 5.851480060002604
83 4.361194343588764 6.983412956239251
84 3.034614026017578 8.111267707183478
85 7.045136740222509 4.701532889718839
86 6.379417101738548 5.267525801807043
87 5.150000000000000 7.810000000000000
88 8.270000000000000 6.470000000000000
89 7.227729451211426 6.917641838261759
90 7.565900958549899 6.772401511392030
91 6.110744634477808 7.397372496730685
92 7.673076452131323 6.726371010943598
93 7.099388341901194 6.972762699311667
94 7.524797319932999 6.790054997208263
95 7.666285659319518 6.729287569394822
96 1.250000000000000 2.960000000000000
97 2.790000000000000 7.950000000000000
98 2.197071630221542 6.028758074549021
99 2.520640192172040 7.077204259050960
100 2.506486799555963 7.031343590768997
101 1.519979121015421 3.834802476536983
102 2.184651300305839 5.988512979562427
103 2.132568219619678 5.819750270066359
104 2.417580335291726 6.743263553964749
105 2.443005613989805 6.825648060915016
106 1.359981251065280 3.316367820010226
107 1.975455034093003 5.310662740340316
108 2.304787718103973 6.377786177492744
109 6.100000000000000 1.020000000000000
110 3.199704056779195 4.742046460466700
111 4.499586616716186 3.073863841880894
112 2.242404343519571 5.970581092483217
113 3.519123218473747 4.332125202958691
114 3.751544237170060 4.033851562298423
115 1.609867814325238 6.782336304949277
116 2.871507247653875 5.163232365510860
117 5.600575982326021 1.660927489348272
118 2.856974789915966 5.181882352941177
119 4.475466987238764 3.104817366376919
120 2.719202995453330 5.358689489168226
121 2.060000000000000 7.290000000000000
122 5.740000000000000 5.590000000000000
123 2.661173504469402 7.012283978913591
124 5.216985811745326 5.831609815226344
125 5.565135807142672 5.670779654309092
126 5.521251953255426 5.691052086811352
127 3.911936814654896 6.434485710621379
128 3.746842826965126 6.510751954934588
129 5.940000000000000 1.960000000000000
130 6.221691270083438 3.173089824391578
131 6.053416785206259 2.448423897581792
132 6.900000000000000 6.490000000000000
133 6.522162741725226 6.536554947894571
134 6.360215429403202 6.556509170305677
135 4.341652999289726 6.805224898301802
136 5.216208499877641 6.697467166979362
137 5.297901431985196 6.687401430701824
138 6.788103338907791 6.503787267170290
139 2.246969806885946 7.063319791651553
140 1.669776020932413 7.134438311706542
141 4.226929197548774 6.819360509587741
142 5.156005402795443 6.704885048584133
143 5.813379150876743 6.623887211766973
144 2.014360855622172 7.091980537432268
145 1.400000000000000 3.770000000000000
146 8.380000000000001 7.540000000000000
147 7.655460879452454 7.148665833171311
148 6.387684745412074 6.463921416934602
149 5.473512877878152 5.970163832321007
150 5.496043605697537 5.982333007661850
151 5.484831211885922 5.976277029915462
152 8.061820859731187 7.368146796731601
153 4.294569389293430 5.333399226022383
154 3.158031161673691 4.719538320846678
155 6.970630595486552 6.778778989252765
156 5.021133879875141 5.725827324803622
157 3.865145304462949 5.101461002553770
158 1.993679822974365 4.090655147938876
159 2.469774646195587 4.347800919220252
160 5.763467957271676 6.126772807867367
161 7.600317405662592 7.118882037155871
162 2.201355083064468 4.202823590709605
163 6.172309664553806 6.347594188448117
164 3.011333799994592 4.640304932088769
165 7.870000000000000 8.050000000000001
166 6.280000000000000 1.370000000000000
167 7.000680568924155 4.397764905920347
168 7.090918537131991 4.776877879271508
169 7.510371134020619 6.539106399533164
170 6.477523163447270 2.199845743287900
171 7.121428565614055 4.905058376290495
172 6.428461245849054 1.993723976271498
173 6.423681432787852 1.973642749070975
174 7.107720936965015 4.847469093664335
175 7.264645495764545 5.506749630004502
176 7.514637175757784 6.557029140919496
177 5.570000000000000 9.220000000000001
178 6.831398143091207 4.968346258874931
179 5.686134489552011 8.828558455804105
180 6.656833255602740 5.556732614939001
181 6.503201878977354 6.074560725564567
182 6.814600916933347 5.024962791748186
183 5.735402755157438 8.662495419381107
184 6.772654712863037 5.166346173702820
185 6.986414950661548 4.445848431005489
186 6.496156637912897 6.098307332211235
187 6.651083359979676 5.576113145480269
188 9.539999999999999 2.970000000000000
189 5.511882640586798 5.941855474055963
190 6.413495981885184 5.276665186698041
191 5.489547932914626 5.958333525049654
192 6.118201336685905 5.494527013822843
193 6.687150904973070 5.074768665664313
194 5.666927708370393 5.827466668491176
195 4.262907920725159 6.863321267376104
196 9.391620947630923 3.079470767525630
197 9.372156583407040 3.093831142908582
198 7.495684168897543 4.478250790946701
199 7.066567017620424 4.794843889222264
200 6.397713692136861 5.288309009356803
201 4.690000000000000 9.000000000000000
202 8.060000000000000 8.420000000000000
203 5.848450119476420 8.800622828101980
204 7.905255336875316 8.446632612644605
205 5.000000000000000 7.250000000000000
206 5.540000000000000 5.870000000000000
207 5.457033898305085 6.082024482109227
208 5.247306014808804 6.617995739933058
209 4.140000000000000 2.660000000000000
210 5.841721129825127 4.618584696591184
211 8.131587078117271 7.254090788021764
212 6.002135629768881 4.803212705960410
213 4.592367322484636 3.180649182482316
214 6.351905731742799 5.205778295024730
215 5.032058075455701 3.686708350996185
216 6.523589925505498 5.403377084072366
217 7.451638237820591 6.471508160510490
218 6.874404313161081 5.807144586845773
219 1.070000000000000 6.550000000000000
220 1.480000000000000 4.820000000000000
221 1.139497391718435 6.256754908114894
222 1.361244730065404 5.321089309724027
223 0.170000000000000 0.680000000000000
224 9.369999999999999 3.140000000000000
225 6.580000000000000 1.810000000000000
226 5.774619545478131 4.873854744980024
227 5.755217770320314 4.947663614495736
228 5.611289027592243 5.495202059053848
229 5.552191104642132 5.720024316202684
230 5.011290578954891 7.777735839848855
231 6.526696155866268 2.012780232445255
232 5.339112476814574 6.530625022065195
233 6.473821085484983 2.213929309715861
234 5.188068658737851 7.105230869669235
235 5.833994828177984 4.647977346772644
236 7.920000000000000 7.600000000000000
237 9.290270441032121 5.359838773368836
238 8.130238890665506 7.256294847282796
239 1.890000000000000 6.080000000000000
240 5.717913368428397 4.891461587961204
241 3.460142034710257 5.592482665882254
242 4.928969032619761 5.136422891370738
243 3.270905729872799 5.651239120275041
244 3.188425426170088 5.676848636413999
245 5.977414370843984 4.810888471579491
246 2.503321319777863 5.889568326835567
247 3.775886200589431 4.056646012579449
248 2.812117456028768 5.090666692962301
249 5.902074785104709 1.775473294340962
250 2.802676079675239 5.100796278981691
251 4.566581372130004 3.208314746530223
252 2.840637350144688 5.060067899958661
253 5.020000000000000 3.840000000000000
254 6.014151875647241 5.337768286336962
255 6.238063140901308 5.675108284647365
256 7.814031574894107 8.049429149018096
257 6.511251361051740 6.086687905795056
258 1.010000000000000 4.160000000000000
259 0.820000000000000 2.140000000000000
260 0.874899524012372 2.723668623710481
261 2.555371947120771 6.689416311897826
262 5.400197845151784 5.577693858432512
263 1.653991103795758 7.041664694950543
264 3.741286386809982 6.225975750771136
265 6.995496875739372 4.954270908886397
266 7.094313059022319 4.915654777826345
267 3.594544957466272 6.283320469816300
268 6.331929767836059 5.213584652390960
269 2.106775344966249 6.864722264894318
270 4.312475675599176 4.559122410999228
271 3.341018526320858 5.736906742425154
272 6.439932170012581 1.979816749630764
273 6.424383135163781 1.998668234358956
274 3.278996554882037 5.812101521957176
275 5.010619463430981 3.712700296548279
276 5.990000000000000 6.130000000000000
277 2.994769607484833 3.325188034500401
278 5.874109468579080 6.021477079683160
279 3.394072217607577 3.699105427141116
280 1.880000000000000 8.369999999999999
281 0.930963148853937 2.792170205056632
282 1.512801618295317 6.211843473565871
283 1.715480576326828 7.403060368411453
284 1.766329686910600 7.701918820238714
285 0.610000000000000 2.400000000000000
286 6.650000000000000 9.779999999999999
287 2.367376307424118 4.547257806091058
288 4.581057464752291 7.252053657263561
289 2.722870385428521 4.981619775573258
290 1.001977660740165 2.878939592096426
291 2.822857829852959 5.103789864952788
292 9.180000000000000 8.430000000000000
293 8.177339319701332 2.412365428724806
294 1.370000000000000 6.490000000000000
295 4.630000000000000 0.140000000000000
296 2.395421633763980 4.492629639754211
297 3.611647868189237 2.123600011349184
298 4.440000000000000 1.220000000000000
299 6.418153300037149 1.971542493911751
300 7.446861948816531 2.362370779766911
301 2.240000000000000 9.480000000000000
302 3.446093786268047 8.332180144840072
303 7.083866924982897 4.870170569196365
304 6.510217806495950 5.416103112412346
305 1.856970406286574 7.479022460012261
306 8.199999999999999 9.730000000000000
307 7.235261635053613 5.529368369295939
308 7.455976017726028 6.490395577182081
309 3.820000000000000 6.620000000000000
310 2.815990070651136 5.120678505505697
311 9.300000000000001 3.940000000000000
312 6.862523905271650 5.816289738035079
313 9.165190555501127 4.043771921230528
314 9.330370649958480 4.243364535366497
315 2.420000000000000 0.770000000000000
316 3.901064697266341 2.452350335653210
317 8.756932376022707 2.452033394556688
318 7.120000000000000 2.340000000000000
319 9.750000000000000 2.520000000000000
320 4.390000000000000 1.250000000000000
321 1.210000000000000 9.070000000000000
574
1 8
8 5
5 2
2 6
6 11
11 9
9 3
3 13
13 7
7 12
12 4
4 10
10 0
15 21
21 25
25 19
19 22
22 18
18 20
20 17
17 16
16 23
23 24
24 14
27 16
16 28
28 26
29 43
43 41
41 31
31 35
35 42
42 37
37 32
32 40
40 38
38 45
45 34
34 36
36 44
44 33
33 39
39 17
17 30
46 54
54 50
50 49
49 48
48 53
53 18
18 51
51 55
55 52
52 47
56 69
69 67
67 65
65 59
59 66
66 63
63 64
64 62
62 70
70 61
61 58
58 68
68 60
60 57
29 84
84 83
83 72
72 79
79 77
77 73
73 82
82 76
76 80
80 86
86 78
78 81
81 75
75 85
85 74
74 48
48 19
19 71
87 91
91 93
93 89
89 94
94 90
90 95
95 92
92 88
96 106
106 101
101 107
107 103
103 2
2 102
102 98
98 108
108 104
104 105
105 100
100 99
99 97
1 115
115 98
98 112
112 120
120 118
118 116
116 110
110 113
113 114
114 119
119 111
111 117
117 109
121 99
99 123
123 128
128 127
127 124
124 126
126 125
125 122
129 131
131 130
130 58
58 46
1 140
140 144
144 139
139 100
100 123
123 141
141 135
135 72
72 31
31 142
142 136
136 137
137 143
143 134
134 133
133 138
138 132
145 101
101 158
158 162
162 159
159 3
3 164
164 154
154 110
110 157
157 153
153 59
59 156
156 124
124 149
149 151
151 150
150 73
73 160
160 32
32 163
163 148
148 133
133 155
155 89
89 161
161 147
147 152
152 146
166 173
173 172
172 170
170 60
60 167
167 49
49 74
74 168
168 174
174 171
171 33
33 175
175 169
169 176
176 90
90 147
147 165
177 179
179 183
183 91
91 134
134 148
148 186
186 181
181 187
187 34
34 180
180 184
184 182
182 178
178 75
75 185
185 50
50 167
167 57
97 195
195 135
135 149
149 191
191 189
189 194
194 76
76 192
192 200
200 190
190 193
193 178
178 199
199 168
168 198
198 20
20 51
51 197
197 196
196 188
201 179
179 203
203 204
204 202
205 136
136 208
208 35
35 207
207 77
77 150
150 189
189 206
209 4
4 111
111 213
213 215
215 210
210 61
61 212
212 214
214 78
78 190
190 216
216 180
180 36
36 218
218 217
217 169
169 92
92 211
211 146
219 221
221 222
222 220
223 221
221 1
224 52
52 14
201 230
230 234
234 137
137 37
37 232
232 207
207 79
79 151
151 191
191 229
229 125
125 228
228 227
227 226
226 62
62 235
235 210
210 130
130 233
233 170
170 231
231 225
236 152
152 238
238 211
211 237
237 14
239 5
5 102
102 112
112 246
246 244
244 243
243 241
241 153
153 242
242 63
63 240
240 226
226 245
245 212
212 46
239 103
103 6
6 250
250 248
248 252
252 154
154 113
113 247
247 251
251 213
213 249
249 166
253 64
64 240
240 227
227 254
254 80
80 192
192 255
255 38
38 181
181 257
257 138
138 155
155 93
93 256
256 202
259 260
260 258
1 263
263 269
269 104
104 261
261 267
267 264
264 65
65 156
156 262
262 228
228 254
254 268
268 214
214 81
81 193
193 182
182 265
265 266
266 171
171 39
39 27
121 139
139 105
105 261
261 274
274 271
271 241
241 157
157 270
270 275
275 215
215 131
131 273
273 172
172 272
272 225
223 277
277 279
279 7
7 114
114 247
247 270
270 242
242 66
66 262
262 126
126 229
229 194
194 82
82 278
278 40
40 276
259 281
281 222
222 282
282 8
8 115
115 263
263 140
140 283
283 284
284 280
285 260
260 281
281 290
290 106
106 158
158 287
287 289
289 9
9 248
248 291
291 116
116 243
243 271
271 264
264 67
67 127
127 141
141 195
195 83
83 41
41 288
288 230
230 183
183 203
203 286
202 292
166 293
293 196
196 47
294 282
282 107
107 287
287 296
296 159
159 277
277 297
297 295
298 10
10 117
117 249
249 299
299 173
173 272
272 231
231 21
21 300
300 197
197 47
301 302
302 288
288 142
142 208
208 42
42 232
232 160
160 278
278 255
255 304
304 216
216 184
184 265
265 303
303 174
174 198
198 53
53 22
22 71
1 283
283 305
305 84
84 43
43 302
302 201
166 299
299 273
273 233
233 68
68 54
54 185
185 85
85 199
199 303
303 266
266 44
44 307
307 217
217 308
308 94
94 161
161 256
256 204
204 306
259 162
162 296
296 289
289 11
11 250
250 310
310 118
118 244
244 274
274 267
267 69
69 128
128 309
205 234
234 143
143 163
163 186
186 257
257 312
312 218
218 307
307 175
175 23
23 313
313 311
292 237
237 24
24 314
314 55
55 224
315 297
297 316
316 12
12 119
119 251
251 275
275 235
235 70
70 245
245 268
268 86
86 200
200 304
304 45
45 187
187 312
312 308
308 176
176 95
95 238
238 146
259 290
290 220
0 317
317 188
318 25
25 300
300 293
293 317
317 319
30 28
28 313
313 314
314 14
321 284
284 305
305 144
144 269
269 108
108 246
246 120
120 310
310 291
291 252
252 164
164 13
13 279
279 316
316 320
576
0 0.500000000000000 2.100000000000000
1 0.500000000000000 2.300000000000000
2 0.600000000000000 1.900000000000000
3 0.600000000000000 1.900000000000000
4 0.600000000000000 1.700000000000000
5 0.600000000000000 1.700000000000000
6 0.700000000000000 3.700000000000000
7 0.800000000000000 3.900000000000000
8 0.800000000000000 2.600000000000000
9 0.800000000000000 2.900000000000000
10 0.800000000000000 2.400000000000000
11 0.800000000000000 1.400000000000000
12 0.900000000000000 1.500000000000000
13 0.900000000000000 3.900000000000000
14 0.900000000000000 1.500000000000000
15 0.900000000000000 3.000000000000000
16 1.000000000000000 3.500000000000000
17 1.000000000000000 5.300000000000000
18 1.000000000000000 5.200000000000000
19 1.000000000000000 4.600000000000000
20 1.100000000000000 2.200000000000000
21 1.100000000000000 4.300000000000000
22 1.100000000000000 5.800000000000000
23 1.100000000000000 5.400000000000000
24 1.100000000000000 2.000000000000000
25 1.200000000000000 5.400000000000000
26 1.200000000000000 3.500000000000000
27 1.200000000000000 6.400000000000000
28 1.200000000000000 3.200000000000000
29 1.200000000000000 4.300000000000000
30 1.200000000000000 6.300000000000000
31 1.200000000000000 3.200000000000000
32 1.300000000000000 3.100000000000000
33 1.300000000000000 5.100000000000000
34 1.300000000000000 2.300000000000000
35 1.300000000000000 4.100000000000000
36 1.400000000000000 2.000000000000000
37 1.400000000000000 6.400000000000000
38 1.400000000000000 3.800000000000000
39 1.400000000000000 7.200000000000000
40 1.400000000000000 3.400000000000000
41 1.400000000000000 2.400000000000000
42 1.400000000000000 3.900000000000000
43 1.400000000000000 7.000000000000000
44 1.400000000000000 6.700000000000000
45 1.400000000000000 4.200000000000000
46 1.500000000000000 8.500000000000000
47 1.500000000000000 3.100000000000000
48 1.500000000000000 5.500000000000000
49 1.500000000000000 6.500000000000000
50 1.500000000000000 2.700000000000000
51 1.500000000000000 4.300000000000000
52 1.500000000000000 8.100000000000000
53 1.500000000000000 6.200000000000000
54 1.600000000000000 6.900000000000000
55 1.600000000000000 2.500000000000000
56 1.600000000000000 8.100000000000000
57 1.600000000000000 3.700000000000000
58 1.600000000000000 4.700000000000000
59 1.600000000000000 4.200000000000000
60 1.600000000000000 8.500000000000000
61 1.600000000000000 8.100000000000000
62 1.600000000000000 8.000000000000000
63 1.600000000000000 7.700000000000000
64 1.700000000000000 2.700000000000000
65 1.700000000000000 8.699999999999999
66 1.700000000000000 4.500000000000000
67 1.700000000000000 8.400000000000000
68 1.700000000000000 5.900000000000000
69 1.700000000000000 7.400000000000000
70 1.800000000000000 8.900000000000000
71 1.800000000000000 8.300000000000001
72 1.800000000000000 7.600000000000000
73 1.800000000000000 9.000000000000000
74 1.900000000000000 3.100000000000000
75 1.900000000000000 5.400000000000000
76 1.900000000000000 3.200000000000000
77 1.900000000000000 6.300000000000000
78 1.900000000000000 3.200000000000000
79 2.000000000000000 8.800000000000001
80 2.000000000000000 7.600000000000000
81 2.000000000000000 7.600000000000000
82 2.000000000000000 5.100000000000000
83 2.000000000000000 6.600000000000000
84 2.100000000000000 5.800000000000000
85 2.100000000000000 5.500000000000000
86 2.100000000000000 8.800000000000001
87 2.100000000000000 5.400000000000000
88 2.100000000000000 7.900000000000000
89 2.100000000000000 5.100000000000000
90 2.100000000000000 4.500000000000000
91 2.200000000000000 7.500000000000000
92 2.200000000000000 4.700000000000000
93 2.200000000000000 3.000000000000000
94 2.200000000000000 5.200000000000000
95 2.200000000000000 6.200000000000000
96 2.200000000000000 7.200000000000000
97 2.200000000000000 5.900000000000000
98 2.200000000000000 4.600000000000000
99 2.300000000000000 4.700000000000000
100 2.300000000000000 8.199999999999999
101 2.300000000000000 4.100000000000000
102 2.300000000000000 6.900000000000000
103 2.300000000000000 8.500000000000000
104 2.300000000000000 4.800000000000000
105 2.400000000000000 2.800000000000000
106 2.400000000000000 7.100000000000000
107 2.400000000000000 7.600000000000000
108 2.400000000000000 3.000000000000000
109 2.400000000000000 4.000000000000000
110 2.400000000000000 6.400000000000000
111 2.400000000000000 8.699999999999999
112 2.400000000000000 7.600000000000000
113 2.500000000000000 5.000000000000000
114 2.500000000000000 8.199999999999999
115 2.500000000000000 6.000000000000000
116 2.500000000000000 3.900000000000000
117 2.500000000000000 7.000000000000000
118 2.500000000000000 5.500000000000000
119 2.500000000000000 7.300000000000000
120 2.500000000000000 4.600000000000000
121 2.500000000000000 4.400000000000000
122 2.500000000000000 8.600000000000000
123 2.500000000000000 5.200000000000000
124 2.600000000000000 3.500000000000000
125 2.600000000000000 7.600000000000000
126 2.600000000000000 5.300000000000000
127 2.600000000000000 5.200000000000000
128 2.700000000000000 3.500000000000000
129 2.700000000000000 7.500000000000000
130 2.700000000000000 7.000000000000000
131 2.700000000000000 5.400000000000000
132 2.700000000000000 6.600000000000000
133 2.700000000000000 4.300000000000000
134 2.700000000000000 7.100000000000000
135 2.800000000000000 7.300000000000000
136 2.800000000000000 3.200000000000000
137 2.800000000000000 3.400000000000000
138 2.900000000000000 4.900000000000000
139 2.900000000000000 8.100000000000000
140 2.900000000000000 5.400000000000000
141 2.900000000000000 6.700000000000000
142 2.900000000000000 6.900000000000000
143 2.900000000000000 4.400000000000000
144 2.900000000000000 5.000000000000000
145 3.000000000000000 4.500000000000000
146 3.000000000000000 5.200000000000000
147 3.000000000000000 4.900000000000000
148 3.000000000000000 5.900000000000000
149 3.000000000000000 8.199999999999999
150 3.000000000000000 4.600000000000000
151 3.000000000000000 5.000000000000000
152 3.000000000000000 5.100000000000000
153 3.000000000000000 4.000000000000000
154 3.000000000000000 6.100000000000000
155 3.100000000000000 4.200000000000000
156 3.100000000000000 4.100000000000000
157 3.100000000000000 3.200000000000000
158 3.100000000000000 6.100000000000000
159 3.100000000000000 8.000000000000000
160 3.100000000000000 5.100000000000000
161 3.200000000000000 6.900000000000000
162 3.200000000000000 8.000000000000000
163 3.200000000000000 3.000000000000000
164 3.200000000000000 7.800000000000000
165 3.300000000000000 8.100000000000000
166 3.300000000000000 5.500000000000000
167 3.300000000000000 3.300000000000000
168 3.300000000000000 6.900000000000000
169 3.400000000000000 3.700000000000000
170 3.400000000000000 7.900000000000000
171 3.400000000000000 7.200000000000000
172 3.400000000000000 8.300000000000001
173 3.400000000000000 3.800000000000000
174 3.400000000000000 4.900000000000000
175 3.400000000000000 3.700000000000000
176 3.400000000000000 6.500000000000000
177 3.500000000000000 7.500000000000000
178 3.500000000000000 5.600000000000000
179 3.500000000000000 5.700000000000000
180 3.500000000000000 2.700000000000000
181 3.500000000000000 6.300000000000000
182 3.600000000000000 3.800000000000000
183 3.600000000000000 2.900000000000000
184 3.600000000000000 6.700000000000000
185 3.600000000000000 2.800000000000000
186 3.600000000000000 7.100000000000000
187 3.600000000000000 5.100000000000000
188 3.600000000000000 6.400000000000000
189 3.600000000000000 3.200000000000000
190 3.600000000000000 2.600000000000000
191 3.700000000000000 7.600000000000000
192 3.700000000000000 6.800000000000000
193 3.700000000000000 3.800000000000000
194 3.700000000000000 6.700000000000000
195 3.700000000000000 2.300000000000000
196 3.700000000000000 6.200000000000000
197 3.800000000000000 5.500000000000000
198 3.800000000000000 3.700000000000000
199 3.800000000000000 3.300000000000000
200 3.800000000000000 4.500000000000000
201 3.800000000000000 4.600000000000000
202 3.900000000000000 6.600000000000000
203 3.900000000000000 7.900000000000000
204 3.900000000000000 3.600000000000000
205 3.900000000000000 5.000000000000000
206 3.900000000000000 3.700000000000000
207 3.900000000000000 6.400000000000000
208 3.900000000000000 8.400000000000000
209 4.000000000000000 6.200000000000000
210 4.000000000000000 4.600000000000000
211 4.000000000000000 5.100000000000000
212 4.100000000000000 3.000000000000000
213 4.100000000000000 2.900000000000000
214 4.100000000000000 6.500000000000000
215 4.100000000000000 8.500000000000000
216 4.200000000000000 5.200000000000000
217 4.200000000000000 7.100000000000000
218 4.200000000000000 6.000000000000000
219 4.200000000000000 7.700000000000000
220 4.200000000000000 7.900000000000000
221 4.200000000000000 3.300000000000000
222 4.200000000000000 7.700000000000000
223 4.300000000000000 3.500000000000000
224 4.300000000000000 8.400000000000000
225 4.400000000000000 3.300000000000000
226 4.400000000000000 2.600000000000000
227 4.400000000000000 7.300000000000000
228 4.400000000000000 5.500000000000000
229 4.400000000000000 7.100000000000000
230 4.500000000000000 7.100000000000000
231 4.500000000000000 5.500000000000000
232 4.500000000000000 3.600000000000000
233 4.500000000000000 6.200000000000000
234 4.500000000000000 3.300000000000000
235 4.500000000000000 4.600000000000000
236 4.500000000000000 2.600000000000000
237 4.500000000000000 7.300000000000000
238 4.500000000000000 8.400000000000000
239 4.600000000000000 3.800000000000000
240 4.600000000000000 3.800000000000000
241 4.600000000000000 4.200000000000000
242 4.600000000000000 6.400000000000000
243 4.600000000000000 4.800000000000000
244 4.700000000000000 3.600000000000000
245 4.700000000000000 3.100000000000000
246 4.700000000000000 8.100000000000000
247 4.700000000000000 3.000000000000000
248 4.700000000000000 4.300000000000000
249 4.700000000000000 8.800000000000001
250 4.700000000000000 5.900000000000000
251 4.700000000000000 5.800000000000000
252 4.800000000000000 4.800000000000000
253 4.800000000000000 8.400000000000000
254 4.800000000000000 8.600000000000000
255 4.800000000000000 5.300000000000000
256 4.800000000000000 6.500000000000000
257 4.800000000000000 2.700000000000000
258 4.800000000000000 5.300000000000000
259 4.800000000000000 3.900000000000000
260 4.800000000000000 2.700000000000000
261 4.800000000000000 6.000000000000000
262 4.800000000000000 2.100000000000000
263 4.900000000000000 8.300000000000001
264 4.900000000000000 2.000000000000000
265 4.900000000000000 3.400000000000000
266 4.900000000000000 2.300000000000000
267 4.900000000000000 5.500000000000000
268 4.900000000000000 6.500000000000000
269 4.900000000000000 4.200000000000000
270 4.900000000000000 7.300000000000000
271 4.900000000000000 4.300000000000000
272 4.900000000000000 4.800000000000000
273 5.000000000000000 7.300000000000000
274 5.000000000000000 4.600000000000000
275 5.000000000000000 7.500000000000000
276 5.000000000000000 4.400000000000000
277 5.000000000000000 1.600000000000000
278 5.000000000000000 2.900000000000000
279 5.100000000000000 7.800000000000000
280 5.100000000000000 7.700000000000000
281 5.100000000000000 4.000000000000000
282 5.100000000000000 6.700000000000000
283 5.100000000000000 2.400000000000000
284 5.100000000000000 2.300000000000000
285 5.100000000000000 4.100000000000000
286 5.100000000000000 6.900000000000000
287 5.100000000000000 4.200000000000000
288 5.200000000000000 2.700000000000000
289 5.200000000000000 6.700000000000000
290 5.200000000000000 2.700000000000000
291 5.200000000000000 5.600000000000000
292 5.200000000000000 5.700000000000000
293 5.200000000000000 4.800000000000000
294 5.200000000000000 2.100000000000000
295 5.200000000000000 5.800000000000000
296 5.200000000000000 8.000000000000000
297 5.200000000000000 4.500000000000000
298 5.200000000000000 6.200000000000000
299 5.200000000000000 3.900000000000000
300 5.200000000000000 6.000000000000000
301 5.200000000000000 8.000000000000000
302 5.300000000000000 5.600000000000000
303 5.300000000000000 8.500000000000000
304 5.300000000000000 7.900000000000000
305 5.300000000000000 6.100000000000000
306 5.300000000000000 7.400000000000000
307 5.300000000000000 4.100000000000000
308 5.400000000000000 2.500000000000000
309 5.400000000000000 6.900000000000000
310 5.500000000000000 7.000000000000000
311 5.500000000000000 7.000000000000000
312 5.500000000000000 2.000000000000000
313 5.500000000000000 2.200000000000000
314 5.500000000000000 6.900000000000000
315 5.500000000000000 6.200000000000000
316 5.500000000000000 5.600000000000000
317 5.600000000000000 3.600000000000000
318 5.600000000000000 4.900000000000000
319 5.600000000000000 7.500000000000000
320 5.600000000000000 1.600000000000000
321 5.600000000000000 7.100000000000000
322 5.600000000000000 4.300000000000000
323 5.600000000000000 5.500000000000000
324 5.600000000000000 0.900000000000000
325 5.600000000000000 0.600000000000000
326 5.600000000000000 5.800000000000000
327 5.600000000000000 1.900000000000000
328 5.600000000000000 3.700000000000000
329 5.700000000000000 4.700000000000000
330 5.700000000000000 8.000000000000000
331 5.700000000000000 8.300000000000001
332 5.700000000000000 3.600000000000000
333 5.700000000000000 5.600000000000000
334 5.700000000000000 0.500000000000000
335 5.700000000000000 6.800000000000000
336 5.700000000000000 1.600000000000000
337 5.700000000000000 7.800000000000000
338 5.700000000000000 4.300000000000000
339 5.700000000000000 2.000000000000000
340 5.700000000000000 6.700000000000000
341 5.800000000000000 6.200000000000000
342 5.800000000000000 1.700000000000000
343 5.800000000000000 2.000000000000000
344 5.800000000000000 1.200000000000000
345 5.800000000000000 1.700000000000000
346 5.800000000000000 3.500000000000000
347 5.800000000000000 8.199999999999999
348 5.900000000000000 5.500000000000000
349 5.900000000000000 8.300000000000001
350 5.900000000000000 4.100000000000000
351 5.900000000000000 4.100000000000000
352 5.900000000000000 8.100000000000000
353 5.900000000000000 2.300000000000000
354 5.900000000000000 2.300000000000000
355 5.900000000000000 6.900000000000000
356 6.000000000000000 6.900000000000000
357 6.000000000000000 1.200000000000000
358 6.000000000000000 6.100000000000000
359 6.000000000000000 3.600000000000000
360 6.000000000000000 1.700000000000000
361 6.100000000000000 2.800000000000000
362 6.100000000000000 8.199999999999999
363 6.100000000000000 2.000000000000000
364 6.100000000000000 3.300000000000000
365 6.100000000000000 3.400000000000000
366 6.100000000000000 2.300000000000000
367 6.200000000000000 4.200000000000000
368 6.200000000000000 2.800000000000000
369 6.200000000000000 8.500000000000000
370 6.200000000000000 4.300000000000000
371 6.200000000000000 4.700000000000000
372 6.200000000000000 2.600000000000000
373 6.200000000000000 4.900000000000000
374 6.200000000000000 7.400000000000000
375 6.200000000000000 2.200000000000000
376 6.200000000000000 1.300000000000000
377 6.200000000000000 3.300000000000000
378 6.300000000000000 5.100000000000000
379 6.300000000000000 4.500000000000000
380 6.300000000000000 5.400000000000000
381 6.300000000000000 2.100000000000000
382 6.300000000000000 1.600000000000000
383 6.300000000000000 1.200000000000000
384 6.300000000000000 4.500000000000000
385 6.300000000000000 2.400000000000000
386 6.300000000000000 2.800000000000000
387 6.300000000000000 8.600000000000000
388 6.300000000000000 6.600000000000000
389 6.400000000000000 1.200000000000000
390 6.400000000000000 7.200000000000000
391 6.400000000000000 5.100000000000000
392 6.400000000000000 6.400000000000000
393 6.400000000000000 8.100000000000000
394 6.400000000000000 7.500000000000000
395 6.400000000000000 4.900000000000000
396 6.400000000000000 6.900000000000000
397 6.500000000000000 2.700000000000000
398 6.500000000000000 3.100000000000000
399 6.500000000000000 1.900000000000000
400 6.500000000000000 1.200000000000000
401 6.500000000000000 3.400000000000000
402 6.600000000000000 8.600000000000000
403 6.600000000000000 6.700000000000000
404 6.600000000000000 6.600000000000000
405 6.600000000000000 1.300000000000000
406 6.600000000000000 2.000000000000000
407 6.600000000000000 7.600000000000000
408 6.600000000000000 4.800000000000000
409 6.600000000000000 4.100000000000000
410 6.600000000000000 2.500000000000000
411 6.600000000000000 6.100000000000000
412 6.700000000000000 3.200000000000000
413 6.700000000000000 5.100000000000000
414 6.700000000000000 6.000000000000000
415 6.700000000000000 5.700000000000000
416 6.700000000000000 6.500000000000000
417 6.700000000000000 2.700000000000000
418 6.700000000000000 8.300000000000001
419 6.700000000000000 4.700000000000000
420 6.700000000000000 8.300000000000001
421 6.700000000000000 4.000000000000000
422 6.800000000000000 8.000000000000000
423 6.800000000000000 1.500000000000000
424 6.800000000000000 6.300000000000000
425 6.800000000000000 6.100000000000000
426 6.800000000000000 2.400000000000000
427 6.800000000000000 2.100000000000000
428 6.900000000000000 5.400000000000000
429 6.900000000000000 8.600000000000000
430 6.900000000000000 2.300000000000000
431 6.900000000000000 6.300000000000000
432 6.900000000000000 2.700000000000000
433 6.900000000000000 2.800000000000000
434 6.900000000000000 6.500000000000000
435 6.900000000000000 6.600000000000000
436 7.000000000000000 2.100000000000000
437 7.000000000000000 4.500000000000000
438 7.000000000000000 6.200000000000000
439 7.000000000000000 6.600000000000000
440 7.000000000000000 4.000000000000000
441 7.000000000000000 7.000000000000000
442 7.100000000000000 4.500000000000000
443 7.100000000000000 6.800000000000000
444 7.100000000000000 3.600000000000000
445 7.100000000000000 2.600000000000000
446 7.100000000000000 5.900000000000000
447 7.100000000000000 4.000000000000000
448 7.100000000000000 3.100000000000000
449 7.100000000000000 4.400000000000000
450 7.200000000000000 2.200000000000000
451 7.200000000000000 2.900000000000000
452 7.200000000000000 4.000000000000000
453 7.200000000000000 7.500000000000000
454 7.200000000000000 6.000000000000000
455 7.300000000000000 3.800000000000000
456 7.300000000000000 1.500000000000000
457 7.300000000000000 2.000000000000000
458 7.300000000000000 1.500000000000000
459 7.300000000000000 8.199999999999999
460 7.300000000000000 2.600000000000000
461 7.300000000000000 5.600000000000000
462 7.300000000000000 8.100000000000000
463 7.300000000000000 5.700000000000000
464 7.300000000000000 6.200000000000000
465 7.400000000000000 1.600000000000000
466 7.400000000000000 1.600000000000000
467 7.400000000000000 6.400000000000000
468 7.400000000000000 3.300000000000000
469 7.400000000000000 2.300000000000000
470 7.400000000000000 7.600000000000000
471 7.500000000000000 6.700000000000000
472 7.500000000000000 4.500000000000000
473 7.500000000000000 6.100000000000000
474 7.500000000000000 5.300000000000000
475 7.500000000000000 6.600000000000000
476 7.600000000000000 3.800000000000000
477 7.600000000000000 2.000000000000000
478 7.600000000000000 5.400000000000000
479 7.600000000000000 1.900000000000000
480 7.600000000000000 2.900000000000000
481 7.600000000000000 5.700000000000000
482 7.600000000000000 2.500000000000000
483 7.700000000000000 4.100000000000000
484 7.700000000000000 2.800000000000000
485 7.700000000000000 6.700000000000000
486 7.800000000000000 5.200000000000000
487 7.800000000000000 3.600000000000000
488 7.800000000000000 5.100000000000000
489 7.800000000000000 2.000000000000000
490 7.800000000000000 7.000000000000000
491 7.800000000000000 4.500000000000000
492 7.900000000000000 4.800000000000000
493 7.900000000000000 4.700000000000000
494 7.900000000000000 5.000000000000000
495 8.000000000000000 6.200000000000000
496 8.000000000000000 3.700000000000000
497 8.100000000000000 4.900000000000000
498 8.100000000000000 3.500000000000000
499 8.199999999999999 3.000000000000000
500 8.199999999999999 7.000000000000000
501 8.199999999999999 6.200000000000000
502 8.199999999999999 4.500000000000000
503 8.199999999999999 2.800000000000000
504 8.300000000000001 3.700000000000000
505 8.300000000000001 3.900000000000000
506 8.300000000000001 6.700000000000000
507 8.300000000000001 6.300000000000000
508 8.300000000000001 5.700000000000000
509 8.300000000000001 3.100000000000000
510 8.400000000000000 8.199999999999999
511 8.400000000000000 7.300000000000000
512 8.400000000000000 6.300000000000000
513 8.400000000000000 7.100000000000000
514 8.500000000000000 2.500000000000000
515 8.500000000000000 2.500000000000000
516 8.500000000000000 4.300000000000000
517 8.500000000000000 5.500000000000000
518 8.500000000000000 5.800000000000000
519 8.500000000000000 5.000000000000000
520 8.600000000000000 8.100000000000000
521 8.600000000000000 2.800000000000000
522 8.600000000000000 5.300000000000000
523 8.600000000000000 3.700000000000000
524 8.600000000000000 8.300000000000001
525 8.699999999999999 8.199999999999999
526 8.699999999999999 4.600000000000000
527 8.699999999999999 2.700000000000000
528 8.699999999999999 8.400000000000000
529 8.699999999999999 6.800000000000000
530 8.800000000000001 8.000000000000000
531 8.800000000000001 7.800000000000000
532 8.800000000000001 4.000000000000000
533 8.800000000000001 4.300000000000000
534 8.800000000000001 6.900000000000000
535 8.800000000000001 4.100000000000000
536 8.800000000000001 6.600000000000000
537 8.800000000000001 7.500000000000000
538 8.800000000000001 7.900000000000000
539 8.800000000000001 5.500000000000000
540 8.800000000000001 4.300000000000000
541 8.900000000000000 5.100000000000000
542 8.900000000000000 3.800000000000000
543 8.900000000000000 3.100000000000000
544 8.900000000000000 7.700000000000000
545 8.900000000000000 5.700000000000000
546 8.900000000000000 8.400000000000000
547 9.000000000000000 3.500000000000000
548 9.000000000000000 6.600000000000000
549 9.000000000000000 8.199999999999999
550 9.000000000000000 2.700000000000000
551 9.000000000000000 6.900000000000000
552 9.100000000000000 6.200000000000000
553 9.100000000000000 7.600000000000000
554 9.100000000000000 6.000000000000000
555 9.100000000000000 7.800000000000000
556 9.199999999999999 4.500000000000000
557 9.199999999999999 4.200000000000000
558 9.199999999999999 4.800000000000000
559 9.199999999999999 6.900000000000000
560 9.199999999999999 4.000000000000000
561 9.199999999999999 4.600000000000000
562 9.199999999999999 6.800000000000000
563 9.300000000000001 5.100000000000000
564 9.300000000000001 4.300000000000000
565 9.300000000000001 4.500000000000000
566 9.300000000000001 3.600000000000000
567 9.300000000000001 3.400000000000000
568 9.400000000000000 4.000000000000000
569 9.400000000000000 4.700000000000000
570 9.400000000000000 2.900000000000000
571 9.400000000000000 3.000000000000000
572 9.400000000000000 5.100000000000000
573 9.500000000000000 3.500000000000000
574 9.500000000000000 4.900000000000000
575 9.500000000000000 4.100000000000000
