50
0 8.420999999999999 2.242000000000000
1 9.885000000000000 7.891000000000000
2 8.670822734501058 3.205967641527649
3 8.653655361475987 3.139725503400175
4 8.474547523420348 2.448618825001061
5 8.756388057840226 3.536130559248250
6 9.606999999999999 0.937000000000000
7 9.647847270881513 1.958769502554125
8 9.641675366667661 1.804383092830655
9 9.652082176487253 2.064703076591236
10 9.640072520257089 1.764288870028070
11 8.068000000000000 4.667000000000000
12 8.740926904083457 3.036059550207084
13 9.133345804359948 2.084972806846911
14 9.193448440096370 1.939304950253761
15 7.189000000000000 7.105000000000000
16 3.350000000000000 9.641999999999999
17 0.433000000000000 4.100000000000000
18 5.534000000000000 0.415000000000000
19 0.748622516520681 3.871991967579159
20 2.465221498061229 2.631908210085154
21 0.750243473243224 3.870820976494553
22 9.896000000000001 1.664000000000000
23 3.737000000000000 8.980000000000000
24 7.071125687675170 5.019541560150747
25 6.487009124051042 5.713387440890174
26 7.269351462414718 4.784078048542609
27 9.534000000000001 8.141000000000000
28 8.279999999999999 5.187000000000000
29 9.257036548398210 7.488567754360693
30 7.635483594430656 5.097718831036845
31 1.029128133465085 4.182578218564617
32 3.272973211276487 4.493405235205498
33 4.469771066565594 4.659190792577648
34 4.431089286969979 4.653832427034073
35 1.037007122836765 4.183669649869193
36 6.347202652343253 4.919260645227108
37 4.896000000000000 5.132000000000000
38 6.809630073161571 5.920140035662467
39 0.568000000000000 3.672000000000000
40 2.461000000000000 5.768000000000000
41 2.099000000000000 6.611000000000000
42 2.612805302436470 5.684205923174274
43 3.636886851102121 3.836983426658300
44 2.537288535159385 5.820421902810029
45 4.447989068896386 4.671214103732243
46 2.479750512020285 5.757650019995797
47 2.371000000000000 2.535000000000000
48 3.910000000000000 7.318000000000000
49 6.321000000000000 5.607000000000000
82
0 4
4 3
3 2
2 5
5 1
6 10
10 8
8 7
7 9
9 1
11 2
2 12
12 13
13 14
14 6
16 15
17 19
19 21
21 20
20 18
23 25
25 24
24 26
26 3
3 12
12 7
7 22
28 29
29 27
17 31
31 35
35 32
32 34
34 33
33 36
36 24
24 30
30 28
16 37
23 38
38 30
30 11
39 19
19 31
31 40
41 44
44 42
42 32
32 43
43 18
40 46
46 42
42 45
45 33
33 4
4 13
13 8
8 22
47 20
20 43
43 34
34 45
45 37
11 5
5 9
9 22
39 21
21 35
35 46
46 44
44 48
49 25
25 38
38 29
29 1
0 14
14 10
10 22
16 48
37 36
36 26
26 11
46
0 2.100000000000000 3.500000000000000
1 2.200000000000000 4.700000000000000
2 2.200000000000000 4.300000000000000
3 2.300000000000000 3.800000000000000
4 2.600000000000000 4.800000000000000
5 2.800000000000000 5.400000000000000
6 3.100000000000000 5.100000000000000
7 3.400000000000000 8.900000000000000
8 3.500000000000000 7.200000000000000
9 3.800000000000000 5.200000000000000
10 4.000000000000000 1.800000000000000
11 4.100000000000000 8.199999999999999
12 4.300000000000000 5.800000000000000
13 4.300000000000000 1.400000000000000
14 4.300000000000000 7.800000000000000
15 4.400000000000000 7.200000000000000
16 4.400000000000000 2.900000000000000
17 4.500000000000000 7.500000000000000
18 4.700000000000000 2.000000000000000
19 4.700000000000000 7.100000000000000
20 5.200000000000000 2.400000000000000
21 5.200000000000000 4.900000000000000
22 5.200000000000000 1.200000000000000
23 5.300000000000000 4.600000000000000
24 6.400000000000000 5.000000000000000
25 6.500000000000000 6.200000000000000
26 6.500000000000000 5.700000000000000
27 6.900000000000000 3.400000000000000
28 7.700000000000000 5.800000000000000
29 7.700000000000000 6.300000000000000
30 8.000000000000000 6.100000000000000
31 8.199999999999999 6.200000000000000
32 8.400000000000000 3.700000000000000
33 8.600000000000000 6.000000000000000
34 8.600000000000000 3.400000000000000
35 8.600000000000000 4.300000000000000
36 8.600000000000000 5.100000000000000
37 8.800000000000001 3.700000000000000
38 9.000000000000000 2.800000000000000
39 9.100000000000000 7.300000000000000
40 9.199999999999999 7.100000000000000
41 9.400000000000000 1.700000000000000
42 9.500000000000000 5.900000000000000
43 9.600000000000000 1.900000000000000
44 9.699999999999999 6.000000000000000
45 9.699999999999999 5.400000000000000
