308
0 3.850000000000000 8.690000000000000
1 7.720000000000000 4.760000000000000
2 7.475181636925530 5.008613996610507
3 6.898004589105124 5.594739525792471
4 5.685596458063875 6.825944682121181
5 4.109172084279784 8.426809743870917
6 6.595686669829222 5.901744544592030
7 5.749969330485746 6.760573780669514
8 5.678692551505547 6.832955625990491
9 5.264349803792173 7.253722292273064
10 7.269546450062727 5.217437325905292
11 4.849205547332518 7.675302893794109
12 6.917194720779994 5.575251872696285
13 6.776612720045429 5.718013439333712
14 4.562671405855392 7.966279425061578
15 1.850000000000000 1.780000000000000
16 2.830000000000000 7.260000000000000
17 2.414743978420186 4.937956124227161
18 1.957053537926813 2.378625905958094
19 2.339248637316562 4.515798502545672
20 2.567419488817892 5.791692651757188
21 2.108581527148632 3.225945682422962
22 2.524257781453744 5.550339430986242
23 2.600424057121601 5.976248809210586
24 2.609106670507818 6.024800565696776
25 2.053878397458525 2.920054712319097
26 2.107830716817038 3.221747273629967
27 2.660396191646192 6.311603194103195
28 2.213684612447499 3.813664975726831
29 8.750000000000000 6.460000000000000
30 5.140000000000000 2.350000000000000
31 8.151265473819009 5.778338254126352
32 7.772711126933270 5.347352557256437
33 8.184138036809816 5.815763803680982
34 6.805557939914165 4.246244635193134
35 5.972006449248808 3.297242799560278
36 6.722168879522926 4.151305843445769
37 6.865483714676778 4.314470378759434
38 7.228377005248073 4.727625897941713
39 7.104293878448180 4.586356742499175
40 6.868435843054082 4.317831389183457
41 5.284825606855627 2.514884555173581
42 7.753055989075302 5.324975101135593
43 5.359857176377602 2.600308308839876
44 6.393212435233160 3.776787564766840
45 7.196491380712886 4.691323981919657
46 7.842983052981527 5.427357437050991
47 7.313438942634212 4.824469267098785
48 8.582369530124268 6.269152013520980
49 6.278673497742272 3.646384508509899
50 8.140125580910277 5.765655439762116
51 4.730000000000000 8.859999999999999
52 1.200000000000000 4.760000000000000
53 9.050000000000001 5.910000000000000
54 7.806861398427801 5.727884153909805
55 8.169848484848483 5.781060606060606
56 4.995855809791638 5.316080787421705
57 3.513049996413456 5.098854458073308
58 6.304839019317683 5.507842658880934
59 5.386581682364404 5.373320883403702
60 5.309408617330661 5.362015275150352
61 5.848287143651235 5.440959263082664
62 5.444367769358714 5.381786361116244
63 3.002833147424165 5.024109314590801
64 5.085275014035306 5.329180416068866
65 6.910460588894291 5.596564290092794
66 6.642489633347884 5.557307398515932
67 3.044380945083573 5.030195934630077
68 7.525609315148983 5.686681619416730
69 5.530286138814471 5.394373128616133
70 8.883520077857233 5.885611221596919
71 4.889694851624536 5.300528545142448
72 8.125616170866044 5.774580712929421
73 7.930000000000000 7.100000000000000
74 7.771062298722931 5.328979900055525
75 7.784201445606011 5.475387536752695
76 7.827508999843481 5.957957426827360
77 7.910000000000000 5.150000000000000
78 9.660000000000000 9.400000000000000
79 8.005134124890061 5.381040017590149
80 7.978583251824543 5.316559325859604
81 8.443600291226794 6.445886421550783
82 8.158780137555739 5.754180334063940
83 1.400000000000000 2.640000000000000
84 4.810000000000000 1.040000000000000
85 2.053374722928317 2.333431215048297
86 2.320000000000000 4.510000000000000
87 5.540000000000000 5.480000000000000
88 3.734980520446096 4.936251895910781
89 5.326295691787628 5.415623236345963
90 5.456147849487225 5.454740190684040
91 3.222998093019324 4.782021164667312
92 5.083923659606016 5.342610543421689
93 2.919594907670294 4.690623310695710
94 5.397079944291989 5.436946442845723
95 4.902298079627281 5.287897247589585
96 5.050000000000000 0.330000000000000
97 6.870000000000000 4.390000000000000
98 6.279236700077101 3.072143407864302
99 5.285517592027659 0.855385397600163
100 6.760865783751730 4.146546748369243
101 6.850468868162340 4.346430552054449
102 6.837224576271187 4.316885593220340
103 5.783585515047712 1.966459995106435
104 5.489619946933042 1.310690650850632
105 6.532619047619048 3.637380952380952
106 5.438072954512426 1.195701206220026
107 6.483221872541306 3.527187254130606
108 4.670000000000000 9.869999999999999
109 2.440000000000000 7.760000000000000
110 8.930000000000000 1.130000000000000
111 1.860000000000000 6.310000000000000
112 4.638312261539613 4.274404877683848
113 5.236887150446611 3.835845058088622
114 4.905201789146073 4.078862055477135
115 4.669968541093197 4.251211167911915
116 8.073275642193478 1.757699034432501
117 2.428229288485456 5.893673590614616
118 2.447383748582299 5.879639629751583
119 4.263667388281676 4.548897161060950
120 5.235428556253402 3.836913731061864
121 5.217583960825981 3.849987989097796
122 3.163677494640977 5.354830350461066
123 5.540000000000000 0.810000000000000
124 3.970000000000000 1.090000000000000
125 2.580000000000000 2.430000000000000
126 2.296770507707233 2.908206316697209
127 2.276913355825723 2.941733247047874
128 9.660000000000000 3.790000000000000
129 4.700000000000000 4.400000000000000
130 6.955626848953099 4.122594278656978
131 6.109599488604235 4.226641998377302
132 4.994937401773513 4.363727456636726
133 5.274428359420939 4.329354576764764
134 5.238441285891444 4.333780406372222
135 5.664719011558391 4.281355121562376
136 7.488441648836069 4.057066652058468
137 7.403774087989335 4.067479396436796
138 5.184769094611489 4.340381220219152
139 5.920045977011494 4.249954022988506
140 7.393197957712113 4.068780089878148
141 5.585706979749516 4.291072327087257
142 3.080000000000000 2.870000000000000
143 4.700000000000000 4.330000000000000
144 4.610579896907216 4.249411512027492
145 3.768786653185035 3.490758341759353
146 4.114209948362638 3.802065755931760
147 7.530000000000000 2.900000000000000
148 6.768194238958433 4.521557977074194
149 5.036413838197705 8.207776258693455
150 6.200851722004537 5.729187048876057
151 5.736458028240314 6.717682197031333
152 6.565533407912134 4.952936031729888
153 5.679615998554348 6.838674517362890
154 6.863968317625828 4.317696009625025
155 6.519628704955071 5.050647470881349
156 6.411581492514218 5.280633680219737
157 5.407894050833256 7.417054091797783
158 6.504411615471684 5.083038132781702
159 7.518877069343795 2.923675952396781
160 5.434891846921797 7.359587354409318
161 5.388535621456475 7.458259891471218
162 7.390000000000000 4.800000000000000
163 4.761605427569586 3.623015887519560
164 7.028328068352874 4.638044819471240
165 6.272942068036376 4.299786123273829
166 4.059916193565829 3.308802379021357
167 4.417272709944884 3.468825134615690
168 5.235594338477832 3.835266142288217
169 5.994775641025641 4.175224358974359
170 4.792915324565284 3.637036328633642
171 7.190395085079504 4.710617752715416
172 5.187217827298049 3.813603342618384
173 5.642138553241116 4.017314943794745
174 3.630000000000000 8.539999999999999
175 6.170000000000000 7.940000000000000
176 4.789764941636191 8.266039777566254
177 4.197697886736491 8.405898136991379
178 7.690000000000000 6.380000000000000
179 4.990000000000000 5.200000000000000
180 5.301217855586227 5.336013729478426
181 5.728242328982438 5.522639240073806
182 5.447284611216473 5.399850311568681
183 5.093712517848644 5.245326211504223
184 6.787538927433388 5.985591086804222
185 7.121877958968963 6.131709626512362
186 7.030068150840527 6.091585339996970
187 5.475105559408416 5.412009096334049
188 7.369277624732170 6.239832443401466
189 6.090000000000000 7.840000000000000
190 4.600000000000000 3.110000000000000
191 5.425002423045858 5.728967423494570
192 5.579752301451085 6.220220393197067
193 5.131729920171253 4.797974847255051
194 4.962283958602846 4.260069210866753
195 4.636944279027370 3.227279489798295
196 5.112756505762743 4.737743806884414
197 5.137031935194430 4.814806076154129
198 5.189292604501608 4.980707395498392
199 4.780646639120571 3.683462149691477
200 5.844411040246948 7.060378671387963
201 5.338872940379789 5.455549669796245
202 5.875404918280569 7.158768633199392
203 7.290000000000000 4.460000000000000
204 5.492961608294082 5.682727153119490
205 4.044094370493061 6.668554345850081
206 3.635807784643236 6.946357589830376
207 6.445996006281382 5.034270758612667
208 5.017123001416022 6.006493627902501
209 7.263991792065664 4.477696306429548
210 6.292905027932960 5.138435754189944
211 3.725983961593649 6.885000603451743
212 6.259089625305969 5.161444172472227
213 5.830000000000000 7.770000000000000
214 5.260000000000000 4.240000000000000
215 5.264720496894410 4.269233954451346
216 5.348851184834123 4.790253828885009
217 5.353146341463415 4.816853658536585
218 5.730450992723026 7.153494744407510
219 5.450516888638391 5.419867748936000
220 5.807898457583548 7.633125535561268
221 5.744322722802475 7.239402125425852
222 5.060000000000000 5.110000000000000
223 5.253358699411968 4.268889657557938
224 5.143979726342758 4.744688190409001
225 5.144170993040982 4.743856180271729
226 2.650000000000000 4.190000000000000
227 7.600000000000000 4.340000000000000
228 7.352788487402492 4.332508742042499
229 3.731598954486051 4.222775725893517
230 7.327178929037876 4.331732694819330
231 5.192149290700293 4.267034826990918
232 5.882058823529411 4.287941176470588
233 7.310274101094320 4.331220427305889
234 5.575336605890603 4.278646563814867
235 2.736590263590613 4.192623947381534
236 4.970000000000000 2.740000000000000
237 2.719633057851240 4.146479338842975
238 8.259052510377844 2.492350695391328
239 7.190000000000000 0.420000000000000
240 2.470000000000000 5.610000000000000
241 3.574423723141137 4.395601880698623
242 5.378856211954865 2.411490733041155
243 5.009438226431339 2.817693984072320
244 4.668719774058230 3.192339909457158
245 3.030831063806819 4.993323470093773
246 9.699999999999999 3.910000000000000
247 8.289999999999999 1.010000000000000
248 7.934897959183672 2.235102040816328
249 7.516589595375716 3.678265895953778
250 7.779298707815832 2.771919458035379
251 0.940000000000000 5.180000000000000
252 5.340000000000000 7.290000000000000
253 2.502926573655596 5.929494334184843
254 4.908782437495118 7.083211577980613
255 3.561378648267942 6.437070215419400
256 3.044047564386681 6.188986445649068
257 3.692797543204014 6.500091549127379
258 4.520000000000000 7.740000000000000
259 3.804013388681011 7.097337318755848
260 2.858199874436390 6.248384224644712
261 3.430972662622439 6.762499558618937
262 8.539999999999999 5.500000000000000
263 5.144084921073695 4.744711586860194
264 5.374124999999999 4.795875000000001
265 7.045966412011920 5.167710696050190
266 6.151261364348862 4.968718571697285
267 2.743247251442297 4.210739201933686
268 7.922233839693781 5.362602093378413
269 6.570415464720846 5.061942998095808
270 5.112624309392266 5.057375690607734
271 5.232334611697028 3.867662192393736
272 4.827470170543282 7.891314971761215
273 5.063710662034462 5.543492803237751
274 4.836900800276354 7.797590812068329
275 7.990000000000000 2.180000000000000
276 5.719098360655737 4.450901639344263
277 6.865689655172414 3.304310344827586
278 4.660000000000000 4.140000000000000
279 4.852302792446627 3.412308751309923
280 1.440000000000000 2.950000000000000
281 2.265159543382554 2.909748314956949
282 2.294756554307116 2.908304558326482
283 6.845866669692088 5.800993397018448
284 6.657983149573539 6.395613768382646
285 7.136558710120767 4.881001005332077
286 7.808312054131839 2.755012400110223
287 6.547475119026138 6.745353469455741
288 7.064744045299282 6.063251874097338
289 6.300943529066640 5.148067471764533
290 5.450456001164568 4.129014848242230
291 7.265429737189487 6.303713108524342
292 4.110000000000000 7.930000000000000
293 2.276115575731550 2.939562296791608
294 3.425421252358270 6.067097655753700
295 2.487660598017667 3.515226848587898
296 3.613677478264322 6.579387828020168
297 5.457728776185226 7.376334435869165
298 5.262825073601571 7.535589085159740
299 0.480000000000000 2.060000000000000
300 1.320000000000000 6.740000000000000
301 4.452292790952677 5.738904775214466
302 1.400000000000000 4.700000000000000
303 8.990000000000000 5.750000000000000
304 9.430000000000000 1.810000000000000
305 5.486919035108669 7.397740625746358
306 0.500000000000000 9.699999999999999
307 9.840000000000000 4.720000000000000
540
0 5
5 14
14 11
11 9
9 8
8 4
4 7
7 6
6 13
13 3
3 12
12 10
10 2
2 1
15 18
18 25
25 26
26 21
21 28
28 19
19 17
17 22
22 20
20 23
23 24
24 27
27 16
30 41
41 43
43 35
35 49
49 44
44 36
36 34
34 37
37 40
40 39
39 45
45 38
38 47
47 2
2 42
42 32
32 46
46 50
50 31
31 33
33 48
48 29
0 51
52 17
17 63
63 67
67 57
57 71
71 56
56 64
64 60
60 59
59 62
62 69
69 61
61 58
58 66
66 3
3 65
65 68
68 54
54 72
72 31
31 55
55 70
70 53
1 74
74 32
32 75
75 54
54 76
76 73
77 80
80 79
79 82
82 55
55 33
33 81
81 78
83 18
18 85
85 84
86 19
19 93
93 91
91 88
88 95
95 56
56 92
92 89
89 94
94 90
90 87
96 99
99 106
106 104
104 103
103 98
98 107
107 105
105 100
100 34
34 102
102 101
101 97
109 108
111 117
117 118
118 20
20 122
122 57
57 88
88 119
119 112
112 115
115 114
114 121
121 120
120 113
113 35
35 98
98 116
116 110
124 99
99 123
52 21
21 127
127 126
126 125
129 132
132 138
138 134
134 133
133 141
141 135
135 139
139 131
131 36
36 100
100 130
130 140
140 137
137 136
136 128
142 145
145 146
146 144
144 112
112 143
51 149
149 161
161 157
157 160
160 153
153 4
4 151
151 150
150 58
58 156
156 158
158 155
155 152
152 148
148 101
101 154
154 37
37 130
130 159
159 147
142 166
166 167
167 163
163 170
170 172
172 168
168 113
113 173
173 169
169 131
131 165
165 148
148 164
164 171
171 38
38 162
174 5
5 177
177 176
176 149
149 175
179 183
183 180
180 59
59 182
182 187
187 181
181 150
150 6
6 184
184 186
186 185
185 188
188 178
190 195
195 163
163 199
199 114
114 194
194 132
132 196
196 193
193 197
197 198
198 180
180 60
60 89
89 201
201 191
191 192
192 151
151 7
7 200
200 202
202 189
109 206
206 211
211 205
205 208
208 191
191 204
204 181
181 61
61 212
212 210
210 207
207 152
152 164
164 39
39 209
209 203
214 215
215 133
133 216
216 217
217 62
62 182
182 219
219 90
90 204
204 192
192 8
8 153
153 218
218 221
221 220
220 213
222 193
193 224
224 225
225 134
134 223
223 214
226 235
235 229
229 144
144 115
115 194
194 231
231 223
223 215
215 234
234 135
135 232
232 165
165 102
102 154
154 40
40 233
233 230
230 228
228 227
226 237
237 145
145 166
166 236
203 228
228 136
136 238
238 110
240 22
22 63
63 245
245 91
91 241
241 229
229 146
146 167
167 195
195 244
244 243
243 41
41 242
242 103
103 239
1 246
203 230
230 137
137 249
249 250
250 248
248 116
116 247
251 117
117 253
253 23
23 256
256 255
255 257
257 205
205 254
254 9
9 252
52 118
118 253
253 24
24 260
260 261
261 206
206 259
259 258
226 267
267 241
241 119
119 196
196 224
224 263
263 216
216 264
264 266
266 207
207 155
155 269
269 265
265 10
10 42
42 74
74 268
268 79
79 262
51 176
176 272
272 274
274 11
11 254
254 208
208 273
273 92
92 64
64 183
183 270
270 197
197 263
263 225
225 138
138 231
231 271
271 120
120 168
168 43
43 242
242 104
104 123
222 270
270 198
198 217
217 264
264 276
276 232
232 139
139 169
169 44
44 105
105 277
277 248
248 275
278 199
199 170
170 279
279 243
243 106
106 123
280 25
25 281
281 282
282 126
126 142
175 287
287 284
284 184
184 283
283 65
65 12
12 265
265 285
285 171
171 45
45 209
209 233
233 140
140 249
249 286
286 275
190 244
244 279
279 172
172 121
121 271
271 290
290 234
234 141
141 276
276 266
266 210
210 289
289 156
156 66
66 13
13 283
283 288
288 185
185 291
291 73
15 85
85 281
281 293
293 127
127 295
295 237
237 235
235 267
267 93
93 245
245 67
67 122
122 294
294 255
255 296
296 211
211 259
259 292
0 177
177 272
272 298
298 157
157 297
297 218
218 200
200 284
284 186
186 288
288 68
68 75
75 46
46 268
268 80
80 246
299 96
251 26
26 293
293 282
282 125
300 27
27 260
260 256
256 294
294 301
301 273
273 201
201 94
94 219
219 187
187 69
69 212
212 289
289 158
158 269
269 285
285 47
47 162
302 28
28 295
295 142
73 81
81 48
48 70
70 303
214 290
290 173
173 49
49 107
107 277
277 159
159 250
250 286
286 238
238 304
252 160
160 297
297 305
305 220
220 189
306 261
261 296
296 257
257 301
301 71
71 95
95 179
174 14
14 274
274 298
298 161
161 305
305 221
221 202
202 287
287 291
291 188
188 76
76 72
72 50
50 82
82 307
322
0 1.300000000000000 4.900000000000000
1 1.500000000000000 4.600000000000000
2 1.700000000000000 4.400000000000000
3 1.700000000000000 4.600000000000000
4 1.800000000000000 4.200000000000000
5 1.900000000000000 2.500000000000000
6 1.900000000000000 4.700000000000000
7 1.900000000000000 4.200000000000000
8 1.900000000000000 4.400000000000000
9 2.000000000000000 3.200000000000000
10 2.000000000000000 5.400000000000000
11 2.000000000000000 3.500000000000000
12 2.100000000000000 5.500000000000000
13 2.100000000000000 5.100000000000000
14 2.100000000000000 4.900000000000000
15 2.200000000000000 3.100000000000000
16 2.200000000000000 4.500000000000000
17 2.300000000000000 3.900000000000000
18 2.300000000000000 5.000000000000000
19 2.300000000000000 5.200000000000000
20 2.400000000000000 3.200000000000000
21 2.400000000000000 5.600000000000000
22 2.400000000000000 3.200000000000000
23 2.400000000000000 3.600000000000000
24 2.400000000000000 3.800000000000000
25 2.500000000000000 3.900000000000000
26 2.500000000000000 5.100000000000000
27 2.600000000000000 5.200000000000000
28 2.600000000000000 4.300000000000000
29 2.600000000000000 3.800000000000000
30 2.700000000000000 6.200000000000000
31 2.700000000000000 4.200000000000000
32 2.700000000000000 6.100000000000000
33 2.700000000000000 5.200000000000000
34 2.800000000000000 3.500000000000000
35 2.800000000000000 6.100000000000000
36 2.800000000000000 4.100000000000000
37 2.800000000000000 3.900000000000000
38 2.800000000000000 3.500000000000000
39 2.800000000000000 3.100000000000000
40 2.800000000000000 5.000000000000000
41 2.900000000000000 4.700000000000000
42 2.900000000000000 5.100000000000000
43 2.900000000000000 5.600000000000000
44 3.000000000000000 3.800000000000000
45 3.000000000000000 5.100000000000000
46 3.100000000000000 6.200000000000000
47 3.100000000000000 3.100000000000000
48 3.100000000000000 6.400000000000000
49 3.100000000000000 6.400000000000000
50 3.100000000000000 4.900000000000000
51 3.100000000000000 3.300000000000000
52 3.200000000000000 3.000000000000000
53 3.200000000000000 4.000000000000000
54 3.300000000000000 6.600000000000000
55 3.300000000000000 6.200000000000000
56 3.300000000000000 6.600000000000000
57 3.400000000000000 4.600000000000000
58 3.400000000000000 5.900000000000000
59 3.400000000000000 4.600000000000000
60 3.600000000000000 6.700000000000000
61 3.600000000000000 4.000000000000000
62 3.600000000000000 5.900000000000000
63 3.700000000000000 6.800000000000000
64 3.700000000000000 8.500000000000000
65 3.700000000000000 3.600000000000000
66 3.700000000000000 5.500000000000000
67 3.800000000000000 5.700000000000000
68 3.800000000000000 5.300000000000000
69 3.800000000000000 8.300000000000001
70 3.900000000000000 6.000000000000000
71 3.900000000000000 3.900000000000000
72 3.900000000000000 6.500000000000000
73 3.900000000000000 8.100000000000000
74 3.900000000000000 8.300000000000001
75 3.900000000000000 7.800000000000000
76 3.900000000000000 6.100000000000000
77 3.900000000000000 6.900000000000000
78 3.900000000000000 5.400000000000000
79 4.000000000000000 4.700000000000000
80 4.000000000000000 6.200000000000000
81 4.000000000000000 5.400000000000000
82 4.000000000000000 7.100000000000000
83 4.000000000000000 6.700000000000000
84 4.000000000000000 6.900000000000000
85 4.000000000000000 8.100000000000000
86 4.100000000000000 4.800000000000000
87 4.100000000000000 5.600000000000000
88 4.100000000000000 5.200000000000000
89 4.100000000000000 6.200000000000000
90 4.100000000000000 7.000000000000000
91 4.100000000000000 3.900000000000000
92 4.100000000000000 3.800000000000000
93 4.200000000000000 7.400000000000000
94 4.200000000000000 3.900000000000000
95 4.200000000000000 6.700000000000000
96 4.300000000000000 8.600000000000000
97 4.300000000000000 7.300000000000000
98 4.300000000000000 8.000000000000000
99 4.400000000000000 8.100000000000000
100 4.400000000000000 5.100000000000000
101 4.400000000000000 8.300000000000001
102 4.400000000000000 3.700000000000000
103 4.400000000000000 5.500000000000000
104 4.500000000000000 7.600000000000000
105 4.500000000000000 4.600000000000000
106 4.500000000000000 5.700000000000000
107 4.500000000000000 7.900000000000000
108 4.500000000000000 5.300000000000000
109 4.600000000000000 7.900000000000000
110 4.600000000000000 7.100000000000000
111 4.600000000000000 7.000000000000000
112 4.600000000000000 5.100000000000000
113 4.600000000000000 5.400000000000000
114 4.600000000000000 6.300000000000000
115 4.600000000000000 7.600000000000000
116 4.600000000000000 5.400000000000000
117 4.600000000000000 4.100000000000000
118 4.700000000000000 5.700000000000000
119 4.700000000000000 7.900000000000000
120 4.700000000000000 4.900000000000000
121 4.700000000000000 3.900000000000000
122 4.700000000000000 7.200000000000000
123 4.700000000000000 8.699999999999999
124 4.700000000000000 5.300000000000000
125 4.800000000000000 6.000000000000000
126 4.800000000000000 3.900000000000000
127 4.800000000000000 4.300000000000000
128 4.800000000000000 7.300000000000000
129 4.800000000000000 3.300000000000000
130 4.800000000000000 5.900000000000000
131 4.800000000000000 5.500000000000000
132 4.800000000000000 3.700000000000000
133 4.800000000000000 4.600000000000000
134 4.800000000000000 7.700000000000000
135 4.900000000000000 5.000000000000000
136 4.900000000000000 6.600000000000000
137 5.000000000000000 3.200000000000000
138 5.000000000000000 7.900000000000000
139 5.000000000000000 6.100000000000000
140 5.000000000000000 4.400000000000000
141 5.000000000000000 5.300000000000000
142 5.000000000000000 6.400000000000000
143 5.100000000000000 7.200000000000000
144 5.100000000000000 8.000000000000000
145 5.100000000000000 4.900000000000000
146 5.100000000000000 5.300000000000000
147 5.100000000000000 4.700000000000000
148 5.100000000000000 6.600000000000000
149 5.100000000000000 6.500000000000000
150 5.100000000000000 4.300000000000000
151 5.200000000000000 2.200000000000000
152 5.200000000000000 7.200000000000000
153 5.200000000000000 5.200000000000000
154 5.300000000000000 2.300000000000000
155 5.300000000000000 1.800000000000000
156 5.300000000000000 2.000000000000000
157 5.300000000000000 3.500000000000000
158 5.300000000000000 5.800000000000000
159 5.300000000000000 5.500000000000000
160 5.300000000000000 2.500000000000000
161 5.300000000000000 4.000000000000000
162 5.400000000000000 0.900000000000000
163 5.400000000000000 6.200000000000000
164 5.400000000000000 5.800000000000000
165 5.400000000000000 2.400000000000000
166 5.400000000000000 3.200000000000000
167 5.500000000000000 5.700000000000000
168 5.500000000000000 5.000000000000000
169 5.500000000000000 7.100000000000000
170 5.600000000000000 6.100000000000000
171 5.600000000000000 5.000000000000000
172 5.600000000000000 7.900000000000000
173 5.700000000000000 4.900000000000000
174 5.700000000000000 3.300000000000000
175 5.700000000000000 3.600000000000000
176 5.700000000000000 5.800000000000000
177 5.800000000000000 6.800000000000000
178 5.800000000000000 4.300000000000000
179 5.800000000000000 5.100000000000000
180 5.800000000000000 2.900000000000000
181 5.800000000000000 3.200000000000000
182 5.800000000000000 5.800000000000000
183 5.800000000000000 6.500000000000000
184 5.900000000000000 4.100000000000000
185 5.900000000000000 2.900000000000000
186 5.900000000000000 6.800000000000000
187 5.900000000000000 7.400000000000000
188 5.900000000000000 2.800000000000000
189 5.900000000000000 4.500000000000000
190 5.900000000000000 4.100000000000000
191 5.900000000000000 5.600000000000000
192 6.000000000000000 3.400000000000000
193 6.000000000000000 3.300000000000000
194 6.000000000000000 2.700000000000000
195 6.000000000000000 6.100000000000000
196 6.000000000000000 7.900000000000000
197 6.000000000000000 3.400000000000000
198 6.000000000000000 5.100000000000000
199 6.100000000000000 6.300000000000000
200 6.100000000000000 4.600000000000000
201 6.100000000000000 6.200000000000000
202 6.100000000000000 4.100000000000000
203 6.200000000000000 7.200000000000000
204 6.200000000000000 5.500000000000000
205 6.200000000000000 3.600000000000000
206 6.200000000000000 5.000000000000000
207 6.200000000000000 6.900000000000000
208 6.200000000000000 6.500000000000000
209 6.200000000000000 6.000000000000000
210 6.200000000000000 6.800000000000000
211 6.300000000000000 3.300000000000000
212 6.300000000000000 6.900000000000000
213 6.300000000000000 6.000000000000000
214 6.300000000000000 7.000000000000000
215 6.400000000000000 6.800000000000000
216 6.400000000000000 5.500000000000000
217 6.400000000000000 3.100000000000000
218 6.400000000000000 6.300000000000000
219 6.400000000000000 3.300000000000000
220 6.500000000000000 6.800000000000000
221 6.500000000000000 4.900000000000000
222 6.500000000000000 5.000000000000000
223 6.500000000000000 3.000000000000000
224 6.600000000000000 4.300000000000000
225 6.600000000000000 6.100000000000000
226 6.700000000000000 6.000000000000000
227 6.700000000000000 4.600000000000000
228 6.800000000000000 3.100000000000000
229 6.800000000000000 5.700000000000000
230 6.900000000000000 5.600000000000000
231 6.900000000000000 4.000000000000000
232 7.000000000000000 2.800000000000000
233 7.000000000000000 5.500000000000000
234 7.000000000000000 5.300000000000000
235 7.100000000000000 4.000000000000000
236 7.100000000000000 4.800000000000000
237 7.100000000000000 4.600000000000000
238 7.100000000000000 6.400000000000000
239 7.200000000000000 2.900000000000000
240 7.200000000000000 5.400000000000000
241 7.200000000000000 6.000000000000000
242 7.200000000000000 4.800000000000000
243 7.200000000000000 5.000000000000000
244 7.200000000000000 5.700000000000000
245 7.300000000000000 3.400000000000000
246 7.300000000000000 5.200000000000000
247 7.300000000000000 5.600000000000000
248 7.300000000000000 4.900000000000000
249 7.400000000000000 5.200000000000000
250 7.400000000000000 2.500000000000000
251 7.400000000000000 4.300000000000000
252 7.400000000000000 5.200000000000000
253 7.500000000000000 3.900000000000000
254 7.500000000000000 6.200000000000000
255 7.500000000000000 6.200000000000000
256 7.500000000000000 5.200000000000000
257 7.600000000000000 4.100000000000000
258 7.600000000000000 6.500000000000000
259 7.600000000000000 5.300000000000000
260 7.600000000000000 5.700000000000000
261 7.600000000000000 4.900000000000000
262 7.600000000000000 6.700000000000000
263 7.700000000000000 5.700000000000000
264 7.700000000000000 3.900000000000000
265 7.700000000000000 4.000000000000000
266 7.700000000000000 2.100000000000000
267 7.800000000000000 3.500000000000000
268 7.800000000000000 6.400000000000000
269 7.800000000000000 2.400000000000000
270 7.800000000000000 6.100000000000000
271 7.800000000000000 5.800000000000000
272 7.800000000000000 5.400000000000000
273 7.800000000000000 2.400000000000000
274 7.900000000000000 2.900000000000000
275 8.000000000000000 6.700000000000000
276 8.000000000000000 3.200000000000000
277 8.000000000000000 6.000000000000000
278 8.000000000000000 3.200000000000000
279 8.000000000000000 2.300000000000000
280 8.000000000000000 2.500000000000000
281 8.000000000000000 6.800000000000000
282 8.100000000000000 2.300000000000000
283 8.100000000000000 4.400000000000000
284 8.100000000000000 3.300000000000000
285 8.199999999999999 2.400000000000000
286 8.199999999999999 3.200000000000000
287 8.199999999999999 6.400000000000000
288 8.199999999999999 2.800000000000000
289 8.199999999999999 2.000000000000000
290 8.199999999999999 2.400000000000000
291 8.199999999999999 2.700000000000000
292 8.199999999999999 6.400000000000000
293 8.300000000000001 5.900000000000000
294 8.300000000000001 6.100000000000000
295 8.300000000000001 5.500000000000000
296 8.400000000000000 3.100000000000000
297 8.400000000000000 6.200000000000000
298 8.400000000000000 2.500000000000000
299 8.400000000000000 3.000000000000000
300 8.400000000000000 4.100000000000000
301 8.400000000000000 2.600000000000000
302 8.400000000000000 4.700000000000000
303 8.400000000000000 2.100000000000000
304 8.400000000000000 1.700000000000000
305 8.500000000000000 3.200000000000000
306 8.600000000000000 4.800000000000000
307 8.600000000000000 3.500000000000000
308 8.600000000000000 3.700000000000000
309 8.699999999999999 5.500000000000000
310 8.699999999999999 4.500000000000000
311 8.699999999999999 5.700000000000000
312 8.699999999999999 5.500000000000000
313 8.800000000000001 4.200000000000000
314 8.800000000000001 5.200000000000000
315 8.800000000000001 5.300000000000000
316 8.800000000000001 1.500000000000000
317 8.900000000000000 3.900000000000000
318 8.900000000000000 3.300000000000000
319 8.900000000000000 2.800000000000000
320 9.000000000000000 4.400000000000000
321 9.500000000000000 4.000000000000000
