395
0 0.390000000000000 5.360000000000000
1 5.020000000000000 2.480000000000000
2 4.510176136860364 2.797125858713207
3 3.406772146190006 3.483476505177707
4 4.608426026248598 2.736011456674738
5 2.973344326371075 3.753081714913888
6 2.896273030646677 3.801022391304011
7 2.582311917735982 3.996315696959044
8 2.874022561802985 3.814862855725141
9 4.173954528768971 3.006265865474161
10 1.576292012143174 4.622090497846147
11 3.247287285050993 3.582680911242579
12 2.467023279939684 4.068028715717864
13 2.663262437742517 3.945962025767074
14 4.279910433931026 2.940358088613098
15 3.840000000000000 1.930000000000000
16 8.740000000000000 8.270000000000000
17 8.566151700292714 8.045061587725673
18 7.718590179307890 6.948420762614698
19 4.461366211572397 2.733971792116122
20 6.440384979927117 5.294579749538351
21 7.804617566153022 7.059729667226563
22 6.615004628772450 5.520516193146394
23 5.768417417993478 4.425136006138501
24 5.940830423878834 4.648217323957512
25 6.895278582496800 5.883156370006064
26 7.323355755544332 6.437035814316543
27 6.275473256138826 5.081204172228603
28 6.574076838627853 5.467560644265427
29 5.864382608930817 4.549303212371710
30 5.274163224348232 3.785631600483223
31 5.574633026061806 4.174402731679971
32 9.600000000000000 2.320000000000000
33 9.320000000000000 1.840000000000000
34 8.609999999999999 8.930000000000000
35 8.390000000000001 4.490000000000000
36 8.482553834586467 6.357904661654135
37 8.507562676337781 6.862628558817038
38 8.437237490419358 5.443338443008867
39 8.599222473904748 8.712489927895838
40 8.310000000000000 9.670000000000000
41 1.700000000000000 1.330000000000000
42 6.747737338020475 7.698854674597693
43 2.794416129704861 2.710851818719900
44 5.621140839524859 6.277400091019262
45 7.455577913386720 8.591954583607450
46 7.760118564656093 8.976201033166689
47 6.340151416256850 7.184593466200019
48 7.800587267540854 9.027261393538685
49 4.772175399099468 5.206239459680720
50 3.950343228200371 4.169313543599257
51 6.747745156475181 7.698864539334798
52 5.135578231680428 5.664753774919028
53 4.282084820747521 4.587880091533180
54 2.453447022175940 2.280642687586587
55 4.420928890597634 4.763063078303217
56 3.191229791015152 3.211521400463897
57 5.528200778983543 6.160135324768946
58 5.977100479140578 6.726523146147112
59 6.503387397260275 7.390552328767124
60 4.344024216445934 4.666030554487002
61 4.795236234638717 5.235335884551723
62 5.869051163274865 6.590194659865714
63 6.349979707744877 7.196994063932265
64 5.861360955023432 6.580491734477372
65 4.120000000000000 9.730000000000000
66 9.890000000000001 5.270000000000000
67 6.926769767802361 7.560469122287950
68 7.853777501644617 6.843925882610920
69 6.638773884062100 7.783079458766558
70 6.183128437745553 8.135276805486107
71 6.591841226701941 7.819356694784982
72 8.192405619740070 6.582178671743378
73 7.115645457973575 7.414475087944169
74 6.087149296460986 8.209465188524090
75 6.747756365743512 7.698839966860302
76 8.640362508995487 6.235924299805915
77 6.469518685763239 7.913907566983701
78 7.001704613762487 7.502547213625530
79 6.834015248902876 7.632164989582872
80 6.451470531077232 7.927858133690735
81 6.523230466670387 7.872390315190655
82 5.265232291864214 8.844777119286935
83 6.460935903825489 7.920541745049968
84 4.220000000000000 3.630000000000000
85 8.289999999999999 9.539999999999999
86 5.852240433030442 6.000157483835359
87 7.500701658088706 8.393868992458049
88 6.403555856399477 6.800716243567791
89 7.581282789451713 8.510879922766494
90 5.292915277818034 5.187967884988841
91 6.857055851387295 7.459238349311773
92 5.579365070307723 5.603918320766253
93 4.946680872080371 4.685204902701473
94 5.869622627082355 6.025397967090104
95 6.761695827725437 7.320767160161507
96 7.120134940390411 7.841252456439147
97 4.700870691732947 4.328266778413199
98 5.704045127691217 5.784964792298548
99 5.199391287084272 5.052162778051118
100 6.156185843128768 6.441513103904429
101 7.780000000000000 2.780000000000000
102 0.570000000000000 2.680000000000000
103 1.859499059690136 2.697884869066438
104 7.069279821506313 2.770142577274706
105 2.136650407321734 2.701728854470482
106 1.836713805687486 2.697568846126040
107 3.858567348681164 2.725611197623872
108 7.696758236600857 2.778845467914020
109 1.626799985131769 2.694657420043437
110 5.131809626935883 2.743270591219638
111 2.715070457270984 2.709751323956602
112 3.440159679779633 2.719808039941465
113 6.357455034096087 2.760269834037393
114 4.188401342025369 2.730185871595359
115 5.207793343483619 2.744324456913781
116 3.310000000000000 9.050000000000001
117 8.984213680417238 2.242831840963680
118 5.434317366922658 6.501526087269157
119 6.704694418085209 4.977496380300440
120 5.403110121825373 6.538964396279378
121 6.570307158703872 5.138716370340280
122 9.024869057505114 2.194058917701851
123 8.334483110895732 3.022292307893806
124 6.291296540584196 5.473436263292504
125 4.838431712506896 7.216390574513358
126 6.806188945654615 4.855736722434314
127 6.260344991757735 5.510567821868008
128 5.237157635509526 6.738052154405377
129 5.198997951254340 6.783831076781400
130 8.006704917139119 3.415517062799824
131 5.812366049509812 6.047993474714518
132 5.529409664452860 6.387446974924273
133 5.378484004641141 6.568507541853141
134 5.921828094780432 5.916675447027137
135 5.694527678418869 6.189360305923454
136 5.998088069256028 5.825188855351754
137 3.994990235951753 8.228239667019611
138 5.689211572325826 6.195737864148219
139 7.193440980529587 2.018418553256240
140 4.797543639766814 1.718173190299892
141 2.386986754966889 1.416090745242686
142 4.977251592552385 1.740693554003400
143 1.888230899629789 1.353588429194113
144 7.147324479137064 2.012639396752619
145 4.949451078477367 1.737209692112986
146 7.210000000000000 9.670000000000000
147 7.444537572579767 8.640419808505767
148 7.426724439331232 8.718616444291712
149 7.960428059995043 6.375748007818373
150 7.511485026093938 8.346531834604576
151 7.319459487285082 9.189491403273962
152 8.218668618537638 5.242115725402574
153 7.406401094144940 8.807832485024758
154 7.600442267217642 7.956024623570013
155 7.554310630171865 8.158534691279440
156 4.620000000000000 5.150000000000000
157 3.900000000000000 5.160000000000000
158 4.169971988795519 5.156250389044507
159 4.120026381177337 5.156944078039204
160 4.206369348829451 5.155744870155146
161 3.908622372039386 5.159880244832786
162 3.470000000000000 6.150000000000000
163 0.040000000000000 7.710000000000000
164 2.220247475540208 6.718400565060430
165 2.809886792452830 6.450226415094340
166 2.134497923206188 6.757400361457244
167 1.530558544422029 7.032078329650623
168 1.750000000000000 8.570000000000000
169 3.030000000000000 3.530000000000000
170 2.947363115001509 3.855382734681558
171 2.939690362495120 3.885594197675466
172 2.584796291093003 5.282989603821298
173 2.554974524279921 5.400412810647811
174 2.650245824141191 5.025282067444060
175 2.009352483947280 7.548799594457586
176 2.824580628237917 4.338838776313200
177 2.291578448625964 6.437534858535265
178 2.234344619510560 6.662893060677170
179 2.889595305544314 4.082843484419263
180 2.073638574729418 7.295673112002919
181 0.010000000000000 0.730000000000000
182 6.300711716047630 7.423378045698021
183 2.791975749244512 3.690049076188907
184 1.639200059533711 2.463484604407246
185 7.794387726730507 9.012663752716881
186 4.234678734601816 5.225098991768358
187 3.704505321245565 4.660989357508868
188 6.686273667031754 7.833619686781371
189 4.703545654236905 5.723977924375257
190 4.274461873759321 5.267428636210099
191 3.876247334484159 4.843724518937855
192 5.225671092077087 6.279524434927433
193 4.827374946641314 5.855733487911833
194 5.757755784778366 6.845667688876498
195 4.008087008477271 4.984003205879803
196 3.518748670547057 4.463342486415408
197 6.172356450323425 7.286806802819973
198 6.448345891229565 7.580462234508753
199 6.181955279605603 7.297020049918522
200 7.360000000000000 1.010000000000000
201 5.890000000000000 9.910000000000000
202 7.335775014215614 1.156668281279616
203 6.289157309698225 7.493333295024352
204 6.664257248825394 5.222320058131965
205 7.229370824758588 1.800884122209910
206 7.105144727955301 2.553001306937293
207 6.529961334577381 6.035404164803611
208 6.161153999546439 8.268319322473941
209 6.718663665442483 4.892920665008095
210 6.624901988911877 5.460593400465506
211 6.253703182518507 7.707987534411762
212 6.367031122207395 7.021852389356586
213 6.327377858327227 7.261929973392975
214 7.203118060550812 1.959829429318215
215 6.281765013004341 7.538089377048546
216 6.342755082478265 7.168829772750636
217 6.006514312211750 9.204573211779199
218 6.283935800483364 7.524946514080315
219 2.970000000000000 3.430000000000000
220 2.951418484022414 3.457142965318794
221 2.777617007624980 3.711023620261122
222 1.679741705165896 5.314745905081899
223 1.950298991054092 4.919529118869790
224 1.790770074730370 5.152561119506490
225 2.510616090394538 4.101045437921972
226 2.630392006779476 3.926082665864793
227 1.650593410843344 2.251079983563365
228 8.270000000000000 0.950000000000000
229 5.819372286270400 1.492125318161401
230 4.873969459719763 1.701266349768540
231 4.936672799563421 1.687395182037889
232 1.638117881176193 2.483659500929538
233 7.874202984139228 9.200599358819844
234 4.184923030141776 5.226844805959937
235 3.688778386844166 4.692443226311667
236 6.659524236205452 7.892258635141776
237 4.652911378277232 5.730919002626319
238 4.373666937479924 5.430142460369941
239 3.834912702662921 4.849845730338135
240 5.179250746493364 6.297843575138634
241 4.630009003239310 5.706250661320412
242 5.540371956114535 6.686810275622161
243 3.982207788899926 5.008498509971728
244 3.421442986692676 4.404494012172593
245 6.238540021457340 7.438812986967303
246 6.478238300413508 7.696994024782741
247 6.251776182300610 7.453069767441860
248 1.380000000000000 0.520000000000000
249 9.279999999999999 7.550000000000000
250 5.893276144354774 4.536244467697982
251 7.058768811158696 5.573385410436156
252 7.527182927320314 5.990214680893899
253 6.431289102568137 5.015007897601771
254 8.887659220316916 7.200866369471889
255 6.891022968760492 5.424112844352690
256 5.901734951083009 4.543771734951083
257 3.568084082839269 2.467117861058235
258 5.165428193342205 3.888551923948823
259 4.393777369583152 3.201880368122729
260 5.600655854906683 4.275849450632149
261 7.344425466358552 1.826078569275595
262 4.831068038676484 1.275708329637186
263 8.800000000000001 3.200000000000000
264 3.980000000000000 1.360000000000000
265 7.792645860838788 2.815449872187421
266 6.728384758022752 2.409175924224453
267 4.947423916119471 1.729307055116146
268 1.560000000000000 3.940000000000000
269 1.588811020123151 3.402880267704111
270 1.594355822361689 3.299509311685654
271 8.150000000000000 9.850000000000000
272 6.657023069922046 6.334587867516126
273 7.000815922756006 7.144093722272128
274 6.147760356407675 5.135461286493472
275 6.304495737628080 5.504515522785606
276 7.912465170721989 9.290692750230368
277 5.896784294992326 4.544504873512283
278 7.224814594936803 7.671528295426274
279 7.376441165342414 8.028553159288688
280 5.488382258565366 3.582868129593210
281 5.323006856517898 3.193469818701889
282 6.090000000000000 5.160000000000000
283 2.414822824821162 5.288953585093995
284 3.407946428571428 5.254107142857143
285 4.248361190096401 5.224618905610653
286 4.005356198369640 5.233145396548434
287 3.571955947136564 5.248352422907489
288 3.734840967575913 5.242637159032424
289 4.748499067587320 5.207070208154831
290 5.259038444365066 5.189156545811752
291 5.829797661136796 5.169129906626779
292 5.239151821940570 5.189854322037173
293 0.530000000000000 3.790000000000000
294 3.112929577464789 5.844140845070422
295 6.400973663538266 8.459042047380825
296 3.217913766233766 5.927632207792207
297 2.172278339690852 5.096063876447055
298 4.179519294153440 6.692373611885807
299 3.105552386017502 5.838273944785572
300 6.831995300415493 8.801823034188697
301 6.743616512114866 8.731537541130720
302 6.868087998031120 8.830526675599550
303 6.480000000000000 6.670000000000000
304 7.620000000000000 4.510000000000000
305 7.156778760130512 5.387682349226397
306 3.060386792452830 5.949226415094340
307 3.794718010915707 4.480563978168586
308 3.592098022355976 4.885803955288049
309 2.322362768496420 7.425274463007160
310 3.579642697632872 4.910714604734256
311 2.889134396355353 6.291731207289294
312 3.453943661971831 5.162112676056339
313 3.125126903553300 5.819746192893399
314 3.737254763585039 4.595490472829923
315 2.325934903047091 7.418130193905817
316 6.250000000000000 8.789999999999999
317 7.845083020044872 5.293327810960457
318 6.595022410785480 8.033656754395752
319 8.311685370122516 4.270462267064759
320 6.879515762207053 7.410002701671599
321 6.792133237009134 7.601558903968213
322 6.545143265250044 8.142999665589119
323 6.575548671801999 8.076346244951695
324 6.552880616515712 8.126038177912616
325 8.380000000000001 5.220000000000000
326 9.400000000000000 9.199999999999999
327 2.690000000000000 6.000000000000000
328 4.240830482071336 5.787408123723086
329 4.564441640598907 5.743046664381872
330 4.661097584877719 5.729796816132755
331 4.298746787132955 5.779468805981774
332 2.976128507901122 5.960776759901076
333 5.436963197798226 5.623439139844883
334 5.447496614469500 5.621995191689594
335 5.929032643544671 5.555984980322523
336 5.433369896607802 5.623931718918438
337 3.730000000000000 5.300000000000000
338 5.079193932538484 6.587331328644797
339 4.893840576564060 6.410476707332957
340 4.015819548872184 5.572714285714288
341 6.428253282695453 7.874534245715967
342 6.554738333534306 7.995219763656095
343 6.449362801084160 7.894675860423095
344 4.290000000000000 4.710000000000000
345 5.910000000000000 7.950000000000000
346 4.004549321549812 4.824724383910617
347 3.114002170914271 3.364069785848352
348 4.956331645759034 6.385815480792411
349 4.466506385481691 5.582415550580345
350 4.817995518625713 6.158919802072637
351 4.067419884813027 4.927843210631520
352 3.939280006270697 4.717671180262975
353 6.670000000000000 4.430000000000000
354 3.554168702462013 4.891420876864702
355 3.162827874564460 4.949374216027874
356 4.208231962885938 4.794561190209566
357 4.094312219094570 4.811431470739180
358 5.033988226039933 4.672275628946315
359 5.677885975717051 4.576921344360373
360 0.790000000000000 8.029999999999999
361 6.010000000000000 5.970000000000000
362 5.331680722176030 6.237689216919038
363 5.068117061673431 6.341700929684431
364 5.659280388636604 6.108406589925018
365 2.332451421934130 7.421293117014500
366 5.651509321249827 6.111473332993363
367 8.859999999999999 8.910000000000000
368 0.740000000000000 2.760000000000000
369 3.860655512138182 5.123550664981504
370 0.889482584703024 2.873216489645763
371 5.904451313168721 6.671499455170892
372 6.290107966299979 6.963591624722275
373 5.900864963077796 6.668783192478872
374 0.970000000000000 6.760000000000000
375 2.535249824924640 6.378079042718388
376 3.150000000000000 4.940000000000000
377 3.660467198038013 5.313033721643164
378 6.084128707820129 7.084170978791633
379 6.375693978282330 7.297237907206318
380 6.087980056251599 7.086985425722323
381 4.152945168587741 4.846891471443689
382 4.830701218766360 4.205379060312055
383 5.435688300616938 3.632744228827818
384 1.737951803356666 7.132740806448503
385 5.452115138482767 5.632602721619173
386 5.431734698479997 5.620277051102792
387 6.660765557806581 8.408553536327281
388 5.990288392213399 6.868644556596947
389 4.550000000000000 0.180000000000000
390 7.010000000000000 9.770000000000000
391 6.635880886629683 8.311543781617340
392 6.780000000000000 9.580000000000000
393 5.190000000000000 5.080000000000000
394 7.190000000000000 9.550000000000001
723
0 10
10 12
12 7
7 13
13 8
8 6
6 5
5 11
11 3
3 9
9 14
14 2
2 4
4 1
15 19
19 2
2 30
30 31
31 23
23 29
29 24
24 27
27 20
20 28
28 22
22 25
25 26
26 18
18 21
21 17
17 16
33 32
35 38
38 36
36 37
37 17
17 39
39 34
41 54
54 43
43 56
56 3
3 50
50 53
53 60
60 55
55 49
49 61
61 52
52 57
57 44
44 64
64 62
62 58
58 47
47 63
63 59
59 42
42 51
51 45
45 46
46 48
48 40
65 82
82 74
74 70
70 80
80 83
83 77
77 81
81 71
71 69
69 42
42 75
75 79
79 67
67 78
78 73
73 18
18 68
68 72
72 36
36 76
76 66
84 97
97 93
93 99
99 90
90 92
92 98
98 86
86 94
94 100
100 88
88 95
95 91
91 67
67 96
96 87
87 89
89 85
102 109
109 106
106 103
103 105
105 111
111 43
43 112
112 107
107 114
114 19
19 4
4 110
110 115
115 113
113 104
104 108
108 101
116 137
137 125
125 129
129 128
128 133
133 120
120 118
118 132
132 44
44 138
138 135
135 131
131 86
86 134
134 136
136 127
127 124
124 20
20 121
121 119
119 126
126 130
130 123
123 117
117 122
122 33
41 143
143 141
141 140
140 145
145 142
142 144
144 139
139 117
117 32
146 151
151 153
153 148
148 147
147 45
45 87
87 150
150 155
155 154
154 21
21 68
68 149
149 152
152 35
157 161
161 159
159 158
158 160
160 156
163 167
167 166
166 164
164 165
165 162
168 175
175 180
180 164
164 178
178 177
177 173
173 172
172 174
174 176
176 179
179 171
171 170
170 5
5 169
181 184
184 103
103 183
183 6
6 170
170 196
196 187
187 191
191 195
195 158
158 186
186 190
190 189
189 193
193 192
192 118
118 194
194 197
197 199
199 182
182 198
198 69
69 188
188 147
147 46
46 185
185 85
201 217
217 208
208 70
70 211
211 215
215 218
218 203
203 182
182 213
213 47
47 216
216 212
212 88
88 207
207 22
22 210
210 204
204 119
119 209
209 104
104 206
206 139
139 214
214 205
205 202
202 200
163 222
222 224
224 223
223 225
225 7
7 226
226 221
221 183
183 220
220 219
181 227
227 105
105 220
220 169
15 140
140 230
230 231
231 229
229 202
202 228
181 232
232 106
106 221
221 8
8 171
171 244
244 235
235 239
239 243
243 159
159 234
234 238
238 241
241 237
237 240
240 120
120 242
242 245
245 247
247 203
203 246
246 71
71 236
236 148
148 233
233 40
248 141
141 257
257 107
107 9
9 259
259 258
258 260
260 23
23 250
250 256
256 253
253 121
121 204
204 255
255 251
251 252
252 149
149 72
72 37
37 254
254 249
248 262
262 229
229 205
205 261
261 122
122 32
264 230
230 267
267 142
142 266
266 206
206 108
108 265
265 123
123 263
268 269
269 270
270 109
109 232
232 184
184 227
227 41
1 110
110 281
281 280
280 250
250 277
277 24
24 274
274 124
124 275
275 207
207 272
272 273
273 73
73 278
278 279
279 150
150 89
89 185
185 48
48 233
233 276
276 271
0 222
222 283
283 172
172 284
284 287
287 288
288 286
286 234
234 186
186 285
285 289
289 49
49 292
292 290
290 90
90 291
291 282
293 10
10 223
223 297
297 283
283 173
173 299
299 294
294 296
296 298
298 125
125 74
74 208
208 295
295 301
301 300
300 302
302 151
151 271
303 272
272 25
25 251
251 305
305 304
168 309
309 315
315 165
165 311
311 306
306 294
294 313
313 284
284 312
312 310
310 308
308 235
235 187
187 314
314 307
307 50
50 84
316 295
295 322
322 324
324 323
323 318
318 236
236 188
188 51
51 75
75 321
321 91
91 320
320 273
273 26
26 252
252 317
317 319
319 263
282 274
274 27
27 253
253 209
209 126
126 304
325 38
38 76
76 254
254 326
327 332
332 306
306 296
296 328
328 331
331 329
329 237
237 330
330 189
189 52
52 336
336 333
333 334
334 92
92 335
335 127
127 275
275 28
28 210
210 255
255 305
305 317
317 152
152 325
337 340
340 328
328 339
339 338
338 128
128 211
211 341
341 343
343 77
77 342
342 318
318 153
153 276
276 40
84 53
53 344
248 143
143 54
54 111
111 347
347 11
11 307
307 352
352 346
346 351
351 160
160 285
285 190
190 238
238 349
349 329
329 350
350 348
348 338
338 129
129 345
0 224
224 297
297 174
174 355
355 354
354 308
308 239
239 191
191 346
346 357
357 356
356 55
55 93
93 358
358 359
359 29
29 277
277 256
256 353
101 265
265 130
130 319
319 35
169 347
347 56
56 112
112 257
257 15
360 175
175 309
309 365
365 298
298 339
339 348
348 363
363 240
240 192
192 362
362 57
57 366
366 364
364 131
131 94
94 361
368 370
370 269
269 12
12 225
225 176
176 354
354 310
310 369
369 161
161 286
286 349
349 241
241 330
330 193
193 362
362 132
132 373
373 371
371 58
58 372
372 212
212 95
95 320
320 78
78 278
278 154
154 39
39 367
374 177
177 375
375 311
311 162
376 355
355 312
312 287
287 377
377 340
340 331
331 350
350 363
363 133
133 242
242 194
194 378
378 380
380 213
213 379
379 59
59 321
321 79
79 96
96 279
279 155
155 34
360 384
384 166
166 178
178 375
375 332
332 299
299 313
313 377
377 288
288 369
369 243
243 195
195 351
351 381
381 356
356 60
60 97
97 382
382 258
258 30
30 383
383 280
280 113
113 266
266 144
144 214
214 261
261 228
102 370
370 270
270 226
226 13
13 179
179 244
244 196
196 314
314 352
352 357
357 381
381 289
289 61
61 386
386 333
333 385
385 98
98 134
134 361
15 114
114 14
14 259
259 382
382 358
358 99
99 290
290 334
334 385
385 364
364 135
135 62
62 371
371 388
388 378
378 197
197 245
245 215
215 341
341 80
80 322
322 387
387 300
300 146
389 262
262 231
231 267
267 145
145 115
115 281
281 383
383 31
31 260
260 359
359 291
291 335
335 136
136 100
100 372
372 216
216 63
63 379
379 198
198 246
246 81
81 342
342 323
323 391
391 387
387 301
301 390
374 167
167 384
384 180
180 315
315 365
365 137
137 82
82 217
217 392
393 292
292 386
386 336
336 366
366 138
138 64
64 373
373 388
388 380
380 199
199 247
247 218
218 343
343 83
83 324
324 391
391 302
302 394
638
0 0.100000000000000 4.900000000000000
1 0.100000000000000 5.300000000000000
2 0.100000000000000 3.800000000000000
3 0.100000000000000 1.900000000000000
4 0.100000000000000 1.800000000000000
5 0.100000000000000 4.400000000000000
6 0.100000000000000 6.100000000000000
7 0.100000000000000 7.200000000000000
8 0.100000000000000 7.300000000000000
9 0.200000000000000 2.900000000000000
10 0.200000000000000 3.400000000000000
11 0.200000000000000 5.900000000000000
12 0.200000000000000 2.100000000000000
13 0.200000000000000 7.000000000000000
14 0.300000000000000 1.400000000000000
15 0.300000000000000 1.200000000000000
16 0.300000000000000 6.800000000000000
17 0.300000000000000 5.300000000000000
18 0.300000000000000 3.000000000000000
19 0.300000000000000 5.000000000000000
20 0.300000000000000 3.600000000000000
21 0.500000000000000 2.600000000000000
22 0.500000000000000 7.400000000000000
23 0.500000000000000 5.800000000000000
24 0.500000000000000 4.900000000000000
25 0.500000000000000 3.500000000000000
26 0.500000000000000 7.000000000000000
27 0.500000000000000 2.600000000000000
28 0.500000000000000 6.300000000000000
29 0.500000000000000 5.600000000000000
30 0.600000000000000 1.300000000000000
31 0.600000000000000 4.400000000000000
32 0.600000000000000 2.900000000000000
33 0.600000000000000 6.200000000000000
34 0.600000000000000 5.900000000000000
35 0.600000000000000 4.000000000000000
36 0.600000000000000 4.400000000000000
37 0.700000000000000 6.800000000000000
38 0.700000000000000 5.600000000000000
39 0.700000000000000 2.200000000000000
40 0.700000000000000 3.100000000000000
41 0.700000000000000 1.800000000000000
42 0.700000000000000 2.100000000000000
43 0.700000000000000 6.400000000000000
44 0.700000000000000 6.300000000000000
45 0.700000000000000 3.800000000000000
46 0.700000000000000 7.300000000000000
47 0.700000000000000 4.900000000000000
48 0.800000000000000 2.700000000000000
49 0.800000000000000 7.300000000000000
50 0.800000000000000 2.700000000000000
51 0.800000000000000 3.200000000000000
52 0.800000000000000 7.000000000000000
53 0.800000000000000 2.000000000000000
54 0.900000000000000 6.400000000000000
55 0.900000000000000 6.200000000000000
56 0.900000000000000 6.100000000000000
57 0.900000000000000 2.600000000000000
58 0.900000000000000 7.900000000000000
59 1.000000000000000 6.700000000000000
60 1.000000000000000 7.200000000000000
61 1.000000000000000 4.400000000000000
62 1.000000000000000 3.400000000000000
63 1.000000000000000 4.200000000000000
64 1.000000000000000 5.500000000000000
65 1.000000000000000 3.900000000000000
66 1.000000000000000 5.800000000000000
67 1.000000000000000 4.100000000000000
68 1.100000000000000 7.100000000000000
69 1.100000000000000 5.700000000000000
70 1.100000000000000 2.200000000000000
71 1.100000000000000 7.300000000000000
72 1.100000000000000 7.600000000000000
73 1.100000000000000 6.200000000000000
74 1.200000000000000 3.600000000000000
75 1.200000000000000 7.700000000000000
76 1.200000000000000 5.100000000000000
77 1.200000000000000 3.000000000000000
78 1.200000000000000 6.400000000000000
79 1.200000000000000 6.700000000000000
80 1.200000000000000 2.400000000000000
81 1.200000000000000 4.500000000000000
82 1.200000000000000 3.000000000000000
83 1.200000000000000 6.200000000000000
84 1.200000000000000 6.900000000000000
85 1.300000000000000 3.500000000000000
86 1.300000000000000 3.200000000000000
87 1.400000000000000 2.300000000000000
88 1.400000000000000 1.400000000000000
89 1.400000000000000 5.700000000000000
90 1.400000000000000 1.400000000000000
91 1.400000000000000 4.300000000000000
92 1.400000000000000 3.000000000000000
93 1.400000000000000 7.400000000000000
94 1.400000000000000 3.200000000000000
95 1.400000000000000 4.800000000000000
96 1.400000000000000 2.100000000000000
97 1.500000000000000 4.900000000000000
98 1.500000000000000 6.500000000000000
99 1.500000000000000 5.600000000000000
100 1.500000000000000 2.100000000000000
101 1.500000000000000 2.400000000000000
102 1.500000000000000 4.900000000000000
103 1.500000000000000 2.700000000000000
104 1.600000000000000 7.400000000000000
105 1.600000000000000 5.800000000000000
106 1.600000000000000 1.100000000000000
107 1.600000000000000 5.400000000000000
108 1.600000000000000 7.700000000000000
109 1.600000000000000 5.200000000000000
110 1.700000000000000 3.800000000000000
111 1.700000000000000 6.800000000000000
112 1.700000000000000 6.700000000000000
113 1.700000000000000 2.500000000000000
114 1.700000000000000 6.300000000000000
115 1.700000000000000 5.200000000000000
116 1.700000000000000 3.700000000000000
117 1.800000000000000 3.900000000000000
118 1.800000000000000 0.800000000000000
119 1.800000000000000 1.800000000000000
120 1.800000000000000 5.900000000000000
121 1.800000000000000 1.400000000000000
122 1.800000000000000 6.700000000000000
123 1.800000000000000 7.300000000000000
124 1.800000000000000 6.500000000000000
125 1.800000000000000 2.900000000000000
126 1.900000000000000 7.100000000000000
127 1.900000000000000 4.200000000000000
128 1.900000000000000 3.800000000000000
129 1.900000000000000 7.500000000000000
130 1.900000000000000 6.700000000000000
131 1.900000000000000 0.900000000000000
132 1.900000000000000 7.900000000000000
133 2.000000000000000 3.900000000000000
134 2.000000000000000 1.200000000000000
135 2.000000000000000 5.800000000000000
136 2.000000000000000 4.000000000000000
137 2.000000000000000 7.600000000000000
138 2.000000000000000 1.900000000000000
139 2.000000000000000 7.100000000000000
140 2.000000000000000 7.300000000000000
141 2.000000000000000 3.100000000000000
142 2.100000000000000 2.200000000000000
143 2.100000000000000 2.500000000000000
144 2.100000000000000 2.700000000000000
145 2.100000000000000 1.300000000000000
146 2.100000000000000 7.100000000000000
147 2.100000000000000 2.500000000000000
148 2.200000000000000 6.000000000000000
149 2.200000000000000 1.100000000000000
150 2.200000000000000 4.900000000000000
151 2.200000000000000 2.200000000000000
152 2.200000000000000 3.900000000000000
153 2.200000000000000 4.200000000000000
154 2.200000000000000 6.600000000000000
155 2.200000000000000 6.000000000000000
156 2.200000000000000 1.700000000000000
157 2.200000000000000 7.300000000000000
158 2.200000000000000 7.000000000000000
159 2.300000000000000 2.500000000000000
160 2.300000000000000 2.100000000000000
161 2.300000000000000 7.000000000000000
162 2.300000000000000 3.800000000000000
163 2.300000000000000 6.400000000000000
164 2.300000000000000 4.100000000000000
165 2.300000000000000 5.600000000000000
166 2.300000000000000 4.500000000000000
167 2.300000000000000 2.000000000000000
168 2.300000000000000 1.600000000000000
169 2.400000000000000 1.200000000000000
170 2.400000000000000 2.700000000000000
171 2.400000000000000 5.200000000000000
172 2.400000000000000 5.700000000000000
173 2.400000000000000 5.600000000000000
174 2.400000000000000 3.100000000000000
175 2.400000000000000 0.800000000000000
176 2.500000000000000 5.400000000000000
177 2.500000000000000 3.200000000000000
178 2.500000000000000 3.400000000000000
179 2.500000000000000 6.900000000000000
180 2.500000000000000 2.200000000000000
181 2.500000000000000 5.300000000000000
182 2.500000000000000 2.700000000000000
183 2.500000000000000 4.500000000000000
184 2.500000000000000 2.000000000000000
185 2.500000000000000 1.200000000000000
186 2.600000000000000 5.500000000000000
187 2.600000000000000 3.600000000000000
188 2.600000000000000 7.200000000000000
189 2.600000000000000 1.700000000000000
190 2.600000000000000 6.400000000000000
191 2.700000000000000 3.400000000000000
192 2.700000000000000 5.400000000000000
193 2.700000000000000 2.500000000000000
194 2.700000000000000 2.200000000000000
195 2.700000000000000 6.100000000000000
196 2.700000000000000 1.900000000000000
197 2.800000000000000 4.700000000000000
198 2.800000000000000 6.600000000000000
199 2.800000000000000 4.600000000000000
200 2.800000000000000 4.700000000000000
201 2.800000000000000 2.100000000000000
202 2.800000000000000 5.400000000000000
203 2.800000000000000 3.000000000000000
204 2.800000000000000 4.300000000000000
205 2.800000000000000 4.800000000000000
206 2.800000000000000 3.300000000000000
207 2.900000000000000 6.300000000000000
208 2.900000000000000 2.700000000000000
209 2.900000000000000 6.600000000000000
210 2.900000000000000 6.100000000000000
211 2.900000000000000 5.600000000000000
212 2.900000000000000 6.200000000000000
213 2.900000000000000 3.100000000000000
214 2.900000000000000 4.200000000000000
215 2.900000000000000 4.600000000000000
216 2.900000000000000 7.400000000000000
217 3.000000000000000 5.000000000000000
218 3.000000000000000 1.600000000000000
219 3.000000000000000 3.500000000000000
220 3.100000000000000 7.300000000000000
221 3.100000000000000 1.000000000000000
222 3.200000000000000 5.500000000000000
223 3.200000000000000 7.500000000000000
224 3.200000000000000 3.000000000000000
225 3.200000000000000 2.300000000000000
226 3.200000000000000 5.100000000000000
227 3.200000000000000 1.200000000000000
228 3.200000000000000 2.800000000000000
229 3.200000000000000 4.700000000000000
230 3.200000000000000 4.000000000000000
231 3.200000000000000 2.300000000000000
232 3.300000000000000 1.000000000000000
233 3.300000000000000 4.600000000000000
234 3.300000000000000 4.800000000000000
235 3.300000000000000 2.700000000000000
236 3.400000000000000 2.100000000000000
237 3.400000000000000 3.000000000000000
238 3.400000000000000 6.100000000000000
239 3.400000000000000 3.100000000000000
240 3.400000000000000 1.100000000000000
241 3.500000000000000 6.700000000000000
242 3.500000000000000 7.500000000000000
243 3.500000000000000 5.800000000000000
244 3.500000000000000 3.100000000000000
245 3.500000000000000 2.500000000000000
246 3.500000000000000 1.800000000000000
247 3.600000000000000 6.600000000000000
248 3.600000000000000 8.000000000000000
249 3.600000000000000 1.600000000000000
250 3.600000000000000 3.300000000000000
251 3.600000000000000 5.600000000000000
252 3.600000000000000 7.100000000000000
253 3.600000000000000 8.000000000000000
254 3.600000000000000 1.700000000000000
255 3.700000000000000 5.300000000000000
256 3.700000000000000 4.600000000000000
257 3.700000000000000 7.400000000000000
258 3.700000000000000 2.600000000000000
259 3.700000000000000 6.300000000000000
260 3.700000000000000 5.300000000000000
261 3.700000000000000 1.600000000000000
262 3.700000000000000 4.800000000000000
263 3.700000000000000 5.600000000000000
264 3.700000000000000 4.300000000000000
265 3.800000000000000 4.100000000000000
266 3.800000000000000 4.500000000000000
267 3.800000000000000 3.700000000000000
268 3.800000000000000 5.600000000000000
269 3.800000000000000 7.400000000000000
270 3.800000000000000 3.000000000000000
271 3.900000000000000 7.600000000000000
272 3.900000000000000 1.900000000000000
273 3.900000000000000 3.900000000000000
274 3.900000000000000 7.100000000000000
275 3.900000000000000 1.100000000000000
276 3.900000000000000 1.200000000000000
277 3.900000000000000 7.900000000000000
278 3.900000000000000 3.600000000000000
279 3.900000000000000 1.400000000000000
280 3.900000000000000 2.200000000000000
281 4.000000000000000 7.800000000000000
282 4.000000000000000 5.200000000000000
283 4.000000000000000 7.200000000000000
284 4.000000000000000 1.900000000000000
285 4.000000000000000 5.300000000000000
286 4.000000000000000 2.400000000000000
287 4.100000000000000 4.800000000000000
288 4.100000000000000 6.600000000000000
289 4.100000000000000 8.199999999999999
290 4.100000000000000 2.800000000000000
291 4.100000000000000 1.300000000000000
292 4.200000000000000 6.800000000000000
293 4.200000000000000 1.200000000000000
294 4.200000000000000 2.600000000000000
295 4.300000000000000 4.500000000000000
296 4.300000000000000 5.900000000000000
297 4.300000000000000 4.400000000000000
298 4.300000000000000 3.800000000000000
299 4.300000000000000 7.900000000000000
300 4.300000000000000 3.100000000000000
301 4.300000000000000 5.400000000000000
302 4.300000000000000 7.000000000000000
303 4.300000000000000 5.700000000000000
304 4.400000000000000 2.100000000000000
305 4.400000000000000 6.700000000000000
306 4.400000000000000 2.700000000000000
307 4.400000000000000 5.000000000000000
308 4.400000000000000 5.600000000000000
309 4.400000000000000 4.900000000000000
310 4.400000000000000 7.700000000000000
311 4.400000000000000 4.100000000000000
312 4.400000000000000 1.700000000000000
313 4.400000000000000 2.700000000000000
314 4.500000000000000 5.700000000000000
315 4.500000000000000 2.300000000000000
316 4.500000000000000 4.900000000000000
317 4.500000000000000 5.900000000000000
318 4.500000000000000 4.300000000000000
319 4.500000000000000 1.400000000000000
320 4.500000000000000 3.500000000000000
321 4.500000000000000 8.300000000000001
322 4.600000000000000 8.400000000000000
323 4.600000000000000 6.400000000000000
324 4.600000000000000 4.600000000000000
325 4.600000000000000 2.700000000000000
326 4.600000000000000 1.800000000000000
327 4.600000000000000 1.400000000000000
328 4.600000000000000 6.600000000000000
329 4.600000000000000 2.100000000000000
330 4.700000000000000 2.500000000000000
331 4.700000000000000 1.300000000000000
332 4.700000000000000 4.300000000000000
333 4.700000000000000 2.700000000000000
334 4.700000000000000 4.600000000000000
335 4.700000000000000 4.500000000000000
336 4.700000000000000 7.100000000000000
337 4.700000000000000 7.900000000000000
338 4.800000000000000 8.300000000000001
339 4.800000000000000 1.400000000000000
340 4.800000000000000 3.900000000000000
341 4.800000000000000 2.800000000000000
342 4.800000000000000 3.900000000000000
343 4.900000000000000 5.900000000000000
344 4.900000000000000 2.900000000000000
345 4.900000000000000 8.400000000000000
346 4.900000000000000 6.000000000000000
347 4.900000000000000 1.600000000000000
348 4.900000000000000 2.000000000000000
349 5.000000000000000 8.100000000000000
350 5.000000000000000 4.300000000000000
351 5.000000000000000 2.600000000000000
352 5.000000000000000 5.900000000000000
353 5.000000000000000 7.900000000000000
354 5.000000000000000 5.200000000000000
355 5.100000000000000 2.900000000000000
356 5.100000000000000 4.000000000000000
357 5.100000000000000 4.600000000000000
358 5.100000000000000 3.900000000000000
359 5.100000000000000 1.900000000000000
360 5.100000000000000 6.600000000000000
361 5.100000000000000 7.100000000000000
362 5.200000000000000 3.100000000000000
363 5.200000000000000 3.300000000000000
364 5.200000000000000 6.800000000000000
365 5.200000000000000 1.500000000000000
366 5.200000000000000 5.100000000000000
367 5.200000000000000 2.100000000000000
368 5.200000000000000 2.700000000000000
369 5.300000000000000 6.300000000000000
370 5.300000000000000 8.800000000000001
371 5.300000000000000 8.800000000000001
372 5.300000000000000 8.600000000000000
373 5.300000000000000 1.400000000000000
374 5.400000000000000 7.800000000000000
375 5.400000000000000 3.800000000000000
376 5.400000000000000 1.800000000000000
377 5.400000000000000 4.000000000000000
378 5.400000000000000 7.800000000000000
379 5.400000000000000 7.700000000000000
380 5.500000000000000 1.600000000000000
381 5.500000000000000 7.700000000000000
382 5.500000000000000 5.200000000000000
383 5.500000000000000 3.100000000000000
384 5.500000000000000 6.500000000000000
385 5.500000000000000 4.100000000000000
386 5.500000000000000 6.400000000000000
387 5.500000000000000 6.400000000000000
388 5.500000000000000 6.900000000000000
389 5.600000000000000 3.500000000000000
390 5.600000000000000 6.100000000000000
391 5.600000000000000 2.200000000000000
392 5.600000000000000 7.600000000000000
393 5.600000000000000 6.700000000000000
394 5.600000000000000 4.200000000000000
395 5.700000000000000 5.800000000000000
396 5.700000000000000 3.400000000000000
397 5.700000000000000 8.699999999999999
398 5.700000000000000 3.800000000000000
399 5.700000000000000 6.100000000000000
400 5.700000000000000 2.400000000000000
401 5.700000000000000 6.400000000000000
402 5.700000000000000 7.700000000000000
403 5.800000000000000 4.400000000000000
404 5.800000000000000 5.400000000000000
405 5.800000000000000 1.900000000000000
406 5.800000000000000 6.100000000000000
407 5.800000000000000 3.800000000000000
408 5.800000000000000 6.400000000000000
409 5.800000000000000 3.400000000000000
410 5.800000000000000 6.700000000000000
411 5.800000000000000 3.900000000000000
412 5.800000000000000 4.200000000000000
413 5.900000000000000 5.500000000000000
414 5.900000000000000 2.200000000000000
415 5.900000000000000 3.000000000000000
416 5.900000000000000 5.800000000000000
417 5.900000000000000 3.600000000000000
418 5.900000000000000 2.900000000000000
419 5.900000000000000 6.500000000000000
420 5.900000000000000 3.600000000000000
421 6.000000000000000 4.400000000000000
422 6.000000000000000 5.800000000000000
423 6.000000000000000 7.500000000000000
424 6.000000000000000 1.800000000000000
425 6.000000000000000 5.400000000000000
426 6.000000000000000 8.100000000000000
427 6.000000000000000 7.100000000000000
428 6.000000000000000 5.600000000000000
429 6.100000000000000 6.100000000000000
430 6.100000000000000 3.100000000000000
431 6.100000000000000 7.100000000000000
432 6.100000000000000 4.500000000000000
433 6.100000000000000 5.700000000000000
434 6.100000000000000 2.500000000000000
435 6.100000000000000 4.500000000000000
436 6.100000000000000 6.800000000000000
437 6.200000000000000 5.200000000000000
438 6.200000000000000 4.300000000000000
439 6.200000000000000 2.300000000000000
440 6.200000000000000 8.000000000000000
441 6.200000000000000 6.200000000000000
442 6.300000000000000 1.600000000000000
443 6.300000000000000 4.100000000000000
444 6.300000000000000 7.900000000000000
445 6.300000000000000 2.000000000000000
446 6.300000000000000 6.700000000000000
447 6.400000000000000 2.000000000000000
448 6.400000000000000 4.800000000000000
449 6.400000000000000 2.000000000000000
450 6.400000000000000 7.700000000000000
451 6.500000000000000 1.500000000000000
452 6.500000000000000 8.300000000000001
453 6.500000000000000 4.000000000000000
454 6.500000000000000 4.100000000000000
455 6.500000000000000 8.500000000000000
456 6.600000000000000 5.700000000000000
457 6.600000000000000 2.500000000000000
458 6.600000000000000 5.100000000000000
459 6.600000000000000 7.200000000000000
460 6.600000000000000 2.000000000000000
461 6.600000000000000 7.900000000000000
462 6.600000000000000 3.000000000000000
463 6.600000000000000 6.500000000000000
464 6.600000000000000 7.700000000000000
465 6.600000000000000 3.900000000000000
466 6.600000000000000 1.900000000000000
467 6.700000000000000 1.700000000000000
468 6.700000000000000 4.400000000000000
469 6.700000000000000 7.900000000000000
470 6.700000000000000 2.000000000000000
471 6.700000000000000 1.400000000000000
472 6.700000000000000 4.100000000000000
473 6.700000000000000 6.500000000000000
474 6.800000000000000 8.000000000000000
475 6.800000000000000 5.500000000000000
476 6.800000000000000 5.300000000000000
477 6.800000000000000 4.000000000000000
478 6.800000000000000 8.199999999999999
479 6.800000000000000 4.200000000000000
480 6.900000000000000 5.700000000000000
481 6.900000000000000 5.000000000000000
482 6.900000000000000 8.500000000000000
483 6.900000000000000 8.900000000000000
484 6.900000000000000 1.800000000000000
485 6.900000000000000 4.600000000000000
486 6.900000000000000 4.700000000000000
487 6.900000000000000 2.100000000000000
488 6.900000000000000 8.699999999999999
489 6.900000000000000 6.800000000000000
490 7.000000000000000 3.000000000000000
491 7.000000000000000 5.600000000000000
492 7.000000000000000 8.800000000000001
493 7.000000000000000 4.700000000000000
494 7.100000000000000 8.199999999999999
495 7.100000000000000 4.400000000000000
496 7.100000000000000 2.200000000000000
497 7.100000000000000 1.800000000000000
498 7.200000000000000 8.600000000000000
499 7.200000000000000 8.600000000000000
500 7.200000000000000 4.400000000000000
501 7.200000000000000 6.900000000000000
502 7.200000000000000 8.300000000000001
503 7.200000000000000 3.000000000000000
504 7.200000000000000 3.700000000000000
505 7.200000000000000 8.300000000000001
506 7.200000000000000 2.700000000000000
507 7.200000000000000 7.100000000000000
508 7.300000000000000 7.700000000000000
509 7.300000000000000 4.200000000000000
510 7.300000000000000 6.300000000000000
511 7.300000000000000 3.400000000000000
512 7.300000000000000 2.800000000000000
513 7.300000000000000 2.500000000000000
514 7.300000000000000 5.500000000000000
515 7.400000000000000 2.900000000000000
516 7.400000000000000 3.900000000000000
517 7.400000000000000 6.400000000000000
518 7.400000000000000 4.100000000000000
519 7.400000000000000 5.600000000000000
520 7.400000000000000 6.400000000000000
521 7.500000000000000 6.600000000000000
522 7.500000000000000 3.800000000000000
523 7.500000000000000 4.800000000000000
524 7.500000000000000 8.800000000000001
525 7.500000000000000 3.700000000000000
526 7.500000000000000 1.600000000000000
527 7.500000000000000 5.700000000000000
528 7.500000000000000 7.700000000000000
529 7.500000000000000 1.200000000000000
530 7.500000000000000 9.199999999999999
531 7.500000000000000 4.400000000000000
532 7.500000000000000 6.100000000000000
533 7.500000000000000 2.000000000000000
534 7.500000000000000 5.100000000000000
535 7.500000000000000 1.200000000000000
536 7.500000000000000 7.200000000000000
537 7.500000000000000 3.900000000000000
538 7.500000000000000 1.300000000000000
539 7.600000000000000 2.900000000000000
540 7.600000000000000 1.900000000000000
541 7.600000000000000 6.700000000000000
542 7.600000000000000 1.300000000000000
543 7.600000000000000 1.300000000000000
544 7.600000000000000 7.000000000000000
545 7.600000000000000 5.800000000000000
546 7.600000000000000 9.000000000000000
547 7.600000000000000 6.200000000000000
548 7.700000000000000 5.900000000000000
549 7.700000000000000 5.300000000000000
550 7.700000000000000 2.400000000000000
551 7.700000000000000 8.699999999999999
552 7.700000000000000 2.900000000000000
553 7.700000000000000 2.300000000000000
554 7.800000000000000 3.100000000000000
555 7.800000000000000 7.000000000000000
556 7.800000000000000 8.300000000000001
557 7.800000000000000 8.300000000000001
558 7.800000000000000 2.200000000000000
559 7.800000000000000 8.500000000000000
560 7.800000000000000 1.500000000000000
561 7.800000000000000 8.100000000000000
562 7.800000000000000 9.100000000000000
563 7.800000000000000 8.699999999999999
564 7.800000000000000 5.200000000000000
565 7.800000000000000 5.000000000000000
566 7.900000000000000 5.900000000000000
567 7.900000000000000 5.800000000000000
568 7.900000000000000 5.300000000000000
569 7.900000000000000 6.600000000000000
570 7.900000000000000 1.600000000000000
571 7.900000000000000 3.200000000000000
572 7.900000000000000 5.500000000000000
573 7.900000000000000 5.200000000000000
574 8.000000000000000 8.300000000000001
575 8.000000000000000 9.699999999999999
576 8.000000000000000 7.900000000000000
577 8.000000000000000 1.800000000000000
578 8.000000000000000 8.800000000000001
579 8.000000000000000 4.100000000000000
580 8.000000000000000 3.800000000000000
581 8.000000000000000 8.300000000000001
582 8.000000000000000 9.300000000000001
583 8.000000000000000 3.000000000000000
584 8.100000000000000 6.600000000000000
585 8.100000000000000 7.400000000000000
586 8.100000000000000 9.800000000000001
587 8.100000000000000 7.100000000000000
588 8.100000000000000 7.000000000000000
589 8.100000000000000 6.600000000000000
590 8.100000000000000 6.100000000000000
591 8.100000000000000 9.800000000000001
592 8.100000000000000 3.600000000000000
593 8.199999999999999 3.500000000000000
594 8.199999999999999 7.800000000000000
595 8.199999999999999 1.300000000000000
596 8.199999999999999 9.000000000000000
597 8.199999999999999 7.600000000000000
598 8.199999999999999 2.700000000000000
599 8.199999999999999 1.900000000000000
600 8.199999999999999 3.000000000000000
601 8.199999999999999 8.199999999999999
602 8.199999999999999 6.400000000000000
603 8.300000000000001 3.700000000000000
604 8.300000000000001 8.500000000000000
605 8.300000000000001 6.800000000000000
606 8.300000000000001 2.500000000000000
607 8.300000000000001 4.100000000000000
608 8.300000000000001 9.100000000000000
609 8.300000000000001 2.700000000000000
610 8.300000000000001 5.900000000000000
611 8.300000000000001 8.100000000000000
612 8.300000000000001 8.600000000000000
613 8.300000000000001 7.200000000000000
614 8.300000000000001 2.600000000000000
615 8.400000000000000 3.100000000000000
616 8.400000000000000 8.000000000000000
617 8.400000000000000 7.200000000000000
618 8.400000000000000 3.100000000000000
619 8.400000000000000 4.900000000000000
620 8.400000000000000 2.300000000000000
621 8.400000000000000 4.800000000000000
622 8.500000000000000 6.600000000000000
623 8.500000000000000 7.500000000000000
624 8.500000000000000 6.300000000000000
625 8.500000000000000 8.199999999999999
626 8.500000000000000 7.500000000000000
627 8.600000000000000 6.300000000000000
628 8.600000000000000 3.000000000000000
629 8.600000000000000 3.300000000000000
630 8.600000000000000 2.800000000000000
631 8.600000000000000 4.700000000000000
632 8.600000000000000 2.600000000000000
633 8.699999999999999 6.800000000000000
634 8.699999999999999 4.000000000000000
635 8.699999999999999 6.300000000000000
636 8.699999999999999 4.700000000000000
637 8.800000000000001 3.100000000000000
