49
0 8.768000000000001 9.696000000000000
1 7.030000000000000 9.212000000000000
2 5.375000000000000 2.311000000000000
3 6.312000000000000 1.464000000000000
4 5.714968525262812 2.003685868839272
5 7.522000000000000 6.083000000000000
6 8.343000000000000 0.022000000000000
7 8.045997689940839 2.214607796916666
8 7.731893977455592 4.533466020269980
9 7.596701422229736 5.531519707509830
10 8.120902214086014 1.661628112575730
11 8.085901724542564 1.920017841105384
12 9.900000000000000 1.856000000000000
13 4.730000000000000 2.856000000000000
14 7.015361519881763 2.413957152827512
15 6.174232035283770 2.576651443852269
16 6.732387502703878 2.468691005279714
17 5.520538620633875 2.703091175892868
18 4.849715084361535 2.832844277686357
19 9.489000000000001 9.731000000000000
20 6.798000000000000 1.771000000000000
21 7.903689669078267 5.041639080588257
22 6.862967385235773 1.963174056661742
23 8.253447039736871 6.076224242402636
24 5.368000000000000 9.087999999999999
25 6.248151669879039 1.979656428858271
26 5.858924034772468 5.123164363235924
27 5.886743944467030 4.898483228160347
28 6.247503253731604 1.984893213506629
29 5.941504026303813 4.456225957054804
30 5.897675882532915 2.112654970788634
31 6.233003382642179 1.985404900473101
32 2.652000000000000 7.194000000000000
33 4.573000000000000 4.381000000000000
34 6.416000000000000 5.833000000000000
35 6.450638674061498 5.464669387335595
36 6.779651001999028 1.966114214345417
37 6.471381439904545 5.244101023842250
38 7.323061783641623 5.968183843932874
39 7.147148608450351 6.248899661007737
40 6.089287057451087 5.256117182699814
41 6.726988417756713 5.624163203466235
42 5.055620775809230 3.430954359183911
43 5.973097583242127 1.994576734432409
44 5.151264092363768 3.281217691463281
45 0.577000000000000 2.185000000000000
46 4.325060100209861 2.052734444602698
47 7.804645521921526 7.226532244162110
48 3.420000000000000 0.707000000000000
85
1 0
2 4
4 3
5 9
9 8
8 7
7 11
11 10
10 6
13 18
18 17
17 15
15 16
16 14
14 7
7 12
20 22
22 14
14 8
8 21
21 23
23 19
24 26
26 27
27 29
29 15
15 28
28 25
25 3
2 30
30 31
31 25
25 20
32 33
34 35
35 37
37 16
16 36
36 20
24 39
39 38
38 9
9 21
21 12
3 10
10 12
33 26
26 40
40 35
35 41
41 38
38 5
19 12
32 42
42 44
44 17
17 30
30 43
43 3
13 42
42 27
27 40
40 34
45 46
46 4
4 43
43 31
31 28
28 36
36 22
22 11
11 12
1 47
47 23
23 12
48 46
46 18
18 44
44 29
29 37
37 41
41 39
39 47
47 19
6 12
28
0 5.100000000000000 2.400000000000000
1 5.500000000000000 2.400000000000000
2 5.600000000000000 5.600000000000000
3 5.700000000000000 2.300000000000000
4 5.900000000000000 4.900000000000000
5 6.000000000000000 1.900000000000000
6 6.400000000000000 6.000000000000000
7 6.600000000000000 1.500000000000000
8 6.800000000000000 5.600000000000000
9 7.300000000000000 3.800000000000000
10 7.400000000000000 5.400000000000000
11 7.400000000000000 5.800000000000000
12 7.700000000000000 4.000000000000000
13 7.800000000000000 5.700000000000000
14 8.000000000000000 4.300000000000000
15 8.000000000000000 7.200000000000000
16 8.199999999999999 6.900000000000000
17 8.300000000000001 4.600000000000000
18 8.400000000000000 1.300000000000000
19 8.400000000000000 4.800000000000000
20 8.699999999999999 8.300000000000001
21 8.699999999999999 0.800000000000000
22 8.699999999999999 5.900000000000000
23 8.699999999999999 7.800000000000000
24 9.100000000000000 8.199999999999999
25 9.400000000000000 4.600000000000000
26 9.500000000000000 7.600000000000000
27 9.600000000000000 4.800000000000000
