40
0 6.912000000000000 9.065000000000000
1 7.890000000000000 7.278000000000000
2 7.614660731314700 7.781099461288989
3 7.509348926812545 7.973525018186074
4 2.217000000000000 7.044000000000000
5 3.124000000000000 8.993000000000000
6 0.978000000000000 4.723000000000000
7 5.030000000000000 9.513999999999999
8 3.304178241358445 7.473424470470953
9 1.617964103221577 5.479680162520872
10 2.575936226125856 6.612366352262828
11 3.067298388619786 7.193342689999357
12 4.120000000000000 0.593000000000000
13 2.216000000000000 0.548000000000000
14 1.296234387232656 5.356206352974576
15 3.456897787411370 6.185428298940259
16 3.544359038621849 5.447803288731398
17 3.518932036951053 5.662247881135698
18 3.331877971246572 7.239812290691567
19 3.549760009506796 5.402252931870394
20 8.334000000000000 9.270000000000000
21 8.038382456109714 7.943715884167904
22 8.066851608310090 8.071442350796625
23 8.144972101229357 8.421928886596577
24 8.628000000000000 8.170000000000000
25 0.329000000000000 4.985000000000000
26 3.058207139705259 6.032418332324527
27 1.321116955641260 5.365755814401424
28 5.523410309916429 6.978516910119753
29 5.293000000000000 3.345000000000000
30 3.401981438532851 5.619017444365079
31 3.576388957217244 5.409286166207222
32 4.843606878857066 3.885411298799648
33 5.544000000000000 3.252000000000000
34 5.489500344370922 3.272193099496032
35 5.385785648529484 6.352324700809148
36 1.795000000000000 4.746000000000000
37 7.051000000000000 6.327000000000000
38 5.277256969857635 5.858519212852238
39 5.620000000000000 7.418000000000000
68
0 3
3 2
2 1
4 5
6 9
9 10
10 11
11 8
8 7
13 12
6 14
14 5
5 8
8 18
18 15
15 17
17 16
16 19
19 12
1 21
21 22
22 23
23 20
25 14
14 27
27 9
9 26
26 15
15 28
28 2
2 21
21 24
4 10
10 26
26 30
30 16
16 31
31 32
32 29
6 27
27 4
29 34
34 33
6 30
30 17
17 35
35 1
36 12
4 11
11 18
18 3
3 22
22 24
6 19
19 31
31 38
38 37
12 33
12 32
32 38
38 35
35 28
28 39
0 23
23 24
12 34
34 37
20 24
26
0 1.400000000000000 5.100000000000000
1 1.500000000000000 5.000000000000000
2 2.600000000000000 7.900000000000000
3 2.900000000000000 6.300000000000000
4 3.800000000000000 4.400000000000000
5 3.800000000000000 7.100000000000000
6 4.000000000000000 2.600000000000000
7 4.100000000000000 6.500000000000000
8 4.100000000000000 3.300000000000000
9 4.300000000000000 4.600000000000000
10 4.600000000000000 3.500000000000000
11 4.700000000000000 2.000000000000000
12 4.700000000000000 1.900000000000000
13 4.800000000000000 6.100000000000000
14 5.100000000000000 4.300000000000000
15 5.200000000000000 5.600000000000000
16 5.400000000000000 6.200000000000000
17 5.500000000000000 7.200000000000000
18 5.700000000000000 3.900000000000000
19 6.200000000000000 6.300000000000000
20 7.300000000000000 8.300000000000001
21 7.300000000000000 8.100000000000000
22 7.500000000000000 7.300000000000000
23 7.500000000000000 8.600000000000000
24 7.700000000000000 8.199999999999999
25 8.000000000000000 8.300000000000001
