302
0 4.830000000000000 3.790000000000000
1 8.119999999999999 8.789999999999999
2 5.302611376236216 4.508254371179660
3 5.709365604433668 5.126421891236578
4 5.718598989246267 5.140454390951774
5 7.273885167353830 7.504111196586368
6 6.810415430267062 6.799749894022892
7 5.649999673378733 5.036200111517832
8 6.392394023833520 6.164459002786506
9 5.836839981006648 5.320151946818614
10 6.151123399793685 5.797786321874902
11 1.520000000000000 2.620000000000000
12 8.539999999999999 2.850000000000000
13 6.073652303120358 2.769193736427020
14 2.955023676481503 2.667016445240847
15 3.358566222561379 2.680237924670815
16 2.634545539579881 2.656516449302475
17 5.346785704111805 2.745379018795686
18 3.050194136778693 2.670134565734914
19 5.491772311308874 2.750129292250861
20 8.143515503103369 2.837009767195695
21 6.410148465441237 2.780218539466023
22 8.336459009317991 2.843331278083068
23 2.145630040404150 2.640497850326632
24 3.206372775892834 2.675251529694495
25 2.574649669046468 2.654554048985853
26 7.532144084113970 2.816979079678948
27 5.718284764856298 2.757550640444010
28 5.353699721498630 2.745605546430867
29 4.668690465431540 2.723162223226390
30 8.459125055650585 2.847350251111059
31 6.843728355519968 2.794424148400227
32 3.920000000000000 7.850000000000000
33 3.600000000000000 4.810000000000000
34 3.603074378212324 4.839206593017074
35 3.612802024816347 4.931619235755294
36 3.694105095079112 5.703998403251560
37 3.789267222465994 6.608038613426944
38 3.705353049907579 5.810853974121997
39 3.685739767868051 5.624527794746488
40 7.420000000000000 3.400000000000000
41 3.130000000000000 1.390000000000000
42 5.564287646263304 2.530540365731758
43 4.267033309291193 1.922735886171399
44 5.476434010152284 2.489378172588832
45 6.926253683215656 3.168664313115027
46 6.531824388887924 2.983861776611824
47 3.387992412186335 1.510877563751639
48 5.533210169789742 2.515979590041348
49 3.403324099722993 1.518060941828256
50 4.923149863760218 2.230147138964577
51 6.799292383671580 3.109178948992978
52 1.440000000000000 5.660000000000000
53 3.450064825930371 4.869002267573697
54 3.352423147073453 4.907426076383132
55 2.105523612918232 5.398104133805325
56 1.856768020608123 5.495994065964396
57 9.710000000000001 3.650000000000000
58 0.980000000000000 5.350000000000000
59 3.923317596778272 4.776845370615915
60 8.053060006333121 3.972657272535360
61 3.284944498404328 4.901156283243143
62 3.912845449510363 4.778884620370262
63 2.045463852445002 5.142521357484936
64 7.219599109376693 4.134957790843027
65 3.793768174225082 4.802072635030625
66 4.372134293016292 4.689446930340470
67 8.845086635436175 3.818425282904754
68 6.831462114756998 4.210540023472292
69 7.480454486301246 4.084161211144087
70 6.217148431149407 4.330165826694846
71 9.146996811255148 3.759634068827749
72 5.618785788707043 4.446685470698513
73 6.638501351070464 4.248115429917550
74 1.910000000000000 0.390000000000000
75 5.040000000000000 7.210000000000000
76 3.091936902106127 2.965338553470859
77 4.011345217214966 4.968649962110566
78 3.960775941122528 4.858463871711067
79 2.977068171657173 2.715049498626812
80 3.601048191591664 4.074648136311549
81 4.260134279355387 5.510739867477231
82 3.979611577684462 4.899505098980203
83 3.105392649808329 2.994657466994505
84 2.802355877146559 2.334366479916783
85 4.331693189841052 5.666660560612132
86 4.333240434783368 5.670031873873025
87 2.960000000000000 7.590000000000000
88 3.510000000000000 9.289999999999999
89 0.310000000000000 5.940000000000000
90 3.630000000000000 2.390000000000000
91 1.441707117378806 4.729891485935313
92 2.926861390725687 3.141850018952955
93 1.846729110495436 4.296810740283496
94 0.890901976074635 5.318854814739471
95 0.993120097760600 5.209555317153575
96 2.170230855339218 3.950897729983668
97 3.071916097560976 2.986746341463415
98 2.667578608791708 3.419095162285974
99 3.266336707899942 2.778856833420243
100 5.190000000000000 3.140000000000000
101 9.660000000000000 4.440000000000000
102 5.520357477573972 3.236077118757531
103 6.080705641505571 3.399041909162694
104 6.996165935111574 3.665283157862427
105 6.926941628360935 3.645150809143002
106 8.437507544241861 4.084465281323136
107 6.246745438506895 3.447330888156368
108 6.659233360257095 3.567293818419289
109 6.731644292756920 3.588352926305145
110 9.730000000000000 5.500000000000000
111 1.120000000000000 4.700000000000000
112 4.028077267906386 4.970204624195715
113 1.959811813777106 4.778031295124470
114 7.935586289731819 5.333271664551156
115 6.974950527878463 5.244013986330171
116 5.454979543813675 5.102785555755045
117 4.133072358446176 4.979960265593141
118 4.563418128375229 5.019945935272959
119 7.672921624783188 5.308866120769634
120 4.228222189106626 4.988801132553461
121 8.214422826547313 5.359179821281980
122 6.399725382705835 5.190566818369880
123 6.199774538692174 5.171988342735626
124 4.040000000000000 4.990000000000000
125 7.939306796174558 5.339498500184363
126 6.979288097000057 5.253451129959584
127 5.422407755793839 5.113906494807532
128 4.175364503592040 5.002132846543399
129 4.573776390374661 5.037842875059943
130 7.678479250049460 5.316120284275083
131 8.226118879197319 5.365205734339303
132 6.365529114124206 5.198439340633277
133 6.209780260465720 5.184479425806242
134 1.420000000000000 0.640000000000000
135 2.752774943141648 2.852813359796247
136 3.504524379426178 4.100946965841174
137 3.988210196692435 4.904013112829043
138 2.793866648886518 2.921038138418456
139 2.606439874425974 2.609852463264500
140 5.170000000000000 2.920000000000000
141 7.620000000000000 0.500000000000000
142 5.483546630360790 2.610292716133424
143 6.002401289356837 2.097791379492430
144 6.383851863767982 1.721011628441421
145 6.258112003805151 1.845211816649605
146 5.552947348697770 2.541741802510774
147 5.349336545467674 2.742859412231930
148 7.086521135394122 1.026946470345397
149 7.094345739635065 1.019217677584956
150 5.460000000000000 1.190000000000000
151 1.520000000000000 3.610000000000000
152 5.402092219020172 1.225567723342940
153 1.664480856438506 3.521257951121526
154 2.683977908754843 2.895069406297786
155 2.423527719700097 3.055041349828874
156 3.163228605142218 2.600707303440566
157 2.186147973135570 3.200843123099472
158 5.426264641692347 1.210720702310792
159 4.818980875762047 1.583722406257829
160 4.155314309675844 1.991355170199101
161 5.540000000000000 3.570000000000000
162 5.390000000000000 1.020000000000000
163 5.538631480218281 3.546735163710777
164 5.400042332377440 1.190719650416495
165 5.473407109322602 2.437920858484239
166 5.496804353006593 2.835674001112082
167 5.406138613861386 1.294356435643565
168 1.260000000000000 1.800000000000000
169 2.630000000000000 7.630000000000000
170 1.296946961044146 1.957226848822897
171 1.708565649275417 3.708859660785170
172 1.737450090863889 3.831776664041221
173 2.133090195243195 5.515413020633451
174 1.350000000000000 2.700000000000000
175 0.200000000000000 9.260000000000000
176 1.087873997075214 4.195257894944865
177 0.514638783269962 7.465190940651348
178 8.940000000000000 2.620000000000000
179 2.150000000000000 4.470000000000000
180 6.682005116109401 3.235212155404655
181 2.814852389583820 4.288854650849769
182 8.266949976805712 2.803378872298885
183 5.493540234023403 3.559020702070207
184 3.183336438899523 4.188457671286581
185 3.959742237374527 3.976918536208708
186 7.712402030213463 2.954470728145080
187 6.187464994939620 3.369954309184345
188 6.297889577639461 3.339868082675552
189 4.987825564572602 3.696807467679041
190 8.398869056174783 2.767436265990670
191 5.012685919394839 3.690034027852658
192 6.785479592756104 3.207019551310929
193 6.840000000000000 0.700000000000000
194 7.210000000000000 0.200000000000000
195 6.760000000000000 3.790000000000000
196 6.952688963926111 3.688242906690705
197 8.439967733261629 2.902826028502286
198 7.970044776407465 3.150987589987069
199 6.897613577550840 3.717327661293377
200 8.483586162440911 2.879791577137945
201 8.800000000000001 6.780000000000000
202 7.881288086907068 7.215910567459973
203 8.460322020825300 6.941170458927882
204 7.898695146276596 7.207651263297873
205 5.804990244622245 8.201072681663168
206 4.669348373263727 8.739912208527040
207 7.849208432795144 7.231131726594365
208 4.272643614054657 5.506468823201339
209 4.343570379940102 5.663926243467027
210 4.346748268987545 5.670981157152351
211 7.400900098911968 4.438392680514342
212 7.921988749531231 5.310514104754365
213 5.510995896890236 1.275349420244437
214 7.013735398840483 3.790413436981527
215 7.833940448113208 5.163151827830188
216 7.674914751835637 4.896998042742876
217 8.303510212159935 5.949048528734743
218 6.762483902216650 3.369905692632059
219 8.090000000000000 7.670000000000000
220 6.610000000000000 4.450000000000000
221 7.726083502678736 6.878235728801035
222 6.712668998205329 4.673374442041323
223 7.775899280575537 6.986618705035966
224 6.659724904072286 4.558185264265379
225 6.897693053703479 5.075926779003515
226 7.940891558745514 7.345588391324702
227 7.265474067172457 5.876098983983318
228 9.380000000000001 7.020000000000000
229 5.530000000000000 6.690000000000000
230 7.715166666666668 6.877300000000000
231 7.554765838770784 6.863551357608924
232 2.710000000000000 6.040000000000000
233 4.796306615184966 5.327675312815419
234 4.750562915544865 5.343293518835396
235 8.959996414115190 3.906072652894957
236 7.087900552486188 4.545259668508288
237 7.817355465363928 4.296202919682888
238 6.815293360472269 4.638335552638754
239 9.196521789318282 3.825316131932758
240 5.996294551031049 4.917965146147971
241 3.885705171255876 5.638580662956922
242 7.700000000000000 6.850000000000000
243 8.300000000000001 7.930000000000000
244 8.053260869565220 7.485869565217395
245 7.410000000000000 8.500000000000000
246 4.333789088304349 7.927066735644076
247 3.486799733865602 4.641137724550898
248 4.717659200702679 5.286442687747035
249 1.793279377939510 3.753272683579937
250 4.150875189371869 4.989293788602727
251 5.103831697833734 5.488902055174967
252 7.430900634492263 6.708918779248370
253 5.622084308556506 5.760607307398557
254 8.869999999999999 3.150000000000000
255 8.547602059173563 2.964692092662811
256 6.949379008839392 2.046065354054313
257 2.247072308281789 2.791820570365100
258 3.436527041686777 3.072910619304089
259 2.443943988131852 2.838344972319716
260 4.770956889700581 3.388260956521282
261 1.970000000000000 5.820000000000000
262 0.360000000000000 7.640000000000000
263 7.440000000000000 5.260000000000000
264 7.652550160820953 5.282275999387348
265 8.170520886011936 5.336561140892080
266 1.790000000000000 2.110000000000000
267 2.358656251220052 2.958271755963613
268 2.040000000000000 0.660000000000000
269 2.916325237856004 2.174109221854357
270 4.544227425805094 4.986788360345191
271 4.866464599673632 5.543547718060746
272 4.965381994164684 5.714456568714338
273 4.050000000000000 0.580000000000000
274 3.389203994418280 1.509173905459619
275 5.140000000000000 9.880000000000001
276 3.530000000000000 5.980000000000000
277 5.150000000000000 1.000000000000000
278 5.442797023351296 1.223330767256864
279 6.907777359112639 2.340743706285473
280 6.040120706416073 3.177631237848348
281 5.080564008926761 1.925157232704403
282 7.383482357709162 4.931071709009853
283 7.404986190570133 4.959139869796804
284 8.155410116166031 5.938640572679871
285 6.673005333054482 4.003712224197428
286 4.827908051800019 2.414678149637463
287 8.478127856863003 4.712085673240173
288 6.728465710311495 3.610867885293580
289 4.500000000000000 3.050000000000000
290 5.610000000000000 4.980000000000000
291 9.400000000000000 5.970000000000000
292 4.140000000000000 3.260000000000000
293 7.427777471972992 4.953892956092549
294 5.039393673549841 3.723375828007618
295 7.092192705039005 1.034468339307049
296 6.243471207843220 5.226539002510914
297 4.320835746793545 5.669160115846091
298 9.170000000000000 8.880000000000001
299 6.733861340112279 5.838739103394987
300 9.740000000000000 6.050000000000000
301 1.060000000000000 5.440000000000000
526
0 2
2 7
7 3
3 4
4 9
9 10
10 8
8 6
6 5
5 1
11 23
23 25
25 16
16 14
14 18
18 24
24 15
15 29
29 17
17 28
28 19
19 27
27 13
13 21
21 31
31 26
26 20
20 22
22 30
30 12
33 34
34 35
35 39
39 36
36 38
38 37
37 32
41 47
47 49
49 43
43 50
50 44
44 48
48 42
42 13
13 46
46 51
51 45
45 40
52 56
56 55
55 54
54 53
53 33
58 63
63 61
61 53
53 34
34 65
65 62
62 59
59 66
66 2
2 72
72 70
70 73
73 68
68 64
64 69
69 60
60 67
67 71
71 57
74 84
84 14
14 79
79 76
76 83
83 80
80 59
59 78
78 82
82 77
77 81
81 85
85 86
86 75
87 88
89 94
94 95
95 91
91 93
93 96
96 98
98 92
92 97
97 76
76 99
99 15
15 90
100 102
102 103
103 107
107 108
108 109
109 105
105 104
104 60
60 106
106 101
111 91
91 113
113 61
61 54
54 35
35 77
77 112
112 117
117 120
120 118
118 116
116 3
3 123
123 122
122 115
115 119
119 114
114 121
121 110
124 128
128 129
129 127
127 4
4 133
133 132
132 126
126 130
130 125
125 131
131 110
134 139
139 16
16 135
135 138
138 92
92 136
136 62
62 78
78 137
137 112
112 124
140 17
17 147
147 142
142 146
146 42
42 143
143 145
145 144
144 148
148 149
149 141
151 153
153 157
157 155
155 154
154 135
135 79
79 18
18 156
156 160
160 43
43 159
159 152
152 158
158 150
162 164
164 152
152 167
167 165
165 44
44 142
142 19
19 166
166 102
102 163
163 161
168 170
170 153
153 171
171 172
172 93
93 113
113 63
63 55
55 173
173 169
175 177
177 94
94 176
176 174
179 181
181 184
184 136
136 80
80 185
185 189
189 191
191 183
183 163
163 103
103 187
187 188
188 180
180 192
192 45
45 186
186 20
20 182
182 190
190 178
193 194
195 199
199 196
196 104
104 198
198 197
197 200
200 12
88 206
206 205
205 5
5 207
207 202
202 204
204 203
203 201
124 208
208 209
209 210
210 75
150 213
213 143
143 21
21 46
46 180
180 218
218 105
105 196
196 214
214 64
64 211
211 216
216 215
215 212
212 114
114 125
125 217
217 201
220 224
224 222
222 225
225 115
115 126
126 227
227 221
221 223
223 202
202 226
226 219
229 6
6 231
231 230
230 221
221 203
203 228
232 36
36 241
241 81
81 208
208 234
234 233
233 127
127 116
116 7
7 240
240 222
222 238
238 236
236 211
211 237
237 106
106 235
235 239
239 57
242 230
230 223
223 204
204 244
244 243
58 95
95 176
176 170
170 134
32 246
246 205
205 245
151 171
171 249
249 96
96 181
181 247
247 65
65 82
82 137
137 117
117 250
250 128
128 248
248 233
233 251
251 253
253 8
8 252
252 242
150 144
144 256
256 182
182 22
22 197
197 255
255 254
11 257
257 259
259 154
154 138
138 97
97 83
83 258
258 260
260 183
183 161
262 177
177 261
263 264
264 212
212 265
265 110
266 23
23 257
257 267
267 155
155 98
98 184
184 247
247 33
268 269
269 156
156 24
24 99
99 258
258 185
185 66
66 270
270 118
118 129
129 248
248 234
234 271
271 272
272 229
111 172
172 249
249 157
157 267
267 259
259 25
25 139
139 84
84 269
269 47
47 274
274 273
276 37
37 246
246 206
206 275
277 164
164 158
158 278
278 213
213 145
145 279
279 26
26 186
186 198
198 67
67 235
235 101
273 159
159 281
281 165
165 48
48 146
146 27
27 280
280 187
187 107
107 285
285 68
68 236
236 282
282 283
283 264
264 119
119 130
130 284
284 201
268 274
274 49
49 160
160 286
286 147
147 28
28 166
166 280
280 188
188 108
108 288
288 199
199 214
214 69
69 237
237 287
287 110
289 29
29 286
286 50
50 281
281 167
167 278
278 150
124 250
250 120
120 270
270 290
292 189
189 294
294 70
70 224
224 238
238 282
282 293
293 215
215 265
265 121
121 131
131 291
193 148
148 295
295 190
190 30
30 200
200 255
255 71
71 239
239 101
232 38
38 297
297 85
85 209
209 271
271 251
251 9
9 296
296 132
132 122
122 225
225 283
283 293
293 216
216 287
287 101
289 260
260 191
191 294
294 72
72 240
240 123
123 133
133 296
296 299
299 252
252 231
231 207
207 226
226 244
244 298
301 56
56 173
173 39
39 241
241 297
297 86
86 210
210 272
272 253
253 10
10 299
299 227
227 284
284 217
217 300
220 73
73 285
285 288
288 109
109 218
218 192
192 51
51 31
31 279
279 256
256 295
295 149
149 194
455
0 0.900000000000000 5.300000000000000
1 0.900000000000000 5.300000000000000
2 1.000000000000000 5.100000000000000
3 1.100000000000000 4.100000000000000
4 1.200000000000000 3.100000000000000
5 1.200000000000000 3.900000000000000
6 1.200000000000000 3.400000000000000
7 1.300000000000000 2.800000000000000
8 1.400000000000000 4.800000000000000
9 1.500000000000000 4.100000000000000
10 1.500000000000000 4.200000000000000
11 1.500000000000000 2.000000000000000
12 1.500000000000000 0.800000000000000
13 1.600000000000000 1.600000000000000
14 1.600000000000000 1.600000000000000
15 1.600000000000000 4.200000000000000
16 1.600000000000000 4.700000000000000
17 1.600000000000000 4.900000000000000
18 1.700000000000000 2.900000000000000
19 1.700000000000000 2.900000000000000
20 1.800000000000000 3.700000000000000
21 1.800000000000000 5.100000000000000
22 1.800000000000000 2.700000000000000
23 1.800000000000000 2.900000000000000
24 1.800000000000000 4.800000000000000
25 1.800000000000000 4.500000000000000
26 1.800000000000000 5.100000000000000
27 1.800000000000000 3.100000000000000
28 1.900000000000000 2.500000000000000
29 1.900000000000000 5.200000000000000
30 1.900000000000000 3.900000000000000
31 1.900000000000000 5.400000000000000
32 2.000000000000000 3.700000000000000
33 2.000000000000000 4.900000000000000
34 2.000000000000000 1.800000000000000
35 2.100000000000000 0.900000000000000
36 2.100000000000000 1.800000000000000
37 2.100000000000000 5.000000000000000
38 2.100000000000000 1.800000000000000
39 2.100000000000000 3.900000000000000
40 2.100000000000000 4.400000000000000
41 2.100000000000000 3.400000000000000
42 2.100000000000000 1.300000000000000
43 2.300000000000000 4.700000000000000
44 2.300000000000000 2.300000000000000
45 2.300000000000000 3.800000000000000
46 2.300000000000000 4.200000000000000
47 2.300000000000000 2.200000000000000
48 2.300000000000000 3.600000000000000
49 2.300000000000000 2.500000000000000
50 2.400000000000000 2.400000000000000
51 2.400000000000000 5.300000000000000
52 2.400000000000000 3.700000000000000
53 2.400000000000000 1.100000000000000
54 2.400000000000000 2.400000000000000
55 2.400000000000000 2.600000000000000
56 2.400000000000000 4.900000000000000
57 2.400000000000000 3.700000000000000
58 2.500000000000000 4.000000000000000
59 2.500000000000000 3.200000000000000
60 2.500000000000000 4.200000000000000
61 2.500000000000000 5.000000000000000
62 2.500000000000000 4.100000000000000
63 2.500000000000000 3.600000000000000
64 2.500000000000000 1.200000000000000
65 2.500000000000000 4.700000000000000
66 2.600000000000000 4.100000000000000
67 2.600000000000000 1.400000000000000
68 2.600000000000000 2.800000000000000
69 2.600000000000000 2.200000000000000
70 2.600000000000000 2.200000000000000
71 2.700000000000000 4.300000000000000
72 2.700000000000000 2.300000000000000
73 2.700000000000000 3.400000000000000
74 2.700000000000000 1.100000000000000
75 2.700000000000000 2.900000000000000
76 2.700000000000000 5.200000000000000
77 2.800000000000000 2.500000000000000
78 2.800000000000000 2.000000000000000
79 2.800000000000000 2.800000000000000
80 2.800000000000000 5.000000000000000
81 2.800000000000000 1.700000000000000
82 2.800000000000000 1.500000000000000
83 2.800000000000000 3.300000000000000
84 2.800000000000000 2.300000000000000
85 2.800000000000000 1.300000000000000
86 2.900000000000000 2.800000000000000
87 2.900000000000000 2.300000000000000
88 2.900000000000000 1.600000000000000
89 2.900000000000000 1.900000000000000
90 2.900000000000000 2.800000000000000
91 3.000000000000000 5.900000000000000
92 3.000000000000000 1.400000000000000
93 3.000000000000000 2.100000000000000
94 3.000000000000000 2.600000000000000
95 3.100000000000000 1.900000000000000
96 3.100000000000000 2.000000000000000
97 3.100000000000000 5.800000000000000
98 3.200000000000000 1.500000000000000
99 3.200000000000000 4.900000000000000
100 3.300000000000000 3.100000000000000
101 3.300000000000000 3.500000000000000
102 3.300000000000000 5.700000000000000
103 3.400000000000000 3.800000000000000
104 3.400000000000000 1.700000000000000
105 3.400000000000000 4.200000000000000
106 3.400000000000000 5.200000000000000
107 3.400000000000000 2.900000000000000
108 3.400000000000000 2.000000000000000
109 3.400000000000000 2.500000000000000
110 3.500000000000000 1.900000000000000
111 3.500000000000000 5.500000000000000
112 3.500000000000000 5.100000000000000
113 3.500000000000000 2.300000000000000
114 3.500000000000000 3.700000000000000
115 3.500000000000000 3.500000000000000
116 3.500000000000000 3.300000000000000
117 3.600000000000000 3.100000000000000
118 3.600000000000000 1.400000000000000
119 3.600000000000000 2.800000000000000
120 3.600000000000000 4.300000000000000
121 3.700000000000000 1.400000000000000
122 3.700000000000000 5.600000000000000
123 3.700000000000000 1.800000000000000
124 3.700000000000000 1.900000000000000
125 3.700000000000000 4.000000000000000
126 3.700000000000000 4.100000000000000
127 3.700000000000000 2.900000000000000
128 3.700000000000000 1.300000000000000
129 3.700000000000000 2.000000000000000
130 3.800000000000000 3.000000000000000
131 3.800000000000000 2.300000000000000
132 3.800000000000000 1.300000000000000
133 3.800000000000000 2.500000000000000
134 3.900000000000000 1.800000000000000
135 3.900000000000000 6.600000000000000
136 3.900000000000000 3.500000000000000
137 3.900000000000000 3.900000000000000
138 4.000000000000000 2.100000000000000
139 4.000000000000000 3.300000000000000
140 4.000000000000000 6.900000000000000
141 4.000000000000000 3.800000000000000
142 4.000000000000000 5.000000000000000
143 4.000000000000000 1.700000000000000
144 4.000000000000000 0.900000000000000
145 4.000000000000000 7.700000000000000
146 4.100000000000000 4.300000000000000
147 4.100000000000000 6.400000000000000
148 4.100000000000000 5.900000000000000
149 4.100000000000000 3.800000000000000
150 4.100000000000000 0.900000000000000
151 4.100000000000000 2.000000000000000
152 4.100000000000000 1.400000000000000
153 4.200000000000000 5.900000000000000
154 4.200000000000000 3.800000000000000
155 4.200000000000000 7.100000000000000
156 4.200000000000000 5.000000000000000
157 4.200000000000000 7.700000000000000
158 4.300000000000000 5.200000000000000
159 4.300000000000000 7.700000000000000
160 4.300000000000000 5.000000000000000
161 4.300000000000000 2.400000000000000
162 4.300000000000000 5.000000000000000
163 4.400000000000000 5.600000000000000
164 4.400000000000000 1.500000000000000
165 4.400000000000000 7.100000000000000
166 4.400000000000000 3.900000000000000
167 4.400000000000000 7.200000000000000
168 4.400000000000000 6.400000000000000
169 4.400000000000000 7.100000000000000
170 4.500000000000000 4.800000000000000
171 4.500000000000000 6.900000000000000
172 4.500000000000000 3.800000000000000
173 4.500000000000000 6.300000000000000
174 4.500000000000000 8.300000000000001
175 4.500000000000000 5.000000000000000
176 4.500000000000000 7.100000000000000
177 4.600000000000000 6.400000000000000
178 4.600000000000000 5.100000000000000
179 4.600000000000000 4.400000000000000
180 4.600000000000000 5.700000000000000
181 4.600000000000000 6.500000000000000
182 4.600000000000000 4.400000000000000
183 4.600000000000000 1.600000000000000
184 4.600000000000000 7.600000000000000
185 4.700000000000000 4.600000000000000
186 4.700000000000000 5.000000000000000
187 4.700000000000000 6.400000000000000
188 4.700000000000000 3.700000000000000
189 4.700000000000000 3.100000000000000
190 4.700000000000000 3.200000000000000
191 4.700000000000000 8.199999999999999
192 4.700000000000000 3.900000000000000
193 4.700000000000000 4.300000000000000
194 4.700000000000000 8.400000000000000
195 4.700000000000000 5.800000000000000
196 4.700000000000000 4.100000000000000
197 4.700000000000000 7.200000000000000
198 4.700000000000000 7.500000000000000
199 4.800000000000000 6.700000000000000
200 4.800000000000000 5.900000000000000
201 4.800000000000000 5.900000000000000
202 4.800000000000000 4.000000000000000
203 4.800000000000000 4.700000000000000
204 4.800000000000000 8.199999999999999
205 4.800000000000000 8.400000000000000
206 4.800000000000000 5.400000000000000
207 4.900000000000000 2.900000000000000
208 4.900000000000000 2.000000000000000
209 4.900000000000000 4.700000000000000
210 4.900000000000000 3.800000000000000
211 4.900000000000000 6.800000000000000
212 5.000000000000000 4.600000000000000
213 5.000000000000000 5.700000000000000
214 5.000000000000000 1.900000000000000
215 5.000000000000000 3.000000000000000
216 5.000000000000000 1.500000000000000
217 5.100000000000000 6.700000000000000
218 5.100000000000000 4.700000000000000
219 5.100000000000000 1.600000000000000
220 5.100000000000000 4.300000000000000
221 5.100000000000000 8.199999999999999
222 5.200000000000000 4.500000000000000
223 5.200000000000000 4.700000000000000
224 5.200000000000000 6.700000000000000
225 5.200000000000000 6.900000000000000
226 5.200000000000000 4.600000000000000
227 5.300000000000000 5.600000000000000
228 5.300000000000000 3.000000000000000
229 5.300000000000000 2.000000000000000
230 5.300000000000000 3.000000000000000
231 5.300000000000000 5.800000000000000
232 5.300000000000000 2.900000000000000
233 5.300000000000000 8.300000000000001
234 5.300000000000000 5.800000000000000
235 5.300000000000000 2.300000000000000
236 5.400000000000000 7.200000000000000
237 5.400000000000000 4.100000000000000
238 5.500000000000000 3.600000000000000
239 5.500000000000000 2.000000000000000
240 5.500000000000000 3.900000000000000
241 5.500000000000000 1.400000000000000
242 5.500000000000000 3.200000000000000
243 5.600000000000000 8.100000000000000
244 5.600000000000000 3.800000000000000
245 5.600000000000000 4.200000000000000
246 5.600000000000000 6.700000000000000
247 5.600000000000000 2.900000000000000
248 5.700000000000000 3.500000000000000
249 5.700000000000000 6.300000000000000
250 5.700000000000000 6.900000000000000
251 5.700000000000000 4.500000000000000
252 5.700000000000000 3.100000000000000
253 5.700000000000000 4.600000000000000
254 5.800000000000000 5.800000000000000
255 5.800000000000000 6.400000000000000
256 5.800000000000000 7.400000000000000
257 5.800000000000000 4.800000000000000
258 5.800000000000000 1.900000000000000
259 5.800000000000000 2.200000000000000
260 5.800000000000000 3.600000000000000
261 5.900000000000000 8.000000000000000
262 5.900000000000000 7.000000000000000
263 5.900000000000000 1.900000000000000
264 5.900000000000000 6.200000000000000
265 5.900000000000000 7.600000000000000
266 5.900000000000000 7.800000000000000
267 5.900000000000000 5.600000000000000
268 5.900000000000000 7.000000000000000
269 5.900000000000000 3.900000000000000
270 6.000000000000000 7.800000000000000
271 6.000000000000000 6.800000000000000
272 6.000000000000000 4.600000000000000
273 6.000000000000000 6.000000000000000
274 6.000000000000000 6.500000000000000
275 6.000000000000000 5.700000000000000
276 6.100000000000000 6.300000000000000
277 6.100000000000000 6.300000000000000
278 6.100000000000000 5.200000000000000
279 6.100000000000000 4.900000000000000
280 6.100000000000000 2.300000000000000
281 6.100000000000000 5.600000000000000
282 6.200000000000000 7.500000000000000
283 6.200000000000000 6.100000000000000
284 6.200000000000000 6.700000000000000
285 6.300000000000000 4.300000000000000
286 6.300000000000000 3.600000000000000
287 6.300000000000000 4.400000000000000
288 6.300000000000000 2.700000000000000
289 6.300000000000000 3.900000000000000
290 6.300000000000000 7.200000000000000
291 6.300000000000000 5.000000000000000
292 6.300000000000000 1.700000000000000
293 6.300000000000000 7.800000000000000
294 6.300000000000000 3.700000000000000
295 6.300000000000000 6.900000000000000
296 6.300000000000000 2.000000000000000
297 6.400000000000000 6.300000000000000
298 6.400000000000000 2.800000000000000
299 6.400000000000000 2.300000000000000
300 6.400000000000000 7.700000000000000
301 6.400000000000000 7.700000000000000
302 6.400000000000000 3.700000000000000
303 6.400000000000000 6.200000000000000
304 6.400000000000000 5.600000000000000
305 6.500000000000000 3.400000000000000
306 6.500000000000000 4.300000000000000
307 6.500000000000000 4.800000000000000
308 6.500000000000000 4.000000000000000
309 6.500000000000000 2.300000000000000
310 6.500000000000000 6.500000000000000
311 6.500000000000000 5.900000000000000
312 6.500000000000000 3.800000000000000
313 6.500000000000000 6.100000000000000
314 6.600000000000000 6.300000000000000
315 6.600000000000000 6.200000000000000
316 6.700000000000000 3.900000000000000
317 6.700000000000000 4.000000000000000
318 6.700000000000000 6.800000000000000
319 6.700000000000000 7.500000000000000
320 6.700000000000000 4.500000000000000
321 6.700000000000000 6.400000000000000
322 6.700000000000000 4.500000000000000
323 6.700000000000000 6.000000000000000
324 6.700000000000000 6.700000000000000
325 6.800000000000000 3.400000000000000
326 6.800000000000000 6.000000000000000
327 6.800000000000000 5.900000000000000
328 6.900000000000000 4.800000000000000
329 6.900000000000000 3.800000000000000
330 6.900000000000000 6.300000000000000
331 6.900000000000000 5.500000000000000
332 6.900000000000000 5.300000000000000
333 7.000000000000000 0.900000000000000
334 7.000000000000000 6.200000000000000
335 7.000000000000000 4.900000000000000
336 7.000000000000000 3.900000000000000
337 7.000000000000000 4.800000000000000
338 7.000000000000000 2.500000000000000
339 7.000000000000000 1.200000000000000
340 7.000000000000000 5.800000000000000
341 7.000000000000000 2.200000000000000
342 7.000000000000000 5.400000000000000
343 7.000000000000000 7.400000000000000
344 7.100000000000000 6.700000000000000
345 7.100000000000000 3.600000000000000
346 7.100000000000000 1.600000000000000
347 7.100000000000000 6.700000000000000
348 7.100000000000000 5.700000000000000
349 7.100000000000000 2.800000000000000
350 7.200000000000000 6.900000000000000
351 7.200000000000000 0.900000000000000
352 7.200000000000000 2.400000000000000
353 7.200000000000000 4.300000000000000
354 7.200000000000000 1.700000000000000
355 7.200000000000000 2.900000000000000
356 7.200000000000000 2.600000000000000
357 7.300000000000000 6.800000000000000
358 7.300000000000000 7.000000000000000
359 7.300000000000000 2.600000000000000
360 7.300000000000000 2.100000000000000
361 7.300000000000000 2.900000000000000
362 7.400000000000000 3.000000000000000
363 7.400000000000000 3.200000000000000
364 7.400000000000000 6.100000000000000
365 7.500000000000000 2.000000000000000
366 7.500000000000000 7.100000000000000
367 7.500000000000000 3.800000000000000
368 7.500000000000000 3.800000000000000
369 7.500000000000000 5.700000000000000
370 7.500000000000000 3.300000000000000
371 7.500000000000000 6.500000000000000
372 7.600000000000000 3.700000000000000
373 7.600000000000000 1.800000000000000
374 7.600000000000000 5.200000000000000
375 7.600000000000000 7.300000000000000
376 7.600000000000000 5.700000000000000
377 7.600000000000000 2.800000000000000
378 7.600000000000000 1.800000000000000
379 7.700000000000000 4.600000000000000
380 7.700000000000000 3.300000000000000
381 7.700000000000000 4.000000000000000
382 7.700000000000000 6.000000000000000
383 7.700000000000000 3.800000000000000
384 7.800000000000000 3.700000000000000
385 7.900000000000000 5.300000000000000
386 7.900000000000000 3.000000000000000
387 7.900000000000000 3.800000000000000
388 7.900000000000000 4.700000000000000
389 7.900000000000000 4.000000000000000
390 7.900000000000000 3.600000000000000
391 7.900000000000000 6.000000000000000
392 7.900000000000000 3.300000000000000
393 7.900000000000000 5.000000000000000
394 7.900000000000000 2.200000000000000
395 7.900000000000000 6.700000000000000
396 7.900000000000000 2.600000000000000
397 8.000000000000000 7.000000000000000
398 8.000000000000000 3.700000000000000
399 8.000000000000000 5.200000000000000
400 8.000000000000000 6.800000000000000
401 8.000000000000000 3.600000000000000
402 8.000000000000000 2.900000000000000
403 8.000000000000000 5.300000000000000
404 8.100000000000000 6.000000000000000
405 8.100000000000000 7.100000000000000
406 8.100000000000000 5.100000000000000
407 8.100000000000000 6.300000000000000
408 8.100000000000000 6.400000000000000
409 8.100000000000000 2.900000000000000
410 8.100000000000000 3.900000000000000
411 8.199999999999999 3.600000000000000
412 8.199999999999999 4.400000000000000
413 8.199999999999999 5.700000000000000
414 8.199999999999999 6.300000000000000
415 8.300000000000001 4.100000000000000
416 8.300000000000001 6.500000000000000
417 8.300000000000001 6.000000000000000
418 8.300000000000001 6.500000000000000
419 8.300000000000001 3.100000000000000
420 8.400000000000000 4.900000000000000
421 8.400000000000000 3.400000000000000
422 8.400000000000000 4.000000000000000
423 8.400000000000000 3.200000000000000
424 8.500000000000000 5.400000000000000
425 8.500000000000000 5.600000000000000
426 8.500000000000000 5.800000000000000
427 8.500000000000000 6.900000000000000
428 8.500000000000000 6.100000000000000
429 8.500000000000000 3.600000000000000
430 8.600000000000000 6.400000000000000
431 8.600000000000000 3.200000000000000
432 8.600000000000000 4.500000000000000
433 8.600000000000000 5.700000000000000
434 8.600000000000000 4.500000000000000
435 8.600000000000000 4.500000000000000
436 8.600000000000000 4.100000000000000
437 8.699999999999999 5.600000000000000
438 8.699999999999999 5.300000000000000
439 8.800000000000001 5.200000000000000
440 8.800000000000001 5.700000000000000
441 8.800000000000001 3.600000000000000
442 8.800000000000001 5.000000000000000
443 8.800000000000001 3.300000000000000
444 8.900000000000000 4.200000000000000
445 9.000000000000000 3.600000000000000
446 9.199999999999999 4.700000000000000
447 9.199999999999999 5.100000000000000
448 9.300000000000001 3.900000000000000
449 9.400000000000000 5.100000000000000
450 9.500000000000000 3.900000000000000
451 9.500000000000000 4.100000000000000
452 9.600000000000000 5.200000000000000
453 9.600000000000000 4.200000000000000
454 9.699999999999999 5.200000000000000
