370
0 6.260000000000000 1.280000000000000
1 1.930000000000000 9.699999999999999
2 5.829194986272917 2.117731689510863
3 4.436001137933838 4.826898480045517
4 3.595835958605570 6.460660791810877
5 3.691416884680869 6.274796727710642
6 2.715760153225633 8.172032219362626
7 4.442048443952861 4.815139053560487
8 2.263250196702798 9.051970749136821
9 5.977090239626498 1.830138610241314
10 4.672112241811636 4.367763261881299
11 2.559482891854675 8.475924722998530
12 5.276480123624200 3.192525948980193
13 2.403063353964920 8.780093893675605
14 3.735533039948146 6.189009654419541
15 3.025888411434994 7.568965259980913
16 3.373659489585666 6.892699098773370
17 5.091609180549011 3.552020946830790
18 2.849517980613359 7.911930393356932
19 4.132470552408320 5.417135784924237
20 4.347868865832585 4.998278094616543
21 4.447329280453889 4.804870082812529
22 3.168171238570242 7.292285951787197
23 2.342512863631794 8.897838727071660
24 3.960823473566934 5.750916016758988
25 4.673030225552573 4.365978175715320
26 3.878015419049988 5.911942302909724
27 4.215654680144713 5.255378197039610
28 4.592532193251643 4.522512455616899
29 7.590000000000000 9.680000000000000
30 6.354230650948232 1.875140953357254
31 6.696903895642914 4.039393025113142
32 6.774841362725451 4.531629659318638
33 6.318416565567443 1.648946729899636
34 6.384757137135992 2.067939813490475
35 6.617467807849487 3.537691417996762
36 6.582081497688325 3.314198932768367
37 6.985925569457812 5.864793070259866
38 6.604507313178238 3.455835662178345
39 6.543843478260870 3.072695652173913
40 6.886099996671216 5.234315768449783
41 6.516939454490958 2.902775502048157
42 6.794652841995921 4.656754791553184
43 7.203030243902439 7.235980487804878
44 0.970000000000000 3.600000000000000
45 1.200000000000000 0.220000000000000
46 1.027795221366992 2.750661529476373
47 9.449999999999999 2.750000000000000
48 7.960000000000000 1.360000000000000
49 8.884255988404238 2.222225385155632
50 8.513955344770380 1.876777133711966
51 0.630000000000000 4.520000000000000
52 9.720000000000001 0.320000000000000
53 1.400146242356946 4.164156851716262
54 3.355273276683770 3.260797825954693
55 2.790204404679959 3.521885753613220
56 6.575458232587163 1.772923588903621
57 3.580695242223908 3.156642462338788
58 2.301366699736580 3.747751359857685
59 1.515626757734029 4.110799517878666
60 1.677569263611844 4.035974597671094
61 8.639156103079070 0.819399820359506
62 1.242213638598217 4.237129011868810
63 1.739525925925926 4.007347756997921
64 4.679799080061835 2.648805705581990
65 3.360031078249179 3.258599501799059
66 8.174858638743455 1.033926701570681
67 1.982402490703105 3.895127562051370
68 3.637860237583678 3.130229593195660
69 1.181597258067846 4.265136580430698
70 2.102238173064181 3.839757939838332
71 6.810000000000000 4.000000000000000
72 4.140000000000000 4.930000000000000
73 4.447475942114156 4.822901638140013
74 4.930614527917268 4.654617411624322
75 4.235348761285300 4.896788633709614
76 4.457542942280417 4.819395154936034
77 5.412616822429906 4.486728971962616
78 4.951129916616665 4.647471602077341
79 4.918387128182659 4.658876393554355
80 4.652432599938023 4.751512240471025
81 5.890000000000000 9.359999999999999
82 1.720000000000000 4.090000000000000
83 5.252969623082394 8.554928036845135
84 3.379705538221528 6.187517550702028
85 5.650446545540770 9.057254986810516
86 5.735540197257203 9.164795405166776
87 2.367483258059491 4.908282199034416
88 1.953376383763839 4.384938499384996
89 3.860119392972585 6.794659280807080
90 3.714001907941808 6.609997615072741
91 4.284990528968831 7.331606735651256
92 3.468394946186243 6.299602246139449
93 2.491700759069401 5.065266906545742
94 3.272553523605864 6.052100016643383
95 2.369072426207409 4.910290572209363
96 2.924491521406819 5.612223097797107
97 3.260000000000000 9.830000000000000
98 6.980000000000000 7.450000000000000
99 5.270389877965028 8.543782820011621
100 6.499327736168157 7.757526878473062
101 4.470696658601974 9.055414503367555
102 4.519202440753182 9.024381234141782
103 5.852821368948247 8.171151919866444
104 4.931488070010653 8.760607094993185
105 6.516042778860133 7.746832845783034
106 3.960000000000000 6.350000000000000
107 0.460000000000000 5.370000000000000
108 1.931193262279198 5.781934113438175
109 1.137046667423641 5.559573066878619
110 3.885097276264590 6.329027237354085
111 1.504676501242684 5.662509420347951
112 0.931927966101695 5.502139830508474
113 2.897866536342634 6.052602630175937
114 3.948661013606784 6.346825083809899
115 3.928954248366012 6.341307189542483
116 3.530974790596043 6.229872941366891
117 3.178833780160858 6.131273458445040
118 2.635486169052051 5.979136127334574
119 2.700937223695845 5.997462422634836
120 3.810000000000000 6.620000000000000
121 5.660190507678452 9.057270187999499
122 5.742418235762690 9.165589406725852
123 3.877159890136060 6.708470239890771
124 4.325439526820314 7.298992453599837
125 1.320000000000000 3.920000000000000
126 3.004986147682345 9.053127903506525
127 2.935538405706991 8.841562875117690
128 1.323629748973546 3.931057637336937
129 2.386564133759534 7.169172180679816
130 1.599416938909181 4.771213458223330
131 2.466745480789057 7.413435974981097
132 2.642621475704859 7.949223155368926
133 2.826034786172315 8.507971951689889
134 2.467286166362911 7.415083115054022
135 1.496406221149067 4.457402457211846
136 2.291837687800149 6.880598316958189
137 2.254485541894807 6.766809047731089
138 9.480000000000000 1.570000000000000
139 5.050000000000000 6.420000000000000
140 5.341222569881184 6.101167163899833
141 7.479935003037472 3.759687412024438
142 8.411806994475107 2.739466383023868
143 8.109449540205556 3.070489781039064
144 5.886868951146099 5.503789071544340
145 5.351183856502242 6.090261466357591
146 7.562594432326200 3.669191197114658
147 6.499529928726745 4.833042854554241
148 5.080213420207083 6.386922102030620
149 2.250000000000000 1.680000000000000
150 7.410000000000000 9.060000000000000
151 3.335449039140458 3.232444555979957
152 3.799257641921397 3.895798720422464
153 3.712725547666349 3.772037701894894
154 4.293497773920917 4.602677048747359
155 4.636349279716509 5.093034434943378
156 3.076804671680648 2.862522960659531
157 4.772169197396963 5.287288503253795
158 5.510588290398125 6.343399531615924
159 4.599084287804470 5.039736830231974
160 5.057028445470767 5.694703474336098
161 4.551490950713403 4.971667289973821
162 6.701696588868939 8.046961400359066
163 3.865529219674808 3.990582488604667
164 4.804776587967144 5.333924654883242
165 1.000000000000000 9.050000000000001
166 4.792375313815808 9.055916342143240
167 6.801258301665661 9.059050324963598
168 5.405257278837275 9.056872476254037
169 1.144578708115486 9.050225551806733
170 3.726659135916103 9.054253758402366
171 3.413469946818438 9.053765163723586
172 1.761050171392956 9.051187285758804
173 2.151570793573471 9.051796522298867
174 6.076740344016548 9.057920031737936
175 8.690000000000000 0.390000000000000
176 6.831742671992471 1.376449370678315
177 3.547543642867621 3.119854881117619
178 2.354777914663063 3.753030375286465
179 1.771002628838877 4.062925433758415
180 4.708516389026499 2.503556579713336
181 3.339956900268647 3.230051573745481
182 3.604044508098614 3.089861595413935
183 2.112657305495668 3.881559249593404
184 8.250000000000000 6.280000000000000
185 9.970000000000001 2.760000000000000
186 6.280000000000000 2.230000000000000
187 7.450000000000000 0.420000000000000
188 5.350000000000000 5.120000000000000
189 4.290554380496493 3.944357119002561
190 4.082147080493074 3.713092244160058
191 4.399707104908195 4.065481432543288
192 3.205367719501594 2.740149985511446
193 5.114798359535201 4.859002050580997
194 4.937680136498662 4.662457957921096
195 4.706373889268635 4.405782638414228
196 4.048331890719933 3.675568291637604
197 4.502953244676374 4.180051342479589
198 1.490000000000000 7.070000000000000
199 1.375206321334504 6.880534705115201
200 0.819002477506846 5.962528360933629
201 2.620000000000000 8.600000000000000
202 1.447878094994784 6.196855591748100
203 0.991190461169642 5.260531196769920
204 2.431377997716026 8.213277502854966
205 2.191787328492526 7.722056432286184
206 1.930327564109966 7.185998221893797
207 1.967273428631800 7.261746527044092
208 4.140000000000000 2.900000000000000
209 7.520000000000000 3.770000000000000
210 6.067918931766128 3.396239488354003
211 4.606400154680854 3.020049743956315
212 6.247939156035328 3.442576054955839
213 6.072916645117324 3.397525882027240
214 4.451818567656802 2.980260992266691
215 7.080000000000000 9.320000000000000
216 0.150000000000000 8.520000000000000
217 5.542137975224263 9.142469030328920
218 1.188199650757549 8.639849887533339
219 0.190549921893617 8.524681087664487
220 3.624405111965618 8.921085727211038
221 3.443823639515952 8.900239381185102
222 2.013867899603699 8.735165125495376
223 2.477837271784890 8.788725803380650
224 1.351208411261359 8.658667637663649
225 0.327041014551186 8.540437635157424
226 5.992345536916860 9.194441043222726
227 4.550000000000000 3.970000000000000
228 1.110000000000000 3.630000000000000
229 1.714372903294759 3.689734531139598
230 1.550469212262142 3.673534747723584
231 3.266870289676340 3.843179040258708
232 4.421103594782877 3.957260239019238
233 3.808753334854059 3.896737248212320
234 2.195005080268238 3.737238874212558
235 4.322487848721012 3.947513333885217
236 1.787348623853211 3.696947247706422
237 2.073696408394943 3.725249063620431
238 3.913953797788793 3.907134968386102
239 4.445302488153295 3.959651990108175
240 1.655679081377933 4.241912331502746
241 1.318472086190010 3.926229187071499
242 2.116930500296284 4.673722170490138
243 3.941702692099314 6.382019541539783
244 3.915790754257907 6.357761557177615
245 4.645518398327924 7.040910840987845
246 3.644300412727220 6.103600386382929
247 2.616752961825362 5.141641070645020
248 3.439046912664565 5.911448173558316
249 2.368903156325077 4.909611465495816
250 6.341889242832639 8.629002695417789
251 2.993110441944911 5.493975732884598
252 5.447721758413775 7.791909731280981
253 2.180000000000000 7.040000000000000
254 3.632083392617776 7.948041366812194
255 2.973190801293568 7.536011498383039
256 3.569224512988389 7.908733388176028
257 2.579630642207449 7.289903797822448
258 1.050000000000000 9.940000000000000
259 2.080000000000000 0.250000000000000
260 1.689921969992429 3.919763214343069
261 1.164030241838947 8.867230054932627
262 1.983739162004451 1.155599534152305
263 1.624460436801644 4.535610065429192
264 1.709665208904702 3.734023423022756
265 1.284767683319255 7.731360338481959
266 1.819150078195059 2.704015283776583
267 8.377679256553863 3.027690642376911
268 8.002220264250546 6.198612495556749
269 8.246256834702061 4.137612732379869
270 8.290593054878295 3.763173200164213
271 8.296119082962230 3.716503381164440
272 8.039631892230576 5.882654291979950
273 0.150000000000000 8.690000000000000
274 1.228341409691630 4.293685022026431
275 3.610000000000000 7.310000000000000
276 0.580000000000000 1.960000000000000
277 1.780838560284636 4.080292507433267
278 3.420987688098495 6.976265389876881
279 3.204370770262735 6.593789973896248
280 1.766696013080116 4.055321343227266
281 2.257767634536458 4.922394998273944
282 1.611312577333378 3.780964451727251
283 3.018928819716983 6.266359467157050
284 2.461950820393261 5.282916465050807
285 2.784794963802768 5.852954804074195
286 9.930000000000000 2.780000000000000
287 4.481992144914677 3.649292361773663
288 3.720226209577184 3.770840884951753
289 6.224612470043245 3.371237230723915
290 6.316774643954202 3.356531695057246
291 6.075099395189226 3.395093762765178
292 4.120932317714859 3.706903613129541
293 2.147605512398876 4.021770618606269
294 4.020884204354049 3.722867441205383
295 3.900000000000000 9.279999999999999
296 3.477522083020611 8.729796201143120
297 2.762801822323462 7.798997722095671
298 3.123205822445228 8.268361071091460
299 2.467676385156229 7.414648315552299
300 5.160000000000000 0.220000000000000
301 4.223368448080338 4.957383796814710
302 4.296055501876525 4.589740329982417
303 3.956579129232896 6.306776088458879
304 3.653249949813753 7.840983148573594
305 4.096330609563500 5.599927811628822
306 4.403831856133831 4.044618875028360
307 4.017767059864530 5.997293976158875
308 4.154184825813457 5.307307275754041
309 4.431251304589533 3.905934190997153
310 4.654046704331449 5.098847457627119
311 4.866971098265895 5.168786127167630
312 6.359397618288760 5.658999217686089
313 4.570625896456988 5.071446462339886
314 5.527193529599640 5.385647509722509
315 5.557662801070473 5.395655664585192
316 4.471803371406500 5.038986508856150
317 7.870964147821290 6.155499172642029
318 4.751674522634429 5.130914989186492
319 6.680000000000000 7.980000000000000
320 3.079629443108142 2.859834196745213
321 4.779824709609292 5.277719112988384
322 5.522455636826566 6.333830815351551
323 4.606596065977104 5.031366865836514
324 5.068302183321647 5.687969244904374
325 4.559725333562957 4.964710970981181
326 3.869695030070628 3.983403767369065
327 4.796146056945069 5.300930058409467
328 2.260000000000000 3.640000000000000
329 4.960000000000000 1.070000000000000
330 3.264192024235621 2.684157962116464
331 2.615338772614402 3.301770131252217
332 5.770000000000000 3.270000000000000
333 8.150000000000000 3.800000000000000
334 6.292853067047075 3.386433666191155
335 6.117847533433512 3.347461845680572
336 8.016337662337659 1.232077922077926
337 5.100745044429255 4.876568694463431
338 4.142984670874661 6.073769161406672
339 4.787549062363716 5.268063672045354
340 9.911367956672994 2.795023134033936
341 9.917835616438348 2.789808219178088
342 5.145772016085282 6.637553194237542
343 8.090000000000000 1.150000000000000
344 4.929253076623650 4.671847770757852
345 3.838155452754501 5.887598296648722
346 4.698770395239131 4.928662041976145
347 3.080000000000000 3.080000000000000
348 2.095165899599026 3.811384148091900
349 5.690000000000000 5.580000000000000
350 5.542942831664691 5.404448458290143
351 4.067300775626234 3.642880213219735
352 4.496447601199400 4.155180209895052
353 4.890000000000000 6.530000000000000
354 0.420000000000000 3.800000000000000
355 4.281160729141631 6.158158566120057
356 3.622898272160310 5.756132501789184
357 2.392617536894592 5.004752992331596
358 3.045586668647341 5.403546220449047
359 4.920482080220120 5.776267775708780
360 2.036949101161063 3.577819747173129
361 4.660000000000000 4.880000000000000
362 2.761321279288786 6.483983575589740
363 2.089032002682413 7.051926401281598
364 2.870000000000000 6.920000000000000
365 2.658347466279343 6.070855104234489
366 4.510000000000000 2.880000000000000
367 1.800000000000000 7.550000000000000
368 4.380000000000000 3.710000000000000
369 5.510000000000000 8.029999999999999
664
1 8
8 23
23 13
13 11
11 6
6 18
18 15
15 22
22 16
16 4
4 5
5 14
14 26
26 24
24 19
19 27
27 20
20 3
3 7
7 21
21 28
28 10
10 25
25 17
17 12
12 2
2 9
9 0
0 33
33 30
30 34
34 41
41 39
39 36
36 38
38 35
35 31
31 32
32 42
42 40
40 37
37 43
43 29
44 46
46 45
48 50
50 49
49 47
51 69
69 62
62 53
53 59
59 60
60 63
63 67
67 70
70 58
58 55
55 54
54 65
65 57
57 68
68 64
64 2
2 30
30 56
56 66
66 61
61 52
72 75
75 3
3 73
73 76
76 80
80 79
79 74
74 78
78 77
77 31
31 71
82 88
88 87
87 95
95 93
93 96
96 94
94 84
84 92
92 4
4 90
90 89
89 91
91 83
83 85
85 86
86 81
97 101
101 102
102 104
104 83
83 99
99 103
103 100
100 105
105 98
107 112
112 109
109 111
111 108
108 118
118 119
119 113
113 117
117 84
84 116
116 5
5 110
110 115
115 114
114 106
120 123
123 124
124 99
99 121
121 122
122 81
125 128
128 53
53 135
135 130
130 108
108 137
137 136
136 129
129 131
131 134
134 132
132 6
6 133
133 127
127 126
126 97
139 148
148 140
140 145
145 144
144 147
147 32
32 141
141 146
146 143
143 142
142 49
49 138
149 156
156 151
151 54
54 153
153 152
152 163
163 154
154 7
7 73
73 161
161 159
159 155
155 157
157 164
164 160
160 140
140 158
158 100
100 162
162 150
165 169
169 172
172 173
173 8
8 126
126 171
171 170
170 101
101 166
166 168
168 85
85 121
121 174
174 167
167 150
82 179
179 183
183 178
178 55
55 151
151 181
181 177
177 182
182 180
180 9
9 33
33 176
176 175
184 185
186 34
34 56
56 176
176 187
149 192
192 177
177 57
57 196
196 190
190 189
189 191
191 197
197 10
10 195
195 74
74 194
194 193
193 188
107 200
200 199
199 198
51 203
203 109
109 202
202 206
206 207
207 205
205 204
204 11
11 201
208 214
214 211
211 12
12 210
210 213
213 212
212 35
35 141
141 209
216 219
219 225
225 218
218 224
224 222
222 13
13 223
223 127
127 221
221 220
220 102
102 166
166 217
217 86
86 122
122 226
226 215
228 230
230 229
229 236
236 237
237 234
234 58
58 178
178 231
231 152
152 233
233 238
238 189
189 235
235 232
232 239
239 227
44 241
241 128
128 59
59 240
240 242
242 87
87 249
249 247
247 251
251 248
248 246
246 14
14 110
110 244
244 243
243 245
245 252
252 103
103 250
250 167
167 215
253 129
129 257
257 255
255 15
15 256
256 254
254 104
104 168
168 217
217 81
258 169
169 261
261 218
218 265
265 199
199 202
202 111
111 130
130 263
263 240
240 60
60 260
260 264
264 229
229 266
266 262
262 259
29 268
268 272
272 269
269 270
270 271
271 267
267 142
142 50
50 61
61 175
273 219
219 200
200 112
112 203
203 274
274 62
62 241
241 125
276 46
46 230
230 282
282 260
260 63
63 280
280 179
179 277
277 88
88 242
242 281
281 284
284 285
285 113
113 283
283 279
279 16
16 278
278 275
82 277
277 293
293 231
231 153
153 288
288 294
294 190
190 292
292 287
287 17
17 210
210 291
291 289
289 290
290 36
36 143
143 267
267 286
253 131
131 299
299 297
297 18
18 298
298 296
296 220
220 170
170 295
97 171
171 221
221 296
296 254
254 304
304 89
89 123
123 243
243 114
114 303
303 307
307 305
305 19
19 308
308 301
301 75
75 154
154 302
302 191
191 306
306 232
232 309
309 287
287 211
211 64
64 180
180 300
72 301
301 20
20 316
316 313
313 155
155 310
310 318
318 311
311 314
314 315
315 144
144 312
312 37
37 317
317 268
268 184
149 320
320 181
181 65
65 288
288 233
233 326
326 302
302 21
21 76
76 325
325 323
323 310
310 321
321 327
327 324
324 145
145 322
322 105
105 319
328 331
331 156
156 320
320 192
192 330
330 329
332 335
335 289
289 334
334 38
38 146
146 333
258 172
172 222
222 204
204 132
132 297
297 255
255 22
22 278
278 90
90 244
244 115
115 303
303 338
338 157
157 321
321 339
339 311
311 337
337 193
193 77
77 212
212 334
334 290
290 39
39 336
336 66
66 175
258 173
173 23
23 223
223 133
133 298
298 256
256 304
304 91
91 124
124 245
245 342
342 158
158 322
322 312
312 40
40 269
269 340
340 341
341 286
165 261
261 224
224 205
205 134
134 299
299 257
257 279
279 92
92 116
116 246
246 345
345 24
24 305
305 313
313 159
159 323
323 346
346 344
344 194
194 78
78 213
213 291
291 335
335 41
41 336
336 343
82 280
280 67
67 348
348 234
234 347
45 262
262 330
330 182
182 68
68 351
351 292
292 235
235 306
306 352
352 25
25 195
195 79
79 344
344 337
337 314
314 350
350 349
354 69
69 274
274 135
135 263
263 281
281 357
357 93
93 247
247 358
358 356
356 345
345 26
26 307
307 338
338 355
355 353
106 355
355 359
359 160
160 324
324 350
350 315
315 147
147 42
42 270
270 340
340 185
125 282
282 264
264 236
236 360
360 331
331 347
333 271
271 341
341 185
273 225
225 265
265 206
206 363
363 136
136 362
362 283
283 117
117 94
94 248
248 356
356 308
308 27
27 316
316 161
161 325
325 361
45 266
266 360
360 237
237 348
348 70
70 183
183 293
293 249
249 95
95 357
357 284
284 118
118 365
365 362
362 364
81 226
226 174
174 250
250 162
162 43
43 317
317 272
272 185
367 207
207 363
363 137
137 365
365 119
119 285
285 96
96 251
251 358
358 163
163 326
326 238
238 294
294 196
196 351
351 214
214 366
368 309
309 239
239 352
352 197
197 28
28 80
80 346
346 318
318 339
339 327
327 164
164 359
359 148
148 342
342 252
252 369
610
0 0.200000000000000 8.600000000000000
1 0.300000000000000 8.100000000000000
2 0.500000000000000 8.199999999999999
3 0.500000000000000 8.300000000000001
4 0.600000000000000 7.700000000000000
5 0.600000000000000 6.300000000000000
6 0.600000000000000 5.600000000000000
7 0.700000000000000 5.600000000000000
8 0.700000000000000 5.500000000000000
9 0.700000000000000 7.500000000000000
10 0.700000000000000 7.800000000000000
11 0.700000000000000 6.500000000000000
12 0.700000000000000 6.400000000000000
13 0.800000000000000 7.100000000000000
14 0.900000000000000 5.400000000000000
15 0.900000000000000 5.000000000000000
16 0.900000000000000 5.900000000000000
17 1.000000000000000 8.199999999999999
18 1.000000000000000 3.700000000000000
19 1.000000000000000 4.600000000000000
20 1.000000000000000 5.700000000000000
21 1.000000000000000 4.100000000000000
22 1.000000000000000 5.100000000000000
23 1.000000000000000 5.400000000000000
24 1.000000000000000 6.700000000000000
25 1.100000000000000 4.300000000000000
26 1.100000000000000 4.800000000000000
27 1.100000000000000 3.100000000000000
28 1.100000000000000 2.900000000000000
29 1.100000000000000 7.300000000000000
30 1.100000000000000 7.200000000000000
31 1.100000000000000 3.000000000000000
32 1.100000000000000 4.400000000000000
33 1.200000000000000 5.600000000000000
34 1.200000000000000 5.500000000000000
35 1.200000000000000 5.900000000000000
36 1.200000000000000 3.600000000000000
37 1.200000000000000 7.000000000000000
38 1.200000000000000 7.200000000000000
39 1.200000000000000 5.400000000000000
40 1.200000000000000 9.600000000000000
41 1.300000000000000 2.800000000000000
42 1.300000000000000 3.000000000000000
43 1.300000000000000 2.400000000000000
44 1.300000000000000 0.600000000000000
45 1.300000000000000 4.000000000000000
46 1.300000000000000 8.800000000000001
47 1.400000000000000 3.300000000000000
48 1.400000000000000 7.700000000000000
49 1.400000000000000 4.500000000000000
50 1.400000000000000 7.700000000000000
51 1.400000000000000 6.400000000000000
52 1.400000000000000 4.400000000000000
53 1.400000000000000 7.500000000000000
54 1.500000000000000 3.900000000000000
55 1.500000000000000 7.400000000000000
56 1.500000000000000 2.000000000000000
57 1.500000000000000 2.400000000000000
58 1.500000000000000 1.500000000000000
59 1.500000000000000 9.000000000000000
60 1.500000000000000 8.400000000000000
61 1.500000000000000 8.900000000000000
62 1.500000000000000 6.500000000000000
63 1.500000000000000 4.000000000000000
64 1.500000000000000 2.500000000000000
65 1.600000000000000 7.700000000000000
66 1.600000000000000 5.800000000000000
67 1.600000000000000 8.900000000000000
68 1.600000000000000 3.700000000000000
69 1.600000000000000 5.800000000000000
70 1.600000000000000 8.699999999999999
71 1.600000000000000 7.800000000000000
72 1.600000000000000 7.800000000000000
73 1.600000000000000 1.700000000000000
74 1.600000000000000 9.400000000000000
75 1.600000000000000 5.100000000000000
76 1.700000000000000 6.900000000000000
77 1.700000000000000 6.200000000000000
78 1.700000000000000 6.400000000000000
79 1.700000000000000 7.300000000000000
80 1.700000000000000 4.800000000000000
81 1.700000000000000 3.900000000000000
82 1.700000000000000 5.500000000000000
83 1.700000000000000 7.900000000000000
84 1.700000000000000 9.300000000000001
85 1.700000000000000 8.400000000000000
86 1.700000000000000 8.100000000000000
87 1.700000000000000 7.600000000000000
88 1.700000000000000 7.200000000000000
89 1.800000000000000 6.900000000000000
90 1.800000000000000 2.100000000000000
91 1.800000000000000 3.700000000000000
92 1.800000000000000 8.900000000000000
93 1.800000000000000 9.300000000000001
94 1.900000000000000 1.200000000000000
95 1.900000000000000 1.400000000000000
96 1.900000000000000 1.800000000000000
97 1.900000000000000 1.300000000000000
98 1.900000000000000 2.900000000000000
99 2.000000000000000 2.900000000000000
100 2.000000000000000 3.100000000000000
101 2.000000000000000 8.199999999999999
102 2.000000000000000 5.600000000000000
103 2.000000000000000 8.000000000000000
104 2.000000000000000 7.000000000000000
105 2.000000000000000 3.000000000000000
106 2.000000000000000 1.300000000000000
107 2.000000000000000 3.100000000000000
108 2.000000000000000 2.200000000000000
109 2.100000000000000 8.100000000000000
110 2.100000000000000 7.700000000000000
111 2.100000000000000 5.200000000000000
112 2.100000000000000 6.500000000000000
113 2.100000000000000 6.500000000000000
114 2.100000000000000 5.100000000000000
115 2.100000000000000 5.300000000000000
116 2.100000000000000 8.300000000000001
117 2.100000000000000 2.900000000000000
118 2.100000000000000 8.699999999999999
119 2.200000000000000 8.900000000000000
120 2.200000000000000 2.100000000000000
121 2.200000000000000 4.300000000000000
122 2.200000000000000 5.900000000000000
123 2.200000000000000 1.800000000000000
124 2.200000000000000 7.900000000000000
125 2.200000000000000 2.200000000000000
126 2.300000000000000 5.400000000000000
127 2.300000000000000 5.300000000000000
128 2.300000000000000 4.900000000000000
129 2.300000000000000 7.000000000000000
130 2.300000000000000 6.100000000000000
131 2.300000000000000 6.000000000000000
132 2.300000000000000 1.900000000000000
133 2.300000000000000 3.700000000000000
134 2.400000000000000 3.600000000000000
135 2.400000000000000 2.100000000000000
136 2.400000000000000 7.500000000000000
137 2.400000000000000 8.300000000000001
138 2.400000000000000 7.500000000000000
139 2.500000000000000 3.100000000000000
140 2.500000000000000 7.300000000000000
141 2.500000000000000 6.700000000000000
142 2.500000000000000 8.800000000000001
143 2.500000000000000 3.700000000000000
144 2.500000000000000 8.400000000000000
145 2.500000000000000 3.900000000000000
146 2.500000000000000 2.900000000000000
147 2.500000000000000 5.100000000000000
148 2.500000000000000 3.200000000000000
149 2.500000000000000 3.800000000000000
150 2.600000000000000 5.000000000000000
151 2.600000000000000 5.100000000000000
152 2.600000000000000 8.699999999999999
153 2.600000000000000 8.600000000000000
154 2.600000000000000 4.600000000000000
155 2.600000000000000 4.400000000000000
156 2.700000000000000 8.000000000000000
157 2.700000000000000 8.400000000000000
158 2.700000000000000 4.800000000000000
159 2.700000000000000 5.000000000000000
160 2.700000000000000 3.400000000000000
161 2.700000000000000 4.100000000000000
162 2.700000000000000 4.200000000000000
163 2.700000000000000 3.100000000000000
164 2.800000000000000 4.100000000000000
165 2.800000000000000 4.700000000000000
166 2.800000000000000 4.700000000000000
167 2.900000000000000 5.100000000000000
168 2.900000000000000 7.200000000000000
169 2.900000000000000 4.900000000000000
170 2.900000000000000 7.400000000000000
171 3.000000000000000 7.700000000000000
172 3.000000000000000 7.900000000000000
173 3.000000000000000 3.000000000000000
174 3.000000000000000 5.300000000000000
175 3.000000000000000 6.700000000000000
176 3.000000000000000 5.400000000000000
177 3.100000000000000 8.600000000000000
178 3.100000000000000 3.400000000000000
179 3.100000000000000 5.800000000000000
180 3.100000000000000 3.500000000000000
181 3.100000000000000 3.000000000000000
182 3.100000000000000 7.200000000000000
183 3.100000000000000 8.600000000000000
184 3.100000000000000 5.300000000000000
185 3.100000000000000 9.100000000000000
186 3.100000000000000 8.900000000000000
187 3.100000000000000 3.900000000000000
188 3.100000000000000 2.500000000000000
189 3.100000000000000 9.300000000000001
190 3.100000000000000 6.200000000000000
191 3.200000000000000 5.700000000000000
192 3.200000000000000 9.199999999999999
193 3.200000000000000 3.100000000000000
194 3.200000000000000 7.100000000000000
195 3.200000000000000 4.500000000000000
196 3.200000000000000 8.400000000000000
197 3.200000000000000 2.900000000000000
198 3.200000000000000 8.100000000000000
199 3.200000000000000 5.100000000000000
200 3.200000000000000 5.900000000000000
201 3.300000000000000 8.600000000000000
202 3.300000000000000 7.400000000000000
203 3.300000000000000 3.300000000000000
204 3.300000000000000 7.900000000000000
205 3.300000000000000 6.500000000000000
206 3.300000000000000 5.400000000000000
207 3.300000000000000 6.800000000000000
208 3.300000000000000 7.600000000000000
209 3.300000000000000 7.500000000000000
210 3.300000000000000 8.800000000000001
211 3.400000000000000 8.500000000000000
212 3.400000000000000 5.300000000000000
213 3.400000000000000 7.700000000000000
214 3.400000000000000 3.600000000000000
215 3.400000000000000 5.600000000000000
216 3.400000000000000 7.400000000000000
217 3.400000000000000 3.200000000000000
218 3.500000000000000 8.300000000000001
219 3.500000000000000 4.000000000000000
220 3.500000000000000 7.800000000000000
221 3.500000000000000 4.800000000000000
222 3.500000000000000 6.700000000000000
223 3.500000000000000 3.400000000000000
224 3.500000000000000 4.900000000000000
225 3.500000000000000 8.600000000000000
226 3.600000000000000 3.500000000000000
227 3.600000000000000 9.300000000000001
228 3.600000000000000 6.000000000000000
229 3.600000000000000 3.800000000000000
230 3.600000000000000 4.700000000000000
231 3.600000000000000 3.800000000000000
232 3.700000000000000 3.600000000000000
233 3.700000000000000 7.000000000000000
234 3.700000000000000 6.200000000000000
235 3.700000000000000 8.699999999999999
236 3.700000000000000 3.100000000000000
237 3.700000000000000 9.000000000000000
238 3.700000000000000 8.100000000000000
239 3.800000000000000 7.500000000000000
240 3.800000000000000 5.300000000000000
241 3.800000000000000 7.600000000000000
242 3.800000000000000 9.100000000000000
243 3.800000000000000 6.900000000000000
244 3.900000000000000 4.700000000000000
245 3.900000000000000 6.000000000000000
246 3.900000000000000 9.400000000000000
247 3.900000000000000 5.200000000000000
248 3.900000000000000 8.699999999999999
249 3.900000000000000 7.900000000000000
250 3.900000000000000 6.100000000000000
251 3.900000000000000 4.200000000000000
252 4.000000000000000 6.400000000000000
253 4.000000000000000 8.699999999999999
254 4.000000000000000 4.700000000000000
255 4.100000000000000 8.100000000000000
256 4.100000000000000 7.900000000000000
257 4.100000000000000 7.800000000000000
258 4.100000000000000 5.700000000000000
259 4.100000000000000 3.600000000000000
260 4.100000000000000 8.199999999999999
261 4.100000000000000 6.000000000000000
262 4.100000000000000 8.199999999999999
263 4.200000000000000 9.100000000000000
264 4.200000000000000 6.300000000000000
265 4.200000000000000 8.600000000000000
266 4.200000000000000 7.600000000000000
267 4.200000000000000 7.000000000000000
268 4.200000000000000 7.500000000000000
269 4.200000000000000 8.300000000000001
270 4.200000000000000 4.000000000000000
271 4.200000000000000 7.100000000000000
272 4.200000000000000 5.700000000000000
273 4.300000000000000 8.500000000000000
274 4.300000000000000 4.200000000000000
275 4.300000000000000 7.400000000000000
276 4.400000000000000 6.000000000000000
277 4.400000000000000 8.400000000000000
278 4.400000000000000 6.800000000000000
279 4.400000000000000 5.300000000000000
280 4.400000000000000 7.000000000000000
281 4.400000000000000 6.500000000000000
282 4.400000000000000 7.700000000000000
283 4.400000000000000 6.100000000000000
284 4.400000000000000 5.400000000000000
285 4.500000000000000 2.800000000000000
286 4.500000000000000 3.200000000000000
287 4.500000000000000 3.700000000000000
288 4.500000000000000 3.100000000000000
289 4.500000000000000 6.900000000000000
290 4.500000000000000 7.600000000000000
291 4.500000000000000 2.800000000000000
292 4.500000000000000 4.400000000000000
293 4.600000000000000 5.500000000000000
294 4.600000000000000 4.900000000000000
295 4.600000000000000 5.400000000000000
296 4.600000000000000 7.400000000000000
297 4.700000000000000 5.500000000000000
298 4.700000000000000 3.300000000000000
299 4.700000000000000 8.800000000000001
300 4.700000000000000 2.700000000000000
301 4.700000000000000 7.300000000000000
302 4.700000000000000 2.800000000000000
303 4.700000000000000 3.600000000000000
304 4.800000000000000 6.600000000000000
305 4.800000000000000 8.300000000000001
306 4.800000000000000 6.000000000000000
307 4.800000000000000 7.900000000000000
308 4.800000000000000 6.000000000000000
309 4.800000000000000 2.800000000000000
310 4.800000000000000 4.800000000000000
311 4.900000000000000 4.100000000000000
312 4.900000000000000 4.900000000000000
313 5.000000000000000 8.100000000000000
314 5.000000000000000 3.800000000000000
315 5.000000000000000 8.600000000000000
316 5.100000000000000 5.100000000000000
317 5.100000000000000 5.800000000000000
318 5.100000000000000 3.300000000000000
319 5.100000000000000 6.400000000000000
320 5.100000000000000 8.100000000000000
321 5.100000000000000 5.700000000000000
322 5.100000000000000 9.000000000000000
323 5.200000000000000 6.700000000000000
324 5.200000000000000 8.199999999999999
325 5.200000000000000 2.700000000000000
326 5.200000000000000 8.000000000000000
327 5.200000000000000 6.700000000000000
328 5.200000000000000 3.900000000000000
329 5.200000000000000 3.000000000000000
330 5.200000000000000 7.600000000000000
331 5.200000000000000 6.000000000000000
332 5.200000000000000 8.800000000000001
333 5.200000000000000 3.000000000000000
334 5.300000000000000 3.400000000000000
335 5.300000000000000 4.600000000000000
336 5.300000000000000 3.600000000000000
337 5.300000000000000 7.900000000000000
338 5.300000000000000 3.800000000000000
339 5.300000000000000 3.500000000000000
340 5.400000000000000 3.500000000000000
341 5.400000000000000 8.199999999999999
342 5.400000000000000 5.200000000000000
343 5.400000000000000 8.000000000000000
344 5.400000000000000 3.600000000000000
345 5.400000000000000 9.000000000000000
346 5.400000000000000 8.199999999999999
347 5.400000000000000 4.400000000000000
348 5.400000000000000 5.100000000000000
349 5.400000000000000 8.400000000000000
350 5.400000000000000 5.000000000000000
351 5.400000000000000 6.400000000000000
352 5.500000000000000 5.700000000000000
353 5.500000000000000 8.300000000000001
354 5.500000000000000 7.400000000000000
355 5.500000000000000 8.600000000000000
356 5.500000000000000 3.600000000000000
357 5.500000000000000 9.100000000000000
358 5.500000000000000 6.900000000000000
359 5.600000000000000 8.199999999999999
360 5.600000000000000 7.800000000000000
361 5.600000000000000 8.199999999999999
362 5.600000000000000 5.600000000000000
363 5.700000000000000 6.800000000000000
364 5.700000000000000 3.300000000000000
365 5.700000000000000 8.900000000000000
366 5.700000000000000 8.199999999999999
367 5.700000000000000 7.900000000000000
368 5.700000000000000 7.600000000000000
369 5.700000000000000 2.800000000000000
370 5.800000000000000 7.000000000000000
371 5.800000000000000 2.400000000000000
372 5.800000000000000 8.500000000000000
373 5.800000000000000 3.600000000000000
374 5.800000000000000 7.400000000000000
375 5.800000000000000 7.200000000000000
376 5.800000000000000 8.900000000000000
377 5.800000000000000 5.800000000000000
378 5.900000000000000 2.600000000000000
379 5.900000000000000 4.100000000000000
380 5.900000000000000 4.900000000000000
381 5.900000000000000 5.300000000000000
382 6.000000000000000 6.800000000000000
383 6.000000000000000 6.400000000000000
384 6.000000000000000 7.600000000000000
385 6.000000000000000 7.000000000000000
386 6.000000000000000 6.300000000000000
387 6.100000000000000 2.100000000000000
388 6.100000000000000 6.700000000000000
389 6.100000000000000 7.100000000000000
390 6.100000000000000 6.400000000000000
391 6.100000000000000 8.800000000000001
392 6.200000000000000 4.700000000000000
393 6.200000000000000 4.200000000000000
394 6.200000000000000 7.500000000000000
395 6.200000000000000 6.900000000000000
396 6.200000000000000 2.200000000000000
397 6.200000000000000 6.100000000000000
398 6.200000000000000 5.100000000000000
399 6.200000000000000 1.400000000000000
400 6.200000000000000 1.700000000000000
401 6.300000000000000 5.700000000000000
402 6.300000000000000 8.000000000000000
403 6.300000000000000 8.000000000000000
404 6.300000000000000 6.600000000000000
405 6.300000000000000 4.400000000000000
406 6.300000000000000 2.200000000000000
407 6.300000000000000 8.400000000000000
408 6.300000000000000 7.400000000000000
409 6.400000000000000 8.900000000000000
410 6.400000000000000 3.500000000000000
411 6.400000000000000 4.300000000000000
412 6.400000000000000 4.900000000000000
413 6.400000000000000 5.900000000000000
414 6.500000000000000 5.600000000000000
415 6.500000000000000 6.200000000000000
416 6.500000000000000 5.600000000000000
417 6.500000000000000 8.600000000000000
418 6.500000000000000 6.300000000000000
419 6.600000000000000 9.000000000000000
420 6.600000000000000 4.100000000000000
421 6.600000000000000 2.900000000000000
422 6.600000000000000 8.600000000000000
423 6.600000000000000 4.000000000000000
424 6.700000000000000 5.700000000000000
425 6.700000000000000 5.300000000000000
426 6.700000000000000 6.300000000000000
427 6.700000000000000 2.300000000000000
428 6.700000000000000 4.900000000000000
429 6.700000000000000 6.700000000000000
430 6.700000000000000 3.500000000000000
431 6.700000000000000 7.500000000000000
432 6.700000000000000 2.100000000000000
433 6.700000000000000 8.300000000000001
434 6.700000000000000 3.300000000000000
435 6.700000000000000 7.100000000000000
436 6.700000000000000 3.600000000000000
437 6.700000000000000 3.100000000000000
438 6.800000000000000 8.500000000000000
439 6.800000000000000 2.000000000000000
440 6.800000000000000 2.700000000000000
441 6.800000000000000 6.200000000000000
442 6.800000000000000 9.000000000000000
443 6.800000000000000 7.000000000000000
444 6.800000000000000 7.000000000000000
445 6.800000000000000 6.800000000000000
446 6.800000000000000 9.000000000000000
447 6.800000000000000 7.800000000000000
448 6.800000000000000 4.900000000000000
449 6.800000000000000 2.800000000000000
450 6.800000000000000 7.600000000000000
451 6.800000000000000 9.199999999999999
452 6.800000000000000 5.400000000000000
453 6.900000000000000 6.600000000000000
454 6.900000000000000 8.800000000000001
455 6.900000000000000 8.600000000000000
456 6.900000000000000 7.400000000000000
457 6.900000000000000 7.200000000000000
458 6.900000000000000 2.900000000000000
459 6.900000000000000 8.900000000000000
460 6.900000000000000 3.000000000000000
461 6.900000000000000 5.400000000000000
462 6.900000000000000 8.800000000000001
463 7.000000000000000 2.600000000000000
464 7.000000000000000 1.500000000000000
465 7.000000000000000 3.200000000000000
466 7.000000000000000 8.000000000000000
467 7.000000000000000 5.200000000000000
468 7.000000000000000 3.100000000000000
469 7.000000000000000 5.400000000000000
470 7.000000000000000 2.300000000000000
471 7.000000000000000 9.199999999999999
472 7.000000000000000 8.699999999999999
473 7.100000000000000 5.000000000000000
474 7.100000000000000 7.300000000000000
475 7.100000000000000 2.100000000000000
476 7.100000000000000 2.600000000000000
477 7.100000000000000 1.700000000000000
478 7.100000000000000 6.400000000000000
479 7.100000000000000 6.100000000000000
480 7.200000000000000 6.200000000000000
481 7.200000000000000 3.000000000000000
482 7.200000000000000 3.700000000000000
483 7.200000000000000 3.400000000000000
484 7.200000000000000 4.900000000000000
485 7.300000000000000 4.800000000000000
486 7.300000000000000 8.900000000000000
487 7.300000000000000 6.500000000000000
488 7.300000000000000 7.900000000000000
489 7.300000000000000 5.100000000000000
490 7.300000000000000 9.000000000000000
491 7.300000000000000 4.000000000000000
492 7.400000000000000 4.000000000000000
493 7.400000000000000 6.200000000000000
494 7.400000000000000 6.500000000000000
495 7.400000000000000 2.600000000000000
496 7.400000000000000 5.300000000000000
497 7.400000000000000 8.900000000000000
498 7.400000000000000 1.100000000000000
499 7.500000000000000 2.900000000000000
500 7.500000000000000 5.200000000000000
501 7.500000000000000 6.500000000000000
502 7.500000000000000 7.400000000000000
503 7.500000000000000 3.100000000000000
504 7.500000000000000 7.400000000000000
505 7.500000000000000 4.900000000000000
506 7.500000000000000 1.100000000000000
507 7.500000000000000 5.700000000000000
508 7.600000000000000 6.000000000000000
509 7.600000000000000 8.800000000000001
510 7.600000000000000 1.300000000000000
511 7.600000000000000 8.000000000000000
512 7.600000000000000 6.100000000000000
513 7.600000000000000 1.600000000000000
514 7.600000000000000 2.700000000000000
515 7.600000000000000 1.000000000000000
516 7.600000000000000 1.100000000000000
517 7.700000000000000 4.400000000000000
518 7.700000000000000 2.000000000000000
519 7.700000000000000 7.000000000000000
520 7.700000000000000 6.200000000000000
521 7.700000000000000 6.300000000000000
522 7.700000000000000 6.900000000000000
523 7.800000000000000 2.000000000000000
524 7.800000000000000 1.000000000000000
525 7.800000000000000 3.900000000000000
526 7.800000000000000 1.600000000000000
527 7.800000000000000 3.600000000000000
528 7.800000000000000 1.100000000000000
529 7.800000000000000 4.200000000000000
530 7.800000000000000 2.700000000000000
531 7.800000000000000 2.700000000000000
532 7.800000000000000 1.500000000000000
533 7.800000000000000 2.000000000000000
534 7.800000000000000 1.600000000000000
535 7.800000000000000 6.700000000000000
536 7.900000000000000 6.500000000000000
537 7.900000000000000 2.300000000000000
538 7.900000000000000 4.600000000000000
539 7.900000000000000 2.300000000000000
540 7.900000000000000 6.600000000000000
541 8.000000000000000 4.200000000000000
542 8.000000000000000 4.200000000000000
543 8.000000000000000 5.600000000000000
544 8.000000000000000 3.400000000000000
545 8.000000000000000 2.300000000000000
546 8.000000000000000 3.400000000000000
547 8.100000000000000 2.100000000000000
548 8.100000000000000 3.800000000000000
549 8.100000000000000 5.700000000000000
550 8.100000000000000 5.400000000000000
551 8.199999999999999 4.700000000000000
552 8.199999999999999 0.900000000000000
553 8.199999999999999 1.200000000000000
554 8.199999999999999 1.000000000000000
555 8.199999999999999 1.400000000000000
556 8.199999999999999 0.700000000000000
557 8.300000000000001 3.800000000000000
558 8.300000000000001 4.100000000000000
559 8.300000000000001 5.500000000000000
560 8.300000000000001 2.000000000000000
561 8.300000000000001 2.100000000000000
562 8.300000000000001 5.200000000000000
563 8.300000000000001 3.200000000000000
564 8.300000000000001 1.200000000000000
565 8.300000000000001 5.700000000000000
566 8.300000000000001 4.400000000000000
567 8.300000000000001 5.700000000000000
568 8.400000000000000 2.500000000000000
569 8.400000000000000 4.000000000000000
570 8.400000000000000 4.800000000000000
571 8.400000000000000 4.000000000000000
572 8.400000000000000 0.900000000000000
573 8.400000000000000 2.300000000000000
574 8.500000000000000 4.300000000000000
575 8.500000000000000 3.400000000000000
576 8.500000000000000 5.500000000000000
577 8.500000000000000 3.800000000000000
578 8.500000000000000 2.300000000000000
579 8.600000000000000 3.200000000000000
580 8.600000000000000 1.700000000000000
581 8.600000000000000 0.900000000000000
582 8.699999999999999 2.800000000000000
583 8.699999999999999 2.700000000000000
584 8.699999999999999 4.400000000000000
585 8.699999999999999 4.100000000000000
586 8.699999999999999 4.600000000000000
587 8.699999999999999 4.800000000000000
588 8.699999999999999 3.700000000000000
589 8.800000000000001 3.600000000000000
590 8.800000000000001 3.200000000000000
591 8.800000000000001 4.200000000000000
592 8.800000000000001 4.700000000000000
593 8.800000000000001 3.000000000000000
594 8.900000000000000 4.300000000000000
595 8.900000000000000 4.000000000000000
596 8.900000000000000 4.500000000000000
597 8.900000000000000 3.000000000000000
598 9.000000000000000 3.900000000000000
599 9.100000000000000 3.400000000000000
600 9.100000000000000 4.200000000000000
601 9.100000000000000 4.000000000000000
602 9.199999999999999 4.300000000000000
603 9.300000000000001 3.800000000000000
604 9.400000000000000 3.000000000000000
605 9.400000000000000 3.900000000000000
606 9.500000000000000 3.000000000000000
607 9.500000000000000 3.400000000000000
608 9.500000000000000 3.400000000000000
609 9.600000000000000 2.900000000000000
