291
0 5.900000000000000 3.970000000000000
1 5.550000000000000 0.850000000000000
2 5.836604150872915 3.404871287781404
3 5.801744370879235 3.094121248980606
4 5.890385828901109 3.884296531918455
5 1.350000000000000 3.900000000000000
6 1.120000000000000 4.550000000000000
7 1.253066287339972 4.173943100995733
8 1.147021786243869 4.473634082354282
9 4.040000000000000 2.930000000000000
10 4.697040969006056 2.024936943355896
11 4.690116342960892 2.034475501086983
12 4.405285053929122 2.426825885978428
13 3.200000000000000 4.680000000000000
14 3.840000000000000 3.060000000000000
15 3.392427980311023 4.192916674837723
16 3.484839303497601 3.959000513021698
17 3.423225455534403 4.114960565678543
18 3.348813893116104 4.303314833049861
19 3.592989220474643 3.685246035673559
20 3.307025385926808 4.409091991872767
21 3.310875898948921 4.399345380785543
22 0.180000000000000 6.470000000000000
23 9.699999999999999 3.410000000000000
24 6.089845272206304 4.570406876790830
25 5.135231715150959 4.877246948701478
26 6.298690379951494 4.503278092158448
27 1.453876221498370 6.060539785946952
28 2.590973451327434 5.695044247787610
29 3.733866653976110 5.327685718364822
30 2.705238540692235 5.658316183348925
31 6.051947060320693 4.582588444896920
32 7.407858676556707 4.146759711106773
33 4.773306622672637 4.993580014140938
34 4.322275466705864 5.138554314273115
35 2.182829608365799 5.826233340168136
36 5.505323193916350 4.758288973384030
37 4.517425430163190 5.075827540304688
38 4.884381658175081 4.957877324158010
39 9.371857335127862 3.515474427994616
40 5.966740947075208 4.609976124154398
41 4.917752887644383 4.947150857542876
42 1.690596205962060 5.984451219512195
43 3.331064617365413 5.457157801561117
44 9.740000000000000 1.770000000000000
45 5.950000000000000 3.860000000000000
46 6.010349486454816 3.826720204039429
47 1.130000000000000 8.130000000000001
48 3.860000000000000 7.580000000000000
49 3.169042567068134 7.719203878429497
50 2.749509208951100 7.803725250943918
51 2.763837477258944 7.800838603482631
52 2.372478811645012 7.879683755895694
53 3.694690250593245 7.613304161968394
54 1.540000000000000 9.670000000000000
55 8.720000000000001 6.410000000000000
56 7.419505346467964 7.000475288372485
57 4.453248250873555 8.347271685536519
58 4.710962355292746 8.230259431998002
59 6.813176991948471 7.275772006441224
60 3.267872446976977 8.885478526860036
61 7.102942435998352 7.144207194797406
62 8.713962704278837 6.412741167695125
63 3.863619954275038 8.614985926053395
64 4.110287759878841 8.502989122951947
65 8.240000000000000 8.500000000000000
66 4.180000000000000 1.080000000000000
67 6.653708429817215 5.600915406217668
68 6.077307827472296 4.547493615725230
69 6.769106949686290 5.811816149426669
70 4.987521534044298 2.555815217391303
71 4.473093436706323 1.615653522256383
72 6.765268495267529 5.804801043075140
73 4.964463365099203 2.513674425870958
74 5.621955937893413 3.715298783046580
75 5.847394200875579 4.127306642979507
76 5.519966703471120 3.528904664964461
77 4.567846602295500 1.788823100746948
78 5.746511311337265 3.942934465547417
79 4.827481492787911 2.263328245439975
80 6.060426938438232 4.516642335766424
81 6.604246304444554 5.510519108122805
82 4.487143470585428 1.641331170380266
83 0.660000000000000 3.120000000000000
84 6.110000000000000 5.260000000000000
85 4.896201997534014 4.783389408206016
86 3.537784219019562 4.249992335541626
87 3.555877114917224 4.257096702004194
88 2.502758205359831 3.843578451278906
89 3.360325410299944 4.180311262026033
90 2.578421316551543 3.873288370168863
91 3.074775168796865 4.068186947013815
92 5.387197060795647 4.976183800018841
93 4.745341612623226 4.724152486424533
94 2.482994382022472 3.835817977528090
95 4.278999104020348 4.541038180294228
96 4.582212646047078 4.660098176612981
97 5.539229099722373 5.035880784111170
98 3.587421960349800 4.269483118375884
99 3.196343392933584 4.115921992821627
100 3.060000000000000 3.160000000000000
101 1.300000000000000 0.880000000000000
102 9.680000000000000 3.540000000000000
103 4.100000000000000 7.340000000000000
104 9.081703338975228 3.947442170590347
105 6.611537241950614 5.629634136306032
106 6.912621094569093 5.424594953519255
107 5.654346674655821 6.281484343424351
108 4.109058630091370 7.333831040439568
109 5.993282263062238 6.050667992896685
110 9.308902260650608 3.792718890596360
111 6.726486684712750 5.551353153779847
112 9.869999999999999 3.790000000000000
113 2.610000000000000 5.240000000000000
114 2.898582159624415 5.182363067292645
115 3.679063679258547 5.026481772048912
116 6.037445709504929 4.555455058018988
117 7.351152519126503 4.293075598797048
118 4.308073378171597 4.900853113175095
119 4.094867011609420 4.943435651951287
120 5.564024488225510 4.650008883205649
121 4.678812201174123 4.826807480481753
122 4.739150821545050 4.814756378617036
123 9.282893002507656 3.907259662033595
124 6.017461318424132 4.559446430893252
125 4.602888473843876 4.841971310320438
126 3.272139133572408 5.107754580760332
127 0.030000000000000 5.940000000000000
128 3.810000000000000 6.260000000000000
129 2.327311178247734 6.134481369587109
130 1.055552238805969 6.026819237147595
131 3.158523692656220 6.204848566574071
132 0.605625992231884 5.988730242728625
133 3.753099938056056 6.255183063539137
134 1.726268587763117 6.083599457165132
135 3.461485089184400 6.230496092206087
136 4.710000000000000 0.500000000000000
137 1.783155893536122 7.041406844106463
138 2.651724137931034 5.593793103448276
139 1.963020948180816 6.741631753031974
140 2.810000000000000 0.250000000000000
141 3.542063528383916 4.273511950575167
142 3.299850504801178 2.942279131039035
143 3.498908847226287 4.036328470414247
144 3.375630841121495 3.358777258566978
145 3.631677001765265 4.766038715128471
146 3.584238630624344 4.505311543508995
147 3.869845804424371 6.075043994859529
148 3.308932805625740 2.992196582857749
149 3.638253234393534 4.802182505310198
150 3.400520402473431 3.495573374834592
151 3.965950111994398 6.603245189178514
152 3.583537891626122 4.501460195061403
153 3.544958551483421 4.289423356602676
154 3.431400521219937 3.665294337557635
155 4.970000000000000 8.600000000000000
156 1.310000000000000 6.810000000000000
157 3.746921287872795 8.001827624396803
158 2.892074474477198 7.583746805823547
159 2.952221377002019 7.613162913888965
160 2.132315357355883 7.212170625592084
161 3.761408079107634 8.008912694426957
162 4.574755023923444 8.406697129186602
163 1.080000000000000 6.550000000000000
164 9.750000000000000 4.000000000000000
165 4.145582466113839 7.406420164908736
166 6.723665213936577 5.839436083889143
167 6.760529101091358 5.817029850270448
168 5.796174553530640 6.403174040468643
169 4.032417426469908 7.475202990362942
170 6.139334274221638 6.194598183070719
171 9.183670408119383 4.344220702705027
172 7.030532867564751 5.652918902227198
173 5.430000000000000 2.030000000000000
174 4.976037948665097 2.569461630510085
175 3.446472404466772 4.387106783929621
176 3.835764862191942 3.924494670489396
177 3.401433238932025 4.440628662255666
178 3.518034640840367 4.302066458194183
179 2.432718618643369 5.329735020192863
180 2.020777173381974 5.538248591251099
181 1.605657291263745 5.748371000718351
182 2.350000000000000 5.230000000000000
183 3.510603229470496 6.629355893818713
184 3.704759953561429 6.863453429722637
185 3.533383310048728 6.656822162401609
186 4.800000000000000 8.359999999999999
187 4.103192422382039 7.344651815470971
188 6.740000000000000 5.870000000000000
189 4.468845432947721 1.620456884304526
190 4.952735038265083 2.525859700503808
191 5.603044235000493 3.742649174082953
192 5.827870436141498 4.163320073874131
193 5.502890830755932 3.555252765359733
194 4.561877590831504 1.794528773469885
195 5.716601120762926 3.955124753302505
196 4.815007630998813 2.268158809564185
197 6.031894250565930 4.545067757894845
198 6.535625744869583 5.487596608564571
199 4.483615915198726 1.648093841328867
200 7.080000000000000 1.330000000000000
201 7.700000000000000 0.710000000000000
202 4.540000000000000 1.540000000000000
203 2.340930388443878 4.026562657103597
204 2.636605326361402 3.692232968128047
205 1.625405734160735 4.835630672153114
206 2.498955929638736 3.847877813504823
207 2.964714506172838 3.321228780864200
208 3.085274588582930 3.184907403276641
209 3.417363295427051 2.809403429712074
210 1.088175395653091 5.443095252162903
211 1.377939410668691 5.115449244358567
212 7.550000000000000 3.780000000000000
213 6.847790346429123 5.591874291312512
214 3.290276589203965 4.253089257969907
215 3.182907687359280 4.364641363782567
216 3.718128737631837 3.808567545317572
217 3.016416005327710 4.537619734724457
218 2.929004597701149 4.628436781609197
219 1.220000000000000 4.750000000000000
220 2.732058326797236 3.774132569230153
221 1.482051462937161 4.580874587749776
222 2.553702328720891 3.889241759478006
223 3.306791091923765 3.403205749183953
224 1.241469683588635 4.736143679386059
225 3.700731354928194 3.148960614904499
226 3.965707049922441 4.832615150843647
227 5.318821952355528 5.102308155452304
228 4.593902959831570 4.957822583059213
229 3.695650591230283 4.778789464918750
230 4.957956246097181 5.030383031868166
231 5.446922619755141 5.127840247236420
232 5.476030038230475 5.133641725832878
233 5.190000000000000 4.340000000000000
234 5.353916385965478 4.102941641014070
235 0.000000000000000 1.430000000000000
236 4.989031639501437 5.710637583892617
237 4.421562770891169 5.223743785218516
238 3.836207805184654 4.721503541584406
239 4.920741101613594 5.652043639369916
240 3.577334953502790 4.499388121512709
241 3.407728937810409 4.353864513388300
242 3.175957999777944 4.155002798353164
243 2.320000000000000 6.070000000000000
244 1.783499540066413 5.116580507949349
245 3.260000000000000 8.900000000000000
246 5.218577680145677 5.287218198109663
247 5.138294508653214 5.435308102281573
248 5.328544219313450 5.084374514374514
249 3.757059406788998 7.983126905044619
250 3.394816305988930 8.651318570709609
251 7.470000000000000 0.520000000000000
252 5.074006015638163 4.217022758332345
253 4.707095322375921 4.783166576772397
254 2.728681546756334 7.835862368832974
255 4.657221962513442 4.860121255143676
256 2.489496778487295 8.204924869619099
257 3.525003877718376 6.607135669287834
258 2.014772513818535 8.937425210549815
259 3.190000000000000 4.370000000000000
260 1.390000000000000 3.010000000000000
261 3.099484318455971 4.301610373944512
262 2.830000000000000 3.450000000000000
263 3.096133049650593 3.195608114304580
264 3.556551724137931 2.755502028397566
265 4.253445105033690 2.089353943717796
266 3.570000000000000 4.830000000000000
267 4.408032820407954 4.488448808489195
268 4.019106724738253 4.646960704623485
269 7.190000000000000 7.230000000000000
270 5.252946207517443 5.321087424841645
271 4.850802922612841 4.924786415262533
272 3.992713878519430 4.079163555829076
273 3.479388833900269 3.573296017911403
274 9.800000000000001 1.630000000000000
275 3.390000000000000 2.820000000000000
276 3.994416847907293 2.585936612820214
277 9.210000000000001 8.770000000000000
278 1.520000000000000 9.039999999999999
279 6.840000000000000 3.740000000000000
280 5.449870681569249 5.124903268361463
281 2.454859870559639 8.108654640231938
282 3.587869817509040 6.979904129173324
283 7.860000000000000 5.930000000000000
284 3.297147173040643 4.405792203414005
285 4.140000000000000 4.010000000000000
286 1.436904287303283 5.279336916181183
287 2.963387620731400 4.562521141603017
288 2.700000000000000 8.789999999999999
289 3.910000000000000 8.890000000000001
290 3.853703154300428 8.556183492401130
510
1 3
3 2
2 4
4 0
6 8
8 7
7 5
9 12
12 11
11 10
10 1
13 20
20 21
21 18
18 15
15 17
17 16
16 19
19 14
22 27
27 42
42 35
35 28
28 30
30 43
43 29
29 34
34 37
37 33
33 38
38 41
41 25
25 36
36 40
40 31
31 24
24 26
26 32
32 39
39 23
45 46
46 44
47 52
52 50
50 51
51 49
49 53
53 48
54 60
60 63
63 64
64 57
57 58
58 59
59 61
61 56
56 62
62 55
66 71
71 82
82 77
77 10
10 79
79 73
73 70
70 76
76 74
74 78
78 75
75 80
80 68
68 24
24 81
81 67
67 72
72 69
69 56
56 65
83 94
94 88
88 90
90 91
91 99
99 89
89 15
15 86
86 87
87 98
98 95
95 96
96 93
93 85
85 25
25 92
92 97
97 84
101 100
103 108
108 107
107 109
109 105
105 67
67 111
111 106
106 104
104 110
110 102
113 114
114 126
126 115
115 119
119 118
118 125
125 121
121 122
122 85
85 120
120 124
124 116
116 68
68 26
26 117
117 104
104 123
123 112
127 132
132 130
130 27
27 134
134 129
129 131
131 135
135 133
133 128
66 136
47 137
137 139
139 129
129 28
28 138
138 114
114 13
140 142
142 148
148 144
144 150
150 154
154 16
16 143
143 86
86 141
141 153
153 152
152 146
146 145
145 149
149 115
115 29
29 147
147 151
151 103
156 137
137 160
160 158
158 159
159 49
49 157
157 161
161 57
57 162
162 155
22 163
48 169
169 165
165 168
168 170
170 166
166 167
167 69
69 172
172 171
171 164
13 177
177 175
175 178
178 141
141 87
87 176
176 174
174 70
70 173
22 130
130 181
181 180
180 179
179 113
182 179
179 138
138 30
30 131
131 183
183 185
185 184
184 103
103 187
187 165
165 58
58 186
66 189
189 199
199 194
194 11
11 196
196 190
190 174
174 193
193 191
191 195
195 192
192 197
197 116
116 31
31 198
198 105
105 166
166 188
200 201
22 132
132 210
210 211
211 205
205 203
203 206
206 88
88 204
204 207
207 208
208 142
142 209
209 189
189 71
71 202
188 167
167 72
72 213
213 106
106 117
117 32
32 212
182 218
218 217
217 215
215 214
214 89
89 17
17 143
143 216
216 190
190 73
73 173
219 224
224 221
221 203
203 222
222 90
90 220
220 223
223 144
144 225
225 9
13 145
145 229
229 226
226 118
118 228
228 33
33 230
230 227
227 231
231 232
232 84
233 234
234 191
191 74
74 2
2 201
235 204
204 220
220 91
91 242
242 214
214 18
18 241
241 175
175 240
240 146
146 238
238 226
226 119
119 34
34 237
237 239
239 236
236 107
107 168
168 59
59 65
83 7
7 221
221 205
205 244
244 180
180 35
35 243
245 60
60 250
250 157
157 249
249 169
169 187
187 108
108 236
236 247
247 246
246 227
227 248
248 92
92 36
36 120
120 192
192 75
75 46
46 201
54 258
258 256
256 254
254 50
50 158
158 183
183 257
257 133
133 147
147 237
237 37
37 228
228 255
255 121
121 253
253 93
93 252
252 193
193 76
76 3
3 251
260 94
94 206
206 222
222 261
261 215
215 259
262 207
207 263
263 148
148 264
264 265
265 194
194 77
77 1
266 149
149 229
229 238
238 268
268 95
95 267
267 252
252 234
234 195
195 78
78 4
4 45
100 208
208 263
263 223
223 150
150 273
273 19
19 216
216 176
176 272
272 267
267 96
96 253
253 122
122 271
271 38
38 230
230 246
246 270
270 109
109 170
170 61
61 269
65 62
62 171
171 123
123 110
110 39
39 274
275 209
209 264
264 276
276 12
12 196
196 79
79 173
55 277
278 281
281 254
254 51
51 159
159 282
282 184
184 151
151 239
239 247
247 270
270 231
231 280
280 97
97 40
40 124
124 197
197 80
80 279
259 284
284 20
20 177
177 240
240 152
152 268
268 125
125 255
255 271
271 41
41 248
248 280
280 232
232 198
198 81
81 111
111 213
213 172
172 283
127 210
210 286
286 244
244 287
287 217
217 284
284 21
21 241
241 178
178 153
153 98
98 272
272 285
83 8
8 224
224 211
211 286
286 181
181 42
42 134
134 139
139 160
160 52
52 281
281 256
256 288
113 218
218 287
287 261
261 242
242 99
99 154
154 273
273 225
225 276
276 265
265 199
199 82
82 202
13 126
126 43
43 135
135 257
257 185
185 282
282 53
53 249
249 161
161 290
290 63
63 289
278 258
258 250
250 290
290 64
64 162
162 186
470
0 0.500000000000000 6.300000000000000
1 0.500000000000000 6.200000000000000
2 0.700000000000000 5.900000000000000
3 0.700000000000000 5.800000000000000
4 0.700000000000000 4.800000000000000
5 0.700000000000000 5.900000000000000
6 0.800000000000000 3.200000000000000
7 0.800000000000000 5.700000000000000
8 0.800000000000000 5.700000000000000
9 0.800000000000000 6.200000000000000
10 0.900000000000000 5.000000000000000
11 1.000000000000000 4.800000000000000
12 1.000000000000000 3.700000000000000
13 1.000000000000000 5.700000000000000
14 1.100000000000000 4.200000000000000
15 1.200000000000000 8.100000000000000
16 1.200000000000000 3.400000000000000
17 1.200000000000000 7.300000000000000
18 1.200000000000000 4.200000000000000
19 1.200000000000000 4.400000000000000
20 1.300000000000000 3.900000000000000
21 1.300000000000000 4.400000000000000
22 1.300000000000000 6.600000000000000
23 1.300000000000000 5.800000000000000
24 1.300000000000000 7.800000000000000
25 1.300000000000000 5.600000000000000
26 1.300000000000000 5.200000000000000
27 1.400000000000000 3.800000000000000
28 1.400000000000000 4.500000000000000
29 1.400000000000000 3.800000000000000
30 1.400000000000000 7.900000000000000
31 1.400000000000000 3.900000000000000
32 1.500000000000000 4.400000000000000
33 1.500000000000000 4.900000000000000
34 1.500000000000000 4.600000000000000
35 1.500000000000000 6.600000000000000
36 1.500000000000000 5.600000000000000
37 1.500000000000000 7.000000000000000
38 1.500000000000000 5.400000000000000
39 1.500000000000000 5.300000000000000
40 1.600000000000000 6.400000000000000
41 1.600000000000000 8.199999999999999
42 1.600000000000000 7.000000000000000
43 1.600000000000000 9.500000000000000
44 1.600000000000000 7.400000000000000
45 1.700000000000000 4.200000000000000
46 1.700000000000000 7.100000000000000
47 1.800000000000000 3.600000000000000
48 1.800000000000000 4.200000000000000
49 1.800000000000000 6.400000000000000
50 1.800000000000000 8.300000000000001
51 1.800000000000000 5.400000000000000
52 1.900000000000000 9.000000000000000
53 1.900000000000000 6.500000000000000
54 1.900000000000000 7.900000000000000
55 2.000000000000000 8.100000000000000
56 2.000000000000000 3.800000000000000
57 2.000000000000000 4.000000000000000
58 2.000000000000000 4.300000000000000
59 2.100000000000000 4.900000000000000
60 2.100000000000000 9.199999999999999
61 2.100000000000000 4.700000000000000
62 2.100000000000000 8.400000000000000
63 2.100000000000000 5.700000000000000
64 2.100000000000000 4.800000000000000
65 2.100000000000000 5.400000000000000
66 2.100000000000000 8.900000000000000
67 2.100000000000000 7.800000000000000
68 2.200000000000000 4.100000000000000
69 2.200000000000000 7.700000000000000
70 2.200000000000000 9.000000000000000
71 2.200000000000000 5.100000000000000
72 2.200000000000000 9.100000000000000
73 2.300000000000000 7.600000000000000
74 2.300000000000000 5.800000000000000
75 2.300000000000000 6.100000000000000
76 2.300000000000000 7.400000000000000
77 2.300000000000000 7.500000000000000
78 2.300000000000000 4.500000000000000
79 2.400000000000000 9.000000000000000
80 2.400000000000000 5.700000000000000
81 2.400000000000000 7.600000000000000
82 2.400000000000000 4.400000000000000
83 2.400000000000000 9.199999999999999
84 2.400000000000000 7.700000000000000
85 2.400000000000000 4.600000000000000
86 2.400000000000000 6.200000000000000
87 2.500000000000000 8.800000000000001
88 2.500000000000000 6.100000000000000
89 2.500000000000000 6.400000000000000
90 2.500000000000000 8.000000000000000
91 2.600000000000000 4.200000000000000
92 2.600000000000000 6.200000000000000
93 2.700000000000000 6.300000000000000
94 2.700000000000000 5.300000000000000
95 2.700000000000000 8.600000000000000
96 2.700000000000000 6.100000000000000
97 2.700000000000000 7.000000000000000
98 2.700000000000000 6.300000000000000
99 2.700000000000000 6.000000000000000
100 2.700000000000000 5.200000000000000
101 2.800000000000000 5.900000000000000
102 2.900000000000000 5.300000000000000
103 2.900000000000000 7.700000000000000
104 2.900000000000000 6.400000000000000
105 2.900000000000000 5.600000000000000
106 2.900000000000000 3.800000000000000
107 3.000000000000000 7.000000000000000
108 3.000000000000000 4.100000000000000
109 3.000000000000000 7.100000000000000
110 3.100000000000000 6.600000000000000
111 3.100000000000000 4.000000000000000
112 3.100000000000000 5.500000000000000
113 3.100000000000000 4.900000000000000
114 3.100000000000000 6.900000000000000
115 3.100000000000000 7.100000000000000
116 3.200000000000000 4.000000000000000
117 3.200000000000000 4.100000000000000
118 3.200000000000000 4.300000000000000
119 3.200000000000000 3.900000000000000
120 3.200000000000000 3.500000000000000
121 3.200000000000000 3.600000000000000
122 3.300000000000000 3.700000000000000
123 3.300000000000000 4.700000000000000
124 3.300000000000000 3.900000000000000
125 3.300000000000000 3.900000000000000
126 3.300000000000000 5.200000000000000
127 3.400000000000000 7.000000000000000
128 3.400000000000000 4.500000000000000
129 3.400000000000000 3.100000000000000
130 3.400000000000000 8.000000000000000
131 3.400000000000000 6.600000000000000
132 3.500000000000000 3.200000000000000
133 3.500000000000000 5.700000000000000
134 3.500000000000000 7.500000000000000
135 3.500000000000000 5.600000000000000
136 3.700000000000000 6.200000000000000
137 3.700000000000000 6.800000000000000
138 3.700000000000000 8.600000000000000
139 3.700000000000000 7.300000000000000
140 3.700000000000000 7.600000000000000
141 3.700000000000000 4.700000000000000
142 3.700000000000000 6.300000000000000
143 3.800000000000000 8.300000000000001
144 3.800000000000000 8.100000000000000
145 3.800000000000000 6.900000000000000
146 3.800000000000000 6.800000000000000
147 3.800000000000000 4.300000000000000
148 3.900000000000000 4.000000000000000
149 3.900000000000000 3.400000000000000
150 3.900000000000000 5.300000000000000
151 4.000000000000000 2.800000000000000
152 4.000000000000000 5.900000000000000
153 4.000000000000000 8.500000000000000
154 4.000000000000000 7.100000000000000
155 4.000000000000000 3.900000000000000
156 4.000000000000000 3.900000000000000
157 4.000000000000000 5.300000000000000
158 4.000000000000000 7.600000000000000
159 4.000000000000000 3.800000000000000
160 4.000000000000000 8.300000000000001
161 4.100000000000000 6.400000000000000
162 4.100000000000000 2.500000000000000
163 4.100000000000000 6.600000000000000
164 4.100000000000000 2.700000000000000
165 4.100000000000000 4.800000000000000
166 4.100000000000000 7.700000000000000
167 4.200000000000000 3.600000000000000
168 4.200000000000000 1.600000000000000
169 4.200000000000000 5.500000000000000
170 4.200000000000000 8.300000000000001
171 4.200000000000000 1.600000000000000
172 4.200000000000000 7.800000000000000
173 4.200000000000000 1.700000000000000
174 4.300000000000000 7.100000000000000
175 4.300000000000000 2.400000000000000
176 4.300000000000000 2.100000000000000
177 4.300000000000000 7.200000000000000
178 4.300000000000000 7.600000000000000
179 4.300000000000000 8.000000000000000
180 4.300000000000000 4.200000000000000
181 4.300000000000000 7.900000000000000
182 4.300000000000000 2.400000000000000
183 4.300000000000000 6.100000000000000
184 4.300000000000000 7.700000000000000
185 4.300000000000000 4.500000000000000
186 4.300000000000000 5.700000000000000
187 4.300000000000000 5.000000000000000
188 4.300000000000000 3.100000000000000
189 4.400000000000000 4.700000000000000
190 4.400000000000000 8.199999999999999
191 4.400000000000000 5.800000000000000
192 4.400000000000000 6.500000000000000
193 4.400000000000000 3.900000000000000
194 4.400000000000000 7.200000000000000
195 4.400000000000000 8.000000000000000
196 4.400000000000000 7.600000000000000
197 4.400000000000000 6.100000000000000
198 4.500000000000000 4.500000000000000
199 4.500000000000000 6.100000000000000
200 4.500000000000000 3.200000000000000
201 4.500000000000000 4.700000000000000
202 4.500000000000000 2.400000000000000
203 4.500000000000000 2.500000000000000
204 4.500000000000000 4.600000000000000
205 4.500000000000000 7.400000000000000
206 4.500000000000000 8.100000000000000
207 4.600000000000000 6.100000000000000
208 4.600000000000000 7.200000000000000
209 4.600000000000000 3.100000000000000
210 4.600000000000000 8.100000000000000
211 4.600000000000000 2.300000000000000
212 4.600000000000000 2.000000000000000
213 4.600000000000000 7.600000000000000
214 4.600000000000000 2.600000000000000
215 4.700000000000000 5.700000000000000
216 4.700000000000000 6.700000000000000
217 4.700000000000000 6.300000000000000
218 4.700000000000000 7.200000000000000
219 4.700000000000000 6.800000000000000
220 4.800000000000000 3.700000000000000
221 4.800000000000000 1.900000000000000
222 4.800000000000000 4.400000000000000
223 4.800000000000000 5.300000000000000
224 4.800000000000000 8.199999999999999
225 4.800000000000000 6.800000000000000
226 4.800000000000000 7.300000000000000
227 4.900000000000000 6.500000000000000
228 4.900000000000000 5.300000000000000
229 4.900000000000000 2.500000000000000
230 4.900000000000000 7.000000000000000
231 4.900000000000000 2.800000000000000
232 4.900000000000000 4.100000000000000
233 4.900000000000000 7.300000000000000
234 4.900000000000000 2.600000000000000
235 4.900000000000000 6.000000000000000
236 4.900000000000000 5.500000000000000
237 4.900000000000000 7.100000000000000
238 5.000000000000000 7.000000000000000
239 5.000000000000000 6.300000000000000
240 5.000000000000000 7.700000000000000
241 5.000000000000000 4.200000000000000
242 5.000000000000000 3.800000000000000
243 5.000000000000000 3.500000000000000
244 5.000000000000000 1.700000000000000
245 5.100000000000000 2.400000000000000
246 5.100000000000000 3.500000000000000
247 5.100000000000000 1.600000000000000
248 5.100000000000000 2.900000000000000
249 5.100000000000000 2.500000000000000
250 5.100000000000000 1.300000000000000
251 5.100000000000000 2.500000000000000
252 5.200000000000000 8.000000000000000
253 5.200000000000000 7.900000000000000
254 5.200000000000000 3.100000000000000
255 5.200000000000000 3.600000000000000
256 5.200000000000000 7.700000000000000
257 5.200000000000000 4.600000000000000
258 5.200000000000000 6.500000000000000
259 5.200000000000000 3.300000000000000
260 5.300000000000000 4.100000000000000
261 5.300000000000000 2.800000000000000
262 5.300000000000000 4.900000000000000
263 5.300000000000000 4.000000000000000
264 5.300000000000000 3.800000000000000
265 5.300000000000000 4.500000000000000
266 5.300000000000000 3.300000000000000
267 5.300000000000000 3.100000000000000
268 5.300000000000000 6.000000000000000
269 5.400000000000000 4.100000000000000
270 5.400000000000000 1.800000000000000
271 5.400000000000000 6.000000000000000
272 5.400000000000000 6.900000000000000
273 5.400000000000000 5.900000000000000
274 5.400000000000000 6.000000000000000
275 5.400000000000000 4.200000000000000
276 5.400000000000000 1.500000000000000
277 5.400000000000000 2.500000000000000
278 5.500000000000000 6.000000000000000
279 5.500000000000000 3.100000000000000
280 5.500000000000000 7.000000000000000
281 5.500000000000000 3.900000000000000
282 5.500000000000000 6.800000000000000
283 5.500000000000000 1.900000000000000
284 5.600000000000000 3.900000000000000
285 5.600000000000000 1.300000000000000
286 5.600000000000000 5.700000000000000
287 5.600000000000000 6.700000000000000
288 5.600000000000000 3.800000000000000
289 5.700000000000000 2.600000000000000
290 5.700000000000000 5.500000000000000
291 5.700000000000000 2.800000000000000
292 5.700000000000000 6.100000000000000
293 5.700000000000000 2.200000000000000
294 5.800000000000000 6.800000000000000
295 5.800000000000000 6.000000000000000
296 5.800000000000000 6.000000000000000
297 5.800000000000000 6.000000000000000
298 5.800000000000000 7.100000000000000
299 5.900000000000000 4.200000000000000
300 5.900000000000000 6.800000000000000
301 5.900000000000000 5.000000000000000
302 5.900000000000000 4.300000000000000
303 5.900000000000000 4.200000000000000
304 6.000000000000000 6.300000000000000
305 6.000000000000000 6.600000000000000
306 6.000000000000000 7.500000000000000
307 6.100000000000000 3.800000000000000
308 6.100000000000000 6.700000000000000
309 6.100000000000000 3.800000000000000
310 6.100000000000000 5.100000000000000
311 6.100000000000000 6.500000000000000
312 6.100000000000000 4.700000000000000
313 6.200000000000000 5.400000000000000
314 6.200000000000000 7.300000000000000
315 6.200000000000000 3.800000000000000
316 6.300000000000000 7.500000000000000
317 6.300000000000000 7.200000000000000
318 6.400000000000000 6.100000000000000
319 6.400000000000000 2.800000000000000
320 6.400000000000000 4.200000000000000
321 6.400000000000000 6.400000000000000
322 6.400000000000000 6.800000000000000
323 6.500000000000000 4.600000000000000
324 6.500000000000000 5.300000000000000
325 6.500000000000000 2.900000000000000
326 6.500000000000000 4.400000000000000
327 6.500000000000000 5.600000000000000
328 6.500000000000000 5.500000000000000
329 6.500000000000000 3.500000000000000
330 6.500000000000000 5.800000000000000
331 6.600000000000000 5.700000000000000
332 6.600000000000000 4.300000000000000
333 6.600000000000000 4.500000000000000
334 6.600000000000000 6.200000000000000
335 6.600000000000000 2.700000000000000
336 6.700000000000000 5.800000000000000
337 6.700000000000000 6.700000000000000
338 6.700000000000000 5.600000000000000
339 6.700000000000000 4.200000000000000
340 6.700000000000000 3.600000000000000
341 6.700000000000000 4.600000000000000
342 6.700000000000000 4.400000000000000
343 6.700000000000000 4.400000000000000
344 6.700000000000000 2.200000000000000
345 6.800000000000000 2.500000000000000
346 6.800000000000000 6.000000000000000
347 6.800000000000000 2.600000000000000
348 6.800000000000000 6.800000000000000
349 6.900000000000000 2.600000000000000
350 6.900000000000000 3.700000000000000
351 6.900000000000000 3.300000000000000
352 6.900000000000000 3.000000000000000
353 6.900000000000000 4.800000000000000
354 6.900000000000000 3.600000000000000
355 7.000000000000000 4.700000000000000
356 7.000000000000000 2.600000000000000
357 7.000000000000000 3.800000000000000
358 7.000000000000000 3.400000000000000
359 7.000000000000000 7.400000000000000
360 7.000000000000000 3.400000000000000
361 7.100000000000000 2.600000000000000
362 7.100000000000000 3.900000000000000
363 7.100000000000000 2.700000000000000
364 7.100000000000000 3.200000000000000
365 7.100000000000000 3.900000000000000
366 7.100000000000000 7.200000000000000
367 7.200000000000000 6.700000000000000
368 7.200000000000000 2.200000000000000
369 7.200000000000000 7.300000000000000
370 7.200000000000000 3.400000000000000
371 7.200000000000000 1.800000000000000
372 7.200000000000000 3.300000000000000
373 7.300000000000000 7.200000000000000
374 7.300000000000000 1.800000000000000
375 7.300000000000000 2.500000000000000
376 7.300000000000000 2.300000000000000
377 7.300000000000000 1.300000000000000
378 7.400000000000000 7.000000000000000
379 7.400000000000000 1.300000000000000
380 7.400000000000000 4.700000000000000
381 7.400000000000000 2.900000000000000
382 7.400000000000000 2.100000000000000
383 7.400000000000000 5.900000000000000
384 7.400000000000000 4.800000000000000
385 7.400000000000000 4.100000000000000
386 7.400000000000000 1.200000000000000
387 7.400000000000000 2.700000000000000
388 7.400000000000000 2.400000000000000
389 7.400000000000000 1.800000000000000
390 7.400000000000000 4.900000000000000
391 7.500000000000000 2.900000000000000
392 7.500000000000000 2.500000000000000
393 7.500000000000000 5.200000000000000
394 7.500000000000000 7.600000000000000
395 7.500000000000000 6.800000000000000
396 7.500000000000000 4.300000000000000
397 7.500000000000000 6.300000000000000
398 7.500000000000000 6.100000000000000
399 7.500000000000000 6.900000000000000
400 7.600000000000000 7.100000000000000
401 7.600000000000000 6.700000000000000
402 7.600000000000000 1.300000000000000
403 7.600000000000000 1.200000000000000
404 7.600000000000000 1.100000000000000
405 7.600000000000000 2.300000000000000
406 7.600000000000000 7.400000000000000
407 7.600000000000000 6.400000000000000
408 7.600000000000000 2.000000000000000
409 7.700000000000000 4.500000000000000
410 7.700000000000000 2.600000000000000
411 7.700000000000000 3.600000000000000
412 7.700000000000000 3.600000000000000
413 7.700000000000000 2.700000000000000
414 7.800000000000000 5.500000000000000
415 7.800000000000000 4.400000000000000
416 7.800000000000000 7.600000000000000
417 7.800000000000000 4.600000000000000
418 7.900000000000000 8.100000000000000
419 7.900000000000000 6.500000000000000
420 7.900000000000000 4.400000000000000
421 7.900000000000000 6.900000000000000
422 7.900000000000000 7.800000000000000
423 7.900000000000000 6.600000000000000
424 8.000000000000000 5.000000000000000
425 8.000000000000000 4.600000000000000
426 8.000000000000000 8.199999999999999
427 8.000000000000000 6.400000000000000
428 8.000000000000000 7.400000000000000
429 8.000000000000000 7.600000000000000
430 8.000000000000000 4.000000000000000
431 8.100000000000000 5.600000000000000
432 8.100000000000000 6.200000000000000
433 8.100000000000000 6.400000000000000
434 8.100000000000000 7.000000000000000
435 8.100000000000000 4.500000000000000
436 8.100000000000000 4.900000000000000
437 8.199999999999999 5.800000000000000
438 8.199999999999999 4.800000000000000
439 8.199999999999999 7.400000000000000
440 8.199999999999999 7.600000000000000
441 8.300000000000001 6.900000000000000
442 8.300000000000001 7.900000000000000
443 8.300000000000001 3.900000000000000
444 8.300000000000001 6.000000000000000
445 8.300000000000001 7.400000000000000
446 8.300000000000001 4.500000000000000
447 8.400000000000000 6.200000000000000
448 8.400000000000000 7.700000000000000
449 8.500000000000000 5.500000000000000
450 8.500000000000000 5.600000000000000
451 8.500000000000000 6.100000000000000
452 8.600000000000000 4.700000000000000
453 8.600000000000000 6.500000000000000
454 8.600000000000000 4.900000000000000
455 8.699999999999999 5.500000000000000
456 8.699999999999999 5.000000000000000
457 8.800000000000001 4.800000000000000
458 8.800000000000001 5.000000000000000
459 8.900000000000000 3.800000000000000
460 8.900000000000000 5.500000000000000
461 9.000000000000000 4.900000000000000
462 9.000000000000000 4.600000000000000
463 9.000000000000000 4.000000000000000
464 9.000000000000000 4.700000000000000
465 9.100000000000000 4.400000000000000
466 9.100000000000000 3.700000000000000
467 9.100000000000000 4.600000000000000
468 9.199999999999999 3.800000000000000
469 9.300000000000001 3.600000000000000
