343
0 7.380000000000000 3.520000000000000
1 1.880000000000000 8.520000000000000
2 4.509939134726107 6.129146241158085
3 4.361203618238878 6.264360347055566
4 4.168220388921625 6.439799646434886
5 6.825352112676057 4.024225352112676
6 6.107955542114018 4.676404052623621
7 5.521924931851540 5.209159152862236
8 4.156574084971166 6.450387195480758
9 6.266739726027397 4.532054794520548
10 6.720382608695652 4.119652173913043
11 4.040921258721344 6.555526128435142
12 6.906786915671035 3.950193713026331
13 3.692273603082851 6.872478542651953
14 3.253312095147074 7.271534458957206
15 3.190482952200115 7.328651861636258
16 1.995192761605036 8.415279307631785
17 5.806549914310197 4.950409168808912
18 9.039999999999999 5.340000000000000
19 1.520000000000000 6.650000000000000
20 4.234312178645149 6.177161043347720
21 3.633018028381194 6.281907763672957
22 3.935715175480524 6.229177276611771
23 5.817523677416869 5.901362231726583
24 3.630538705673611 6.282339666963773
25 3.159868455669561 6.364331425940542
26 7.097793913633815 5.678336432598365
27 2.858764903430173 6.416784305386499
28 7.222142555430116 5.656674634625871
29 2.879753984470782 6.413127962811606
30 2.626791029733526 6.457194647745888
31 8.161524538946740 5.493032294412203
32 7.413709325284646 5.623303295728340
33 2.851886576568100 6.417982524560610
34 4.029647474645342 6.212814070241303
35 6.155673594552617 5.842455796693627
36 1.650000000000000 2.040000000000000
37 0.210000000000000 0.320000000000000
38 1.303992682986716 1.626713482456356
39 1.488896184855789 1.847570443022193
40 9.920000000000000 1.690000000000000
41 9.040326475810227 5.338645867378032
42 1.640000000000000 9.390000000000001
43 9.490000000000000 5.230000000000000
44 5.744434430512017 7.214911180773250
45 5.289813684045718 7.455831219664945
46 9.059753160884437 5.458003420473981
47 6.762529041503845 6.675385883738090
48 7.526958172280508 6.270287134180012
49 6.454237147096886 6.838760951347384
50 7.352611465298564 6.362679783994647
51 4.997830905312131 7.610563494764528
52 4.864910203964493 7.681003000192065
53 4.399336073480685 7.927727634945268
54 3.575542463900609 8.364285777092162
55 6.529907134309743 6.798660677868977
56 1.590000000000000 4.360000000000000
57 7.760000000000000 8.600000000000000
58 3.926726389123521 5.965789285232371
59 5.093060013245708 6.767289214937083
60 3.946167684980159 5.979149268122508
61 3.621886901176040 5.756304774876241
62 4.700211029424545 6.497324921354954
63 4.938136377562452 6.660826295115850
64 3.406755643039792 5.608467411100278
65 5.443286946906906 7.007963801440079
66 7.336505579988309 8.308976281872031
67 2.050520041045436 4.676467580880494
68 5.527111198282626 7.065567500926797
69 2.257174795726458 4.818479924453838
70 4.129263215357771 6.104971804394967
71 8.539999999999999 0.770000000000000
72 7.670000000000000 4.330000000000000
73 8.463558779076683 1.082793961479315
74 7.891922517022775 3.421903263676920
75 8.393981368356750 1.367501527183870
76 8.203560477001703 2.146695059625214
77 7.784594905683372 3.861082914674936
78 8.219458815889165 2.081639787855829
79 8.479136928155949 1.019048891683699
80 8.318044115959596 1.678233272625097
81 0.770000000000000 4.280000000000000
82 1.808245653593589 8.245911325438575
83 0.951004229128120 4.971403541894801
84 1.125185038355567 5.636742849214058
85 1.273013243694552 6.201419957896308
86 1.280914816625917 6.231602542787286
87 1.826126166510453 8.314211663066954
88 1.625276863325319 7.547003513963381
89 1.432017356259891 6.808787018506249
90 1.056067214903316 5.372725217288343
91 8.940000000000000 0.570000000000000
92 0.290000000000000 9.880000000000001
93 5.810256773667545 3.938544443601752
94 5.296974752639944 4.490990179528568
95 3.797956635103609 6.104384245917387
96 6.035702314201243 3.695897278009991
97 5.184774559030531 4.611751312765983
98 6.577983101718608 3.112240152947948
99 6.154461224237172 3.568076994491552
100 3.649868097253663 6.263772024805594
101 8.364921448196800 1.188957377721132
102 6.218495384516418 3.499156990769035
103 4.303809501799471 5.559934513092130
104 3.526987433544632 6.396028554184910
105 7.349337032589340 2.282031471282455
106 3.443898232244986 6.485457509572160
107 6.910951134834551 2.753866466438188
108 8.766893472906396 0.756314655172421
109 7.150108009239803 2.496461784274847
110 2.508766646179061 7.491940176193403
111 3.293680126118592 6.647137344027271
112 7.913094644788188 1.675258827401382
113 2.816632021639466 7.160584494628505
114 3.039004696116799 6.921244656549433
115 5.529005632906046 4.241255208976266
116 3.580000000000000 1.670000000000000
117 5.910000000000000 4.040000000000000
118 5.250899598091876 3.369584569732938
119 5.575420912368710 3.699677065370748
120 5.715321134034932 3.841979007580596
121 4.766498050418066 2.876867115661294
122 4.264442249845976 2.366192331388396
123 5.361170710416186 3.481748748363245
124 4.707121253897220 2.816470974994167
125 5.146160855649083 3.263047737291128
126 2.350000000000000 0.190000000000000
127 5.680000000000000 5.050000000000000
128 4.240847757939212 2.949615646722094
129 5.389544432124188 4.626091873910977
130 3.159906145356790 1.372025185115314
131 4.865353241077932 3.861056081573198
132 4.269437766576193 2.991341605273361
133 3.827581889002170 2.346470865030193
134 3.344685272347323 1.641702829912310
135 4.928244081021859 3.952842712842713
136 4.330360929672702 3.080256491954755
137 2.379559562841530 0.233140983606557
138 5.434595392793857 4.691841924618061
139 2.652994825855278 0.632208664761758
140 8.010000000000000 9.920000000000000
141 3.760000000000000 6.070000000000000
142 3.807137179407563 6.112700738992734
143 4.182366206041770 6.452614092531958
144 4.333931972462759 6.589914845642735
145 6.228912552752966 8.306544312493864
146 5.042183404519403 7.231507319388164
147 5.800900507639110 7.918815753978960
148 5.164777962091752 7.342563565659588
149 3.978625796192491 6.268049250668492
150 9.960000000000001 0.950000000000000
151 4.890000000000000 7.010000000000000
152 7.242788656704878 4.197791073050975
153 6.801716363913325 4.724989908221942
154 8.592135743862954 2.584962010293985
155 7.632067714223025 3.732498945129875
156 6.674268735926448 4.877323759425192
157 5.277239506172839 6.547145679012345
158 6.590045173561578 4.977993342843557
159 9.202678013973539 1.855201427084882
160 5.160314753480551 6.686901892289518
161 7.005054280699474 4.481946954430216
162 9.344428129630490 1.685772294761189
163 6.063609901857243 5.607223667602586
164 1.500000000000000 1.810000000000000
165 9.100000000000000 4.970000000000000
166 5.878906250000000 3.630703125000000
167 8.971638795986623 4.916628762541806
168 5.969892983288523 3.668534450946281
169 7.975740367719538 4.502544679209703
170 6.727800131000279 3.983664264994853
171 4.315620834361887 2.980705504813626
172 6.928384624534811 4.067065185990790
173 2.663901785193962 2.293938110685911
174 5.405264317763105 3.433767795280449
175 4.414077770291455 3.021642862384342
176 8.561283380107090 4.746007300149790
177 6.266083521444695 3.791687358916478
178 5.175603755585680 3.338277351006678
179 0.860000000000000 5.510000000000000
180 0.775418582746967 6.158457532273257
181 0.773643373493976 6.172067469879519
182 0.423768985322272 8.854437779195916
183 7.730000000000000 4.790000000000000
184 2.415597609561752 4.417818725099602
185 7.124716088328077 4.747610410094637
186 6.385484064684940 4.695840089220606
187 7.053223315677393 4.742603587254280
188 4.374845228270148 4.555029877549864
189 2.419548561156458 4.418095420406723
190 2.099986630472769 4.395715676075455
191 5.488902344843974 4.633050164215458
192 5.687795355630517 4.646979153570215
193 0.390000000000000 1.620000000000000
194 0.740000000000000 0.140000000000000
195 6.770000000000000 3.210000000000000
196 6.697259311421704 3.172966183426971
197 5.695453655751744 2.662925824735963
198 5.195143899314486 2.408207590529929
199 3.694647719784983 1.644273383041443
200 5.980355828702190 2.807975521412226
201 5.250201014870019 2.436238327636975
202 1.759081528428882 0.658835869365948
203 4.716157617703788 2.164345586459474
204 1.350000000000000 2.610000000000000
205 1.164752979038010 3.706359919979125
206 7.570000000000000 3.400000000000000
207 6.797389313845366 3.216504962038274
208 2.220000000000000 6.160000000000000
209 2.230000000000000 4.460000000000000
210 6.190000000000000 3.560000000000000
211 6.098756875687569 3.580737073707371
212 5.051465620428250 3.818757813539035
213 2.422032630863358 4.416356220258328
214 5.338150963526039 3.753602053744082
215 5.080000000000000 4.890000000000000
216 3.050000000000000 6.840000000000000
217 4.416304783489145 5.527539739998112
218 3.513406358195742 6.394855961339065
219 3.421789080810233 6.482862705625639
220 3.266670854847437 6.631867898052954
221 9.480000000000000 8.039999999999999
222 8.230000000000000 0.360000000000000
223 8.489135346093409 1.952127566397898
224 8.961293486939661 4.853067183757272
225 8.862672326079092 4.247138771429946
226 8.499709819730738 2.017097132425649
227 8.355622258366603 1.131823155404406
228 8.444707624458127 1.679163644670732
229 8.990278353295402 5.031150202646944
230 5.410000000000000 4.050000000000000
231 8.339683992911992 2.053951565268753
232 6.803894497879204 3.100313638807576
233 8.885028883344777 1.682397903655208
234 7.075907315267897 2.914986224762532
235 5.444858362436942 4.026250346471534
236 8.400432163320616 4.380248044659822
237 8.704460767200569 4.636551228163270
238 9.199999999999999 4.150000000000000
239 6.544212272956236 4.914775548905153
240 7.057714127010513 4.766904671161729
241 2.360462953246779 6.119551499136673
242 3.144585030148057 5.893751302206649
243 2.704130762941066 6.020586986602932
244 4.751920398925802 5.430893982544290
245 5.868731964466786 5.109290652066155
246 0.330000000000000 6.120000000000000
247 8.090000000000000 6.790000000000000
248 7.891312850122006 6.772845310513111
249 7.420903924369814 6.732230106872136
250 2.727391623356773 6.326991287068175
251 2.745044813739012 6.328515467165611
252 6.136945957554148 6.621372911283670
253 6.111075432307413 6.619139244799738
254 2.821062111539992 6.335078816331417
255 3.835781585716698 6.422689904952344
256 6.471837775187969 6.650287539868033
257 9.970000000000001 9.640000000000001
258 7.270053796813572 5.915936271466997
259 7.308229147719235 5.968591927888600
260 7.184778909452241 5.798315737175505
261 5.965720204420704 4.116855454373384
262 6.710000000000000 4.310000000000000
263 6.767904082165550 3.248425160298257
264 0.020000000000000 3.970000000000000
265 7.034336721834832 2.354576997395615
266 6.538202751106162 2.468838154290702
267 6.225925009787522 2.540756664412571
268 4.549469612654855 2.926849422540094
269 1.790126778046846 3.562334438995272
270 0.923088386298412 3.762016008004002
271 4.976125222024868 2.828589342806394
272 6.550000000000000 6.850000000000000
273 2.893414693827615 6.420850920658225
274 2.682895711910241 6.396143708954096
275 5.869932759017082 6.770185034418403
276 5.907697641187361 6.774617247277616
277 2.851106894241454 6.415885535819335
278 3.745143880260723 6.520812706204232
279 7.884836891771781 9.242706083700522
280 7.282440528499237 5.982964472766032
281 7.730797929750907 8.409156539216603
282 7.240452402680232 5.755754533858354
283 6.775567733875328 3.240128624438271
284 7.490000000000000 0.880000000000000
285 6.992688492695383 2.489355294471884
286 7.245769457163012 1.670357173347472
287 7.357203935045686 1.309742821310488
288 8.960000000000001 0.580000000000000
289 7.120000000000000 2.260000000000000
290 7.761649152374344 1.674146426092991
291 7.450000000000000 2.510000000000000
292 0.140000000000000 2.180000000000000
293 6.301823267749694 2.458167124262298
294 5.284476836563027 2.412240404386566
295 1.295556258083058 2.232166014386787
296 1.374181268651006 2.235715433468513
297 4.804700447810002 2.390581552363516
298 1.730000000000000 8.430000000000000
299 2.789563891946820 7.153707130154967
300 3.021542246805264 6.874278657257295
301 8.109999999999999 9.369999999999999
302 1.070000000000000 5.390000000000000
303 2.739930885846963 6.334080245123708
304 4.682208265953566 7.432129104899885
305 5.332630952380955 7.799839657738096
306 4.892273398384982 7.550887517836964
307 2.842184508876670 6.391888401325162
308 3.513606694863924 6.771470830335002
309 7.027280849267145 1.668752325230713
310 6.353457216940361 1.663802938634399
311 4.514973195508881 1.650298858728817
312 0.290000000000000 9.000000000000000
313 2.138683753579251 6.988334051520816
314 2.797428065274567 6.271514044839766
315 5.270408367714371 3.580512808935496
316 4.432695852490768 7.571187669043171
317 6.030692843089550 6.680590027290614
318 3.478406162852204 8.103033568716876
319 1.015907753208197 9.475436201106442
320 6.402580823785614 6.473328961999164
321 8.600000000000000 8.630000000000001
322 1.240000000000000 6.760000000000000
323 4.757702525223912 7.653764092685967
324 3.160476056779689 7.247947041600274
325 3.090014438383511 7.230044429317550
326 7.930000000000000 0.560000000000000
327 2.172594667346669 4.590998075902968
328 4.914544822534792 2.671245138395019
329 2.200000000000000 0.230000000000000
330 5.630000000000000 0.290000000000000
331 8.869999999999999 4.510000000000000
332 3.690000000000000 8.470000000000001
333 6.379373255350259 6.414031256527601
334 4.180000000000000 9.990000000000000
335 1.120000000000000 1.760000000000000
336 1.339945747119658 2.351553430978689
337 3.135507867378477 7.180794035465643
338 0.790000000000000 9.720000000000001
339 5.624775296894506 4.485956472881473
340 1.720000000000000 0.660000000000000
341 4.070000000000000 0.590000000000000
342 4.100000000000000 0.590000000000000
596
1 16
16 15
15 14
14 13
13 11
11 8
8 4
4 3
3 2
2 7
7 17
17 6
6 9
9 10
10 5
5 12
12 0
19 30
30 33
33 27
27 29
29 25
25 24
24 21
21 22
22 34
34 20
20 2
2 23
23 35
35 26
26 28
28 32
32 31
31 18
37 38
38 39
39 36
18 41
41 40
42 54
54 53
53 52
52 51
51 45
45 44
44 49
49 55
55 47
47 50
50 48
48 46
46 43
56 67
67 69
69 64
64 61
61 58
58 60
60 70
70 20
20 3
3 62
62 63
63 59
59 65
65 68
68 44
44 66
66 57
72 77
77 74
74 76
76 78
78 80
80 75
75 73
73 79
79 71
81 83
83 90
90 84
84 85
85 86
86 89
89 88
88 82
82 87
87 1
92 82
82 110
110 113
113 114
114 111
111 106
106 104
104 21
21 100
100 95
95 58
58 103
103 97
97 94
94 115
115 93
93 96
96 99
99 102
102 98
98 107
107 109
109 105
105 112
112 101
101 73
73 108
108 91
116 122
122 124
124 121
121 125
125 118
118 123
123 119
119 120
120 93
93 117
126 137
137 139
139 130
130 134
134 133
133 128
128 132
132 136
136 131
131 135
135 94
94 129
129 138
138 127
141 95
95 142
142 22
22 149
149 4
4 143
143 144
144 146
146 148
148 45
45 147
147 145
145 140
151 59
59 160
160 157
157 23
23 163
163 158
158 156
156 153
153 161
161 152
152 155
155 74
74 154
154 159
159 162
162 150
164 173
173 128
128 171
171 175
175 178
178 118
118 174
174 166
166 168
168 96
96 177
177 170
170 5
5 172
172 152
152 169
169 176
176 167
167 165
92 182
182 181
181 180
180 179
56 190
190 184
184 189
189 188
188 97
97 129
129 191
191 192
192 6
6 186
186 153
153 187
187 185
185 183
37 193
194 202
202 130
130 199
199 203
203 198
198 201
201 197
197 200
200 98
98 196
196 195
179 83
83 205
205 204
195 207
207 206
179 84
84 208
209 184
184 213
213 131
131 212
212 214
214 119
119 166
166 211
211 99
99 210
216 220
220 219
219 218
218 24
24 100
100 142
142 60
60 217
217 215
222 227
227 101
101 75
75 228
228 223
223 226
226 154
154 225
225 224
224 167
167 229
229 41
41 46
46 221
230 235
235 120
120 168
168 211
211 102
102 196
196 232
232 234
234 76
76 231
231 223
223 233
233 150
0 155
155 77
77 236
236 237
237 224
224 165
208 241
241 243
243 242
242 61
61 103
103 217
217 244
244 7
7 245
245 239
239 156
156 240
240 185
185 169
169 236
236 225
225 238
246 180
180 85
85 250
250 251
251 254
254 25
25 218
218 104
104 255
255 8
8 143
143 62
62 157
157 253
253 252
252 256
256 47
47 249
249 248
248 247
117 261
261 9
9 186
186 239
239 158
158 26
26 260
260 258
258 259
259 48
48 248
248 257
262 10
10 170
170 263
263 195
264 270
270 205
205 269
269 132
132 171
171 268
268 121
121 271
271 197
197 267
267 266
266 265
265 105
105 78
78 231
231 226
226 159
159 40
246 181
181 86
86 274
274 277
277 27
27 273
273 219
219 106
106 278
278 11
11 144
144 63
63 160
160 275
275 276
276 49
49 272
195 283
283 12
12 172
172 161
161 187
187 240
240 28
28 282
282 258
258 280
280 50
50 249
249 281
281 279
279 140
195 232
232 107
107 285
285 265
265 286
286 287
287 284
289 290
290 227
227 79
79 108
108 288
292 295
295 296
296 173
173 133
133 122
122 297
297 198
198 294
294 293
293 266
266 285
285 109
109 291
298 87
87 110
110 299
299 300
300 216
302 241
241 250
250 303
303 307
307 29
29 273
273 220
220 111
111 308
308 13
13 304
304 306
306 51
51 305
305 145
145 279
279 301
193 38
38 134
134 199
199 311
311 310
310 309
309 286
286 290
290 112
112 80
80 228
228 233
233 162
162 40
312 182
182 88
88 313
313 30
30 274
274 303
303 251
251 314
314 242
242 64
64 188
188 135
135 212
212 315
315 123
123 174
174 200
200 267
267 293
293 309
309 287
287 222
92 319
319 318
318 316
316 304
304 146
146 65
65 275
275 317
317 252
252 320
320 280
280 259
259 31
31 229
229 165
322 89
89 313
313 299
299 113
113 325
325 324
324 14
14 316
316 323
323 52
52 305
305 147
147 66
66 281
281 321
179 90
90 67
67 327
327 189
189 213
213 136
136 175
175 268
268 124
124 328
328 201
201 294
294 310
310 326
329 137
137 330
332 53
53 323
323 306
306 148
148 68
68 276
276 317
317 253
253 333
333 260
260 282
282 32
32 176
176 237
237 331
335 295
295 336
336 269
269 190
190 327
327 69
69 243
243 314
314 254
254 307
307 277
277 33
33 300
300 114
114 337
337 324
324 15
15 318
318 54
54 334
81 270
270 336
336 296
296 39
39 164
338 319
319 16
16 325
325 337
337 308
308 278
278 255
255 149
149 34
34 70
70 244
244 138
138 191
191 339
339 261
261 177
177 263
263 283
283 207
207 234
234 291
340 202
202 139
139 341
342 311
311 203
203 297
297 328
328 271
271 125
125 178
178 315
315 214
214 235
235 115
115 339
339 192
192 17
17 245
245 163
163 35
35 333
333 320
320 256
256 55
55 272
616
0 0.300000000000000 0.600000000000000
1 0.300000000000000 5.900000000000000
2 0.300000000000000 3.300000000000000
3 0.300000000000000 4.500000000000000
4 0.300000000000000 3.900000000000000
5 0.300000000000000 0.800000000000000
6 0.300000000000000 9.699999999999999
7 0.400000000000000 1.500000000000000
8 0.400000000000000 1.800000000000000
9 0.400000000000000 2.700000000000000
10 0.400000000000000 5.900000000000000
11 0.400000000000000 8.199999999999999
12 0.400000000000000 4.700000000000000
13 0.500000000000000 0.700000000000000
14 0.500000000000000 5.000000000000000
15 0.500000000000000 4.200000000000000
16 0.500000000000000 5.600000000000000
17 0.500000000000000 3.900000000000000
18 0.500000000000000 4.600000000000000
19 0.500000000000000 2.400000000000000
20 0.600000000000000 9.000000000000000
21 0.600000000000000 5.800000000000000
22 0.600000000000000 2.600000000000000
23 0.600000000000000 0.900000000000000
24 0.600000000000000 2.000000000000000
25 0.700000000000000 5.800000000000000
26 0.700000000000000 4.700000000000000
27 0.700000000000000 8.400000000000000
28 0.700000000000000 4.100000000000000
29 0.700000000000000 4.500000000000000
30 0.700000000000000 6.700000000000000
31 0.700000000000000 3.500000000000000
32 0.700000000000000 8.400000000000000
33 0.700000000000000 6.400000000000000
34 0.700000000000000 2.400000000000000
35 0.800000000000000 4.700000000000000
36 0.800000000000000 7.700000000000000
37 0.800000000000000 3.000000000000000
38 0.800000000000000 4.400000000000000
39 0.800000000000000 4.900000000000000
40 0.800000000000000 1.400000000000000
41 0.800000000000000 3.600000000000000
42 0.800000000000000 1.600000000000000
43 0.800000000000000 2.600000000000000
44 0.900000000000000 4.200000000000000
45 0.900000000000000 9.199999999999999
46 0.900000000000000 7.400000000000000
47 0.900000000000000 6.800000000000000
48 0.900000000000000 8.900000000000000
49 0.900000000000000 4.300000000000000
50 0.900000000000000 4.200000000000000
51 0.900000000000000 4.400000000000000
52 0.900000000000000 6.600000000000000
53 1.000000000000000 6.700000000000000
54 1.000000000000000 3.500000000000000
55 1.000000000000000 3.200000000000000
56 1.000000000000000 7.300000000000000
57 1.000000000000000 9.300000000000001
58 1.000000000000000 6.100000000000000
59 1.000000000000000 4.400000000000000
60 1.000000000000000 1.500000000000000
61 1.000000000000000 3.300000000000000
62 1.100000000000000 8.100000000000000
63 1.100000000000000 2.500000000000000
64 1.100000000000000 3.800000000000000
65 1.100000000000000 2.800000000000000
66 1.100000000000000 2.900000000000000
67 1.100000000000000 4.500000000000000
68 1.100000000000000 6.200000000000000
69 1.100000000000000 8.699999999999999
70 1.100000000000000 2.900000000000000
71 1.100000000000000 4.400000000000000
72 1.200000000000000 4.500000000000000
73 1.200000000000000 8.800000000000001
74 1.200000000000000 4.700000000000000
75 1.200000000000000 7.800000000000000
76 1.200000000000000 2.200000000000000
77 1.200000000000000 2.500000000000000
78 1.200000000000000 6.600000000000000
79 1.200000000000000 9.000000000000000
80 1.300000000000000 3.500000000000000
81 1.300000000000000 2.700000000000000
82 1.300000000000000 2.500000000000000
83 1.300000000000000 4.100000000000000
84 1.300000000000000 4.300000000000000
85 1.300000000000000 4.900000000000000
86 1.300000000000000 1.900000000000000
87 1.300000000000000 3.500000000000000
88 1.300000000000000 2.800000000000000
89 1.400000000000000 2.000000000000000
90 1.400000000000000 7.900000000000000
91 1.400000000000000 7.000000000000000
92 1.500000000000000 5.700000000000000
93 1.500000000000000 8.300000000000001
94 1.500000000000000 3.000000000000000
95 1.500000000000000 5.700000000000000
96 1.500000000000000 1.900000000000000
97 1.600000000000000 7.200000000000000
98 1.600000000000000 8.900000000000000
99 1.600000000000000 6.300000000000000
100 1.600000000000000 3.500000000000000
101 1.600000000000000 3.700000000000000
102 1.600000000000000 6.500000000000000
103 1.600000000000000 5.100000000000000
104 1.700000000000000 4.000000000000000
105 1.700000000000000 7.000000000000000
106 1.700000000000000 2.300000000000000
107 1.700000000000000 5.300000000000000
108 1.700000000000000 7.600000000000000
109 1.700000000000000 5.300000000000000
110 1.700000000000000 8.300000000000001
111 1.800000000000000 7.000000000000000
112 1.800000000000000 8.900000000000000
113 1.800000000000000 1.900000000000000
114 1.800000000000000 5.000000000000000
115 1.800000000000000 7.200000000000000
116 1.800000000000000 8.400000000000000
117 1.800000000000000 8.900000000000000
118 1.900000000000000 0.900000000000000
119 1.900000000000000 1.100000000000000
120 1.900000000000000 7.400000000000000
121 1.900000000000000 1.500000000000000
122 1.900000000000000 7.300000000000000
123 1.900000000000000 3.200000000000000
124 1.900000000000000 3.600000000000000
125 1.900000000000000 0.800000000000000
126 2.000000000000000 6.900000000000000
127 2.000000000000000 0.800000000000000
128 2.000000000000000 4.000000000000000
129 2.000000000000000 3.900000000000000
130 2.000000000000000 7.400000000000000
131 2.100000000000000 3.700000000000000
132 2.100000000000000 4.800000000000000
133 2.100000000000000 4.100000000000000
134 2.100000000000000 1.600000000000000
135 2.100000000000000 4.600000000000000
136 2.100000000000000 3.700000000000000
137 2.200000000000000 8.300000000000001
138 2.200000000000000 7.000000000000000
139 2.200000000000000 4.700000000000000
140 2.200000000000000 1.300000000000000
141 2.200000000000000 2.400000000000000
142 2.200000000000000 1.000000000000000
143 2.200000000000000 8.000000000000000
144 2.200000000000000 2.400000000000000
145 2.200000000000000 5.400000000000000
146 2.300000000000000 1.900000000000000
147 2.300000000000000 7.000000000000000
148 2.300000000000000 3.300000000000000
149 2.300000000000000 2.500000000000000
150 2.300000000000000 7.500000000000000
151 2.300000000000000 5.900000000000000
152 2.300000000000000 7.200000000000000
153 2.400000000000000 4.100000000000000
154 2.400000000000000 1.800000000000000
155 2.400000000000000 3.200000000000000
156 2.400000000000000 7.900000000000000
157 2.400000000000000 6.900000000000000
158 2.400000000000000 3.800000000000000
159 2.400000000000000 2.400000000000000
160 2.400000000000000 7.000000000000000
161 2.500000000000000 4.600000000000000
162 2.500000000000000 6.800000000000000
163 2.500000000000000 8.400000000000000
164 2.500000000000000 7.000000000000000
165 2.500000000000000 3.600000000000000
166 2.500000000000000 1.700000000000000
167 2.600000000000000 8.300000000000001
168 2.600000000000000 8.199999999999999
169 2.600000000000000 1.600000000000000
170 2.600000000000000 5.800000000000000
171 2.600000000000000 3.900000000000000
172 2.600000000000000 2.800000000000000
173 2.600000000000000 5.600000000000000
174 2.700000000000000 3.600000000000000
175 2.700000000000000 3.300000000000000
176 2.700000000000000 8.199999999999999
177 2.700000000000000 2.800000000000000
178 2.700000000000000 5.900000000000000
179 2.700000000000000 7.700000000000000
180 2.700000000000000 4.300000000000000
181 2.700000000000000 3.400000000000000
182 2.700000000000000 6.000000000000000
183 2.800000000000000 6.000000000000000
184 2.800000000000000 6.000000000000000
185 2.800000000000000 4.800000000000000
186 2.800000000000000 1.800000000000000
187 2.800000000000000 4.900000000000000
188 2.800000000000000 4.100000000000000
189 2.800000000000000 7.200000000000000
190 2.900000000000000 2.400000000000000
191 2.900000000000000 5.500000000000000
192 2.900000000000000 2.900000000000000
193 2.900000000000000 4.000000000000000
194 2.900000000000000 1.400000000000000
195 2.900000000000000 5.300000000000000
196 2.900000000000000 1.300000000000000
197 2.900000000000000 1.100000000000000
198 3.000000000000000 5.200000000000000
199 3.000000000000000 8.100000000000000
200 3.000000000000000 6.100000000000000
201 3.100000000000000 5.200000000000000
202 3.100000000000000 2.700000000000000
203 3.100000000000000 1.400000000000000
204 3.100000000000000 4.600000000000000
205 3.100000000000000 2.300000000000000
206 3.200000000000000 6.900000000000000
207 3.200000000000000 2.600000000000000
208 3.200000000000000 7.100000000000000
209 3.200000000000000 6.800000000000000
210 3.200000000000000 2.600000000000000
211 3.200000000000000 8.199999999999999
212 3.200000000000000 5.800000000000000
213 3.200000000000000 4.100000000000000
214 3.200000000000000 4.700000000000000
215 3.200000000000000 3.800000000000000
216 3.300000000000000 7.600000000000000
217 3.300000000000000 7.500000000000000
218 3.300000000000000 2.200000000000000
219 3.300000000000000 2.600000000000000
220 3.300000000000000 3.700000000000000
221 3.300000000000000 2.300000000000000
222 3.300000000000000 1.900000000000000
223 3.400000000000000 7.300000000000000
224 3.400000000000000 1.900000000000000
225 3.400000000000000 5.200000000000000
226 3.400000000000000 3.800000000000000
227 3.400000000000000 3.400000000000000
228 3.400000000000000 5.700000000000000
229 3.400000000000000 6.400000000000000
230 3.400000000000000 1.700000000000000
231 3.500000000000000 7.100000000000000
232 3.500000000000000 4.500000000000000
233 3.500000000000000 8.000000000000000
234 3.500000000000000 6.000000000000000
235 3.500000000000000 1.700000000000000
236 3.600000000000000 2.600000000000000
237 3.600000000000000 7.000000000000000
238 3.600000000000000 5.000000000000000
239 3.600000000000000 7.700000000000000
240 3.600000000000000 1.800000000000000
241 3.700000000000000 5.100000000000000
242 3.700000000000000 3.000000000000000
243 3.700000000000000 1.800000000000000
244 3.700000000000000 7.000000000000000
245 3.800000000000000 4.100000000000000
246 3.800000000000000 4.300000000000000
247 3.800000000000000 1.700000000000000
248 3.800000000000000 1.700000000000000
249 3.800000000000000 8.199999999999999
250 3.900000000000000 4.200000000000000
251 3.900000000000000 3.800000000000000
252 3.900000000000000 2.600000000000000
253 3.900000000000000 5.000000000000000
254 3.900000000000000 5.600000000000000
255 3.900000000000000 2.200000000000000
256 4.000000000000000 2.200000000000000
257 4.000000000000000 7.300000000000000
258 4.000000000000000 4.100000000000000
259 4.000000000000000 2.900000000000000
260 4.000000000000000 1.800000000000000
261 4.000000000000000 4.800000000000000
262 4.000000000000000 2.300000000000000
263 4.000000000000000 2.900000000000000
264 4.000000000000000 4.900000000000000
265 4.100000000000000 4.100000000000000
266 4.100000000000000 5.900000000000000
267 4.100000000000000 2.600000000000000
268 4.100000000000000 6.800000000000000
269 4.100000000000000 1.900000000000000
270 4.100000000000000 2.200000000000000
271 4.200000000000000 2.600000000000000
272 4.200000000000000 3.100000000000000
273 4.200000000000000 3.400000000000000
274 4.200000000000000 2.400000000000000
275 4.300000000000000 2.400000000000000
276 4.300000000000000 5.500000000000000
277 4.300000000000000 4.200000000000000
278 4.300000000000000 5.000000000000000
279 4.300000000000000 6.800000000000000
280 4.300000000000000 6.800000000000000
281 4.300000000000000 1.700000000000000
282 4.300000000000000 2.400000000000000
283 4.300000000000000 6.100000000000000
284 4.300000000000000 6.100000000000000
285 4.400000000000000 4.800000000000000
286 4.400000000000000 2.200000000000000
287 4.400000000000000 2.400000000000000
288 4.400000000000000 5.200000000000000
289 4.400000000000000 4.100000000000000
290 4.400000000000000 6.100000000000000
291 4.400000000000000 5.700000000000000
292 4.400000000000000 1.900000000000000
293 4.500000000000000 6.500000000000000
294 4.500000000000000 5.200000000000000
295 4.500000000000000 3.200000000000000
296 4.500000000000000 2.100000000000000
297 4.500000000000000 6.200000000000000
298 4.500000000000000 6.800000000000000
299 4.500000000000000 4.200000000000000
300 4.500000000000000 5.200000000000000
301 4.600000000000000 7.000000000000000
302 4.600000000000000 3.600000000000000
303 4.600000000000000 2.500000000000000
304 4.600000000000000 4.800000000000000
305 4.700000000000000 5.200000000000000
306 4.700000000000000 7.200000000000000
307 4.700000000000000 1.800000000000000
308 4.700000000000000 7.100000000000000
309 4.700000000000000 3.600000000000000
310 4.700000000000000 7.000000000000000
311 4.700000000000000 7.600000000000000
312 4.700000000000000 4.000000000000000
313 4.700000000000000 1.800000000000000
314 4.700000000000000 7.200000000000000
315 4.800000000000000 6.500000000000000
316 4.800000000000000 7.100000000000000
317 4.800000000000000 2.200000000000000
318 4.800000000000000 4.100000000000000
319 4.800000000000000 6.100000000000000
320 4.900000000000000 1.900000000000000
321 4.900000000000000 7.000000000000000
322 4.900000000000000 5.100000000000000
323 4.900000000000000 6.200000000000000
324 4.900000000000000 5.800000000000000
325 4.900000000000000 1.800000000000000
326 4.900000000000000 4.600000000000000
327 5.000000000000000 3.500000000000000
328 5.000000000000000 6.500000000000000
329 5.000000000000000 6.300000000000000
330 5.000000000000000 7.200000000000000
331 5.000000000000000 4.000000000000000
332 5.000000000000000 2.200000000000000
333 5.100000000000000 1.700000000000000
334 5.100000000000000 2.100000000000000
335 5.100000000000000 3.200000000000000
336 5.100000000000000 1.900000000000000
337 5.100000000000000 4.300000000000000
338 5.100000000000000 2.200000000000000
339 5.100000000000000 3.300000000000000
340 5.200000000000000 2.700000000000000
341 5.200000000000000 3.600000000000000
342 5.200000000000000 6.800000000000000
343 5.200000000000000 2.800000000000000
344 5.200000000000000 7.500000000000000
345 5.200000000000000 1.900000000000000
346 5.300000000000000 2.700000000000000
347 5.300000000000000 4.300000000000000
348 5.300000000000000 5.900000000000000
349 5.300000000000000 7.600000000000000
350 5.300000000000000 6.800000000000000
351 5.300000000000000 2.600000000000000
352 5.300000000000000 7.500000000000000
353 5.300000000000000 3.500000000000000
354 5.300000000000000 2.900000000000000
355 5.300000000000000 6.100000000000000
356 5.400000000000000 7.000000000000000
357 5.400000000000000 4.300000000000000
358 5.400000000000000 3.200000000000000
359 5.400000000000000 2.400000000000000
360 5.500000000000000 7.400000000000000
361 5.500000000000000 1.700000000000000
362 5.500000000000000 5.400000000000000
363 5.500000000000000 2.200000000000000
364 5.500000000000000 4.000000000000000
365 5.600000000000000 1.900000000000000
366 5.600000000000000 2.200000000000000
367 5.600000000000000 7.400000000000000
368 5.600000000000000 4.600000000000000
369 5.600000000000000 5.200000000000000
370 5.700000000000000 2.700000000000000
371 5.700000000000000 7.600000000000000
372 5.700000000000000 2.000000000000000
373 5.700000000000000 5.400000000000000
374 5.700000000000000 2.100000000000000
375 5.700000000000000 8.000000000000000
376 5.700000000000000 7.800000000000000
377 5.700000000000000 2.600000000000000
378 5.700000000000000 3.000000000000000
379 5.700000000000000 2.100000000000000
380 5.700000000000000 5.100000000000000
381 5.700000000000000 2.600000000000000
382 5.700000000000000 4.100000000000000
383 5.800000000000000 4.800000000000000
384 5.800000000000000 4.000000000000000
385 5.800000000000000 7.200000000000000
386 5.800000000000000 7.500000000000000
387 5.800000000000000 2.900000000000000
388 5.800000000000000 3.300000000000000
389 5.800000000000000 4.600000000000000
390 5.900000000000000 4.800000000000000
391 5.900000000000000 6.100000000000000
392 5.900000000000000 6.300000000000000
393 5.900000000000000 3.400000000000000
394 5.900000000000000 4.800000000000000
395 5.900000000000000 8.000000000000000
396 5.900000000000000 5.600000000000000
397 5.900000000000000 5.800000000000000
398 6.000000000000000 2.500000000000000
399 6.000000000000000 5.300000000000000
400 6.000000000000000 7.200000000000000
401 6.000000000000000 4.200000000000000
402 6.100000000000000 8.100000000000000
403 6.100000000000000 3.200000000000000
404 6.200000000000000 4.100000000000000
405 6.200000000000000 3.100000000000000
406 6.200000000000000 6.600000000000000
407 6.200000000000000 3.800000000000000
408 6.200000000000000 5.900000000000000
409 6.200000000000000 4.400000000000000
410 6.200000000000000 7.700000000000000
411 6.200000000000000 6.500000000000000
412 6.300000000000000 3.600000000000000
413 6.300000000000000 3.800000000000000
414 6.300000000000000 4.000000000000000
415 6.400000000000000 1.900000000000000
416 6.400000000000000 2.800000000000000
417 6.400000000000000 5.000000000000000
418 6.400000000000000 7.900000000000000
419 6.400000000000000 8.000000000000000
420 6.500000000000000 7.900000000000000
421 6.500000000000000 2.000000000000000
422 6.500000000000000 2.300000000000000
423 6.500000000000000 6.200000000000000
424 6.500000000000000 4.200000000000000
425 6.500000000000000 7.700000000000000
426 6.500000000000000 5.400000000000000
427 6.500000000000000 5.900000000000000
428 6.500000000000000 4.700000000000000
429 6.500000000000000 2.600000000000000
430 6.500000000000000 7.800000000000000
431 6.600000000000000 7.600000000000000
432 6.600000000000000 2.300000000000000
433 6.600000000000000 2.800000000000000
434 6.600000000000000 7.000000000000000
435 6.600000000000000 8.199999999999999
436 6.600000000000000 2.200000000000000
437 6.600000000000000 2.000000000000000
438 6.600000000000000 8.199999999999999
439 6.600000000000000 6.200000000000000
440 6.600000000000000 7.200000000000000
441 6.700000000000000 6.300000000000000
442 6.700000000000000 8.500000000000000
443 6.700000000000000 5.800000000000000
444 6.700000000000000 6.400000000000000
445 6.700000000000000 1.800000000000000
446 6.800000000000000 8.400000000000000
447 6.800000000000000 7.300000000000000
448 6.800000000000000 4.800000000000000
449 6.800000000000000 7.300000000000000
450 6.800000000000000 1.900000000000000
451 6.800000000000000 3.800000000000000
452 6.800000000000000 8.199999999999999
453 6.800000000000000 3.100000000000000
454 6.800000000000000 6.800000000000000
455 6.800000000000000 5.900000000000000
456 6.900000000000000 4.800000000000000
457 6.900000000000000 8.500000000000000
458 6.900000000000000 4.300000000000000
459 6.900000000000000 6.700000000000000
460 6.900000000000000 5.300000000000000
461 6.900000000000000 4.700000000000000
462 6.900000000000000 5.400000000000000
463 7.000000000000000 2.000000000000000
464 7.000000000000000 4.500000000000000
465 7.000000000000000 4.000000000000000
466 7.000000000000000 6.500000000000000
467 7.000000000000000 2.700000000000000
468 7.000000000000000 8.400000000000000
469 7.100000000000000 5.200000000000000
470 7.100000000000000 6.800000000000000
471 7.100000000000000 1.900000000000000
472 7.100000000000000 8.400000000000000
473 7.100000000000000 2.200000000000000
474 7.200000000000000 6.100000000000000
475 7.200000000000000 3.500000000000000
476 7.200000000000000 7.800000000000000
477 7.200000000000000 2.100000000000000
478 7.200000000000000 5.100000000000000
479 7.200000000000000 8.500000000000000
480 7.300000000000000 8.900000000000000
481 7.300000000000000 4.300000000000000
482 7.300000000000000 1.900000000000000
483 7.300000000000000 8.800000000000001
484 7.300000000000000 2.500000000000000
485 7.300000000000000 3.700000000000000
486 7.300000000000000 6.400000000000000
487 7.300000000000000 7.200000000000000
488 7.300000000000000 1.800000000000000
489 7.400000000000000 6.300000000000000
490 7.400000000000000 3.100000000000000
491 7.400000000000000 5.600000000000000
492 7.400000000000000 5.600000000000000
493 7.400000000000000 2.300000000000000
494 7.400000000000000 8.500000000000000
495 7.400000000000000 8.600000000000000
496 7.400000000000000 1.300000000000000
497 7.500000000000000 6.500000000000000
498 7.500000000000000 1.500000000000000
499 7.500000000000000 4.200000000000000
500 7.500000000000000 7.200000000000000
501 7.500000000000000 5.600000000000000
502 7.500000000000000 8.100000000000000
503 7.500000000000000 9.300000000000001
504 7.500000000000000 5.300000000000000
505 7.600000000000000 6.800000000000000
506 7.600000000000000 8.800000000000001
507 7.600000000000000 3.300000000000000
508 7.600000000000000 6.500000000000000
509 7.600000000000000 4.600000000000000
510 7.600000000000000 2.100000000000000
511 7.600000000000000 2.200000000000000
512 7.600000000000000 3.300000000000000
513 7.600000000000000 4.300000000000000
514 7.600000000000000 6.400000000000000
515 7.700000000000000 6.100000000000000
516 7.700000000000000 8.300000000000001
517 7.700000000000000 8.800000000000001
518 7.700000000000000 4.400000000000000
519 7.700000000000000 3.700000000000000
520 7.700000000000000 3.500000000000000
521 7.700000000000000 7.700000000000000
522 7.700000000000000 5.800000000000000
523 7.800000000000000 9.300000000000001
524 7.800000000000000 2.700000000000000
525 7.800000000000000 2.700000000000000
526 7.800000000000000 4.100000000000000
527 7.800000000000000 5.100000000000000
528 7.900000000000000 9.500000000000000
529 7.900000000000000 1.700000000000000
530 7.900000000000000 4.600000000000000
531 7.900000000000000 2.300000000000000
532 8.000000000000000 0.900000000000000
533 8.000000000000000 4.400000000000000
534 8.000000000000000 9.600000000000000
535 8.000000000000000 5.600000000000000
536 8.000000000000000 8.699999999999999
537 8.000000000000000 6.000000000000000
538 8.000000000000000 4.700000000000000
539 8.000000000000000 1.100000000000000
540 8.000000000000000 1.500000000000000
541 8.000000000000000 3.800000000000000
542 8.000000000000000 1.100000000000000
543 8.000000000000000 2.200000000000000
544 8.000000000000000 6.100000000000000
545 8.000000000000000 4.900000000000000
546 8.100000000000000 3.200000000000000
547 8.100000000000000 3.900000000000000
548 8.100000000000000 2.100000000000000
549 8.100000000000000 2.000000000000000
550 8.199999999999999 1.200000000000000
551 8.199999999999999 3.000000000000000
552 8.199999999999999 2.900000000000000
553 8.199999999999999 3.800000000000000
554 8.199999999999999 3.200000000000000
555 8.199999999999999 4.800000000000000
556 8.199999999999999 4.800000000000000
557 8.300000000000001 3.100000000000000
558 8.300000000000001 5.700000000000000
559 8.300000000000001 4.000000000000000
560 8.300000000000001 0.800000000000000
561 8.300000000000001 2.200000000000000
562 8.300000000000001 5.400000000000000
563 8.300000000000001 0.800000000000000
564 8.400000000000000 1.400000000000000
565 8.400000000000000 5.200000000000000
566 8.400000000000000 4.200000000000000
567 8.400000000000000 4.900000000000000
568 8.400000000000000 1.300000000000000
569 8.400000000000000 4.400000000000000
570 8.500000000000000 1.500000000000000
571 8.500000000000000 4.300000000000000
572 8.500000000000000 3.400000000000000
573 8.500000000000000 4.000000000000000
574 8.500000000000000 3.100000000000000
575 8.500000000000000 1.200000000000000
576 8.600000000000000 4.000000000000000
577 8.600000000000000 2.900000000000000
578 8.600000000000000 1.800000000000000
579 8.600000000000000 1.200000000000000
580 8.600000000000000 3.100000000000000
581 8.699999999999999 2.400000000000000
582 8.699999999999999 1.000000000000000
583 8.699999999999999 5.100000000000000
584 8.800000000000001 4.200000000000000
585 8.800000000000001 5.400000000000000
586 8.800000000000001 1.900000000000000
587 8.900000000000000 2.000000000000000
588 8.900000000000000 5.300000000000000
589 8.900000000000000 3.500000000000000
590 9.000000000000000 3.400000000000000
591 9.000000000000000 2.200000000000000
592 9.000000000000000 2.500000000000000
593 9.100000000000000 2.600000000000000
594 9.100000000000000 4.100000000000000
595 9.199999999999999 2.100000000000000
596 9.199999999999999 3.200000000000000
597 9.199999999999999 2.300000000000000
598 9.300000000000001 1.900000000000000
599 9.300000000000001 3.100000000000000
600 9.300000000000001 3.000000000000000
601 9.300000000000001 3.100000000000000
602 9.300000000000001 4.100000000000000
603 9.300000000000001 1.400000000000000
604 9.400000000000000 2.400000000000000
605 9.400000000000000 2.300000000000000
606 9.400000000000000 1.500000000000000
607 9.500000000000000 1.700000000000000
608 9.500000000000000 1.700000000000000
609 9.500000000000000 3.200000000000000
610 9.500000000000000 2.000000000000000
611 9.500000000000000 1.500000000000000
612 9.600000000000000 1.900000000000000
613 9.699999999999999 2.600000000000000
614 9.800000000000001 1.300000000000000
615 9.800000000000001 2.100000000000000
