362
0 4.950000000000000 8.010000000000000
1 8.270000000000000 6.910000000000000
2 7.912450533271087 7.028465184759579
3 6.384182476705557 7.534819058922857
4 7.296578989135297 7.232519009623847
5 6.379934362752042 7.536226566558058
6 5.111379102999434 7.956531020090549
7 7.240626872295573 7.251057361588816
8 7.878544131677842 7.039699233480233
9 5.758038989081840 7.742276238557221
10 1.090000000000000 6.320000000000000
11 3.850000000000000 5.460000000000000
12 2.694760365757527 5.819965972988597
13 2.914085844963059 5.751625425120206
14 1.412684567158508 6.219453359508581
15 1.142719325783004 6.303572963705296
16 1.813043219076006 6.094703924490810
17 1.984367862638698 6.041320158743015
18 1.662487676826600 6.141616158669972
19 1.142678050237860 6.303585824925885
20 1.130499342969776 6.307380639509418
21 2.924899509535868 5.748255949927230
22 7.560000000000000 6.320000000000000
23 5.520723546660280 5.847283625371386
24 5.299562136529683 5.796017099033835
25 7.310457859564970 6.262154652082446
26 6.588614583982064 6.094827100330074
27 5.888675918406729 5.932577167070024
28 4.467671657877516 5.603179953038993
29 6.584078729693814 6.093775662408809
30 4.308099824993920 5.566190255928510
31 3.891718917546137 5.469670692477002
32 5.647717794085591 5.876721644990191
33 5.912633912079793 5.938130772072405
34 5.949405044316048 5.946654538574609
35 7.240769898187439 6.246000569391159
36 6.086701004378058 5.978480556270925
37 1.160000000000000 8.039999999999999
38 6.020000000000000 1.010000000000000
39 2.818253396083137 5.641333050521716
40 2.072425056432787 6.720175278452160
41 4.071910504067454 3.827915464281027
42 3.889786243230298 4.091358582323251
43 2.278927074601844 6.421469684269349
44 4.443015065359639 3.291111952782249
45 3.658241000765892 4.426289251978554
46 3.223803002427633 5.054704710480193
47 1.582903965550041 7.428268543659097
48 2.477875656233631 6.133690151579747
49 3.837766298652018 4.166605539192656
50 2.222400700125733 6.503235201258455
51 3.540847553127147 4.596099115538302
52 3.707354841663138 4.355245980063403
53 3.952667544038640 4.000400651318592
54 4.638804914936292 3.007901532509849
55 2.072363604010038 6.720264169508114
56 2.053835804922794 6.747064669010855
57 2.940092030710857 5.465093214835941
58 1.870000000000000 4.550000000000000
59 5.250000000000000 8.440000000000000
60 3.908404378962607 6.895974270462881
61 3.424865913283810 6.339475858779295
62 2.334749129422431 5.084873998063093
63 2.379293495755892 5.136139555766396
64 3.239625988459073 6.126285531096388
65 3.096765416472778 5.961869073987901
66 2.371285211834211 5.126922921312154
67 4.769828561215371 7.887376657730115
68 3.378706119141596 6.286351125284263
69 4.829416031734759 7.955955137114856
70 4.996623512215495 8.148392148674045
71 2.924100346405998 5.763150990390335
72 1.990000000000000 2.060000000000000
73 1.936698332163869 3.166009607599720
74 1.385885468770551 6.412536020183259
75 1.463980528070268 5.849875231493730
76 1.551971379972034 5.215917045502697
77 1.325298280611760 6.849055761375508
78 1.423165171214063 6.143942501373376
79 1.856910186796914 3.018888051752358
80 1.510071520125327 5.517797963434390
81 1.385878463476070 6.412586492063973
82 1.383742904093218 6.427972811472960
83 7.890000000000000 5.050000000000000
84 7.180000000000000 2.010000000000000
85 7.360237594317984 2.781721530600946
86 7.788301067362156 4.614556682790078
87 7.721708871600241 4.329429534739063
88 7.657398155939919 4.054070977545572
89 7.775531705053083 4.559882230086442
90 7.502592545018103 3.391241319514134
91 7.784730096650300 4.599266892699878
92 7.807127035182544 4.695163643598502
93 7.226737646523452 2.210116120325765
94 4.750000000000000 7.920000000000000
95 0.800000000000000 6.150000000000000
96 3.319518673495793 7.278999506857609
97 3.032809140610603 7.150524602248296
98 3.823571874783092 7.504866384396474
99 1.783162518301610 6.590556368960469
100 1.956162201571192 6.668077746020510
101 2.853963436144483 7.070383615690059
102 8.119999999999999 6.150000000000000
103 7.260000000000000 9.789999999999999
104 7.495746859383534 8.792187711446436
105 7.491001083088348 8.812274485533038
106 7.475528065656262 8.877764931408377
107 7.742606118795298 7.747341543703618
108 7.902695271668216 7.069754896660106
109 7.300000000000000 4.690000000000000
110 2.580000000000000 7.760000000000000
111 5.386142718616957 5.934818189374140
112 2.810738810650551 7.609922002394663
113 3.413962559860688 7.217570962124510
114 7.249218626995821 4.723029409983650
115 6.957762584225129 4.912599336107808
116 6.739190954440569 5.054763510565138
117 5.119869578319303 6.108008558169436
118 4.603126797474601 6.444110324523935
119 5.569617587668988 5.815481780901738
120 5.701689197823769 5.729579271754456
121 6.329559686888453 5.321197407045010
122 6.439951290719991 5.249396088451193
123 4.134572337398698 6.748869263598728
124 3.319308819360864 7.279136000966556
125 6.631637250915007 5.124718991459943
126 3.256700994000178 7.319857616190562
127 2.825531834915034 7.600300268392129
128 6.152007101879124 5.436681821447265
129 6.980000000000000 8.490000000000000
130 1.890000000000000 0.330000000000000
131 3.407455192959238 2.762698305412060
132 4.524832575881560 4.554014502788513
133 3.267589122682320 2.538472935380693
134 4.745613917753476 4.907958657930915
135 6.380899990956300 7.529556763497722
136 5.562622019035258 6.217739818335501
137 5.013824023159311 5.337937923178777
138 5.491918566100290 6.104392043099876
139 3.317538441228174 2.618548856664420
140 4.760472330404855 4.931778824381849
141 4.328181939436090 4.238755329233495
142 5.064781612342565 5.419630246898886
143 3.118074950905521 2.298780274929086
144 4.544458395083479 4.585477505674104
145 5.675069929855605 6.398009946487569
146 5.205827959337432 5.645747769782602
147 3.110615712173403 2.286822045448914
148 4.160000000000000 4.030000000000000
149 2.904219263320498 4.315155451123729
150 2.590639943409573 4.386361235557652
151 3.817960341255816 4.107668394125317
152 3.487355443634804 4.182740248606944
153 4.015740158580460 4.062757693248106
154 3.002992985466290 4.292726483649576
155 2.540000000000000 8.170000000000000
156 3.105113769017319 7.000947851880203
157 3.529282068608239 6.123469919138681
158 3.825508849298038 5.510664899543753
159 3.434147145172117 6.320275753117224
160 3.032727963692438 7.150692533124803
161 3.008164547921726 7.201506927581774
162 2.826798047422539 7.576700222507572
163 9.060000000000000 8.510000000000000
164 2.020000000000000 9.779999999999999
165 7.499581255774531 8.791495995052037
166 7.273698525967015 8.832244726139473
167 2.583619390108792 9.678324342977533
168 7.525919972042635 8.786744550497991
169 2.715314334367607 9.654566874339935
170 5.000000000000000 8.330000000000000
171 0.680000000000000 5.300000000000000
172 1.933786991958864 6.179392265193370
173 1.876955680806883 6.139531415010383
174 2.314342066736159 6.446309366252445
175 1.194638804359232 5.660961939168628
176 3.824664595862798 7.505632806820435
177 4.200704845814978 7.769383259911894
178 2.866662184565784 6.833700560007946
179 9.090000000000000 4.940000000000000
180 7.430000000000000 8.960000000000001
181 8.621744366013390 6.073968463027817
182 7.876206920244837 7.879426614828770
183 8.106047938938113 7.322823665945053
184 1.560000000000000 1.820000000000000
185 3.220411285646513 2.667255679721681
186 7.331868372205181 4.765202976654460
187 7.156108285052682 4.675518129655634
188 6.819000375460268 4.503502561253818
189 7.263396394768348 4.730263879162996
190 6.776568544913780 4.481850932080808
191 3.357396225710828 2.737154788158922
192 6.069706698733025 4.121161554013851
193 7.009874418371942 4.600899584730075
194 6.824768136001129 4.506445668133278
195 5.160609223283238 3.657277692133469
196 7.450211904216768 4.825589960603501
197 3.093674057248780 2.602585656384449
198 6.296617966554384 4.236947240437703
199 2.530000000000000 4.260000000000000
200 2.631452882104488 4.274952943444505
201 7.328977659036241 4.967312005716162
202 6.063832531700919 4.780844720157411
203 6.763909423282977 4.884027694849543
204 7.040903558926840 4.924853323050784
205 6.138314813025413 4.791822519083969
206 3.938936450908437 4.467660409742102
207 5.207980691569229 4.654702378048450
208 3.852051210622839 4.454854562759709
209 3.830298533506859 4.451648477886271
210 4.510497237767641 4.551901645118738
211 6.609137601260126 4.861216176305130
212 6.063396582139238 4.780780466397387
213 7.139006886120288 4.939312582096087
214 3.001024090911973 4.329423326832175
215 6.228139888867975 4.805061662724944
216 1.450000000000000 7.500000000000000
217 4.040000000000000 0.430000000000000
218 2.313649792896155 5.142469484256442
219 1.524436688585399 7.296807958185803
220 1.948644765595759 6.138834558779142
221 3.279605629268517 2.505671120104859
222 2.308986880682323 5.155197974353658
223 2.848691096478671 3.681951331233897
224 3.056577685629130 3.114477128417779
225 3.578852095600970 1.688809144440595
226 1.783134209070230 6.590633645510994
227 1.774548374146929 6.614070654355681
228 3.067862280860293 3.083673233327308
229 7.380000000000000 1.400000000000000
230 7.333395624818837 4.658422564749612
231 7.374263110466137 1.801104193242595
232 7.333241793042459 4.669177969781348
233 7.339833639950023 4.208298006827549
234 7.312967478320570 6.086690474086799
235 7.334467069949731 4.583510692681265
236 7.295537379305616 7.305344896882376
237 7.347879092783505 3.645786762886598
238 7.309466147878489 6.331491827495640
239 7.335917421348555 4.482106957380145
240 7.330378350318154 4.869380340255729
241 7.372480841933177 1.925714468172065
242 9.080000000000000 4.490000000000000
243 6.788971191635897 4.710920635092252
244 7.347044335721535 4.657106439055424
245 6.184971419975932 4.769163470216607
246 4.107575309533752 4.969483809437817
247 4.808782506809501 4.901867401129084
248 2.343339396506616 5.139606558194004
249 4.448746288785337 4.936585179295699
250 4.859529390426706 4.896973951637425
251 6.694978810918609 4.719984186089992
252 6.063475850467797 4.780879114419177
253 7.828465273040966 4.610683705813907
254 8.113531855553296 4.583195142500218
255 2.960749638335976 5.080070570589031
256 6.233025439176656 4.764529689793680
257 8.039999999999999 2.190000000000000
258 7.422036770887003 1.829011579033002
259 6.210000000000000 8.710000000000001
260 6.716984405403118 5.208148952370211
261 6.825581157413042 4.458047675600633
262 6.588773413919228 6.093730027568222
263 6.266283252527264 8.321239389760141
264 6.523819303368884 6.542382131369562
265 6.816637631469211 4.519822545521939
266 6.669631096061890 5.535228511737461
267 6.840809541687123 4.352861928552864
268 6.301921202367390 8.075080354781949
269 6.734505312233828 5.087128255704487
270 7.121216792106670 2.416028343180735
271 8.510000000000000 3.640000000000000
272 5.480000000000000 6.290000000000000
273 5.694474732346954 6.102423088871475
274 7.437504845309022 4.577990811858445
275 5.808442108589287 6.002748650903760
276 5.898407653551898 5.924065913560222
277 6.036587867652377 5.803215231261123
278 6.534824318321240 5.367463880016077
279 7.498585434173670 4.524570494864613
280 6.942096193123795 5.011269006013843
281 6.116221651267354 5.733568522818981
282 2.700000000000000 9.940000000000000
283 3.630000000000000 6.010000000000000
284 4.341175229763827 5.664613669151584
285 4.980955594087754 5.353900664346726
286 5.209454347625301 5.242928933632794
287 6.866163912503582 4.438338427739039
288 6.090808571135558 4.814894198034575
289 6.971772453241930 4.387049033978817
290 6.235420112133550 4.744662773410551
291 9.029999999999999 6.070000000000000
292 4.492229312828091 6.114109557104952
293 2.824700890755854 6.130318824877222
294 5.932606497728757 6.100108320799721
295 6.075069511564879 6.098723504140318
296 5.855680904945122 6.100856078688262
297 7.114308445633099 6.088621546093481
298 3.119035979727372 6.127457730452226
299 2.904442290291602 6.129543695841638
300 6.072204077421036 6.098751357692141
301 3.150000000000000 2.120000000000000
302 5.210000000000000 8.250000000000000
303 4.209536548322582 5.272892738455061
304 5.144828678929036 8.056067864968442
305 3.923704311607631 4.422333703958631
306 3.970499167321634 4.561582473631852
307 3.696954913862394 3.747589136881784
308 4.974807467083082 7.550130957873444
309 4.853344155526653 7.188689161834167
310 1.840000000000000 6.740000000000000
311 6.330000000000000 3.960000000000000
312 4.582861317433187 5.041747335754063
313 4.843030739802791 4.880662481814753
314 5.711551031836692 4.342914951334966
315 2.973325953142971 6.038297071327960
316 1.956063081997546 6.668139116268780
317 1.926513361735089 6.686434934159567
318 2.907139258082670 6.079276806799594
319 0.480000000000000 0.480000000000000
320 6.840000000000000 4.610000000000000
321 7.657980396626396 4.566179621609301
322 8.246350081443428 4.534659817065531
323 4.700000000000000 4.070000000000000
324 0.690000000000000 5.890000000000000
325 3.840863182413452 4.459932420949506
326 4.236051907515747 4.280569957187367
327 2.972885574897439 4.853877369996674
328 2.030000000000000 3.040000000000000
329 6.060000000000000 6.200000000000000
330 5.880817503286783 6.059499580741002
331 5.306320159839027 5.609025236995366
332 3.028210449059476 3.822715885614875
333 2.794079112870408 8.186525470755798
334 3.100000000000000 2.400000000000000
335 3.106494778067885 2.363629242819844
336 7.974461478799476 7.976566453918445
337 8.242429869809149 7.492548547657225
338 8.160000000000000 8.160000000000000
339 5.938838992264660 5.964038549888887
340 5.505960624291204 5.536071281714156
341 3.065724380756270 3.123520052287398
342 6.072512186607016 6.096195192593646
343 7.710000000000000 3.050000000000000
344 6.401947099209822 5.202100549610866
345 6.907530586535518 4.370279068774332
346 5.102009750117600 7.340848823286246
347 6.396826664818312 5.210525048086088
348 6.125449158122471 5.657014391872825
349 3.170000000000000 1.180000000000000
350 6.406017736486486 5.207166385135134
351 6.209196056074397 4.962225312567968
352 6.600000000000000 4.290000000000000
353 7.950869010212097 4.642636488609583
354 2.780000000000000 5.920000000000000
355 2.911371924662960 6.000387106281860
356 2.853953588946014 7.070567150708334
357 5.030000000000000 5.710000000000000
358 9.600000000000000 4.040000000000000
359 6.169242685905231 5.293690309526973
360 2.850945086398813 7.126640517332768
361 7.770000000000000 1.150000000000000
654
0 6
6 9
9 5
5 3
3 7
7 4
4 8
8 2
2 1
10 20
20 19
19 15
15 14
14 18
18 16
16 17
17 12
12 13
13 21
21 11
11 31
31 30
30 28
28 24
24 23
23 32
32 27
27 33
33 34
34 36
36 29
29 26
26 35
35 25
25 22
37 47
47 56
56 55
55 40
40 50
50 43
43 48
48 12
12 39
39 57
57 46
46 51
51 45
45 52
52 49
49 42
42 53
53 41
41 44
44 54
54 38
58 62
62 66
66 63
63 39
39 13
13 71
71 65
65 64
64 68
68 61
61 60
60 67
67 69
69 70
70 59
58 73
73 72
37 77
77 82
82 81
81 74
74 14
14 78
78 75
75 80
80 76
76 79
79 72
84 93
93 85
85 90
90 88
88 87
87 89
89 91
91 86
86 92
92 83
95 15
15 74
74 99
99 100
100 40
40 101
101 97
97 96
96 98
98 94
103 106
106 105
105 104
104 107
107 108
108 2
2 102
110 112
112 127
127 126
126 124
124 96
96 113
113 60
60 123
123 118
118 117
117 111
111 23
23 119
119 120
120 128
128 121
121 122
122 125
125 116
116 115
115 114
114 109
130 147
147 143
143 133
133 139
139 131
131 41
41 141
141 132
132 144
144 134
134 140
140 137
137 142
142 146
146 24
24 111
111 138
138 136
136 145
145 135
135 3
3 129
58 150
150 149
149 154
154 152
152 151
151 42
42 153
153 148
155 112
112 162
162 161
161 160
160 97
97 156
156 61
61 159
159 157
157 158
158 11
164 167
167 169
169 166
166 104
104 165
165 168
168 163
171 175
175 75
75 16
16 173
173 172
172 43
43 174
174 178
178 156
156 113
113 98
98 176
176 177
177 170
180 105
105 165
165 182
182 183
183 181
181 179
184 197
197 185
185 191
191 131
131 44
44 195
195 192
192 198
198 190
190 188
188 194
194 193
193 187
187 114
114 189
189 186
186 196
196 83
199 200
200 149
149 214
214 45
45 209
209 208
208 206
206 210
210 132
132 207
207 212
212 202
202 205
205 215
215 211
211 203
203 115
115 204
204 213
213 201
201 83
216 219
219 227
227 226
226 99
99 172
172 220
220 17
17 222
222 218
218 62
62 150
150 200
200 223
223 224
224 228
228 185
185 133
133 221
221 225
225 217
103 166
166 236
236 4
4 238
238 25
25 234
234 201
201 240
240 186
186 232
232 230
230 235
235 239
239 233
233 237
237 85
85 241
241 231
231 229
171 76
76 218
218 248
248 63
63 255
255 46
46 246
246 249
249 134
134 247
247 250
250 252
252 202
202 245
245 256
256 251
251 243
243 187
187 230
230 244
244 86
86 253
253 254
254 242
38 231
231 258
258 257
259 263
263 268
268 5
5 135
135 264
264 26
26 262
262 266
266 260
260 269
269 116
116 203
203 243
243 265
265 188
188 261
261 267
267 270
270 84
272 136
136 273
273 275
275 27
27 276
276 277
277 281
281 278
278 260
260 280
280 204
204 189
189 232
232 244
244 274
274 279
279 87
87 271
10 77
77 219
219 47
47 167
167 282
283 284
284 28
28 285
285 137
137 286
286 288
288 205
205 245
245 290
290 190
190 261
261 287
287 289
289 233
233 88
88 271
95 78
78 18
18 173
173 220
220 48
48 293
293 299
299 298
298 64
64 157
157 292
292 117
117 138
138 273
273 296
296 294
294 300
300 295
295 29
29 262
262 297
297 234
234 181
181 291
301 221
221 139
139 191
191 307
307 151
151 49
49 305
305 206
206 306
306 246
246 303
303 30
30 284
284 292
292 118
118 309
309 308
308 6
6 304
304 302
310 317
317 316
316 100
100 50
50 174
174 293
293 318
318 315
315 65
65 158
158 31
31 303
303 312
312 140
140 247
247 313
313 207
207 314
314 192
192 311
0 304
304 263
263 129
319 79
79 73
73 199
320 193
193 235
235 274
274 321
321 89
89 322
322 242
324 175
175 80
80 222
222 248
248 66
66 327
327 51
51 325
325 208
208 305
305 326
326 141
141 323
328 223
223 332
332 152
152 52
52 209
209 325
325 306
306 249
249 312
312 285
285 142
142 331
331 119
119 32
32 275
275 330
330 294
294 329
155 333
333 170
334 335
335 143
143 301
180 106
106 168
168 336
336 337
337 291
72 224
224 341
341 307
307 53
53 153
153 326
326 210
210 144
144 313
313 250
250 286
286 340
340 120
120 276
276 33
33 339
339 342
342 295
295 264
264 7
7 236
236 107
107 182
182 336
336 338
94 67
67 308
308 346
346 145
145 296
296 330
330 339
339 34
34 277
277 348
348 121
121 347
347 344
344 211
211 251
251 265
265 194
194 287
287 345
345 237
237 90
90 343
349 225
225 54
54 195
195 314
314 212
212 252
252 288
288 351
351 344
344 350
350 122
122 278
278 266
266 297
297 35
35 238
238 8
8 108
108 183
183 337
337 163
352 267
267 345
345 289
289 239
239 279
279 321
321 91
91 253
253 353
353 179
354 355
355 315
315 298
298 68
68 159
159 123
123 309
309 346
346 9
9 268
268 129
95 19
19 81
81 226
226 316
316 55
55 356
356 160
160 124
124 176
176 69
69 0
357 146
146 331
331 340
340 359
359 347
347 350
350 125
125 269
269 280
280 213
213 240
240 196
196 92
92 353
353 254
254 322
322 358
95 20
20 82
82 227
227 317
317 56
56 360
360 161
161 126
126 177
177 70
70 302
282 169
169 333
333 127
127 162
162 360
360 356
356 101
101 178
178 299
299 318
318 355
355 71
71 21
21 57
57 255
255 327
327 214
214 154
154 332
332 341
341 228
228 197
197 335
335 147
147 349
291 163
329 300
300 342
342 36
36 281
281 348
348 128
128 359
359 351
351 215
215 256
256 290
290 198
198 311
311 270
270 93
93 241
241 258
258 361
521
0 0.900000000000000 6.100000000000000
1 0.900000000000000 5.300000000000000
2 0.900000000000000 5.400000000000000
3 0.900000000000000 5.400000000000000
4 0.900000000000000 6.000000000000000
5 1.100000000000000 5.800000000000000
6 1.200000000000000 5.400000000000000
7 1.200000000000000 7.900000000000000
8 1.300000000000000 7.200000000000000
9 1.300000000000000 7.100000000000000
10 1.400000000000000 6.400000000000000
11 1.400000000000000 6.500000000000000
12 1.500000000000000 6.200000000000000
13 1.600000000000000 5.700000000000000
14 1.600000000000000 5.900000000000000
15 1.600000000000000 5.300000000000000
16 1.600000000000000 5.200000000000000
17 1.700000000000000 6.300000000000000
18 1.800000000000000 4.300000000000000
19 1.800000000000000 5.300000000000000
20 1.800000000000000 7.100000000000000
21 1.800000000000000 7.100000000000000
22 1.900000000000000 6.800000000000000
23 1.900000000000000 6.800000000000000
24 1.900000000000000 3.500000000000000
25 1.900000000000000 6.600000000000000
26 1.900000000000000 3.900000000000000
27 1.900000000000000 5.200000000000000
28 1.900000000000000 6.900000000000000
29 2.000000000000000 6.700000000000000
30 2.000000000000000 6.000000000000000
31 2.000000000000000 5.800000000000000
32 2.000000000000000 4.700000000000000
33 2.000000000000000 5.100000000000000
34 2.000000000000000 3.600000000000000
35 2.000000000000000 2.400000000000000
36 2.000000000000000 2.100000000000000
37 2.000000000000000 8.100000000000000
38 2.100000000000000 7.200000000000000
39 2.100000000000000 8.100000000000000
40 2.100000000000000 3.900000000000000
41 2.100000000000000 8.500000000000000
42 2.100000000000000 5.700000000000000
43 2.100000000000000 6.400000000000000
44 2.200000000000000 5.800000000000000
45 2.200000000000000 5.500000000000000
46 2.200000000000000 7.800000000000000
47 2.200000000000000 3.400000000000000
48 2.200000000000000 4.600000000000000
49 2.200000000000000 4.700000000000000
50 2.200000000000000 6.000000000000000
51 2.200000000000000 3.000000000000000
52 2.200000000000000 7.700000000000000
53 2.300000000000000 5.200000000000000
54 2.300000000000000 5.700000000000000
55 2.300000000000000 7.000000000000000
56 2.300000000000000 7.300000000000000
57 2.300000000000000 7.000000000000000
58 2.300000000000000 4.600000000000000
59 2.300000000000000 6.200000000000000
60 2.300000000000000 6.700000000000000
61 2.400000000000000 9.199999999999999
62 2.400000000000000 3.900000000000000
63 2.400000000000000 6.700000000000000
64 2.400000000000000 4.200000000000000
65 2.400000000000000 8.400000000000000
66 2.400000000000000 5.800000000000000
67 2.400000000000000 4.400000000000000
68 2.400000000000000 8.900000000000000
69 2.400000000000000 5.700000000000000
70 2.400000000000000 3.100000000000000
71 2.500000000000000 5.300000000000000
72 2.500000000000000 3.700000000000000
73 2.500000000000000 7.700000000000000
74 2.600000000000000 8.199999999999999
75 2.600000000000000 2.900000000000000
76 2.600000000000000 8.199999999999999
77 2.600000000000000 5.500000000000000
78 2.600000000000000 8.600000000000000
79 2.600000000000000 7.900000000000000
80 2.600000000000000 4.500000000000000
81 2.700000000000000 6.300000000000000
82 2.700000000000000 7.100000000000000
83 2.700000000000000 8.800000000000001
84 2.700000000000000 3.000000000000000
85 2.700000000000000 3.000000000000000
86 2.700000000000000 9.600000000000000
87 2.700000000000000 3.800000000000000
88 2.800000000000000 8.900000000000000
89 2.800000000000000 7.500000000000000
90 2.800000000000000 9.000000000000000
91 2.800000000000000 6.000000000000000
92 2.800000000000000 7.800000000000000
93 2.800000000000000 7.500000000000000
94 2.800000000000000 7.200000000000000
95 2.800000000000000 9.100000000000000
96 2.900000000000000 5.100000000000000
97 2.900000000000000 4.200000000000000
98 2.900000000000000 7.100000000000000
99 2.900000000000000 7.900000000000000
100 2.900000000000000 9.400000000000000
101 3.000000000000000 9.000000000000000
102 3.000000000000000 6.300000000000000
103 3.000000000000000 8.000000000000000
104 3.100000000000000 4.400000000000000
105 3.100000000000000 4.700000000000000
106 3.100000000000000 7.900000000000000
107 3.100000000000000 5.700000000000000
108 3.100000000000000 7.100000000000000
109 3.100000000000000 8.100000000000000
110 3.100000000000000 2.600000000000000
111 3.100000000000000 5.600000000000000
112 3.200000000000000 5.900000000000000
113 3.200000000000000 8.000000000000000
114 3.200000000000000 6.900000000000000
115 3.200000000000000 4.400000000000000
116 3.200000000000000 9.000000000000000
117 3.200000000000000 6.000000000000000
118 3.200000000000000 4.200000000000000
119 3.200000000000000 7.000000000000000
120 3.200000000000000 1.700000000000000
121 3.300000000000000 3.400000000000000
122 3.400000000000000 3.800000000000000
123 3.400000000000000 6.600000000000000
124 3.400000000000000 2.600000000000000
125 3.400000000000000 7.000000000000000
126 3.400000000000000 5.000000000000000
127 3.400000000000000 3.700000000000000
128 3.400000000000000 7.100000000000000
129 3.400000000000000 5.700000000000000
130 3.400000000000000 2.800000000000000
131 3.400000000000000 8.500000000000000
132 3.400000000000000 1.900000000000000
133 3.400000000000000 7.500000000000000
134 3.400000000000000 8.100000000000000
135 3.400000000000000 4.800000000000000
136 3.400000000000000 2.700000000000000
137 3.400000000000000 5.400000000000000
138 3.500000000000000 9.400000000000000
139 3.500000000000000 6.900000000000000
140 3.500000000000000 5.800000000000000
141 3.500000000000000 2.200000000000000
142 3.500000000000000 2.100000000000000
143 3.500000000000000 3.300000000000000
144 3.500000000000000 5.700000000000000
145 3.500000000000000 3.500000000000000
146 3.500000000000000 7.000000000000000
147 3.600000000000000 3.900000000000000
148 3.600000000000000 2.700000000000000
149 3.600000000000000 5.200000000000000
150 3.600000000000000 7.900000000000000
151 3.600000000000000 4.000000000000000
152 3.600000000000000 6.800000000000000
153 3.700000000000000 2.800000000000000
154 3.700000000000000 4.800000000000000
155 3.700000000000000 9.000000000000000
156 3.700000000000000 9.199999999999999
157 3.700000000000000 3.900000000000000
158 3.700000000000000 2.500000000000000
159 3.800000000000000 5.600000000000000
160 3.800000000000000 6.900000000000000
161 3.800000000000000 9.300000000000001
162 3.800000000000000 7.200000000000000
163 3.800000000000000 4.800000000000000
164 3.800000000000000 5.800000000000000
165 3.800000000000000 8.500000000000000
166 3.800000000000000 7.400000000000000
167 3.900000000000000 3.900000000000000
168 3.900000000000000 9.100000000000000
169 3.900000000000000 7.800000000000000
170 3.900000000000000 6.800000000000000
171 3.900000000000000 8.500000000000000
172 4.000000000000000 2.300000000000000
173 4.000000000000000 8.000000000000000
174 4.000000000000000 8.400000000000000
175 4.000000000000000 9.100000000000000
176 4.000000000000000 5.800000000000000
177 4.000000000000000 5.000000000000000
178 4.000000000000000 7.400000000000000
179 4.000000000000000 3.300000000000000
180 4.000000000000000 8.400000000000000
181 4.000000000000000 5.600000000000000
182 4.000000000000000 7.800000000000000
183 4.000000000000000 6.200000000000000
184 4.000000000000000 3.100000000000000
185 4.000000000000000 9.300000000000001
186 4.100000000000000 3.200000000000000
187 4.100000000000000 4.400000000000000
188 4.100000000000000 5.600000000000000
189 4.100000000000000 8.199999999999999
190 4.100000000000000 6.500000000000000
191 4.100000000000000 3.600000000000000
192 4.100000000000000 2.700000000000000
193 4.200000000000000 2.500000000000000
194 4.200000000000000 8.100000000000000
195 4.200000000000000 9.000000000000000
196 4.200000000000000 6.500000000000000
197 4.200000000000000 5.600000000000000
198 4.300000000000000 5.100000000000000
199 4.300000000000000 5.200000000000000
200 4.300000000000000 4.400000000000000
201 4.400000000000000 7.800000000000000
202 4.400000000000000 4.400000000000000
203 4.400000000000000 5.500000000000000
204 4.400000000000000 5.700000000000000
205 4.400000000000000 3.800000000000000
206 4.400000000000000 6.900000000000000
207 4.400000000000000 6.600000000000000
208 4.400000000000000 7.700000000000000
209 4.400000000000000 4.800000000000000
210 4.500000000000000 4.800000000000000
211 4.500000000000000 8.699999999999999
212 4.500000000000000 3.700000000000000
213 4.500000000000000 8.699999999999999
214 4.500000000000000 5.600000000000000
215 4.500000000000000 8.100000000000000
216 4.500000000000000 3.300000000000000
217 4.600000000000000 6.500000000000000
218 4.600000000000000 6.400000000000000
219 4.600000000000000 7.600000000000000
220 4.600000000000000 8.900000000000000
221 4.600000000000000 3.500000000000000
222 4.600000000000000 3.900000000000000
223 4.700000000000000 3.900000000000000
224 4.700000000000000 3.500000000000000
225 4.700000000000000 3.000000000000000
226 4.700000000000000 4.300000000000000
227 4.700000000000000 8.000000000000000
228 4.700000000000000 6.300000000000000
229 4.700000000000000 7.400000000000000
230 4.700000000000000 8.600000000000000
231 4.700000000000000 6.000000000000000
232 4.700000000000000 4.300000000000000
233 4.700000000000000 6.300000000000000
234 4.800000000000000 5.000000000000000
235 4.800000000000000 4.700000000000000
236 4.800000000000000 4.200000000000000
237 4.800000000000000 8.600000000000000
238 4.800000000000000 8.699999999999999
239 4.800000000000000 8.100000000000000
240 4.800000000000000 5.200000000000000
241 4.800000000000000 4.300000000000000
242 4.800000000000000 8.000000000000000
243 4.800000000000000 6.300000000000000
244 4.900000000000000 7.300000000000000
245 4.900000000000000 2.700000000000000
246 4.900000000000000 6.400000000000000
247 4.900000000000000 2.800000000000000
248 4.900000000000000 6.600000000000000
249 4.900000000000000 6.500000000000000
250 4.900000000000000 2.800000000000000
251 4.900000000000000 6.000000000000000
252 4.900000000000000 5.900000000000000
253 4.900000000000000 3.900000000000000
254 4.900000000000000 5.900000000000000
255 5.000000000000000 3.400000000000000
256 5.000000000000000 9.199999999999999
257 5.000000000000000 4.500000000000000
258 5.000000000000000 6.200000000000000
259 5.100000000000000 8.500000000000000
260 5.100000000000000 4.200000000000000
261 5.100000000000000 8.300000000000001
262 5.100000000000000 3.600000000000000
263 5.100000000000000 8.300000000000001
264 5.100000000000000 8.100000000000000
265 5.100000000000000 6.800000000000000
266 5.100000000000000 3.800000000000000
267 5.100000000000000 3.700000000000000
268 5.200000000000000 7.800000000000000
269 5.200000000000000 2.500000000000000
270 5.200000000000000 6.800000000000000
271 5.200000000000000 2.900000000000000
272 5.200000000000000 3.800000000000000
273 5.200000000000000 7.000000000000000
274 5.300000000000000 5.800000000000000
275 5.300000000000000 8.100000000000000
276 5.300000000000000 6.900000000000000
277 5.400000000000000 4.700000000000000
278 5.400000000000000 5.600000000000000
279 5.400000000000000 4.800000000000000
280 5.400000000000000 7.100000000000000
281 5.400000000000000 6.400000000000000
282 5.400000000000000 2.700000000000000
283 5.400000000000000 4.300000000000000
284 5.400000000000000 6.100000000000000
285 5.400000000000000 7.200000000000000
286 5.500000000000000 7.100000000000000
287 5.500000000000000 1.900000000000000
288 5.500000000000000 3.900000000000000
289 5.500000000000000 8.199999999999999
290 5.500000000000000 1.900000000000000
291 5.500000000000000 6.300000000000000
292 5.600000000000000 3.300000000000000
293 5.600000000000000 2.100000000000000
294 5.600000000000000 2.300000000000000
295 5.600000000000000 2.800000000000000
296 5.600000000000000 8.500000000000000
297 5.600000000000000 5.100000000000000
298 5.600000000000000 6.100000000000000
299 5.600000000000000 3.500000000000000
300 5.600000000000000 7.800000000000000
301 5.600000000000000 4.700000000000000
302 5.600000000000000 2.800000000000000
303 5.700000000000000 2.300000000000000
304 5.700000000000000 8.600000000000000
305 5.700000000000000 3.900000000000000
306 5.700000000000000 4.500000000000000
307 5.700000000000000 8.600000000000000
308 5.800000000000000 4.100000000000000
309 5.800000000000000 6.600000000000000
310 5.800000000000000 4.200000000000000
311 5.800000000000000 6.800000000000000
312 5.800000000000000 4.700000000000000
313 5.800000000000000 8.600000000000000
314 5.900000000000000 4.200000000000000
315 5.900000000000000 4.100000000000000
316 5.900000000000000 6.600000000000000
317 5.900000000000000 6.300000000000000
318 5.900000000000000 2.600000000000000
319 5.900000000000000 2.200000000000000
320 5.900000000000000 7.000000000000000
321 5.900000000000000 7.200000000000000
322 5.900000000000000 3.500000000000000
323 5.900000000000000 8.000000000000000
324 6.000000000000000 7.300000000000000
325 6.000000000000000 2.200000000000000
326 6.000000000000000 1.700000000000000
327 6.000000000000000 9.000000000000000
328 6.000000000000000 2.400000000000000
329 6.000000000000000 8.900000000000000
330 6.000000000000000 3.100000000000000
331 6.100000000000000 5.600000000000000
332 6.100000000000000 5.100000000000000
333 6.100000000000000 7.200000000000000
334 6.100000000000000 2.600000000000000
335 6.100000000000000 7.500000000000000
336 6.100000000000000 6.200000000000000
337 6.100000000000000 3.800000000000000
338 6.100000000000000 8.800000000000001
339 6.100000000000000 1.700000000000000
340 6.100000000000000 6.400000000000000
341 6.100000000000000 1.700000000000000
342 6.100000000000000 2.100000000000000
343 6.200000000000000 3.000000000000000
344 6.200000000000000 8.500000000000000
345 6.200000000000000 3.100000000000000
346 6.200000000000000 8.000000000000000
347 6.200000000000000 5.900000000000000
348 6.200000000000000 7.500000000000000
349 6.200000000000000 4.500000000000000
350 6.200000000000000 3.800000000000000
351 6.300000000000000 3.200000000000000
352 6.300000000000000 2.500000000000000
353 6.300000000000000 4.100000000000000
354 6.300000000000000 2.900000000000000
355 6.300000000000000 5.300000000000000
356 6.300000000000000 8.400000000000000
357 6.400000000000000 4.500000000000000
358 6.400000000000000 4.200000000000000
359 6.400000000000000 4.500000000000000
360 6.400000000000000 5.200000000000000
361 6.400000000000000 2.900000000000000
362 6.500000000000000 8.000000000000000
363 6.500000000000000 8.800000000000001
364 6.500000000000000 3.000000000000000
365 6.500000000000000 2.200000000000000
366 6.500000000000000 8.699999999999999
367 6.600000000000000 6.100000000000000
368 6.600000000000000 4.600000000000000
369 6.600000000000000 3.600000000000000
370 6.600000000000000 1.500000000000000
371 6.600000000000000 6.500000000000000
372 6.600000000000000 8.500000000000000
373 6.600000000000000 3.200000000000000
374 6.700000000000000 2.600000000000000
375 6.700000000000000 8.300000000000001
376 6.700000000000000 7.700000000000000
377 6.700000000000000 5.400000000000000
378 6.700000000000000 4.100000000000000
379 6.700000000000000 8.400000000000000
380 6.700000000000000 2.600000000000000
381 6.700000000000000 2.200000000000000
382 6.700000000000000 3.500000000000000
383 6.700000000000000 6.700000000000000
384 6.700000000000000 2.800000000000000
385 6.700000000000000 5.200000000000000
386 6.700000000000000 5.900000000000000
387 6.700000000000000 7.800000000000000
388 6.700000000000000 3.800000000000000
389 6.800000000000000 7.200000000000000
390 6.800000000000000 5.300000000000000
391 6.800000000000000 2.400000000000000
392 6.800000000000000 2.900000000000000
393 6.800000000000000 8.800000000000001
394 6.800000000000000 3.100000000000000
395 6.800000000000000 2.800000000000000
396 6.800000000000000 4.300000000000000
397 6.900000000000000 6.100000000000000
398 6.900000000000000 1.600000000000000
399 6.900000000000000 3.300000000000000
400 6.900000000000000 6.700000000000000
401 6.900000000000000 2.300000000000000
402 6.900000000000000 4.200000000000000
403 7.000000000000000 5.200000000000000
404 7.000000000000000 3.100000000000000
405 7.000000000000000 7.600000000000000
406 7.000000000000000 7.700000000000000
407 7.100000000000000 2.800000000000000
408 7.100000000000000 1.800000000000000
409 7.100000000000000 3.900000000000000
410 7.100000000000000 4.900000000000000
411 7.100000000000000 2.900000000000000
412 7.100000000000000 4.600000000000000
413 7.100000000000000 8.199999999999999
414 7.100000000000000 4.400000000000000
415 7.100000000000000 4.300000000000000
416 7.100000000000000 4.500000000000000
417 7.200000000000000 4.500000000000000
418 7.200000000000000 6.400000000000000
419 7.200000000000000 3.900000000000000
420 7.200000000000000 4.600000000000000
421 7.200000000000000 2.800000000000000
422 7.200000000000000 3.700000000000000
423 7.200000000000000 6.400000000000000
424 7.200000000000000 7.100000000000000
425 7.200000000000000 2.200000000000000
426 7.200000000000000 3.500000000000000
427 7.300000000000000 7.600000000000000
428 7.300000000000000 2.500000000000000
429 7.300000000000000 3.200000000000000
430 7.300000000000000 4.400000000000000
431 7.300000000000000 6.800000000000000
432 7.300000000000000 3.500000000000000
433 7.300000000000000 5.800000000000000
434 7.300000000000000 9.400000000000000
435 7.300000000000000 4.300000000000000
436 7.300000000000000 9.500000000000000
437 7.300000000000000 1.900000000000000
438 7.400000000000000 4.200000000000000
439 7.400000000000000 7.800000000000000
440 7.400000000000000 8.699999999999999
441 7.400000000000000 7.700000000000000
442 7.400000000000000 2.800000000000000
443 7.400000000000000 8.500000000000000
444 7.500000000000000 8.100000000000000
445 7.500000000000000 7.000000000000000
446 7.500000000000000 6.500000000000000
447 7.500000000000000 5.500000000000000
448 7.500000000000000 8.199999999999999
449 7.500000000000000 7.600000000000000
450 7.600000000000000 4.300000000000000
451 7.600000000000000 6.000000000000000
452 7.600000000000000 4.700000000000000
453 7.600000000000000 6.000000000000000
454 7.600000000000000 5.000000000000000
455 7.600000000000000 4.400000000000000
456 7.600000000000000 3.900000000000000
457 7.700000000000000 5.900000000000000
458 7.700000000000000 8.500000000000000
459 7.700000000000000 6.400000000000000
460 7.800000000000000 4.100000000000000
461 7.800000000000000 5.500000000000000
462 7.800000000000000 4.400000000000000
463 7.800000000000000 8.300000000000001
464 7.800000000000000 5.000000000000000
465 7.800000000000000 4.200000000000000
466 7.900000000000000 7.300000000000000
467 7.900000000000000 7.000000000000000
468 7.900000000000000 6.700000000000000
469 7.900000000000000 6.300000000000000
470 7.900000000000000 7.200000000000000
471 7.900000000000000 4.700000000000000
472 8.000000000000000 4.700000000000000
473 8.000000000000000 5.100000000000000
474 8.000000000000000 4.400000000000000
475 8.000000000000000 7.300000000000000
476 8.100000000000000 7.000000000000000
477 8.100000000000000 8.199999999999999
478 8.100000000000000 8.000000000000000
479 8.100000000000000 4.300000000000000
480 8.100000000000000 8.400000000000000
481 8.100000000000000 4.000000000000000
482 8.100000000000000 6.000000000000000
483 8.199999999999999 6.000000000000000
484 8.199999999999999 4.800000000000000
485 8.199999999999999 5.700000000000000
486 8.199999999999999 4.300000000000000
487 8.199999999999999 6.400000000000000
488 8.199999999999999 8.400000000000000
489 8.300000000000001 6.200000000000000
490 8.400000000000000 5.600000000000000
491 8.400000000000000 4.800000000000000
492 8.400000000000000 7.600000000000000
493 8.400000000000000 5.300000000000000
494 8.400000000000000 4.400000000000000
495 8.500000000000000 8.100000000000000
496 8.500000000000000 7.700000000000000
497 8.500000000000000 4.300000000000000
498 8.500000000000000 4.200000000000000
499 8.500000000000000 3.700000000000000
500 8.600000000000000 6.900000000000000
501 8.600000000000000 8.000000000000000
502 8.600000000000000 7.700000000000000
503 8.600000000000000 8.000000000000000
504 8.600000000000000 5.900000000000000
505 8.600000000000000 5.800000000000000
506 8.600000000000000 6.300000000000000
507 8.699999999999999 6.400000000000000
508 8.699999999999999 5.500000000000000
509 8.699999999999999 8.300000000000001
510 8.900000000000000 6.200000000000000
511 8.900000000000000 4.600000000000000
512 8.900000000000000 8.300000000000001
513 8.900000000000000 6.000000000000000
514 9.000000000000000 7.900000000000000
515 9.000000000000000 6.800000000000000
516 9.000000000000000 6.900000000000000
517 9.000000000000000 4.900000000000000
518 9.000000000000000 5.200000000000000
519 9.000000000000000 4.800000000000000
520 9.000000000000000 7.500000000000000
