51
0 9.154000000000000 1.623000000000000
1 0.720000000000000 4.494000000000000
2 7.257232658382281 2.268674536137594
3 4.108823309267455 3.340417865673836
4 3.171192858983528 3.659594652816966
5 4.447661955012820 3.225074523020891
6 6.030752942144521 2.686177887491472
7 5.795000000000000 1.685000000000000
8 9.395000000000000 3.122000000000000
9 9.039418072752229 2.980063547373598
10 8.489000000000001 9.499000000000001
11 8.682051219924494 7.212576829886743
12 8.980937716806197 3.672682018698329
13 8.685715852067140 7.169174359577759
14 8.937228936813641 4.190351719783106
15 4.414000000000000 3.095000000000000
16 0.399000000000000 0.237000000000000
17 9.643000000000001 8.654000000000000
18 8.164999999999999 6.437000000000000
19 8.612012141652613 7.107518212478921
20 1.344000000000000 6.435000000000000
21 8.023000000000000 9.359999999999999
22 7.659345366559020 9.200741158434665
23 6.253000000000000 3.630000000000000
24 9.193000000000000 3.676000000000000
25 9.157855764550636 3.675450124207255
26 9.337000000000000 7.714000000000000
27 5.184695484192380 4.240428634516270
28 4.579382013331847 3.734059332477312
29 6.409059289360982 5.264658682764832
30 7.931276704675000 6.538055372662226
31 7.810350884096247 6.436896012574138
32 8.297000000000001 9.988000000000000
33 4.129849083130109 4.843167309394998
34 6.514885541683718 7.787772336915411
35 5.212237468935456 6.179501716838392
36 7.012945986790442 8.402685910001722
37 5.420151010932651 6.436195176956732
38 4.771522115352087 4.476515678638703
39 5.854572946824911 3.857661007161565
40 7.307000000000000 7.995000000000000
41 6.005682548727568 7.654558070772263
42 5.496000000000000 7.276000000000000
43 5.278656372042552 6.436153689011008
44 7.907600073498579 9.067175062942646
45 8.035565488857113 9.162219205389029
46 5.595000000000000 3.199000000000000
47 7.399754711932533 7.778527916069332
48 6.870919935029894 6.436620560016136
49 7.974601183518566 6.436944172755760
50 8.073000000000000 8.573000000000000
83
1 4
4 3
3 5
5 6
6 2
2 0
7 2
2 9
9 8
10 11
11 13
13 14
14 12
12 9
9 0
15 7
16 7
18 19
19 11
11 17
20 22
22 21
23 12
12 25
25 24
16 3
3 28
28 27
27 29
29 31
31 30
30 19
19 13
13 26
16 4
4 33
33 35
35 37
37 34
34 36
36 22
22 32
20 33
33 38
38 27
27 39
39 23
20 41
41 34
34 40
15 5
5 28
28 38
38 35
35 43
43 42
42 41
41 36
36 44
44 45
45 10
46 39
39 29
29 48
48 47
47 44
44 21
40 47
47 30
30 49
49 14
14 25
25 8
7 6
6 23
21 45
45 50
20 43
43 37
37 48
48 31
31 49
49 18
43
0 1.000000000000000 0.800000000000000
1 1.400000000000000 4.500000000000000
2 1.600000000000000 2.100000000000000
3 1.700000000000000 2.000000000000000
4 1.800000000000000 5.400000000000000
5 2.100000000000000 5.600000000000000
6 2.300000000000000 5.100000000000000
7 2.700000000000000 6.100000000000000
8 2.800000000000000 4.100000000000000
9 2.900000000000000 6.500000000000000
10 3.100000000000000 1.500000000000000
11 3.100000000000000 3.300000000000000
12 3.200000000000000 6.100000000000000
13 3.300000000000000 1.300000000000000
14 3.800000000000000 7.400000000000000
15 4.100000000000000 3.700000000000000
16 4.100000000000000 2.300000000000000
17 4.400000000000000 4.400000000000000
18 4.700000000000000 3.200000000000000
19 4.700000000000000 7.600000000000000
20 4.700000000000000 3.200000000000000
21 4.800000000000000 5.300000000000000
22 5.200000000000000 2.100000000000000
23 5.700000000000000 6.800000000000000
24 5.800000000000000 4.700000000000000
25 6.000000000000000 2.600000000000000
26 6.100000000000000 3.300000000000000
27 6.300000000000000 2.800000000000000
28 6.300000000000000 7.900000000000000
29 6.400000000000000 8.000000000000000
30 6.600000000000000 6.400000000000000
31 7.400000000000000 7.400000000000000
32 7.400000000000000 4.500000000000000
33 7.500000000000000 6.400000000000000
34 7.600000000000000 2.900000000000000
35 8.000000000000000 3.000000000000000
36 8.100000000000000 3.900000000000000
37 8.199999999999999 5.900000000000000
38 8.400000000000000 3.700000000000000
39 8.400000000000000 5.700000000000000
40 8.500000000000000 4.800000000000000
41 8.600000000000000 2.700000000000000
42 8.900000000000000 4.200000000000000
