354
0 3.240000000000000 8.100000000000000
1 0.610000000000000 5.900000000000000
2 1.835557755296654 6.925181392263361
3 1.914343351722360 6.991085693455966
4 2.926428846482352 7.837697133939609
5 1.176033061496323 6.373487732050156
6 2.670968783638321 7.624004305705059
7 1.689322611735258 6.802855416660672
8 1.076020383424714 6.289826936705084
9 0.720000000000000 7.950000000000000
10 2.810000000000000 6.030000000000000
11 2.059659172275527 6.719308320206214
12 2.163795318825734 6.623642577920856
13 1.197116486314450 7.511692031711128
14 3.030000000000000 3.450000000000000
15 9.890000000000001 5.380000000000000
16 6.005997352885290 4.287270392284054
17 7.778609399129580 4.785979029201179
18 3.706022117689435 3.640192811536532
19 3.930061612643986 3.703224331254066
20 7.297757063636062 4.650695500410729
21 7.131778752833544 4.603998978566872
22 4.131734587147490 3.759963229328667
23 5.225963424882860 4.067814782802321
24 5.128755141921495 4.040466096779663
25 3.711805073229654 3.641819794654990
26 3.429199884529337 3.562311337775747
27 5.613580842055098 4.176867496379933
28 3.521148652442448 3.588180306007861
29 5.675098855359000 4.194175042396920
30 5.248068310162844 4.074033795716368
31 8.029082702532589 4.856447465872871
32 5.157760991112795 4.048626634525903
33 4.490000000000000 1.480000000000000
34 8.740000000000000 9.350000000000000
35 7.336508174008058 6.751063371633744
36 6.501234035890556 5.204332202931453
37 4.678396220565210 1.828865471964283
38 5.042401905467981 2.502918352007765
39 7.194458526285601 6.488020847498277
40 5.852149532710281 4.002380428807037
41 6.457170952188092 5.122737739698888
42 5.207535215135900 2.808706386616361
43 5.395748787147743 3.157233636435937
44 4.979794543531757 2.386984248845863
45 7.302151017721053 6.687442002226984
46 8.028385085685027 8.032256617492040
47 4.703249644261745 1.874888164785866
48 4.795112485241624 2.044996531494489
49 5.287062171391405 2.955971597376553
50 5.789779740369034 3.886886248636304
51 0.740000000000000 2.400000000000000
52 8.760000000000000 7.690000000000000
53 8.330677499130823 7.406818450174821
54 4.637429422768734 4.970748334968405
55 2.031269437263870 3.251722608868563
56 1.554098122078867 2.936979933391173
57 3.422923452692523 4.169658985628859
58 1.969962530538137 3.211284512038247
59 1.702355312359883 3.034770523988003
60 3.469400491022916 4.200315286472721
61 8.353148208566827 7.421640152533483
62 1.743327486586900 3.061795810978142
63 5.723340020060180 5.687016048144434
64 3.563519921330292 4.262396556588185
65 2.345390826815037 3.458917390754557
66 5.435278705770607 5.497010517896074
67 7.277126969278144 6.711895469760771
68 4.352606805444940 4.782879052469294
69 6.127928448695410 5.953882979251711
70 3.375108075288402 4.138119914996964
71 3.196035852013594 4.020003697899242
72 3.163426610511046 3.998494609676238
73 6.080454537452689 5.922569140040491
74 3.253487717450738 4.057899005650175
75 7.103810001173096 6.597575424713925
76 3.955138162399013 4.520708339038752
77 5.554787375758173 5.575838555830517
78 2.929701675574647 3.844329409450110
79 6.880000000000000 0.520000000000000
80 7.903759509932850 5.380105630487668
81 7.882009127765188 5.276849783960539
82 8.309857665717772 7.307980208756948
83 8.280991745243448 7.170944683064326
84 7.287428932922475 2.454192192314758
85 7.749936693415254 4.649860754224028
86 7.655453574934945 4.201319928320196
87 7.036397983097792 1.262469995028762
88 7.011740779397048 1.145414560255876
89 6.887547471745560 0.555830201888868
90 7.467152604938617 3.307396506240853
91 7.875952055514667 5.248094973222855
92 9.020000000000000 5.520000000000000
93 1.360000000000000 4.560000000000000
94 3.097764914852125 4.777787770007577
95 7.559122222699729 5.336913490051141
96 4.816100985040980 4.993140593425501
97 6.372105178623055 5.188148951890096
98 2.995189374190185 4.764932349767960
99 3.694198115441071 4.852536578436478
100 5.371681194264914 5.062769444712051
101 5.682966977656850 5.101781762212869
102 2.827265107663812 4.743887010882148
103 3.439211684953527 4.820580054511146
104 5.867113777721933 5.124860212351574
105 2.860234980191416 4.748019005350359
106 6.257427087866150 5.173776762970170
107 3.180860026810800 4.788201778817019
108 7.828047098183253 5.370616868701817
109 5.423080403069942 5.069211121011376
110 2.315992299715801 4.679811045395192
111 2.027683994039999 4.643678411785691
112 1.670000000000000 3.180000000000000
113 1.898603122064677 3.225384443351076
114 2.052072178996880 3.255852564947910
115 2.832336321651725 3.410757946210269
116 1.050000000000000 1.880000000000000
117 1.617194210122699 3.069278182515338
118 1.558102002202705 2.945375165908898
119 3.920000000000000 3.240000000000000
120 0.760000000000000 9.150000000000000
121 2.121374039963729 6.603885893612141
122 3.320785274070446 4.360683237418881
123 3.443805105465863 4.130605008448338
124 3.202788927823296 4.581366277393772
125 3.884328484205980 3.306714765298310
126 3.252804033894259 4.487825366988901
127 3.248505634356528 4.495864462326873
128 1.618800469483568 7.543825704225351
129 3.680402447878851 3.688108080074680
130 3.298753256466189 4.401888688064818
131 3.072107903550206 4.825772876588063
132 0.610000000000000 3.480000000000000
133 4.760000000000000 2.660000000000000
134 1.978485102968909 3.209600533871204
135 1.758443810644514 3.253078572354578
136 3.632572753270690 2.882768757185068
137 4.440818386609256 2.723067210356725
138 4.318734692376528 2.747189771626807
139 3.434142452895300 2.921976671958037
140 3.791365957231687 2.851392750619281
141 5.570000000000000 8.210000000000001
142 3.622058721368941 7.302793477089165
143 1.331498364926861 6.236020407859083
144 4.632749591740703 7.773498297766336
145 4.392252924267720 7.661492793358556
146 1.869536076050772 6.486598454773646
147 1.173964841529597 6.162652980631728
148 5.490000000000000 1.500000000000000
149 0.110000000000000 3.680000000000000
150 1.701124002163232 3.035269456372520
151 4.885748983155754 1.744845207568858
152 4.807873322488817 1.776400772671818
153 5.041575535831244 1.681703593287712
154 2.655118685958499 2.648706554760311
155 4.217040834364504 2.015808732543751
156 4.425524239007892 1.931330326944758
157 4.590005042106958 1.864681971785657
158 2.960000000000000 4.750000000000000
159 3.500802562300540 4.166429888129774
160 6.591156478462331 0.831685738802128
161 4.181153350379308 3.432275848952941
162 4.339203203203203 3.261727155727156
163 3.224575759638732 4.464501157328614
164 5.003000773609844 2.545435389701622
165 3.205799056810019 4.484762752472863
166 6.372811714566714 1.067297563107857
167 6.208726137358815 1.244359295656177
168 4.584104014722922 2.997459188194397
169 4.354776987959685 3.244921770645544
170 3.294459852641605 4.389090516154594
171 6.848383505623081 0.554116778371011
172 4.818684789964827 2.744327382257342
173 6.970000000000000 5.230000000000000
174 7.529345199314539 5.258733486266158
175 7.865049813991471 5.275978586335179
176 9.920000000000000 2.460000000000000
177 8.560000000000000 3.040000000000000
178 8.775177282411677 2.948233217795020
179 9.080000000000000 9.330000000000000
180 6.650000000000000 2.950000000000000
181 8.250321610861983 7.151667439217878
182 7.229856516118094 4.472421634910879
183 7.246401276953335 4.515860142782828
184 6.865316173536548 3.515315714881964
185 7.698325424150510 5.702393500444548
186 9.250000000000000 7.780000000000000
187 1.470000000000000 2.890000000000000
188 5.811816376646682 5.618982272725228
189 3.600899544300534 4.229344315119487
190 2.371102891205997 3.456374439331276
191 5.416777749786535 5.370686786176885
192 6.022046619441086 5.751119276229680
193 3.399218377846232 4.102580702785099
194 3.213450594264930 3.985819203850322
195 3.144672137708776 3.942589556991762
196 6.037138570992257 5.760605091536265
197 3.273171513164852 4.023355873955801
198 6.945763766141852 6.331707559952912
199 4.025684467801232 4.496336381432908
200 7.352350126323891 6.587261197650878
201 5.517992913484228 5.434304029169393
202 2.954033832589394 3.822766766241920
203 7.350000000000000 2.600000000000000
204 6.260000000000000 0.060000000000000
205 6.366810193827455 0.308897148919024
206 6.738409753511794 1.174826398091704
207 6.740148941020132 1.178879183661592
208 6.464841387265842 0.537336810692881
209 3.940000000000000 3.350000000000000
210 7.280445930014121 4.489681552593053
211 4.412904530124177 3.511343898512955
212 5.182941417371972 3.774062365926908
213 4.947736871612783 3.693816109138479
214 5.538276381153094 3.895294294746350
215 5.487035653997647 3.877812164305079
216 5.652570207454755 3.934288659013975
217 8.067494950250618 4.758204159497270
218 5.076985257782902 3.737912617361226
219 1.740000000000000 8.750000000000000
220 5.195424056839657 6.092956318151412
221 5.489446798644120 5.866867926225976
222 3.156240741958316 7.660983585951369
223 5.912583547030932 5.541497492564234
224 4.138658366159512 6.905554874921354
225 5.967289748275659 5.499431232682898
226 6.299265877891566 5.244158634237415
227 8.555975332050382 3.508864934156858
228 5.606955491677946 5.776509774736640
229 8.760000000000000 0.930000000000000
230 9.560000000000000 1.550000000000000
231 9.377250319770457 1.408368997822104
232 0.230000000000000 7.210000000000000
233 5.240000000000000 2.780000000000000
234 4.740035470897107 3.222084403977209
235 3.281635309998368 4.511647819702042
236 5.060588421913875 2.938641375433440
237 3.287902823852402 4.506105886294184
238 4.713605530459957 3.245454590830817
239 4.612117871044171 3.335193179895076
240 2.670108963815790 5.052378700657894
241 3.323234468898326 4.474864531493097
242 2.703752949902232 5.022629627132358
243 2.832938232227198 4.908399926393916
244 4.904972070943427 3.076242260622878
245 0.660530087044280 6.829311719439889
246 6.480000000000000 3.050000000000000
247 2.043675575016357 3.488757360712668
248 5.096931015659649 3.186787042407287
249 3.099786167852498 3.384306862520083
250 4.703299047826917 3.225717676588546
251 3.943087540864511 3.300903430024389
252 4.388723132036847 3.256829580348004
253 3.542170305676856 3.340554585152838
254 5.342301755259555 3.162519606622682
255 4.937801585674254 3.202525117900349
256 6.390000000000000 7.080000000000000
257 5.567596659707725 6.400471816283925
258 3.268972471919956 4.501184881459286
259 3.179150020334441 4.426967177818712
260 3.045128565802059 4.316229111573735
261 3.356259065799857 4.573307278944798
262 3.086706473106511 4.350583738371906
263 3.487941709441282 4.682112853140043
264 5.824308485458786 6.612585401120608
265 2.709826188416585 4.039178418395061
266 5.610000000000000 6.690000000000000
267 4.680000000000000 0.340000000000000
268 4.880374937091092 1.708151452181113
269 4.715111326234269 0.579738625363020
270 4.837199891657638 1.413354098952690
271 5.258287171293814 4.288519933027654
272 4.905810548271250 1.881824711314455
273 5.146099309889269 3.522506040641785
274 4.697577588683394 0.460019019504900
275 4.825156545887910 1.331122652030352
276 5.227894953666248 4.081003178258791
277 5.307524671416560 4.624711466123822
278 1.220000000000000 2.190000000000000
279 2.860000000000000 2.180000000000000
280 4.250000000000000 9.670000000000000
281 7.320000000000000 6.670000000000000
282 6.078047242857557 7.883634616100107
283 7.210482040001571 6.777020807816054
284 4.380000000000000 4.790000000000000
285 3.149813984897783 4.470209256027292
286 2.988101295458093 4.428171531137818
287 3.338091815645061 4.519152673387826
288 3.035476724972936 4.440486923822005
289 3.692765853887634 4.611351310963764
290 2.433545086052229 4.284012891222008
291 8.130000000000001 8.039999999999999
292 0.650000000000000 7.470000000000000
293 4.424503847676003 7.757629303900443
294 7.953258915895108 8.026531762307513
295 6.440000000000000 0.240000000000000
296 5.754381457693382 0.885406311086289
297 5.247207061033214 1.362834408822107
298 5.276799056232796 1.334978014513996
299 3.548359870719361 2.962042467739253
300 3.906971082287901 2.624464171805231
301 4.391689254598258 2.168175217812198
302 6.139268796397939 0.523093009842410
303 5.184051518868606 1.422285813616357
304 4.614401345207230 1.958525419907564
305 9.850000000000000 2.090000000000000
306 4.240000000000000 0.440000000000000
307 6.748634369287021 1.177833638025594
308 5.610503348455390 0.843089220133938
309 9.186983840304183 1.894995247148289
310 5.258876342845742 1.361396559571536
311 5.047079475982533 1.387493449781659
312 6.340000000000000 6.360000000000000
313 4.340000000000000 2.530000000000000
314 4.394837040869115 2.635012933264355
315 4.793734540525161 3.398901645105685
316 6.047782147539030 5.800402812537243
317 5.161839950390383 4.103823504997584
318 5.182292483841769 4.142990106556987
319 6.040000000000000 0.210000000000000
320 4.052905076851420 3.139029529576153
321 3.264808793902201 4.300703920676626
322 5.836577357077918 0.509850259372159
323 5.212641467727675 1.429547966401415
324 4.680717285993456 2.213618026490165
325 1.490000000000000 2.240000000000000
326 5.310000000000000 3.580000000000000
327 3.706701307408649 3.017586322494133
328 5.008432136425448 3.474214414348194
329 2.330000000000000 5.720000000000000
330 3.180724817483418 4.050058691606623
331 2.529319371727749 5.328743455497382
332 2.724344529532186 4.945916293881265
333 3.070000000000000 3.720000000000000
334 4.640000000000000 8.400000000000000
335 3.209343477630243 4.135367818668495
336 3.402645593671338 4.711580495784625
337 5.571683613730204 4.020208294817282
338 5.557489984139107 3.967136462433179
339 9.039999999999999 0.650000000000000
340 1.750000000000000 0.550000000000000
341 3.560000000000000 3.520000000000000
342 1.520000000000000 7.100000000000000
343 2.753134328358209 4.935970149253731
344 5.543091787132947 3.972110673981664
345 0.860000000000000 5.590000000000000
346 8.817094380663541 2.841025892772971
347 5.171264018763296 4.100567728617095
348 1.888710105818502 5.234606773596919
349 1.023592730893703 5.533482864492573
350 9.490000000000000 1.120000000000000
351 6.120000000000000 7.750000000000000
352 2.570000000000000 4.350000000000000
353 0.660000000000000 6.830000000000000
619
1 8
8 5
5 7
7 2
2 3
3 6
6 4
4 0
9 13
13 2
2 11
11 12
12 10
14 26
26 28
28 18
18 25
25 19
19 22
22 24
24 32
32 23
23 30
30 27
27 29
29 16
16 21
21 20
20 17
17 31
31 15
33 37
37 47
47 48
48 44
44 38
38 42
42 49
49 43
43 50
50 40
40 16
16 41
41 36
36 39
39 45
45 35
35 46
46 34
51 56
56 59
59 62
62 58
58 55
55 65
65 78
78 72
72 71
71 74
74 70
70 57
57 60
60 64
64 76
76 68
68 54
54 66
66 77
77 63
63 73
73 69
69 75
75 67
67 35
35 53
53 61
61 52
79 89
89 88
88 87
87 84
84 90
90 86
86 85
85 17
17 91
91 81
81 80
80 83
83 82
82 53
53 34
93 111
111 110
110 102
102 105
105 98
98 94
94 107
107 103
103 99
99 54
54 96
96 100
100 109
109 101
101 104
104 106
106 97
97 36
36 95
95 108
108 80
80 92
112 113
113 55
55 114
114 115
115 14
116 56
56 118
118 117
117 112
120 128
128 3
3 11
11 121
121 131
131 94
94 124
124 127
127 126
126 130
130 122
122 57
57 123
123 129
129 18
18 125
125 119
132 135
135 113
113 58
58 134
134 139
139 136
136 140
140 138
138 137
137 133
1 147
147 143
143 146
146 121
121 12
12 142
142 145
145 144
144 141
149 117
117 150
150 59
59 154
154 155
155 156
156 157
157 37
37 152
152 151
151 153
153 148
158 165
165 163
163 170
170 122
122 60
60 159
159 19
19 161
161 162
162 169
169 168
168 172
172 164
164 38
38 167
167 166
166 160
160 171
171 79
173 174
174 175
175 81
81 15
177 178
178 176
180 184
184 182
182 183
183 20
20 174
174 95
95 185
185 181
181 82
82 61
61 179
187 118
118 150
150 62
62 134
134 114
114 190
190 202
202 195
195 194
194 197
197 193
193 123
123 159
159 189
189 199
199 96
96 191
191 201
201 188
188 192
192 196
196 198
198 39
39 200
200 181
181 83
83 186
204 205
205 208
208 160
160 206
206 207
207 84
84 203
209 161
161 211
211 213
213 218
218 212
212 215
215 214
214 216
216 40
40 182
182 210
210 85
85 217
217 15
219 4
4 222
222 142
142 224
224 220
220 221
221 228
228 63
63 188
188 223
223 225
225 226
226 97
97 41
41 21
21 183
183 210
210 86
86 227
227 176
229 231
231 230
232 245
245 5
5 143
143 240
240 242
242 243
243 98
98 124
124 235
235 237
237 241
241 64
64 189
189 22
22 211
211 239
239 238
238 234
234 244
244 236
236 42
42 233
149 247
247 65
65 190
190 115
115 249
249 253
253 125
125 251
251 162
162 252
252 250
250 234
234 255
255 248
248 254
254 43
43 246
112 135
135 247
247 265
265 260
260 262
262 259
259 163
163 126
126 258
258 235
235 261
261 263
263 99
99 220
220 257
257 264
264 256
267 274
274 269
269 275
275 270
270 268
268 151
151 272
272 44
44 164
164 236
236 248
248 273
273 212
212 23
23 276
276 271
271 277
277 100
100 191
191 66
66 221
221 257
257 266
278 279
280 282
282 283
283 67
67 45
45 281
149 290
290 286
286 288
288 285
285 165
165 127
127 258
258 237
237 287
287 289
289 68
68 284
292 13
13 128
128 6
6 222
222 293
293 144
144 282
282 294
294 46
46 291
14 249
249 299
299 136
136 300
300 301
301 304
304 47
47 152
152 268
268 303
303 297
297 298
298 296
296 302
302 205
205 295
306 269
269 308
308 296
296 166
166 206
206 307
307 87
87 309
309 305
116 270
270 311
311 297
297 310
310 167
167 207
207 307
307 88
88 229
313 314
314 137
137 168
168 250
250 238
238 315
315 213
213 24
24 317
317 318
318 271
271 101
101 223
223 192
192 316
316 69
69 312
158 285
285 259
259 321
321 70
70 193
193 129
129 25
25 251
251 320
320 138
138 314
314 324
324 48
48 272
272 153
153 323
323 310
310 298
298 308
308 322
322 319
325 154
154 139
139 299
299 327
327 320
320 169
169 252
252 239
239 315
315 328
328 273
273 326
329 331
331 240
240 332
332 102
102 286
286 260
260 330
330 71
71 194
194 26
26 253
253 327
327 140
140 300
300 155
155 33
333 195
195 72
72 330
330 335
335 321
321 170
170 130
130 241
241 287
287 261
261 336
336 103
103 224
224 145
145 293
293 334
233 49
49 254
254 214
214 338
338 337
337 27
27 104
104 225
225 196
196 316
316 73
73 256
313 301
301 156
156 33
306 274
274 322
322 302
302 208
208 171
171 89
89 339
340 275
275 311
311 303
303 323
323 148
342 7
7 146
146 331
331 242
242 343
343 105
105 288
288 262
262 335
335 74
74 197
197 28
28 341
326 215
215 344
344 337
337 29
29 106
106 226
226 198
198 75
75 283
283 294
294 34
345 349
349 348
348 332
332 343
343 243
243 131
131 107
107 336
336 263
263 289
289 76
76 199
199 317
317 347
347 276
276 30
30 344
344 338
338 216
216 50
50 184
184 90
90 346
346 176
281 200
200 185
185 108
108 175
175 91
91 31
31 217
217 227
227 178
178 346
346 309
309 231
231 350
33 157
157 304
304 324
324 172
172 244
244 255
255 328
328 218
218 32
32 347
347 318
318 277
277 109
109 201
201 77
77 228
228 264
264 351
353 245
245 8
8 147
147 348
348 110
110 352
1 349
349 111
111 290
290 265
265 78
78 202
202 333
586
0 0.300000000000000 3.700000000000000
1 0.400000000000000 3.600000000000000
2 0.400000000000000 3.600000000000000
3 0.700000000000000 5.400000000000000
4 0.700000000000000 3.500000000000000
5 0.700000000000000 6.600000000000000
6 0.700000000000000 5.800000000000000
7 0.800000000000000 4.500000000000000
8 0.800000000000000 5.300000000000000
9 0.800000000000000 4.400000000000000
10 0.800000000000000 6.500000000000000
11 0.800000000000000 6.400000000000000
12 0.900000000000000 6.200000000000000
13 0.900000000000000 4.300000000000000
14 0.900000000000000 5.700000000000000
15 0.900000000000000 5.400000000000000
16 1.000000000000000 6.300000000000000
17 1.000000000000000 3.500000000000000
18 1.000000000000000 6.100000000000000
19 1.100000000000000 2.800000000000000
20 1.100000000000000 3.000000000000000
21 1.100000000000000 4.100000000000000
22 1.200000000000000 2.500000000000000
23 1.200000000000000 6.200000000000000
24 1.200000000000000 5.500000000000000
25 1.200000000000000 7.200000000000000
26 1.200000000000000 4.100000000000000
27 1.200000000000000 5.700000000000000
28 1.200000000000000 3.300000000000000
29 1.200000000000000 4.400000000000000
30 1.200000000000000 2.500000000000000
31 1.200000000000000 5.600000000000000
32 1.200000000000000 2.900000000000000
33 1.300000000000000 5.500000000000000
34 1.300000000000000 5.700000000000000
35 1.300000000000000 6.400000000000000
36 1.300000000000000 2.400000000000000
37 1.400000000000000 3.000000000000000
38 1.400000000000000 5.300000000000000
39 1.400000000000000 5.200000000000000
40 1.400000000000000 4.900000000000000
41 1.400000000000000 6.300000000000000
42 1.400000000000000 3.800000000000000
43 1.400000000000000 3.600000000000000
44 1.400000000000000 4.000000000000000
45 1.500000000000000 4.200000000000000
46 1.500000000000000 5.600000000000000
47 1.500000000000000 6.300000000000000
48 1.500000000000000 4.100000000000000
49 1.500000000000000 4.400000000000000
50 1.500000000000000 6.600000000000000
51 1.500000000000000 5.500000000000000
52 1.600000000000000 3.400000000000000
53 1.600000000000000 5.000000000000000
54 1.600000000000000 7.400000000000000
55 1.600000000000000 7.000000000000000
56 1.700000000000000 7.500000000000000
57 1.700000000000000 4.400000000000000
58 1.700000000000000 6.800000000000000
59 1.700000000000000 4.000000000000000
60 1.700000000000000 7.500000000000000
61 1.700000000000000 6.800000000000000
62 1.800000000000000 3.300000000000000
63 1.800000000000000 4.600000000000000
64 1.800000000000000 2.600000000000000
65 1.800000000000000 2.100000000000000
66 1.800000000000000 3.300000000000000
67 1.900000000000000 4.100000000000000
68 1.900000000000000 3.600000000000000
69 1.900000000000000 1.800000000000000
70 2.000000000000000 4.900000000000000
71 2.000000000000000 2.100000000000000
72 2.000000000000000 7.500000000000000
73 2.000000000000000 3.400000000000000
74 2.000000000000000 5.700000000000000
75 2.000000000000000 4.500000000000000
76 2.000000000000000 2.300000000000000
77 2.000000000000000 6.300000000000000
78 2.100000000000000 3.200000000000000
79 2.100000000000000 5.800000000000000
80 2.100000000000000 5.200000000000000
81 2.100000000000000 2.200000000000000
82 2.100000000000000 2.400000000000000
83 2.100000000000000 5.700000000000000
84 2.100000000000000 3.900000000000000
85 2.100000000000000 5.000000000000000
86 2.100000000000000 2.700000000000000
87 2.200000000000000 6.000000000000000
88 2.200000000000000 1.900000000000000
89 2.200000000000000 7.200000000000000
90 2.200000000000000 1.900000000000000
91 2.200000000000000 1.800000000000000
92 2.300000000000000 4.800000000000000
93 2.400000000000000 2.300000000000000
94 2.400000000000000 5.900000000000000
95 2.400000000000000 2.300000000000000
96 2.400000000000000 5.400000000000000
97 2.400000000000000 7.000000000000000
98 2.500000000000000 4.800000000000000
99 2.500000000000000 6.500000000000000
100 2.500000000000000 3.200000000000000
101 2.500000000000000 7.100000000000000
102 2.500000000000000 6.100000000000000
103 2.500000000000000 1.800000000000000
104 2.500000000000000 5.700000000000000
105 2.500000000000000 3.900000000000000
106 2.500000000000000 4.000000000000000
107 2.500000000000000 6.000000000000000
108 2.600000000000000 4.800000000000000
109 2.600000000000000 7.600000000000000
110 2.600000000000000 2.500000000000000
111 2.600000000000000 6.000000000000000
112 2.600000000000000 2.800000000000000
113 2.600000000000000 2.700000000000000
114 2.600000000000000 2.500000000000000
115 2.700000000000000 7.500000000000000
116 2.700000000000000 3.100000000000000
117 2.700000000000000 5.700000000000000
118 2.700000000000000 6.700000000000000
119 2.700000000000000 2.600000000000000
120 2.700000000000000 4.600000000000000
121 2.700000000000000 2.500000000000000
122 2.800000000000000 2.300000000000000
123 2.800000000000000 3.500000000000000
124 2.800000000000000 1.800000000000000
125 2.800000000000000 5.300000000000000
126 2.800000000000000 3.500000000000000
127 2.900000000000000 4.500000000000000
128 2.900000000000000 6.600000000000000
129 2.900000000000000 7.000000000000000
130 2.900000000000000 2.400000000000000
131 2.900000000000000 2.100000000000000
132 2.900000000000000 5.600000000000000
133 2.900000000000000 7.800000000000000
134 2.900000000000000 6.900000000000000
135 3.000000000000000 7.200000000000000
136 3.000000000000000 6.800000000000000
137 3.000000000000000 2.800000000000000
138 3.000000000000000 2.600000000000000
139 3.000000000000000 6.500000000000000
140 3.000000000000000 7.000000000000000
141 3.100000000000000 6.000000000000000
142 3.100000000000000 3.900000000000000
143 3.100000000000000 7.300000000000000
144 3.100000000000000 6.000000000000000
145 3.100000000000000 4.400000000000000
146 3.100000000000000 2.100000000000000
147 3.200000000000000 2.700000000000000
148 3.200000000000000 3.400000000000000
149 3.200000000000000 3.100000000000000
150 3.200000000000000 4.700000000000000
151 3.200000000000000 3.800000000000000
152 3.200000000000000 4.000000000000000
153 3.200000000000000 5.000000000000000
154 3.300000000000000 6.600000000000000
155 3.300000000000000 6.900000000000000
156 3.300000000000000 2.000000000000000
157 3.300000000000000 3.300000000000000
158 3.300000000000000 6.600000000000000
159 3.300000000000000 6.500000000000000
160 3.400000000000000 5.800000000000000
161 3.400000000000000 4.900000000000000
162 3.400000000000000 4.700000000000000
163 3.400000000000000 5.900000000000000
164 3.400000000000000 6.600000000000000
165 3.400000000000000 5.600000000000000
166 3.400000000000000 1.700000000000000
167 3.400000000000000 5.200000000000000
168 3.400000000000000 2.500000000000000
169 3.400000000000000 4.500000000000000
170 3.500000000000000 7.500000000000000
171 3.500000000000000 6.000000000000000
172 3.500000000000000 5.700000000000000
173 3.500000000000000 7.000000000000000
174 3.500000000000000 5.700000000000000
175 3.500000000000000 2.600000000000000
176 3.500000000000000 5.200000000000000
177 3.500000000000000 6.500000000000000
178 3.600000000000000 5.800000000000000
179 3.600000000000000 5.100000000000000
180 3.600000000000000 4.400000000000000
181 3.600000000000000 2.300000000000000
182 3.600000000000000 7.400000000000000
183 3.600000000000000 4.000000000000000
184 3.600000000000000 3.700000000000000
185 3.700000000000000 5.400000000000000
186 3.700000000000000 7.200000000000000
187 3.800000000000000 4.100000000000000
188 3.800000000000000 6.900000000000000
189 3.800000000000000 2.100000000000000
190 3.900000000000000 5.100000000000000
191 3.900000000000000 4.100000000000000
192 3.900000000000000 2.700000000000000
193 3.900000000000000 4.600000000000000
194 3.900000000000000 3.800000000000000
195 4.000000000000000 4.100000000000000
196 4.000000000000000 3.000000000000000
197 4.000000000000000 2.000000000000000
198 4.000000000000000 3.400000000000000
199 4.000000000000000 2.400000000000000
200 4.000000000000000 1.800000000000000
201 4.000000000000000 5.700000000000000
202 4.100000000000000 4.800000000000000
203 4.100000000000000 2.600000000000000
204 4.100000000000000 1.900000000000000
205 4.100000000000000 5.400000000000000
206 4.100000000000000 7.400000000000000
207 4.200000000000000 4.900000000000000
208 4.200000000000000 5.800000000000000
209 4.200000000000000 2.100000000000000
210 4.200000000000000 5.100000000000000
211 4.200000000000000 7.600000000000000
212 4.200000000000000 2.400000000000000
213 4.200000000000000 4.500000000000000
214 4.200000000000000 1.500000000000000
215 4.200000000000000 2.700000000000000
216 4.200000000000000 4.100000000000000
217 4.200000000000000 6.000000000000000
218 4.200000000000000 4.400000000000000
219 4.300000000000000 5.600000000000000
220 4.300000000000000 1.300000000000000
221 4.300000000000000 5.000000000000000
222 4.400000000000000 6.200000000000000
223 4.400000000000000 5.000000000000000
224 4.400000000000000 5.700000000000000
225 4.400000000000000 7.600000000000000
226 4.400000000000000 6.100000000000000
227 4.500000000000000 2.100000000000000
228 4.500000000000000 5.800000000000000
229 4.500000000000000 5.800000000000000
230 4.500000000000000 2.600000000000000
231 4.500000000000000 3.800000000000000
232 4.500000000000000 6.500000000000000
233 4.500000000000000 4.700000000000000
234 4.600000000000000 5.700000000000000
235 4.600000000000000 4.300000000000000
236 4.600000000000000 7.500000000000000
237 4.600000000000000 4.100000000000000
238 4.600000000000000 6.300000000000000
239 4.600000000000000 2.600000000000000
240 4.600000000000000 2.900000000000000
241 4.600000000000000 1.900000000000000
242 4.600000000000000 1.200000000000000
243 4.600000000000000 7.300000000000000
244 4.600000000000000 5.100000000000000
245 4.600000000000000 1.500000000000000
246 4.600000000000000 1.100000000000000
247 4.700000000000000 2.300000000000000
248 4.700000000000000 3.800000000000000
249 4.700000000000000 0.900000000000000
250 4.700000000000000 6.600000000000000
251 4.700000000000000 1.300000000000000
252 4.700000000000000 7.600000000000000
253 4.700000000000000 2.600000000000000
254 4.800000000000000 4.000000000000000
255 4.800000000000000 5.300000000000000
256 4.800000000000000 5.800000000000000
257 4.800000000000000 2.400000000000000
258 4.800000000000000 6.200000000000000
259 4.800000000000000 0.900000000000000
260 4.800000000000000 5.900000000000000
261 4.800000000000000 3.700000000000000
262 4.900000000000000 6.300000000000000
263 4.900000000000000 6.000000000000000
264 4.900000000000000 3.600000000000000
265 5.000000000000000 3.000000000000000
266 5.000000000000000 3.100000000000000
267 5.000000000000000 3.200000000000000
268 5.000000000000000 3.900000000000000
269 5.000000000000000 7.000000000000000
270 5.000000000000000 1.300000000000000
271 5.000000000000000 2.600000000000000
272 5.000000000000000 4.000000000000000
273 5.000000000000000 5.500000000000000
274 5.000000000000000 4.300000000000000
275 5.000000000000000 1.800000000000000
276 5.000000000000000 5.500000000000000
277 5.000000000000000 4.100000000000000
278 5.000000000000000 5.900000000000000
279 5.000000000000000 0.800000000000000
280 5.100000000000000 3.400000000000000
281 5.100000000000000 5.400000000000000
282 5.100000000000000 6.800000000000000
283 5.100000000000000 3.500000000000000
284 5.100000000000000 3.500000000000000
285 5.100000000000000 3.200000000000000
286 5.100000000000000 3.200000000000000
287 5.100000000000000 4.200000000000000
288 5.200000000000000 1.300000000000000
289 5.200000000000000 0.900000000000000
290 5.200000000000000 4.800000000000000
291 5.200000000000000 2.100000000000000
292 5.200000000000000 5.100000000000000
293 5.300000000000000 4.100000000000000
294 5.300000000000000 3.800000000000000
295 5.300000000000000 3.300000000000000
296 5.300000000000000 5.500000000000000
297 5.300000000000000 2.200000000000000
298 5.300000000000000 1.500000000000000
299 5.300000000000000 1.000000000000000
300 5.300000000000000 4.200000000000000
301 5.400000000000000 5.900000000000000
302 5.400000000000000 0.700000000000000
303 5.400000000000000 3.900000000000000
304 5.400000000000000 1.700000000000000
305 5.400000000000000 3.400000000000000
306 5.400000000000000 2.500000000000000
307 5.400000000000000 6.900000000000000
308 5.400000000000000 4.200000000000000
309 5.500000000000000 3.500000000000000
310 5.500000000000000 1.400000000000000
311 5.500000000000000 7.800000000000000
312 5.500000000000000 2.400000000000000
313 5.600000000000000 3.200000000000000
314 5.600000000000000 5.700000000000000
315 5.600000000000000 5.200000000000000
316 5.600000000000000 5.500000000000000
317 5.600000000000000 7.400000000000000
318 5.600000000000000 6.100000000000000
319 5.600000000000000 5.400000000000000
320 5.600000000000000 6.400000000000000
321 5.700000000000000 6.400000000000000
322 5.700000000000000 1.400000000000000
323 5.700000000000000 2.300000000000000
324 5.700000000000000 2.300000000000000
325 5.700000000000000 1.300000000000000
326 5.700000000000000 5.200000000000000
327 5.700000000000000 1.800000000000000
328 5.700000000000000 5.400000000000000
329 5.800000000000000 6.700000000000000
330 5.800000000000000 0.600000000000000
331 5.800000000000000 2.100000000000000
332 5.800000000000000 6.800000000000000
333 5.800000000000000 4.800000000000000
334 5.800000000000000 7.800000000000000
335 5.800000000000000 1.800000000000000
336 5.900000000000000 2.900000000000000
337 5.900000000000000 1.800000000000000
338 5.900000000000000 5.800000000000000
339 5.900000000000000 2.900000000000000
340 5.900000000000000 6.100000000000000
341 5.900000000000000 1.400000000000000
342 5.900000000000000 5.900000000000000
343 6.000000000000000 2.100000000000000
344 6.000000000000000 6.800000000000000
345 6.000000000000000 7.400000000000000
346 6.000000000000000 5.300000000000000
347 6.000000000000000 5.800000000000000
348 6.100000000000000 6.100000000000000
349 6.100000000000000 1.600000000000000
350 6.100000000000000 7.500000000000000
351 6.100000000000000 7.200000000000000
352 6.100000000000000 7.000000000000000
353 6.100000000000000 4.100000000000000
354 6.100000000000000 4.000000000000000
355 6.100000000000000 0.800000000000000
356 6.200000000000000 7.700000000000000
357 6.200000000000000 1.600000000000000
358 6.200000000000000 5.700000000000000
359 6.200000000000000 6.800000000000000
360 6.200000000000000 2.100000000000000
361 6.200000000000000 4.100000000000000
362 6.200000000000000 4.300000000000000
363 6.200000000000000 3.800000000000000
364 6.200000000000000 5.800000000000000
365 6.300000000000000 0.400000000000000
366 6.300000000000000 6.700000000000000
367 6.300000000000000 7.000000000000000
368 6.300000000000000 1.900000000000000
369 6.400000000000000 6.400000000000000
370 6.400000000000000 7.600000000000000
371 6.400000000000000 3.600000000000000
372 6.400000000000000 3.300000000000000
373 6.400000000000000 6.200000000000000
374 6.400000000000000 2.900000000000000
375 6.400000000000000 4.200000000000000
376 6.400000000000000 5.500000000000000
377 6.400000000000000 1.800000000000000
378 6.500000000000000 3.700000000000000
379 6.500000000000000 5.400000000000000
380 6.500000000000000 4.300000000000000
381 6.600000000000000 3.500000000000000
382 6.600000000000000 3.300000000000000
383 6.600000000000000 4.100000000000000
384 6.600000000000000 0.700000000000000
385 6.600000000000000 2.400000000000000
386 6.600000000000000 5.100000000000000
387 6.700000000000000 0.900000000000000
388 6.700000000000000 7.300000000000000
389 6.700000000000000 7.800000000000000
390 6.800000000000000 5.500000000000000
391 6.800000000000000 7.100000000000000
392 6.900000000000000 6.800000000000000
393 6.900000000000000 6.400000000000000
394 6.900000000000000 0.700000000000000
395 6.900000000000000 6.500000000000000
396 6.900000000000000 1.000000000000000
397 7.000000000000000 4.200000000000000
398 7.000000000000000 6.000000000000000
399 7.000000000000000 4.900000000000000
400 7.000000000000000 2.000000000000000
401 7.000000000000000 5.900000000000000
402 7.000000000000000 4.700000000000000
403 7.100000000000000 5.200000000000000
404 7.100000000000000 7.800000000000000
405 7.100000000000000 4.900000000000000
406 7.100000000000000 3.700000000000000
407 7.100000000000000 1.700000000000000
408 7.100000000000000 2.300000000000000
409 7.200000000000000 4.900000000000000
410 7.300000000000000 5.000000000000000
411 7.300000000000000 3.700000000000000
412 7.300000000000000 5.200000000000000
413 7.300000000000000 4.200000000000000
414 7.300000000000000 2.600000000000000
415 7.300000000000000 7.300000000000000
416 7.300000000000000 3.300000000000000
417 7.300000000000000 4.800000000000000
418 7.300000000000000 6.300000000000000
419 7.300000000000000 5.300000000000000
420 7.300000000000000 6.100000000000000
421 7.300000000000000 6.800000000000000
422 7.400000000000000 5.800000000000000
423 7.400000000000000 1.800000000000000
424 7.400000000000000 3.400000000000000
425 7.400000000000000 5.200000000000000
426 7.400000000000000 6.100000000000000
427 7.400000000000000 1.100000000000000
428 7.400000000000000 4.600000000000000
429 7.400000000000000 3.300000000000000
430 7.400000000000000 5.400000000000000
431 7.400000000000000 5.900000000000000
432 7.400000000000000 3.600000000000000
433 7.400000000000000 3.300000000000000
434 7.400000000000000 5.200000000000000
435 7.500000000000000 4.800000000000000
436 7.500000000000000 1.800000000000000
437 7.500000000000000 6.000000000000000
438 7.500000000000000 1.800000000000000
439 7.500000000000000 7.400000000000000
440 7.500000000000000 1.100000000000000
441 7.600000000000000 6.900000000000000
442 7.600000000000000 4.700000000000000
443 7.600000000000000 7.900000000000000
444 7.600000000000000 5.700000000000000
445 7.600000000000000 7.900000000000000
446 7.600000000000000 5.100000000000000
447 7.600000000000000 3.000000000000000
448 7.600000000000000 1.300000000000000
449 7.600000000000000 3.200000000000000
450 7.600000000000000 4.100000000000000
451 7.600000000000000 4.700000000000000
452 7.600000000000000 4.200000000000000
453 7.600000000000000 1.100000000000000
454 7.600000000000000 4.600000000000000
455 7.600000000000000 3.400000000000000
456 7.600000000000000 7.200000000000000
457 7.700000000000000 1.200000000000000
458 7.700000000000000 7.700000000000000
459 7.700000000000000 1.400000000000000
460 7.700000000000000 6.400000000000000
461 7.700000000000000 7.300000000000000
462 7.700000000000000 3.500000000000000
463 7.700000000000000 2.200000000000000
464 7.700000000000000 6.600000000000000
465 7.700000000000000 1.200000000000000
466 7.700000000000000 5.900000000000000
467 7.800000000000000 3.700000000000000
468 7.800000000000000 4.600000000000000
469 7.800000000000000 5.600000000000000
470 7.800000000000000 3.600000000000000
471 7.800000000000000 4.100000000000000
472 7.800000000000000 5.500000000000000
473 7.800000000000000 3.500000000000000
474 7.800000000000000 2.900000000000000
475 7.800000000000000 3.900000000000000
476 7.900000000000000 7.100000000000000
477 7.900000000000000 6.600000000000000
478 7.900000000000000 2.100000000000000
479 7.900000000000000 6.600000000000000
480 7.900000000000000 6.400000000000000
481 7.900000000000000 1.200000000000000
482 7.900000000000000 3.900000000000000
483 7.900000000000000 3.700000000000000
484 7.900000000000000 5.300000000000000
485 8.000000000000000 6.200000000000000
486 8.000000000000000 5.400000000000000
487 8.000000000000000 3.200000000000000
488 8.100000000000000 4.600000000000000
489 8.100000000000000 4.700000000000000
490 8.100000000000000 2.300000000000000
491 8.100000000000000 5.400000000000000
492 8.100000000000000 6.900000000000000
493 8.100000000000000 2.400000000000000
494 8.100000000000000 4.500000000000000
495 8.199999999999999 7.700000000000000
496 8.199999999999999 5.600000000000000
497 8.199999999999999 5.100000000000000
498 8.199999999999999 8.300000000000001
499 8.199999999999999 1.300000000000000
500 8.199999999999999 5.300000000000000
501 8.199999999999999 5.000000000000000
502 8.199999999999999 1.300000000000000
503 8.199999999999999 7.100000000000000
504 8.199999999999999 2.800000000000000
505 8.199999999999999 2.800000000000000
506 8.199999999999999 6.000000000000000
507 8.300000000000001 4.800000000000000
508 8.300000000000001 1.400000000000000
509 8.300000000000001 5.800000000000000
510 8.300000000000001 7.800000000000000
511 8.300000000000001 1.300000000000000
512 8.300000000000001 1.100000000000000
513 8.300000000000001 8.000000000000000
514 8.300000000000001 7.100000000000000
515 8.400000000000000 2.000000000000000
516 8.400000000000000 4.800000000000000
517 8.400000000000000 6.700000000000000
518 8.400000000000000 4.800000000000000
519 8.400000000000000 7.400000000000000
520 8.400000000000000 6.400000000000000
521 8.500000000000000 5.600000000000000
522 8.500000000000000 5.500000000000000
523 8.500000000000000 2.100000000000000
524 8.500000000000000 8.500000000000000
525 8.500000000000000 7.500000000000000
526 8.500000000000000 1.500000000000000
527 8.500000000000000 7.300000000000000
528 8.500000000000000 8.100000000000000
529 8.500000000000000 3.400000000000000
530 8.500000000000000 4.300000000000000
531 8.600000000000000 2.800000000000000
532 8.600000000000000 5.100000000000000
533 8.600000000000000 5.800000000000000
534 8.600000000000000 4.400000000000000
535 8.600000000000000 2.100000000000000
536 8.600000000000000 2.500000000000000
537 8.600000000000000 6.800000000000000
538 8.600000000000000 1.000000000000000
539 8.600000000000000 8.800000000000001
540 8.600000000000000 3.700000000000000
541 8.600000000000000 3.300000000000000
542 8.600000000000000 7.800000000000000
543 8.600000000000000 1.100000000000000
544 8.600000000000000 1.400000000000000
545 8.699999999999999 6.900000000000000
546 8.699999999999999 2.200000000000000
547 8.699999999999999 1.400000000000000
548 8.699999999999999 4.900000000000000
549 8.699999999999999 6.600000000000000
550 8.699999999999999 8.100000000000000
551 8.699999999999999 4.800000000000000
552 8.699999999999999 3.000000000000000
553 8.699999999999999 3.000000000000000
554 8.800000000000001 3.800000000000000
555 8.800000000000001 5.200000000000000
556 8.800000000000001 2.800000000000000
557 8.900000000000000 3.400000000000000
558 8.900000000000000 5.100000000000000
559 8.900000000000000 2.300000000000000
560 8.900000000000000 2.000000000000000
561 8.900000000000000 2.800000000000000
562 9.000000000000000 3.400000000000000
563 9.000000000000000 3.200000000000000
564 9.100000000000000 2.700000000000000
565 9.100000000000000 2.500000000000000
566 9.100000000000000 3.400000000000000
567 9.199999999999999 2.200000000000000
568 9.199999999999999 4.800000000000000
569 9.199999999999999 4.700000000000000
570 9.199999999999999 4.300000000000000
571 9.199999999999999 1.500000000000000
572 9.199999999999999 2.700000000000000
573 9.199999999999999 2.800000000000000
574 9.300000000000001 2.000000000000000
575 9.300000000000001 2.200000000000000
576 9.400000000000000 4.000000000000000
577 9.400000000000000 4.100000000000000
578 9.500000000000000 2.700000000000000
579 9.500000000000000 3.200000000000000
580 9.500000000000000 4.700000000000000
581 9.500000000000000 3.800000000000000
582 9.600000000000000 4.600000000000000
583 9.699999999999999 2.700000000000000
584 9.699999999999999 4.300000000000000
585 9.800000000000001 4.700000000000000
