364
0 3.400000000000000 0.550000000000000
1 0.130000000000000 3.600000000000000
2 1.774286559430917 2.066338224384006
3 2.886311063712674 1.029128824365855
4 1.912605691212859 1.937324966911553
5 1.595547599306550 2.233051933368508
6 2.547897249562583 1.344774736646520
7 2.570128019939389 1.324039614429622
8 1.416729420328216 2.399839531498147
9 1.667593603610791 2.165853060852320
10 3.390000000000000 5.460000000000000
11 2.080000000000000 7.160000000000000
12 2.253898919242524 6.934329646784510
13 2.419755221562505 6.719096277361635
14 3.075922745499955 5.867581169961890
15 2.975631730380297 5.997729815537019
16 3.065700297804104 5.880846941780934
17 6.830000000000000 1.590000000000000
18 0.850000000000000 6.700000000000000
19 2.099409792924720 5.632360528119512
20 1.669297163134074 5.999898243542622
21 3.674013120457834 4.286838286699075
22 4.233316857501583 3.808904825780419
23 5.571712019885187 2.665226016452625
24 1.869847108969608 5.828525296515937
25 4.195754124493442 3.841002746461290
26 3.015298984351946 4.849719429759458
27 2.203716579162999 5.543228809444327
28 2.333995166700390 5.431903795679099
29 2.792905122365573 5.039758331891626
30 2.885639801891039 4.960515152564681
31 1.989908524947099 5.725931009618783
32 1.770192803579076 5.913681400286107
33 1.410052891442270 6.221426375372911
34 3.816349137287737 4.165210018137068
35 6.763092952941346 1.647173078673867
36 2.246142844530767 5.506974927165181
37 1.334318928803591 6.286142186256463
38 3.807598099856500 4.172687911326637
39 2.031585380072699 5.690317509670319
40 1.800000000000000 6.210000000000000
41 4.910000000000000 0.210000000000000
42 3.127778127514917 3.648370171996944
43 4.054772947674664 1.859955727958847
44 3.658950087615853 2.623601117139833
45 4.072495705582125 1.825763912060210
46 1.921155792798921 5.976258920645169
47 3.380339285196205 3.161113919235618
48 2.548182543590092 4.766561009150948
49 2.188510196833467 5.460462642765015
50 2.233807942133998 5.373071494275246
51 2.749088781943210 4.378960549305705
52 2.822837626268043 4.236679820704742
53 1.922326286865727 5.974000732734932
54 4.624574565735780 0.760660001795923
55 2.225673563506224 5.388764829248442
56 4.117661631589273 1.738627077319731
57 2.066075005557757 5.696672015001111
58 4.613247083141366 0.782513665965211
59 2.760000000000000 8.240000000000000
60 2.701160955180605 8.192559094752950
61 2.686893533638145 8.181055519268453
62 2.688611088706425 8.182440354244971
63 1.567037770961050 7.278135166115193
64 1.677816362211370 7.367454030264666
65 1.662969667943806 7.355483397190294
66 2.691463297000097 8.184740040513168
67 2.093162536611051 7.702340474545036
68 2.673645972849336 8.170374239888993
69 3.380000000000000 7.750000000000000
70 4.890000000000000 5.990000000000000
71 4.352085015920759 6.616973756277791
72 3.414426942162545 7.709873232976106
73 4.721855093605640 6.185983467055677
74 9.449999999999999 9.740000000000000
75 2.690000000000000 8.190000000000000
76 7.371533722225863 9.263428590155339
77 3.175498275786808 8.301319870927449
78 3.343008940371917 8.339728381298293
79 4.125478863509125 8.519140863674430
80 4.434787860516533 8.590062305295950
81 6.581608331406681 9.082306644035556
82 3.645084677333675 8.408991309151952
83 7.510000000000000 9.590000000000000
84 5.920000000000000 5.840000000000000
85 6.878461055276381 8.100521356783920
86 6.031289778206364 6.102475891996143
87 5.942593823524573 5.893287319633426
88 6.827403550436383 7.980102713293356
89 6.817106246213906 7.955816618429024
90 6.180657845407432 6.454759069357150
91 6.473639391366813 7.145753281525502
92 0.730000000000000 4.490000000000000
93 1.171230941390404 5.199268429150930
94 0.833355363497712 4.656141331977631
95 1.404877888009078 5.574850436799640
96 1.232564987918562 5.297861475906473
97 0.400000000000000 0.460000000000000
98 6.500000000000000 7.590000000000000
99 2.589423353016816 3.019112870001623
100 4.360458341291446 5.089191471050493
101 1.507659726027398 1.754690794520548
102 4.471939738103290 5.219496775848600
103 2.664758486491996 3.107168526014414
104 2.731618220043184 3.185317689984902
105 4.145196575552464 4.837582226834273
106 2.694024943341138 3.141376696069233
107 1.969981044696532 2.295076204702668
108 4.621900541765691 5.394778829965471
109 1.331069924919478 1.548283371258341
110 3.787515102857629 4.419505357930310
111 1.618914494172080 1.884731203843759
112 5.016097841175626 5.855537312718395
113 5.113562406574904 5.969459009652306
114 3.750855261322097 4.376655412004354
115 5.327954221414509 6.220051409620566
116 5.406769470319307 6.312174807110927
117 6.217714460240988 7.260049852707907
118 4.867039480188450 5.681310080941582
119 2.775683191260448 3.236823139948688
120 4.080000000000000 1.840000000000000
121 3.501129866060939 2.297912195504034
122 1.259498702937671 4.071142817079156
123 2.907892111959288 2.767189821882952
124 0.778624981256560 4.451535462588094
125 1.847759004001779 3.605802578923966
126 2.655456070348438 2.966878033903474
127 2.708991408641074 2.924529184209300
128 2.765218535963307 2.880051008864847
129 1.560867964659686 3.832746236910995
130 1.908601466159004 3.557673467068251
131 0.772066420664207 4.456723577683539
132 3.446007434475807 2.341516507056451
133 2.470000000000000 0.170000000000000
134 5.140000000000000 5.680000000000000
135 4.284881056822782 3.915316338237278
136 4.900278044050575 5.185292892403996
137 4.791304178700262 4.960406750800915
138 4.565400353624653 4.494215711038141
139 3.131578038861977 1.535279024018537
140 3.108492530185848 1.487638142817986
141 4.833381424069861 5.047240317087990
142 3.928156084535424 3.179153567711681
143 4.027157680060109 3.383460231135282
144 5.043564649868246 5.480989221263684
145 3.492298942281390 2.279688079389684
146 4.800000000000000 3.040000000000000
147 8.630000000000001 1.180000000000000
148 8.608453125703228 1.190464017282506
149 6.581176210828457 2.174990143044144
150 7.251293718094756 1.849554486773826
151 7.737257058796791 1.613551402255344
152 3.680439596760866 1.082010411502231
153 3.973195988412830 1.637386507430221
154 0.950000000000000 3.180000000000000
155 1.432009249971149 4.567854219744516
156 1.577894727114791 4.987903783244313
157 2.276819934464199 7.000326363026227
158 1.921466981427706 5.977154929283223
159 1.717502513284504 5.389877926181245
160 1.807508352368333 5.649032669750200
161 2.360244898567575 7.240532725185947
162 2.680487477770754 8.162610496339930
163 1.542004363239705 4.884564287259152
164 1.580000000000000 1.660000000000000
165 8.800000000000001 7.680000000000000
166 6.054435201015211 5.390761760403264
167 5.169914288289229 4.653252633725922
168 2.626666859343882 2.532705608483402
169 2.678764469658973 2.576144336197647
170 4.774374772287100 4.323453757502540
171 8.055917553191490 7.059587765957446
172 2.816683806070131 2.691140791210829
173 2.170831302087833 2.152632193707583
174 5.105705125197455 4.599715353696491
175 3.882706588068526 3.579985271492039
176 7.269136663286006 6.403573782961462
177 6.586208605354529 5.834151773439648
178 3.955581403212173 3.640747928994083
179 5.850587825374053 5.220794835007173
180 7.160539218765705 6.313025775203537
181 7.656682706375786 6.726707741327179
182 7.571315507572098 6.655528996618286
183 5.517550420786138 4.943109907636088
184 3.042974233582642 2.879820621352840
185 7.960000000000000 5.730000000000000
186 0.770000000000000 4.450000000000000
187 2.044548851041027 4.676901603523298
188 4.583594086617666 5.128915219870740
189 2.777496834533100 4.807384693769453
190 2.873841878575795 4.824536523585121
191 3.930873683285816 5.012714647372162
192 2.265006030134900 4.716148500496895
193 4.764124494710816 5.161054152048657
194 1.638511752629153 4.604616834960406
195 3.724419758926643 4.975960680309611
196 2.104247525921139 4.687529462194584
197 7.878220785941575 5.715441252573744
198 3.590751272879446 4.952164343433337
199 5.786627204268608 5.343085232470629
200 7.841247097582562 5.708859010418037
201 7.306735932436414 5.613702641657665
202 5.249370911544364 5.247440162277718
203 1.738302560733725 4.622382097043000
204 6.030000000000000 4.590000000000000
205 7.440000000000000 5.420000000000000
206 6.145077722861021 4.657740787216062
207 7.357395687929904 5.371374766653773
208 1.290000000000000 0.570000000000000
209 2.165034155721174 5.332685904710960
210 2.446181192291606 6.862929060901457
211 2.137648698075416 5.183630770953336
212 1.648793867319575 2.522863763553690
213 2.237718478272126 5.728296288881142
214 2.478112942520891 7.036729015720850
215 2.684194845505576 8.158403373394636
216 1.976163125893268 4.304687870933359
217 8.869999999999999 9.270000000000000
218 3.422338204799541 6.071004498641500
219 2.838553992202068 5.728192639155514
220 2.958349349605905 5.798539298662927
221 2.964662987623218 5.802246815827885
222 2.106418504109199 5.298265411503928
223 4.002941874258600 6.411948668176425
224 1.683293108776265 5.049796199011124
225 3.589148070405116 6.168959186306690
226 2.221727743111878 5.365977716471103
227 0.793809772667885 4.527470603605957
228 3.299553466509988 5.998902404166799
229 4.939837774019876 6.962116039289313
230 6.720016938823496 8.007479234345984
231 6.796871175476427 8.052609854886649
232 3.113515703683045 5.889656641720510
233 3.134414415937320 5.901928858498819
234 5.780053069983157 7.455510279424999
235 4.148084933507089 6.497180096088929
236 1.499222252902196 4.941705450721437
237 9.180000000000000 1.400000000000000
238 3.010946345090440 6.404753387644939
239 4.978761866433086 4.808328401316258
240 3.618279170692841 5.912043940395668
241 8.161010278265231 2.226673351717221
242 3.994298606598802 5.606991552956465
243 3.237859897699609 6.220665773133838
244 6.867898972276302 3.275732664744860
245 7.984950336285904 2.369505079294816
246 3.547348479673248 5.969587712265083
247 2.695700276344428 6.660502311021985
248 7.285170121797870 2.937214098372432
249 2.840000000000000 5.750000000000000
250 2.672311643150062 3.221078293992829
251 2.582123380134424 1.860941786892114
252 2.681680827470319 3.362375722390218
253 8.100000000000000 0.920000000000000
254 6.987809909198579 1.506745953414923
255 3.250000000000000 9.160000000000000
256 2.959067717638400 5.806818950729765
257 2.719646063917402 3.047330916176205
258 2.614706377530888 1.837833761541902
259 3.052716502051012 6.886181222357174
260 3.227259621752625 8.897902563533460
261 2.963862680856015 5.862083975507144
262 2.989117305906336 6.153159718074305
263 3.202008733170453 8.606869886156886
264 3.120172567253034 7.663655614877920
265 2.740199022418381 3.284216937873382
266 9.380000000000001 0.560000000000000
267 2.380000000000000 6.280000000000000
268 5.767768427161926 3.511709228090541
269 3.698744569004826 5.202397295041772
270 7.616566849430621 2.000976803036694
271 3.468884564056940 5.390225756227759
272 7.473465761817238 2.117910834629344
273 2.904761448997941 5.851194930247397
274 8.170000000000000 7.630000000000000
275 7.860000000000000 6.080000000000000
276 8.002068601583114 6.790343007915567
277 0.880000000000000 9.800000000000001
278 3.153193691446000 1.455935854811310
279 1.615438120146140 7.100475154225479
280 2.169749191278410 5.065801579632820
281 1.600945334485207 7.153672879369777
282 2.001139022779148 5.684707952100352
283 0.955374134845072 9.523329068525035
284 2.606439680735106 3.462870219523917
285 1.443733664567566 2.668293488936392
286 1.720595912177967 2.471941392827760
287 3.708989000055276 1.061763031341551
288 4.296329303472726 0.645218339168924
289 7.570000000000000 0.550000000000000
290 3.280000000000000 7.600000000000000
291 3.460523417595191 7.303335642413496
292 6.874304743781432 1.693275421058485
293 4.428498296934482 5.712607693848928
294 4.199057273434461 6.089661124076235
295 3.511472290523926 7.219608473614525
296 1.290000000000000 1.140000000000000
297 1.742363985965772 5.637030213424444
298 1.651906417881811 4.737775566001535
299 2.120000000000000 9.260000000000000
300 1.120000000000000 4.980000000000000
301 1.713222803955790 7.518993600930778
302 2.102399065732399 9.184668001334670
303 1.853060174503408 8.117497546874587
304 2.084053898611454 9.106150686057020
305 2.026860649078548 8.861363578056185
306 1.203375634517767 5.336847715736042
307 3.662032625489562 5.526170098092056
308 3.820938610158928 4.124734185104396
309 3.281280244151313 8.884130858810110
310 3.610436425281278 5.981211285471137
311 3.318623599429992 8.554789460448742
312 3.463895196996262 7.273598985526938
313 4.430000000000000 0.680000000000000
314 9.930000000000000 2.960000000000000
315 4.743135832128061 0.809809035863996
316 7.549225585424113 1.973060788139450
317 8.026469613185814 2.170900130557029
318 7.978118178032176 2.150856262893338
319 4.628416640794785 0.762252716547656
320 2.286007488764013 5.737193247612175
321 2.026347949080622 4.237659405940594
322 7.830000000000000 6.540000000000000
323 5.382758917801137 5.944725142167844
324 3.445704225352113 5.473549676437000
325 5.461888976957482 5.963972994395063
326 7.147780821917809 6.374054794520548
327 4.766919445343694 5.794926351570087
328 9.570000000000000 5.560000000000000
329 5.476458829671364 5.936115962231050
330 7.855310333897754 5.717546272740163
331 7.273858411392533 5.770970274166925
332 2.110000000000000 8.810000000000000
333 1.881861306028927 8.067697980810539
334 1.089364145427903 5.489125129899744
335 3.319392744192810 5.927588243847468
336 2.705523380588217 8.134199740047759
337 3.670000000000000 9.390000000000001
338 4.035091292842884 8.691958634225911
339 6.143755030205954 4.660269727800354
340 5.290933959475879 6.290832813372303
341 4.347058612386522 8.095488386701167
342 6.694189073649387 3.607859716972842
343 7.730000000000000 7.750000000000000
344 1.650000000000000 9.300000000000001
345 6.811163616510862 7.984242828027659
346 9.640000000000001 6.820000000000000
347 7.350249933033235 5.405556052815545
348 6.580000000000000 9.090000000000000
349 8.150000000000000 1.580000000000000
350 7.095665817315682 6.623343765579127
351 7.039262665582981 6.893144828962940
352 8.047001407124950 2.072687536618868
353 4.360000000000000 2.140000000000000
354 4.019331044252888 1.575767042043845
355 9.140000000000001 7.000000000000000
356 1.270000000000000 5.550000000000000
357 3.138816043264640 5.894318076586242
358 7.483417095253926 6.694784598236111
359 4.464154871536658 6.138503756509295
360 1.087062279450409 9.441971994894512
361 0.200000000000000 9.990000000000000
362 4.690000000000000 0.680000000000000
363 0.340000000000000 6.490000000000000
652
1 8
8 5
5 9
9 2
2 4
4 6
6 7
7 3
3 0
11 12
12 13
13 15
15 16
16 14
14 10
18 37
37 33
33 20
20 32
32 24
24 31
31 39
39 19
19 27
27 36
36 28
28 29
29 30
30 26
26 21
21 38
38 34
34 25
25 22
22 23
23 35
35 17
40 46
46 53
53 57
57 19
19 49
49 55
55 50
50 48
48 51
51 52
52 42
42 47
47 44
44 43
43 45
45 56
56 58
58 54
54 41
18 63
63 65
65 64
64 67
67 68
68 61
61 62
62 66
66 60
60 59
69 72
72 71
71 73
73 70
75 60
60 77
77 78
78 82
82 79
79 80
80 81
81 76
76 74
84 87
87 86
86 90
90 91
91 89
89 88
88 85
85 76
76 83
92 94
94 93
93 96
96 95
95 20
20 40
97 109
109 101
101 111
111 2
2 107
107 99
99 103
103 106
106 104
104 119
119 42
42 21
21 114
114 110
110 105
105 100
100 102
102 108
108 118
118 112
112 113
113 115
115 116
116 117
117 98
92 131
131 124
124 122
122 129
129 125
125 130
130 99
99 126
126 127
127 128
128 123
123 132
132 121
121 43
43 120
133 3
3 140
140 139
139 145
145 121
121 44
44 142
142 143
143 22
22 135
135 138
138 137
137 141
141 136
136 144
144 134
146 23
23 149
149 150
150 151
151 148
148 147
0 152
152 153
153 45
45 120
154 122
122 155
155 163
163 156
156 159
159 160
160 24
24 46
46 158
158 12
12 157
157 161
161 162
162 61
61 75
164 4
4 173
173 168
168 169
169 172
172 123
123 184
184 47
47 175
175 178
178 25
25 135
135 170
170 174
174 167
167 183
183 179
179 166
166 177
177 180
180 176
176 182
182 181
181 171
171 165
186 124
124 155
155 194
194 203
203 187
187 196
196 192
192 48
48 189
189 190
190 26
26 198
198 195
195 191
191 100
100 188
188 193
193 136
136 202
202 199
199 166
166 201
201 200
200 197
197 185
204 206
206 207
207 205
208 101
101 5
5 212
212 125
125 216
216 187
187 211
211 209
209 49
49 27
27 213
213 13
13 210
210 214
214 215
215 62
62 75
92 227
227 236
236 156
156 224
224 222
222 209
209 226
226 50
50 28
28 219
219 220
220 221
221 14
14 232
232 233
233 228
228 218
218 225
225 223
223 235
235 71
71 229
229 234
234 230
230 231
231 85
85 217
11 157
157 210
210 247
247 238
238 243
243 218
218 246
246 240
240 242
242 102
102 188
188 137
137 239
239 167
167 244
244 248
248 245
245 241
241 237
133 6
6 251
251 168
168 126
126 103
103 250
250 252
252 51
51 189
189 29
29 219
219 249
17 254
254 253
133 7
7 258
258 169
169 127
127 257
257 104
104 265
265 52
52 190
190 30
30 220
220 256
256 261
261 15
15 262
262 238
238 259
259 264
264 77
77 263
263 260
260 255
267 273
273 256
256 221
221 271
271 269
269 191
191 105
105 138
138 170
170 268
268 272
272 270
270 148
148 266
275 276
276 171
171 274
277 283
283 63
63 281
281 279
279 158
158 53
53 31
31 282
282 222
222 211
211 280
280 192
192 284
284 250
250 106
106 257
257 128
128 172
172 139
139 278
278 0
1 285
285 212
212 286
286 107
107 173
173 251
251 258
258 140
140 278
278 152
152 287
287 288
288 41
290 291
291 295
295 223
223 294
294 293
293 108
108 193
193 141
141 239
239 174
174 268
268 149
149 292
292 254
254 289
296 109
109 8
8 285
285 129
129 194
194 298
298 224
224 159
159 297
297 32
32 40
300 93
93 306
306 33
33 279
279 64
64 301
301 303
303 305
305 304
304 302
302 299
255 309
309 311
311 78
78 72
72 291
291 312
312 225
225 310
310 240
240 307
307 269
269 195
195 110
110 34
34 308
308 175
175 142
142 120
313 54
54 319
319 315
315 35
35 292
292 150
150 316
316 270
270 318
318 317
317 241
241 314
164 111
111 9
9 286
286 130
130 321
321 196
196 280
280 226
226 55
55 36
36 320
320 267
10 324
324 307
307 242
242 293
293 327
327 112
112 323
323 325
325 86
86 326
326 176
176 322
70 113
113 323
323 329
329 87
87 177
177 331
331 330
330 197
197 328
186 131
131 227
227 94
94 334
334 37
37 281
281 65
65 301
301 333
333 332
75 66
66 336
336 259
259 243
243 228
228 335
335 324
324 271
271 198
198 114
114 38
38 308
308 178
178 143
143 315
315 41
337 338
338 79
79 341
341 229
229 340
340 115
115 325
325 329
329 199
199 179
179 339
339 206
206 342
342 244
244 272
272 316
316 151
151 253
344 302
302 260
260 309
309 338
338 80
80 230
230 345
345 88
88 343
204 339
339 347
347 200
200 330
330 346
348 81
81 231
231 345
345 89
89 351
351 350
350 326
326 180
180 331
331 201
201 347
347 207
207 245
245 317
317 352
352 349
0 287
287 354
354 56
56 353
356 95
95 297
297 160
160 282
282 39
39 57
57 213
213 320
320 273
273 261
261 16
16 232
232 357
357 335
335 246
246 310
310 294
294 359
359 73
73 340
340 116
116 90
90 350
350 358
358 181
181 276
276 355
277 360
360 303
303 333
333 67
67 161
161 214
214 247
247 262
262 233
233 357
357 10
133 288
288 313
344 304
304 263
263 311
311 82
82 341
341 234
234 117
117 91
91 351
351 358
358 182
182 322
361 283
283 360
360 305
305 332
332 68
68 162
162 215
215 336
336 264
264 312
312 295
295 235
235 359
359 327
327 118
118 144
144 202
202 183
183 342
342 248
248 318
318 352
352 266
363 334
334 306
306 96
96 236
236 163
163 298
298 203
203 216
216 321
321 284
284 252
252 265
265 119
119 184
184 132
132 145
145 153
153 354
354 58
58 319
319 362
560
0 0.800000000000000 3.600000000000000
1 0.800000000000000 3.100000000000000
2 0.900000000000000 4.300000000000000
3 0.900000000000000 5.100000000000000
4 0.900000000000000 2.900000000000000
5 0.900000000000000 5.200000000000000
6 0.900000000000000 7.700000000000000
7 0.900000000000000 6.200000000000000
8 0.900000000000000 5.900000000000000
9 1.000000000000000 2.900000000000000
10 1.000000000000000 5.900000000000000
11 1.000000000000000 4.800000000000000
12 1.000000000000000 8.600000000000000
13 1.000000000000000 6.200000000000000
14 1.000000000000000 9.100000000000000
15 1.000000000000000 3.300000000000000
16 1.000000000000000 5.700000000000000
17 1.000000000000000 5.700000000000000
18 1.000000000000000 5.300000000000000
19 1.000000000000000 3.100000000000000
20 1.100000000000000 4.300000000000000
21 1.100000000000000 5.700000000000000
22 1.100000000000000 6.000000000000000
23 1.100000000000000 5.700000000000000
24 1.100000000000000 7.300000000000000
25 1.200000000000000 4.200000000000000
26 1.200000000000000 5.900000000000000
27 1.200000000000000 4.300000000000000
28 1.200000000000000 7.200000000000000
29 1.200000000000000 6.700000000000000
30 1.200000000000000 3.300000000000000
31 1.200000000000000 5.600000000000000
32 1.200000000000000 9.199999999999999
33 1.200000000000000 4.100000000000000
34 1.200000000000000 7.400000000000000
35 1.300000000000000 5.100000000000000
36 1.300000000000000 5.500000000000000
37 1.300000000000000 4.900000000000000
38 1.300000000000000 9.100000000000000
39 1.300000000000000 8.800000000000001
40 1.300000000000000 5.600000000000000
41 1.400000000000000 2.300000000000000
42 1.400000000000000 5.200000000000000
43 1.400000000000000 4.900000000000000
44 1.400000000000000 3.700000000000000
45 1.400000000000000 5.400000000000000
46 1.400000000000000 1.700000000000000
47 1.400000000000000 5.900000000000000
48 1.400000000000000 3.000000000000000
49 1.500000000000000 3.500000000000000
50 1.500000000000000 5.200000000000000
51 1.500000000000000 7.900000000000000
52 1.500000000000000 6.900000000000000
53 1.600000000000000 2.500000000000000
54 1.600000000000000 4.600000000000000
55 1.600000000000000 6.600000000000000
56 1.600000000000000 2.000000000000000
57 1.600000000000000 5.600000000000000
58 1.600000000000000 4.900000000000000
59 1.600000000000000 8.300000000000001
60 1.600000000000000 7.100000000000000
61 1.600000000000000 7.400000000000000
62 1.600000000000000 9.000000000000000
63 1.600000000000000 6.500000000000000
64 1.600000000000000 2.600000000000000
65 1.600000000000000 6.100000000000000
66 1.600000000000000 3.000000000000000
67 1.700000000000000 5.100000000000000
68 1.700000000000000 8.600000000000000
69 1.700000000000000 6.300000000000000
70 1.700000000000000 4.100000000000000
71 1.700000000000000 8.600000000000000
72 1.700000000000000 6.500000000000000
73 1.700000000000000 7.500000000000000
74 1.700000000000000 5.200000000000000
75 1.700000000000000 7.600000000000000
76 1.700000000000000 5.700000000000000
77 1.700000000000000 2.000000000000000
78 1.700000000000000 8.199999999999999
79 1.700000000000000 8.600000000000000
80 1.700000000000000 5.300000000000000
81 1.700000000000000 2.800000000000000
82 1.700000000000000 7.000000000000000
83 1.800000000000000 3.800000000000000
84 1.800000000000000 8.600000000000000
85 1.800000000000000 6.300000000000000
86 1.800000000000000 9.199999999999999
87 1.800000000000000 2.500000000000000
88 1.800000000000000 6.800000000000000
89 1.800000000000000 2.700000000000000
90 1.900000000000000 7.000000000000000
91 1.900000000000000 6.600000000000000
92 1.900000000000000 4.400000000000000
93 1.900000000000000 2.000000000000000
94 1.900000000000000 4.900000000000000
95 1.900000000000000 3.000000000000000
96 1.900000000000000 6.500000000000000
97 1.900000000000000 3.400000000000000
98 2.000000000000000 7.800000000000000
99 2.000000000000000 7.100000000000000
100 2.000000000000000 5.100000000000000
101 2.000000000000000 4.900000000000000
102 2.000000000000000 6.000000000000000
103 2.000000000000000 7.000000000000000
104 2.000000000000000 5.200000000000000
105 2.000000000000000 6.600000000000000
106 2.000000000000000 3.500000000000000
107 2.000000000000000 2.600000000000000
108 2.000000000000000 8.199999999999999
109 2.000000000000000 6.000000000000000
110 2.100000000000000 8.600000000000000
111 2.100000000000000 8.400000000000000
112 2.100000000000000 4.500000000000000
113 2.100000000000000 6.900000000000000
114 2.100000000000000 2.000000000000000
115 2.100000000000000 3.400000000000000
116 2.100000000000000 5.600000000000000
117 2.100000000000000 7.700000000000000
118 2.100000000000000 2.700000000000000
119 2.200000000000000 9.000000000000000
120 2.200000000000000 7.400000000000000
121 2.200000000000000 3.800000000000000
122 2.200000000000000 4.400000000000000
123 2.200000000000000 2.800000000000000
124 2.200000000000000 8.500000000000000
125 2.300000000000000 6.900000000000000
126 2.300000000000000 2.800000000000000
127 2.300000000000000 1.600000000000000
128 2.300000000000000 8.699999999999999
129 2.300000000000000 7.000000000000000
130 2.300000000000000 3.700000000000000
131 2.400000000000000 3.700000000000000
132 2.400000000000000 5.800000000000000
133 2.400000000000000 6.300000000000000
134 2.400000000000000 5.700000000000000
135 2.500000000000000 4.800000000000000
136 2.500000000000000 2.700000000000000
137 2.500000000000000 4.400000000000000
138 2.500000000000000 7.400000000000000
139 2.500000000000000 1.800000000000000
140 2.500000000000000 7.200000000000000
141 2.500000000000000 0.600000000000000
142 2.500000000000000 5.800000000000000
143 2.500000000000000 7.500000000000000
144 2.500000000000000 8.000000000000000
145 2.500000000000000 5.000000000000000
146 2.600000000000000 6.900000000000000
147 2.600000000000000 7.200000000000000
148 2.600000000000000 6.300000000000000
149 2.700000000000000 1.700000000000000
150 2.700000000000000 8.500000000000000
151 2.700000000000000 1.500000000000000
152 2.700000000000000 7.000000000000000
153 2.700000000000000 7.900000000000000
154 2.700000000000000 5.500000000000000
155 2.700000000000000 2.400000000000000
156 2.700000000000000 2.800000000000000
157 2.800000000000000 8.100000000000000
158 2.800000000000000 3.900000000000000
159 2.800000000000000 2.000000000000000
160 2.800000000000000 2.300000000000000
161 2.800000000000000 6.100000000000000
162 2.800000000000000 5.100000000000000
163 2.800000000000000 2.300000000000000
164 2.800000000000000 5.000000000000000
165 2.900000000000000 8.800000000000001
166 2.900000000000000 6.500000000000000
167 2.900000000000000 3.000000000000000
168 2.900000000000000 7.500000000000000
169 2.900000000000000 2.500000000000000
170 2.900000000000000 4.100000000000000
171 2.900000000000000 1.200000000000000
172 2.900000000000000 7.000000000000000
173 2.900000000000000 1.600000000000000
174 2.900000000000000 6.700000000000000
175 2.900000000000000 0.400000000000000
176 2.900000000000000 5.400000000000000
177 3.000000000000000 7.600000000000000
178 3.000000000000000 2.400000000000000
179 3.000000000000000 7.300000000000000
180 3.000000000000000 5.700000000000000
181 3.000000000000000 5.000000000000000
182 3.000000000000000 3.100000000000000
183 3.000000000000000 1.800000000000000
184 3.000000000000000 4.500000000000000
185 3.000000000000000 5.300000000000000
186 3.000000000000000 3.200000000000000
187 3.000000000000000 0.500000000000000
188 3.000000000000000 1.500000000000000
189 3.000000000000000 6.700000000000000
190 3.100000000000000 0.900000000000000
191 3.100000000000000 1.000000000000000
192 3.100000000000000 4.400000000000000
193 3.100000000000000 7.700000000000000
194 3.100000000000000 0.500000000000000
195 3.100000000000000 7.100000000000000
196 3.100000000000000 5.100000000000000
197 3.100000000000000 3.200000000000000
198 3.200000000000000 7.800000000000000
199 3.200000000000000 7.200000000000000
200 3.200000000000000 1.600000000000000
201 3.200000000000000 1.700000000000000
202 3.200000000000000 5.400000000000000
203 3.200000000000000 6.700000000000000
204 3.300000000000000 5.500000000000000
205 3.300000000000000 6.100000000000000
206 3.300000000000000 3.700000000000000
207 3.300000000000000 3.600000000000000
208 3.300000000000000 2.400000000000000
209 3.400000000000000 2.300000000000000
210 3.400000000000000 5.300000000000000
211 3.400000000000000 6.400000000000000
212 3.400000000000000 3.800000000000000
213 3.400000000000000 3.100000000000000
214 3.500000000000000 4.400000000000000
215 3.500000000000000 5.600000000000000
216 3.500000000000000 4.600000000000000
217 3.500000000000000 5.700000000000000
218 3.500000000000000 8.600000000000000
219 3.500000000000000 5.100000000000000
220 3.500000000000000 2.000000000000000
221 3.500000000000000 6.400000000000000
222 3.500000000000000 8.400000000000000
223 3.600000000000000 2.700000000000000
224 3.600000000000000 6.100000000000000
225 3.600000000000000 2.300000000000000
226 3.600000000000000 5.800000000000000
227 3.600000000000000 5.000000000000000
228 3.600000000000000 1.500000000000000
229 3.600000000000000 0.600000000000000
230 3.600000000000000 7.500000000000000
231 3.600000000000000 5.300000000000000
232 3.600000000000000 5.200000000000000
233 3.600000000000000 8.000000000000000
234 3.700000000000000 8.300000000000001
235 3.700000000000000 3.900000000000000
236 3.700000000000000 0.700000000000000
237 3.700000000000000 7.000000000000000
238 3.700000000000000 2.300000000000000
239 3.700000000000000 1.700000000000000
240 3.700000000000000 8.199999999999999
241 3.800000000000000 0.700000000000000
242 3.800000000000000 6.800000000000000
243 3.800000000000000 6.500000000000000
244 3.800000000000000 1.200000000000000
245 3.800000000000000 7.400000000000000
246 3.800000000000000 3.000000000000000
247 3.900000000000000 3.100000000000000
248 3.900000000000000 2.100000000000000
249 3.900000000000000 6.400000000000000
250 3.900000000000000 1.800000000000000
251 3.900000000000000 1.100000000000000
252 3.900000000000000 1.600000000000000
253 3.900000000000000 7.600000000000000
254 3.900000000000000 3.200000000000000
255 3.900000000000000 8.500000000000000
256 3.900000000000000 3.100000000000000
257 3.900000000000000 1.400000000000000
258 3.900000000000000 1.800000000000000
259 3.900000000000000 0.600000000000000
260 4.000000000000000 5.200000000000000
261 4.000000000000000 8.600000000000000
262 4.000000000000000 8.400000000000000
263 4.000000000000000 8.600000000000000
264 4.000000000000000 3.800000000000000
265 4.000000000000000 5.300000000000000
266 4.000000000000000 6.300000000000000
267 4.000000000000000 3.700000000000000
268 4.000000000000000 6.900000000000000
269 4.000000000000000 6.500000000000000
270 4.000000000000000 4.400000000000000
271 4.100000000000000 6.700000000000000
272 4.100000000000000 5.300000000000000
273 4.100000000000000 2.600000000000000
274 4.100000000000000 2.400000000000000
275 4.100000000000000 6.200000000000000
276 4.200000000000000 4.400000000000000
277 4.200000000000000 7.100000000000000
278 4.200000000000000 6.700000000000000
279 4.200000000000000 8.400000000000000
280 4.200000000000000 4.400000000000000
281 4.200000000000000 7.300000000000000
282 4.200000000000000 4.100000000000000
283 4.200000000000000 1.400000000000000
284 4.300000000000000 5.900000000000000
285 4.300000000000000 7.700000000000000
286 4.300000000000000 5.900000000000000
287 4.300000000000000 7.100000000000000
288 4.300000000000000 7.300000000000000
289 4.300000000000000 7.000000000000000
290 4.300000000000000 5.300000000000000
291 4.400000000000000 4.700000000000000
292 4.400000000000000 1.300000000000000
293 4.400000000000000 7.600000000000000
294 4.400000000000000 5.700000000000000
295 4.400000000000000 7.300000000000000
296 4.400000000000000 3.000000000000000
297 4.400000000000000 7.200000000000000
298 4.400000000000000 4.300000000000000
299 4.400000000000000 8.500000000000000
300 4.400000000000000 3.800000000000000
301 4.400000000000000 7.500000000000000
302 4.400000000000000 8.000000000000000
303 4.400000000000000 7.500000000000000
304 4.500000000000000 6.100000000000000
305 4.500000000000000 0.600000000000000
306 4.500000000000000 2.200000000000000
307 4.500000000000000 6.200000000000000
308 4.500000000000000 5.900000000000000
309 4.600000000000000 1.300000000000000
310 4.600000000000000 7.800000000000000
311 4.600000000000000 4.300000000000000
312 4.600000000000000 2.300000000000000
313 4.600000000000000 1.300000000000000
314 4.600000000000000 2.100000000000000
315 4.600000000000000 1.100000000000000
316 4.600000000000000 6.500000000000000
317 4.600000000000000 0.500000000000000
318 4.600000000000000 6.200000000000000
319 4.600000000000000 6.900000000000000
320 4.600000000000000 6.700000000000000
321 4.700000000000000 4.400000000000000
322 4.700000000000000 1.400000000000000
323 4.700000000000000 8.199999999999999
324 4.700000000000000 7.000000000000000
325 4.700000000000000 6.100000000000000
326 4.700000000000000 5.500000000000000
327 4.700000000000000 8.100000000000000
328 4.700000000000000 2.400000000000000
329 4.700000000000000 6.000000000000000
330 4.800000000000000 5.500000000000000
331 4.800000000000000 5.400000000000000
332 4.800000000000000 7.400000000000000
333 4.800000000000000 3.300000000000000
334 4.900000000000000 6.800000000000000
335 4.900000000000000 8.000000000000000
336 4.900000000000000 8.400000000000000
337 4.900000000000000 3.100000000000000
338 5.000000000000000 6.500000000000000
339 5.000000000000000 7.400000000000000
340 5.000000000000000 4.400000000000000
341 5.000000000000000 1.800000000000000
342 5.000000000000000 3.400000000000000
343 5.000000000000000 2.100000000000000
344 5.000000000000000 3.200000000000000
345 5.000000000000000 6.200000000000000
346 5.000000000000000 3.200000000000000
347 5.000000000000000 2.900000000000000
348 5.000000000000000 6.900000000000000
349 5.100000000000000 5.400000000000000
350 5.100000000000000 3.800000000000000
351 5.100000000000000 7.000000000000000
352 5.100000000000000 3.600000000000000
353 5.100000000000000 2.000000000000000
354 5.100000000000000 2.000000000000000
355 5.100000000000000 5.700000000000000
356 5.100000000000000 3.600000000000000
357 5.100000000000000 6.400000000000000
358 5.100000000000000 8.300000000000001
359 5.100000000000000 4.700000000000000
360 5.100000000000000 3.000000000000000
361 5.200000000000000 5.200000000000000
362 5.200000000000000 3.800000000000000
363 5.200000000000000 1.200000000000000
364 5.200000000000000 4.100000000000000
365 5.200000000000000 1.300000000000000
366 5.200000000000000 1.600000000000000
367 5.200000000000000 7.000000000000000
368 5.200000000000000 5.800000000000000
369 5.200000000000000 4.400000000000000
370 5.300000000000000 4.700000000000000
371 5.300000000000000 4.800000000000000
372 5.300000000000000 2.500000000000000
373 5.300000000000000 6.000000000000000
374 5.300000000000000 5.400000000000000
375 5.300000000000000 1.800000000000000
376 5.300000000000000 1.900000000000000
377 5.300000000000000 7.100000000000000
378 5.400000000000000 3.900000000000000
379 5.400000000000000 5.700000000000000
380 5.400000000000000 3.200000000000000
381 5.400000000000000 7.700000000000000
382 5.400000000000000 1.800000000000000
383 5.400000000000000 1.800000000000000
384 5.400000000000000 8.500000000000000
385 5.400000000000000 4.800000000000000
386 5.400000000000000 6.000000000000000
387 5.500000000000000 3.500000000000000
388 5.500000000000000 2.600000000000000
389 5.500000000000000 1.600000000000000
390 5.500000000000000 2.700000000000000
391 5.500000000000000 8.199999999999999
392 5.500000000000000 4.900000000000000
393 5.500000000000000 6.400000000000000
394 5.500000000000000 5.100000000000000
395 5.500000000000000 3.900000000000000
396 5.500000000000000 4.500000000000000
397 5.500000000000000 2.700000000000000
398 5.600000000000000 5.300000000000000
399 5.600000000000000 2.100000000000000
400 5.600000000000000 3.700000000000000
401 5.600000000000000 7.300000000000000
402 5.700000000000000 5.200000000000000
403 5.700000000000000 7.500000000000000
404 5.700000000000000 8.300000000000001
405 5.700000000000000 1.600000000000000
406 5.700000000000000 6.300000000000000
407 5.700000000000000 2.500000000000000
408 5.700000000000000 8.000000000000000
409 5.700000000000000 4.200000000000000
410 5.800000000000000 2.700000000000000
411 5.800000000000000 2.100000000000000
412 5.800000000000000 2.000000000000000
413 5.800000000000000 1.400000000000000
414 5.800000000000000 5.200000000000000
415 5.800000000000000 6.200000000000000
416 5.800000000000000 3.800000000000000
417 5.900000000000000 5.400000000000000
418 5.900000000000000 3.700000000000000
419 5.900000000000000 8.300000000000001
420 5.900000000000000 1.900000000000000
421 5.900000000000000 6.600000000000000
422 5.900000000000000 8.699999999999999
423 5.900000000000000 4.500000000000000
424 6.000000000000000 6.800000000000000
425 6.000000000000000 7.700000000000000
426 6.000000000000000 1.400000000000000
427 6.000000000000000 7.800000000000000
428 6.000000000000000 2.900000000000000
429 6.000000000000000 7.300000000000000
430 6.000000000000000 6.600000000000000
431 6.000000000000000 4.700000000000000
432 6.000000000000000 3.700000000000000
433 6.000000000000000 8.500000000000000
434 6.000000000000000 7.700000000000000
435 6.000000000000000 7.800000000000000
436 6.100000000000000 2.800000000000000
437 6.100000000000000 8.400000000000000
438 6.100000000000000 5.100000000000000
439 6.200000000000000 5.300000000000000
440 6.200000000000000 8.600000000000000
441 6.200000000000000 4.000000000000000
442 6.200000000000000 6.500000000000000
443 6.200000000000000 4.300000000000000
444 6.200000000000000 2.400000000000000
445 6.200000000000000 3.600000000000000
446 6.200000000000000 1.900000000000000
447 6.200000000000000 5.700000000000000
448 6.300000000000000 8.300000000000001
449 6.400000000000000 6.100000000000000
450 6.400000000000000 3.700000000000000
451 6.400000000000000 8.100000000000000
452 6.400000000000000 1.700000000000000
453 6.400000000000000 7.500000000000000
454 6.400000000000000 4.900000000000000
455 6.500000000000000 6.700000000000000
456 6.500000000000000 8.199999999999999
457 6.500000000000000 6.600000000000000
458 6.500000000000000 4.800000000000000
459 6.500000000000000 8.199999999999999
460 6.500000000000000 6.300000000000000
461 6.500000000000000 3.300000000000000
462 6.500000000000000 2.500000000000000
463 6.500000000000000 3.400000000000000
464 6.500000000000000 4.500000000000000
465 6.600000000000000 5.600000000000000
466 6.600000000000000 8.199999999999999
467 6.600000000000000 6.500000000000000
468 6.600000000000000 5.400000000000000
469 6.600000000000000 7.200000000000000
470 6.600000000000000 5.400000000000000
471 6.600000000000000 4.400000000000000
472 6.600000000000000 2.500000000000000
473 6.700000000000000 3.900000000000000
474 6.700000000000000 7.700000000000000
475 6.700000000000000 8.900000000000000
476 6.700000000000000 4.400000000000000
477 6.700000000000000 2.000000000000000
478 6.800000000000000 7.500000000000000
479 6.800000000000000 6.700000000000000
480 6.800000000000000 4.200000000000000
481 6.800000000000000 4.800000000000000
482 6.800000000000000 4.700000000000000
483 6.800000000000000 5.800000000000000
484 6.800000000000000 8.500000000000000
485 6.800000000000000 5.500000000000000
486 6.800000000000000 8.800000000000001
487 6.800000000000000 6.100000000000000
488 6.800000000000000 6.100000000000000
489 6.800000000000000 8.300000000000001
490 6.900000000000000 4.600000000000000
491 6.900000000000000 3.300000000000000
492 6.900000000000000 7.100000000000000
493 6.900000000000000 3.600000000000000
494 6.900000000000000 5.100000000000000
495 6.900000000000000 7.100000000000000
496 6.900000000000000 6.600000000000000
497 6.900000000000000 3.000000000000000
498 7.000000000000000 6.700000000000000
499 7.000000000000000 8.400000000000000
500 7.000000000000000 5.800000000000000
501 7.000000000000000 1.600000000000000
502 7.100000000000000 7.700000000000000
503 7.100000000000000 3.700000000000000
504 7.100000000000000 5.700000000000000
505 7.100000000000000 2.700000000000000
506 7.100000000000000 5.000000000000000
507 7.100000000000000 6.800000000000000
508 7.200000000000000 8.800000000000001
509 7.200000000000000 3.200000000000000
510 7.200000000000000 2.100000000000000
511 7.200000000000000 4.100000000000000
512 7.200000000000000 6.700000000000000
513 7.200000000000000 8.800000000000001
514 7.200000000000000 9.000000000000000
515 7.300000000000000 4.200000000000000
516 7.300000000000000 7.200000000000000
517 7.300000000000000 3.100000000000000
518 7.300000000000000 3.300000000000000
519 7.300000000000000 7.200000000000000
520 7.300000000000000 8.000000000000000
521 7.300000000000000 5.300000000000000
522 7.300000000000000 7.800000000000000
523 7.300000000000000 5.600000000000000
524 7.300000000000000 3.900000000000000
525 7.400000000000000 2.000000000000000
526 7.400000000000000 4.400000000000000
527 7.500000000000000 2.300000000000000
528 7.500000000000000 2.600000000000000
529 7.500000000000000 4.400000000000000
530 7.500000000000000 3.900000000000000
531 7.600000000000000 2.500000000000000
532 7.600000000000000 2.400000000000000
533 7.700000000000000 4.400000000000000
534 7.700000000000000 4.400000000000000
535 7.700000000000000 2.000000000000000
536 7.700000000000000 1.500000000000000
537 7.700000000000000 1.900000000000000
538 7.700000000000000 4.900000000000000
539 7.700000000000000 3.100000000000000
540 7.800000000000000 1.300000000000000
541 7.800000000000000 3.100000000000000
542 7.800000000000000 6.300000000000000
543 7.800000000000000 4.700000000000000
544 7.900000000000000 6.900000000000000
545 7.900000000000000 2.600000000000000
546 7.900000000000000 6.000000000000000
547 8.000000000000000 1.800000000000000
548 8.000000000000000 2.100000000000000
549 8.000000000000000 2.200000000000000
550 8.000000000000000 1.500000000000000
551 8.000000000000000 4.300000000000000
552 8.000000000000000 3.200000000000000
553 8.000000000000000 5.600000000000000
554 8.000000000000000 3.500000000000000
555 8.000000000000000 5.300000000000000
556 8.100000000000000 1.200000000000000
557 8.199999999999999 1.400000000000000
558 8.400000000000000 1.400000000000000
559 9.000000000000000 0.900000000000000
