356
0 3.340000000000000 3.770000000000000
1 9.730000000000000 7.380000000000000
2 3.744254726989080 3.998381778471139
3 3.959061736032809 4.119735972938723
4 3.504136946876123 3.862728384698405
5 5.106481832479735 4.767965479695124
6 3.480981306203780 3.849646716024358
7 6.677368504335718 5.655430406987784
8 7.829620081411125 6.306389435664188
9 8.755890190961331 6.829681312890518
10 4.756866317130247 4.570451863042283
11 4.550631854887730 4.453940687972567
12 5.623657353278626 5.060141321648802
13 3.394546399637473 3.800815728120701
14 6.215527618100877 5.394515602714267
15 4.929690977269511 4.668088329881524
16 5.554355019253157 5.020989298826901
17 5.208915866810298 4.825835098464033
18 3.894045717374452 4.083005483524533
19 3.595220053442814 3.914185351006035
20 4.161528773065001 4.234118759118100
21 3.920000000000000 3.890000000000000
22 6.290000000000000 1.490000000000000
23 4.183898312660633 3.622761202368979
24 4.752791526219227 3.046666808891922
25 5.715583111382789 2.071687988473125
26 5.108385803691674 2.686571338033747
27 0.700000000000000 0.140000000000000
28 6.860000000000000 8.940000000000000
29 3.743278362240546 4.487540517486494
30 4.110891789015769 5.012702555736811
31 3.055652173913042 3.505217391304345
32 3.905493741307372 4.719276773296245
33 2.315675675675676 2.448108108108108
34 3.330706408345753 3.898152011922503
35 4.396676737160122 5.420966767371601
36 6.337449069973429 8.193498671390612
37 2.182740170247264 2.258200243210377
38 4.820482328482330 6.026403326403327
39 4.877240437158472 6.107486338797814
40 4.111353383458646 5.013361976369494
41 4.023129426915648 4.887327752736638
42 4.062164117743793 4.943091596776846
43 5.052015173067805 6.357164532954006
44 4.549754194303550 5.639648849005071
45 3.352469023874282 3.929241462677545
46 5.024834416589290 6.318334880841842
47 4.053955152671756 4.931364503816795
48 3.824116612950484 4.603023732786405
49 3.576646082593593 4.249494403705132
50 4.362781175219357 5.372544536027652
51 3.759608636977058 4.510869481395797
52 3.750000000000000 1.120000000000000
53 3.740000000000000 6.130000000000000
54 3.744143611928655 4.054050423743838
55 3.742828977533242 4.712682255845942
56 3.744721522128372 3.764517413685727
57 3.741549666156888 5.353617255399306
58 3.747593338330748 2.325737496295521
59 3.740873607880340 5.692322451949943
60 3.741659522184301 5.298579385665529
61 3.742008611298439 5.123685739482284
62 3.742238253389231 5.008635051995427
63 3.741728592247811 5.263975283846947
64 3.741940140007476 5.157989856254461
65 3.742335653989198 4.959837351412155
66 3.741826420098726 5.214963530538568
67 3.742021114657501 5.117421556592192
68 3.743209258233443 4.522161625044972
69 4.510000000000000 7.360000000000000
70 3.979839247369233 4.241935912493623
71 4.062080310576055 4.725624877455786
72 4.176459155701754 5.398327576754386
73 4.253413955055289 5.850926142443820
74 4.217080357543907 5.637235323181962
75 4.111020800683858 5.013461319276249
76 4.085029182824627 4.860595363392299
77 4.093688388801064 4.911523235829984
78 4.332257552300424 6.314633400817753
79 4.248507642507730 5.822070372036986
80 4.211724866172911 5.605737772237296
81 4.096402529493957 4.927486063294968
82 4.157747707041129 5.288278887174101
83 3.997691661322778 4.346932313203459
84 4.437398292315419 6.933003515821195
85 8.920000000000000 8.180000000000000
86 0.490000000000000 1.460000000000000
87 4.614714930401068 4.748028983664907
88 1.813680902772402 2.515176235661986
89 3.485782427458403 3.848097024023780
90 5.616160367868947 5.546334243425779
91 1.913251575900939 2.594549298938827
92 7.105351650702351 6.733447579207568
93 4.520178712348392 4.672669151480568
94 4.415520760690289 4.589240748735319
95 5.473579355672880 5.432675358258807
96 5.222312647112716 5.232377341470634
97 3.401157439052176 3.780637958532695
98 6.597399949542613 6.328532344119378
99 4.949695284285153 5.015059586049374
100 4.763386939372993 4.866543325336478
101 3.883049218461442 4.164779448168551
102 3.594098013692505 3.934441121235306
103 6.500050266166333 6.250929749541845
104 4.058783268660904 4.304866377864920
105 1.950000000000000 4.640000000000000
106 7.130000000000000 4.850000000000000
107 3.485346260387812 4.702243767313020
108 4.368768215892054 4.738058170914543
109 4.270874312975022 4.734089499174662
110 5.731160202104624 4.793290278463701
111 3.253919674149853 4.692861608411480
112 3.104264532295140 4.686794508066018
113 5.973737626772381 4.803124498382664
114 4.935048606435976 4.761015484044702
115 5.726435643564356 4.793098742306663
116 5.616136245449820 4.788627145085803
117 3.809009562617068 4.715365252538529
118 3.551418294744290 4.704922363300444
119 3.481883075619573 4.702103367930523
120 0.580000000000000 2.680000000000000
121 3.050000000000000 2.350000000000000
122 1.996406525897587 2.490763500588582
123 1.072897303909887 2.614147323769124
124 8.220000000000001 2.320000000000000
125 0.010000000000000 4.970000000000000
126 5.130173153816998 3.317325352300238
127 8.113795681612197 2.354280322013115
128 6.032270618595902 3.026148947712651
129 6.543864052927828 2.861018302039129
130 5.949869389824808 3.052746177462151
131 6.504466828009680 2.873734824089445
132 2.650468437036916 4.117717252357147
133 3.366433464676010 3.886620136249522
134 5.338744686523958 3.250003237601889
135 5.764521188954063 3.112572332432610
136 3.600939913511325 3.810926824506089
137 5.813104908144724 3.096890620391776
138 7.500000000000000 5.740000000000000
139 3.463430186515197 5.325025533193151
140 3.831974375131275 5.362913253518169
141 3.169217049576783 5.294779322853688
142 3.096880794459306 5.287342885411705
143 3.660529374859429 5.345288066574334
144 5.435282172251994 5.527739288736186
145 4.836254489481785 5.466157003591586
146 3.972059292242793 5.377314506679165
147 2.913671959454716 5.268508332280391
148 6.306619470248990 5.617316020305971
149 4.976534335165042 5.480578296138463
150 3.723431527226830 5.351754642985936
151 3.516764833378488 5.330508534272555
152 4.508596864051461 5.432472574809029
153 2.692347066167291 5.245755305867665
154 1.933541018128547 5.167747207471159
155 5.740000000000000 8.800000000000001
156 7.060000000000000 7.460000000000000
157 6.942876366694701 7.578898233809925
158 7.560000000000000 5.060000000000000
159 6.506775628299245 4.304626252366222
160 5.986218844630795 3.931282320055905
161 2.719439889735568 1.588344643950290
162 5.453845657424587 3.549463649348246
163 6.057756824526936 3.982589442663633
164 5.464221393161957 3.556905139119070
165 5.484990735021618 3.571800935321627
166 7.004718683651805 4.661751592356688
167 3.685669988473141 2.281325997563826
168 5.307877970882243 3.444775454335370
169 9.180000000000000 5.510000000000000
170 7.440000000000000 0.360000000000000
171 8.135346054467826 2.418064471557073
172 8.976288241142917 4.907060024072427
173 7.965951326441011 1.916695017914485
174 8.606661880832736 3.813050969131371
175 7.743075065593364 1.257032521727485
176 1.730000000000000 7.940000000000000
177 2.030000000000000 8.320000000000000
178 1.947938400760846 8.216055307630405
179 6.200000000000000 4.660000000000000
180 6.965430121295370 3.773313621865761
181 6.080000000000000 3.170000000000000
182 5.910000000000000 4.550000000000000
183 5.945603346165235 4.260984601717499
184 8.291822592725259 7.100596567781432
185 8.205175784039666 6.951710502152666
186 3.960000000000000 0.040000000000000
187 1.540484302887327 3.059800604244425
188 5.360000000000000 1.000000000000000
189 6.018344032858104 2.984175765697340
190 5.956369833830422 2.797392415850021
191 6.010617564468071 2.960889048466271
192 3.490000000000000 4.570000000000000
193 3.370000000000000 7.980000000000000
194 3.453632721328206 5.603436835590162
195 3.471141983775522 5.105881961045577
196 3.467631345983603 5.205642584965936
197 3.470433373911415 5.126018291350626
198 3.386103050847458 7.522404971751413
199 3.455491639848144 5.550612567648572
200 3.430480472491221 6.261346573374482
201 3.478155578276152 4.906578983986013
202 3.475423156762892 4.984225295321157
203 3.474603508310886 5.007516972165648
204 3.485437325044222 4.699656013326693
205 3.431793410823267 6.224037242438823
206 2.570000000000000 5.330000000000000
207 8.710000000000001 7.230000000000000
208 4.719578026359509 5.995178868091704
209 2.806400250417362 5.403153171953256
210 2.819401973156959 5.407176506351502
211 3.414754932455680 5.591406249456970
212 5.188512226405726 6.140288799702097
213 4.218630619227499 5.840162569467793
214 4.572618965405615 5.949702937177634
215 2.863743140163396 5.420897714382810
216 6.713355158075375 6.612145732954922
217 5.011409676526051 6.085485079055292
218 3.680160335810625 5.673534957335535
219 3.500837207999552 5.618044087165985
220 6.280000000000000 2.290000000000000
221 6.472656636229217 2.706921001839791
222 6.416521610062720 2.585441296776354
223 7.360931900902010 4.629204191795756
224 0.350000000000000 8.100000000000000
225 9.400000000000000 9.840000000000000
226 0.819518766426288 8.190272116417871
227 1.889014485080722 8.395898917573531
228 5.181106873196511 9.028853697167063
229 3.140000000000000 4.870000000000000
230 9.710000000000001 9.550000000000001
231 3.568777054372690 5.175430230512053
232 3.488473219215903 5.118227498619548
233 3.721507579822914 5.284224577408103
234 5.129373213308193 6.287087768383918
235 4.371772246924987 5.747426806028757
236 4.326703869950260 5.715323304622103
237 5.018478600437363 6.208094345517026
238 3.320257830074407 4.998402837861222
239 3.731550570040040 5.291378488247700
240 3.527003496369155 5.145673723441043
241 3.188193501522644 4.904329617522979
242 9.180000000000000 3.130000000000000
243 9.003468654767088 4.669954288202003
244 6.070000000000000 2.920000000000000
245 8.640000000000001 1.560000000000000
246 6.096359885677407 2.906050799797169
247 4.290000000000000 4.960000000000000
248 0.440000000000000 6.110000000000000
249 0.569492133590946 6.071320531524782
250 2.878779390717643 5.381533428746678
251 0.661774767009643 6.043755589075042
252 3.941253909582030 5.064170910124848
253 0.658117341743044 6.044848066752078
254 3.714552493031898 5.131886917665796
255 2.876408405051973 5.382241645244216
256 3.754606986899563 5.119922588328702
257 3.524624624624625 5.188618618618619
258 3.750842546702249 5.121047031504523
259 2.427834351145038 5.516231297709924
260 0.010000000000000 5.690000000000000
261 0.845683472588806 6.259558081020348
262 1.977337420945757 7.030834135108864
263 0.747049259449188 6.192334167898405
264 2.270745363671738 7.230805619883417
265 4.920000000000000 4.500000000000000
266 0.150000000000000 6.560000000000000
267 0.964688101807533 6.208164048275992
268 4.189674941567735 4.815402436136366
269 0.799587948780331 6.279465162581241
270 3.634192387511982 5.055296369334448
271 2.876287909237758 5.382609414459165
272 3.885526003250407 4.946753969246156
273 3.771257598101903 4.996102588660394
274 3.529505438424016 5.100507085292773
275 3.613062649274297 5.064421581235838
276 2.480654220858696 5.553470084912178
277 8.779998569026580 3.606544914678210
278 2.154163567186663 6.853760679572517
279 0.655358816104327 6.040273284133414
280 2.358027393226009 6.964409283234362
281 5.149432378223496 8.479465042979943
282 3.428444417049097 7.545386062307625
283 3.395077995337075 7.527276189441240
284 7.820000000000000 1.180000000000000
285 0.670000000000000 8.340000000000000
286 1.525490333379321 7.483313176643925
287 3.796058384916899 5.209569505453847
288 2.511532205931788 6.495892224549426
289 5.459048704623171 3.544253325160572
290 5.568434823236256 3.434714218969009
291 4.075874849822908 4.929361688848669
292 3.734225168441643 5.271489201952145
293 3.507454941051023 5.498576590499955
294 3.845577125410022 5.159981507981014
295 3.051057230379418 5.955612619648024
296 5.100000000000000 6.360000000000000
297 6.510000000000000 2.860000000000000
298 5.849557985235025 4.499395072111641
299 5.736729018374441 4.779466975666281
300 5.737506324158284 4.777537493224116
301 5.336574325547709 5.772758766370933
302 2.900000000000000 6.230000000000000
303 4.996705441063281 6.353896230608285
304 5.026987840374310 6.355685645113028
305 3.599769557307459 6.271350019295441
306 3.465089093478807 6.263391628251020
307 3.489674714051440 6.264844414921222
308 5.540000000000000 5.040000000000000
309 4.364810572955061 5.751642486377213
310 4.970998601935945 5.384561957716567
311 4.736919637312135 5.526309775183207
312 1.954762991039632 8.195225752466717
313 0.460000000000000 2.030000000000000
314 5.150000000000000 6.500000000000000
315 3.138361990447908 4.582724541002591
316 5.028639434117984 6.384332253839530
317 3.552257489559694 4.977204899431094
318 3.748630444627228 5.164366329953882
319 3.537134034010392 4.962790859707133
320 3.667044240668043 5.086607197395768
321 3.355165077798270 4.789357760716048
322 1.370000000000000 9.980000000000000
323 3.480000000000000 3.540000000000000
324 2.992352888599984 5.028363695457870
325 2.987776670161387 5.042330921403160
326 2.756572550186980 5.747996576680497
327 3.480000000000000 9.789999999999999
328 4.750000000000000 1.810000000000000
329 5.884211146971202 4.584152805362463
330 5.476209634727369 3.586227028662180
331 5.955146064107116 4.757651628660263
332 6.578925674777290 6.283346347399000
333 5.394102974891584 3.385403380146081
334 5.210000000000000 9.529999999999999
335 4.940201278949535 4.850387700400550
336 4.985050387402571 5.628287753913558
337 5.086663223014194 7.390744868142750
338 5.738236341381996 4.777470791142761
339 5.745898203592814 3.143167236954663
340 7.790000000000000 4.590000000000000
341 1.880000000000000 5.130000000000000
342 3.776554791852531 4.956710729678449
343 3.536254592512160 4.978667093069955
344 3.428387652383594 4.988522955619773
345 3.010464336887098 5.026708842314885
346 8.600000000000000 2.750000000000000
347 3.754266544383839 5.122454242672903
348 3.844356210785635 4.452514723430463
349 3.591034809876413 6.336304777464492
350 3.533319764397199 5.031648463776879
351 3.554338058906565 4.652212936581479
352 3.465935704944628 6.248108063368042
353 8.420000000000000 7.040000000000000
354 3.201401391745982 4.895235041683481
355 5.270000000000000 7.520000000000000
632
0 13
13 6
6 4
4 19
19 2
2 18
18 3
3 20
20 11
11 10
10 15
15 5
5 17
17 16
16 12
12 14
14 7
7 8
8 9
9 1
21 23
23 24
24 26
26 25
25 22
27 37
37 33
33 31
31 34
34 45
45 49
49 29
29 51
51 48
48 32
32 41
41 47
47 42
42 30
30 40
40 50
50 35
35 44
44 38
38 39
39 46
46 43
43 36
36 28
53 59
59 57
57 60
60 63
63 66
66 64
64 61
61 67
67 62
62 65
65 55
55 68
68 29
29 54
54 2
2 56
56 58
58 52
21 3
3 70
70 83
83 71
71 76
76 77
77 81
81 30
30 75
75 82
82 72
72 80
80 74
74 79
79 73
73 78
78 84
84 69
86 88
88 91
91 31
31 97
97 89
89 4
4 102
102 54
54 101
101 70
70 104
104 94
94 93
93 87
87 100
100 99
99 96
96 95
95 90
90 103
103 98
98 92
92 85
105 112
112 111
111 119
119 107
107 118
118 55
55 117
117 32
32 71
71 109
109 108
108 87
87 114
114 5
5 116
116 115
115 110
110 113
113 106
120 123
123 88
88 122
122 33
33 121
125 132
132 34
34 133
133 6
6 89
89 136
136 56
56 23
23 126
126 134
134 135
135 137
137 130
130 128
128 131
131 129
129 127
127 124
125 154
154 153
153 147
147 142
142 141
141 139
139 151
151 143
143 150
150 57
57 140
140 146
146 72
72 35
35 152
152 145
145 149
149 144
144 90
90 148
148 7
7 138
155 36
36 157
157 156
27 161
161 167
167 58
58 24
24 126
126 168
168 162
162 164
164 165
165 160
160 163
163 159
159 166
166 158
170 175
175 173
173 127
127 171
171 174
174 172
172 169
176 178
178 177
179 159
159 180
180 171
171 124
182 183
183 160
160 181
138 8
8 185
185 184
184 85
125 187
187 91
91 122
122 37
37 161
161 186
188 25
25 190
190 191
191 189
189 128
128 181
193 198
198 200
200 205
205 194
194 199
199 139
139 196
196 197
197 195
195 203
203 202
202 201
201 107
107 204
204 192
206 209
209 210
210 215
215 211
211 194
194 219
219 218
218 59
59 213
213 73
73 214
214 208
208 38
38 217
217 212
212 216
216 92
92 184
184 207
220 222
222 221
221 129
129 180
180 223
223 158
224 226
226 227
227 228
228 225
229 241
241 238
238 195
195 232
232 240
240 231
231 233
233 239
239 60
60 140
140 74
74 236
236 235
235 208
208 39
39 237
237 234
234 157
157 230
207 9
9 172
172 243
243 242
244 246
246 221
221 173
173 245
248 249
249 253
253 251
251 259
259 209
209 255
255 250
250 141
141 196
196 257
257 231
231 254
254 61
61 258
258 256
256 252
252 75
75 40
40 247
260 249
249 263
263 261
261 262
262 264
264 193
266 269
269 261
261 267
267 276
276 210
210 271
271 250
250 142
142 197
197 232
232 274
274 275
275 270
270 62
62 273
273 272
272 41
41 76
76 268
268 108
108 93
93 10
10 265
158 174
174 277
277 242
260 279
279 251
251 267
267 278
278 280
280 198
198 283
283 282
282 281
281 155
285 226
226 286
286 262
262 278
278 288
288 295
295 211
211 199
199 293
293 143
143 233
233 292
292 63
63 287
287 294
294 252
252 42
42 291
291 77
77 268
268 109
109 94
94 11
11 162
162 289
289 290
290 130
130 189
189 246
246 222
222 175
175 284
296 234
234 212
212 301
301 144
144 95
95 12
12 110
110 299
299 300
300 298
298 183
183 163
163 131
131 297
302 200
200 306
306 307
307 305
305 78
78 303
303 304
304 43
43 296
53 213
213 79
79 309
309 235
235 44
44 311
311 145
145 310
310 96
96 308
125 279
279 253
253 263
263 269
269 286
286 312
312 177
313 123
123 187
187 132
132 315
315 111
111 321
321 201
201 319
319 317
317 270
270 320
320 254
254 64
64 318
318 287
287 146
146 80
80 236
236 309
309 214
214 303
303 316
316 314
322 227
227 178
178 312
312 264
264 280
280 288
288 326
326 215
215 271
271 255
255 147
147 325
325 324
324 112
112 315
315 45
45 133
133 13
13 97
97 323
327 225
328 26
26 134
134 333
333 289
289 164
164 330
330 298
298 329
329 331
331 113
113 14
14 148
148 332
332 98
98 216
216 156
265 15
15 114
114 335
335 99
99 310
310 149
149 336
336 217
217 237
237 46
46 304
304 316
316 337
337 281
281 228
228 334
308 16
16 115
115 299
299 338
338 329
329 182
265 330
330 165
165 290
290 339
339 135
135 190
190 170
341 324
324 345
345 238
238 344
344 202
202 343
343 317
317 65
65 342
342 272
272 47
47 291
291 81
81 100
100 335
335 17
17 116
116 300
300 338
338 331
331 166
166 223
223 340
346 277
277 243
243 169
193 282
282 349
349 305
305 218
218 150
150 239
239 292
292 66
66 318
318 347
347 256
256 273
273 342
342 117
117 48
48 348
348 101
101 18
18 21
193 283
283 306
306 352
352 219
219 293
293 151
151 257
257 240
240 274
274 350
350 343
343 319
319 118
118 351
351 49
49 102
102 19
19 136
136 167
167 52
229 354
354 344
344 203
203 350
350 275
275 320
320 67
67 258
258 347
347 294
294 82
82 50
50 152
152 311
311 336
336 301
301 103
103 332
332 185
185 353
206 153
153 325
325 345
345 241
241 354
354 321
321 119
119 204
204 351
351 68
68 51
51 348
348 83
83 104
104 20
20 168
168 333
333 339
339 137
137 191
191 244
341 154
154 259
259 276
276 326
326 295
295 205
205 352
352 307
307 349
349 84
84 337
337 355
555
0 0.100000000000000 5.300000000000000
1 0.100000000000000 5.500000000000000
2 0.300000000000000 5.200000000000000
3 0.500000000000000 4.700000000000000
4 0.600000000000000 4.600000000000000
5 0.700000000000000 5.800000000000000
6 0.700000000000000 5.800000000000000
7 0.700000000000000 5.100000000000000
8 0.800000000000000 3.300000000000000
9 0.800000000000000 4.400000000000000
10 0.800000000000000 1.700000000000000
11 0.800000000000000 2.700000000000000
12 0.800000000000000 1.900000000000000
13 0.900000000000000 3.500000000000000
14 0.900000000000000 8.100000000000000
15 0.900000000000000 6.200000000000000
16 0.900000000000000 0.900000000000000
17 0.900000000000000 6.700000000000000
18 0.900000000000000 3.700000000000000
19 1.000000000000000 4.300000000000000
20 1.000000000000000 1.000000000000000
21 1.000000000000000 6.900000000000000
22 1.000000000000000 7.300000000000000
23 1.000000000000000 1.400000000000000
24 1.000000000000000 1.000000000000000
25 1.000000000000000 5.400000000000000
26 1.000000000000000 4.600000000000000
27 1.100000000000000 6.600000000000000
28 1.100000000000000 5.700000000000000
29 1.100000000000000 7.600000000000000
30 1.100000000000000 7.700000000000000
31 1.100000000000000 3.400000000000000
32 1.200000000000000 3.600000000000000
33 1.200000000000000 1.900000000000000
34 1.200000000000000 3.900000000000000
35 1.200000000000000 4.300000000000000
36 1.200000000000000 3.800000000000000
37 1.200000000000000 4.700000000000000
38 1.200000000000000 1.900000000000000
39 1.200000000000000 3.300000000000000
40 1.300000000000000 5.000000000000000
41 1.300000000000000 1.500000000000000
42 1.300000000000000 6.900000000000000
43 1.300000000000000 3.000000000000000
44 1.300000000000000 3.200000000000000
45 1.400000000000000 6.600000000000000
46 1.400000000000000 1.500000000000000
47 1.400000000000000 3.800000000000000
48 1.400000000000000 5.400000000000000
49 1.400000000000000 5.100000000000000
50 1.400000000000000 5.000000000000000
51 1.400000000000000 2.000000000000000
52 1.400000000000000 5.600000000000000
53 1.500000000000000 3.900000000000000
54 1.500000000000000 5.100000000000000
55 1.500000000000000 7.500000000000000
56 1.500000000000000 8.000000000000000
57 1.500000000000000 2.900000000000000
58 1.500000000000000 6.000000000000000
59 1.500000000000000 5.600000000000000
60 1.500000000000000 5.700000000000000
61 1.600000000000000 8.300000000000001
62 1.600000000000000 1.700000000000000
63 1.600000000000000 4.900000000000000
64 1.600000000000000 5.800000000000000
65 1.600000000000000 6.200000000000000
66 1.600000000000000 1.800000000000000
67 1.600000000000000 3.800000000000000
68 1.600000000000000 5.200000000000000
69 1.600000000000000 1.000000000000000
70 1.600000000000000 7.600000000000000
71 1.600000000000000 7.600000000000000
72 1.700000000000000 7.400000000000000
73 1.700000000000000 2.600000000000000
74 1.700000000000000 1.300000000000000
75 1.700000000000000 3.600000000000000
76 1.700000000000000 8.100000000000000
77 1.700000000000000 2.800000000000000
78 1.700000000000000 6.700000000000000
79 1.800000000000000 2.300000000000000
80 1.800000000000000 5.900000000000000
81 1.800000000000000 3.200000000000000
82 1.800000000000000 1.400000000000000
83 1.800000000000000 8.199999999999999
84 1.800000000000000 3.600000000000000
85 1.800000000000000 1.400000000000000
86 1.800000000000000 2.400000000000000
87 1.900000000000000 2.500000000000000
88 1.900000000000000 5.100000000000000
89 1.900000000000000 7.600000000000000
90 1.900000000000000 7.200000000000000
91 1.900000000000000 3.600000000000000
92 1.900000000000000 2.800000000000000
93 1.900000000000000 6.700000000000000
94 1.900000000000000 1.800000000000000
95 1.900000000000000 5.100000000000000
96 2.000000000000000 1.600000000000000
97 2.000000000000000 1.700000000000000
98 2.000000000000000 6.100000000000000
99 2.000000000000000 3.600000000000000
100 2.000000000000000 4.100000000000000
101 2.000000000000000 5.200000000000000
102 2.000000000000000 7.100000000000000
103 2.000000000000000 8.000000000000000
104 2.000000000000000 5.800000000000000
105 2.000000000000000 2.200000000000000
106 2.000000000000000 6.400000000000000
107 2.000000000000000 3.100000000000000
108 2.100000000000000 5.900000000000000
109 2.100000000000000 2.200000000000000
110 2.100000000000000 3.900000000000000
111 2.100000000000000 7.900000000000000
112 2.100000000000000 6.500000000000000
113 2.100000000000000 8.199999999999999
114 2.200000000000000 3.900000000000000
115 2.200000000000000 4.600000000000000
116 2.200000000000000 7.900000000000000
117 2.200000000000000 1.600000000000000
118 2.200000000000000 6.400000000000000
119 2.200000000000000 6.300000000000000
120 2.200000000000000 5.900000000000000
121 2.300000000000000 6.800000000000000
122 2.300000000000000 7.900000000000000
123 2.300000000000000 1.800000000000000
124 2.300000000000000 6.100000000000000
125 2.300000000000000 2.100000000000000
126 2.300000000000000 7.200000000000000
127 2.300000000000000 3.600000000000000
128 2.300000000000000 1.300000000000000
129 2.300000000000000 7.900000000000000
130 2.300000000000000 2.300000000000000
131 2.400000000000000 5.400000000000000
132 2.400000000000000 3.700000000000000
133 2.400000000000000 2.200000000000000
134 2.400000000000000 8.100000000000000
135 2.400000000000000 7.200000000000000
136 2.400000000000000 6.300000000000000
137 2.400000000000000 6.400000000000000
138 2.400000000000000 6.800000000000000
139 2.400000000000000 6.800000000000000
140 2.400000000000000 2.000000000000000
141 2.500000000000000 4.100000000000000
142 2.500000000000000 8.400000000000000
143 2.500000000000000 6.700000000000000
144 2.500000000000000 6.100000000000000
145 2.500000000000000 3.300000000000000
146 2.500000000000000 4.800000000000000
147 2.500000000000000 7.600000000000000
148 2.600000000000000 2.200000000000000
149 2.600000000000000 4.400000000000000
150 2.600000000000000 6.400000000000000
151 2.600000000000000 2.800000000000000
152 2.600000000000000 2.900000000000000
153 2.700000000000000 6.800000000000000
154 2.700000000000000 3.400000000000000
155 2.700000000000000 2.500000000000000
156 2.700000000000000 3.400000000000000
157 2.700000000000000 5.700000000000000
158 2.700000000000000 5.200000000000000
159 2.700000000000000 2.200000000000000
160 2.700000000000000 6.500000000000000
161 2.700000000000000 3.000000000000000
162 2.700000000000000 7.300000000000000
163 2.800000000000000 3.800000000000000
164 2.800000000000000 2.400000000000000
165 2.800000000000000 3.800000000000000
166 2.800000000000000 4.400000000000000
167 2.800000000000000 2.900000000000000
168 2.800000000000000 6.300000000000000
169 2.900000000000000 3.200000000000000
170 2.900000000000000 7.700000000000000
171 2.900000000000000 4.000000000000000
172 2.900000000000000 1.800000000000000
173 2.900000000000000 4.000000000000000
174 2.900000000000000 6.100000000000000
175 2.900000000000000 6.500000000000000
176 2.900000000000000 3.100000000000000
177 2.900000000000000 8.400000000000000
178 2.900000000000000 7.800000000000000
179 2.900000000000000 5.700000000000000
180 3.000000000000000 3.900000000000000
181 3.000000000000000 7.600000000000000
182 3.000000000000000 2.900000000000000
183 3.000000000000000 5.700000000000000
184 3.000000000000000 4.100000000000000
185 3.000000000000000 8.300000000000001
186 3.000000000000000 6.400000000000000
187 3.000000000000000 7.100000000000000
188 3.000000000000000 3.200000000000000
189 3.100000000000000 7.900000000000000
190 3.100000000000000 5.600000000000000
191 3.100000000000000 5.600000000000000
192 3.100000000000000 2.200000000000000
193 3.100000000000000 2.700000000000000
194 3.100000000000000 2.500000000000000
195 3.100000000000000 4.900000000000000
196 3.200000000000000 7.100000000000000
197 3.200000000000000 4.200000000000000
198 3.200000000000000 8.300000000000001
199 3.200000000000000 3.500000000000000
200 3.200000000000000 7.300000000000000
201 3.200000000000000 8.500000000000000
202 3.200000000000000 6.500000000000000
203 3.300000000000000 6.800000000000000
204 3.300000000000000 7.800000000000000
205 3.300000000000000 6.600000000000000
206 3.300000000000000 2.300000000000000
207 3.300000000000000 2.100000000000000
208 3.300000000000000 2.100000000000000
209 3.300000000000000 5.500000000000000
210 3.300000000000000 5.000000000000000
211 3.400000000000000 7.400000000000000
212 3.400000000000000 4.700000000000000
213 3.400000000000000 8.300000000000001
214 3.400000000000000 8.500000000000000
215 3.400000000000000 6.200000000000000
216 3.400000000000000 2.100000000000000
217 3.500000000000000 2.800000000000000
218 3.500000000000000 5.200000000000000
219 3.500000000000000 7.300000000000000
220 3.500000000000000 3.300000000000000
221 3.500000000000000 4.500000000000000
222 3.500000000000000 4.900000000000000
223 3.500000000000000 5.800000000000000
224 3.500000000000000 5.700000000000000
225 3.600000000000000 7.600000000000000
226 3.600000000000000 5.800000000000000
227 3.600000000000000 6.100000000000000
228 3.700000000000000 7.600000000000000
229 3.700000000000000 7.800000000000000
230 3.700000000000000 5.200000000000000
231 3.700000000000000 3.800000000000000
232 3.700000000000000 8.300000000000001
233 3.800000000000000 3.900000000000000
234 3.800000000000000 6.500000000000000
235 3.800000000000000 3.000000000000000
236 3.800000000000000 2.800000000000000
237 3.800000000000000 7.400000000000000
238 3.900000000000000 3.600000000000000
239 3.900000000000000 7.700000000000000
240 3.900000000000000 6.700000000000000
241 3.900000000000000 6.200000000000000
242 3.900000000000000 6.100000000000000
243 3.900000000000000 6.800000000000000
244 3.900000000000000 4.500000000000000
245 3.900000000000000 4.000000000000000
246 4.000000000000000 7.700000000000000
247 4.000000000000000 4.500000000000000
248 4.000000000000000 7.800000000000000
249 4.000000000000000 2.600000000000000
250 4.000000000000000 4.900000000000000
251 4.000000000000000 4.400000000000000
252 4.100000000000000 4.200000000000000
253 4.100000000000000 7.700000000000000
254 4.100000000000000 8.500000000000000
255 4.100000000000000 5.800000000000000
256 4.100000000000000 7.100000000000000
257 4.200000000000000 3.200000000000000
258 4.200000000000000 2.900000000000000
259 4.200000000000000 6.000000000000000
260 4.200000000000000 6.800000000000000
261 4.200000000000000 7.400000000000000
262 4.200000000000000 8.199999999999999
263 4.300000000000000 2.800000000000000
264 4.300000000000000 4.400000000000000
265 4.300000000000000 6.400000000000000
266 4.300000000000000 7.400000000000000
267 4.300000000000000 7.300000000000000
268 4.400000000000000 6.100000000000000
269 4.400000000000000 6.000000000000000
270 4.400000000000000 3.200000000000000
271 4.500000000000000 5.600000000000000
272 4.500000000000000 6.900000000000000
273 4.500000000000000 6.000000000000000
274 4.500000000000000 4.500000000000000
275 4.500000000000000 5.700000000000000
276 4.500000000000000 5.700000000000000
277 4.500000000000000 6.400000000000000
278 4.600000000000000 4.500000000000000
279 4.600000000000000 3.800000000000000
280 4.600000000000000 6.300000000000000
281 4.600000000000000 8.500000000000000
282 4.600000000000000 5.100000000000000
283 4.700000000000000 6.000000000000000
284 4.700000000000000 6.900000000000000
285 4.700000000000000 7.600000000000000
286 4.700000000000000 6.700000000000000
287 4.700000000000000 6.800000000000000
288 4.700000000000000 3.700000000000000
289 4.700000000000000 3.200000000000000
290 4.800000000000000 7.600000000000000
291 4.800000000000000 5.500000000000000
292 4.800000000000000 4.400000000000000
293 4.800000000000000 3.200000000000000
294 4.800000000000000 7.200000000000000
295 4.800000000000000 7.800000000000000
296 4.800000000000000 5.800000000000000
297 4.900000000000000 7.100000000000000
298 4.900000000000000 8.500000000000000
299 4.900000000000000 7.300000000000000
300 4.900000000000000 7.500000000000000
301 4.900000000000000 2.900000000000000
302 5.000000000000000 5.900000000000000
303 5.000000000000000 6.400000000000000
304 5.000000000000000 5.500000000000000
305 5.000000000000000 6.500000000000000
306 5.100000000000000 4.000000000000000
307 5.100000000000000 6.500000000000000
308 5.100000000000000 7.400000000000000
309 5.100000000000000 8.699999999999999
310 5.100000000000000 8.000000000000000
311 5.100000000000000 2.800000000000000
312 5.100000000000000 4.400000000000000
313 5.200000000000000 5.000000000000000
314 5.200000000000000 7.100000000000000
315 5.200000000000000 6.800000000000000
316 5.200000000000000 6.900000000000000
317 5.200000000000000 2.600000000000000
318 5.200000000000000 3.000000000000000
319 5.200000000000000 7.000000000000000
320 5.200000000000000 6.500000000000000
321 5.300000000000000 7.500000000000000
322 5.300000000000000 7.700000000000000
323 5.300000000000000 2.700000000000000
324 5.300000000000000 7.800000000000000
325 5.300000000000000 5.700000000000000
326 5.300000000000000 3.500000000000000
327 5.300000000000000 4.300000000000000
328 5.300000000000000 8.199999999999999
329 5.300000000000000 7.500000000000000
330 5.300000000000000 5.700000000000000
331 5.300000000000000 5.500000000000000
332 5.400000000000000 3.100000000000000
333 5.400000000000000 6.900000000000000
334 5.400000000000000 5.200000000000000
335 5.400000000000000 3.700000000000000
336 5.400000000000000 7.900000000000000
337 5.400000000000000 4.300000000000000
338 5.400000000000000 4.100000000000000
339 5.400000000000000 5.000000000000000
340 5.400000000000000 3.700000000000000
341 5.400000000000000 2.800000000000000
342 5.500000000000000 4.100000000000000
343 5.500000000000000 4.200000000000000
344 5.500000000000000 7.600000000000000
345 5.500000000000000 8.100000000000000
346 5.500000000000000 5.800000000000000
347 5.500000000000000 6.700000000000000
348 5.500000000000000 5.200000000000000
349 5.600000000000000 4.600000000000000
350 5.600000000000000 4.200000000000000
351 5.600000000000000 6.100000000000000
352 5.600000000000000 5.000000000000000
353 5.600000000000000 4.900000000000000
354 5.600000000000000 5.300000000000000
355 5.700000000000000 6.000000000000000
356 5.700000000000000 4.600000000000000
357 5.700000000000000 7.900000000000000
358 5.700000000000000 5.400000000000000
359 5.700000000000000 3.800000000000000
360 5.700000000000000 8.100000000000000
361 5.700000000000000 7.600000000000000
362 5.700000000000000 6.500000000000000
363 5.800000000000000 4.400000000000000
364 5.800000000000000 2.400000000000000
365 5.800000000000000 6.700000000000000
366 5.800000000000000 5.300000000000000
367 5.800000000000000 3.300000000000000
368 5.800000000000000 3.500000000000000
369 5.800000000000000 7.200000000000000
370 5.800000000000000 8.000000000000000
371 5.800000000000000 4.600000000000000
372 5.900000000000000 7.000000000000000
373 5.900000000000000 6.300000000000000
374 5.900000000000000 6.200000000000000
375 6.000000000000000 3.600000000000000
376 6.000000000000000 2.900000000000000
377 6.000000000000000 4.800000000000000
378 6.000000000000000 3.300000000000000
379 6.100000000000000 5.200000000000000
380 6.100000000000000 7.700000000000000
381 6.100000000000000 8.000000000000000
382 6.100000000000000 5.500000000000000
383 6.200000000000000 5.600000000000000
384 6.200000000000000 6.900000000000000
385 6.200000000000000 5.800000000000000
386 6.200000000000000 6.900000000000000
387 6.200000000000000 7.500000000000000
388 6.200000000000000 4.100000000000000
389 6.300000000000000 7.700000000000000
390 6.300000000000000 6.300000000000000
391 6.300000000000000 4.800000000000000
392 6.300000000000000 6.000000000000000
393 6.300000000000000 2.400000000000000
394 6.300000000000000 4.900000000000000
395 6.300000000000000 5.300000000000000
396 6.300000000000000 7.300000000000000
397 6.300000000000000 3.200000000000000
398 6.400000000000000 5.700000000000000
399 6.400000000000000 2.200000000000000
400 6.400000000000000 4.100000000000000
401 6.400000000000000 5.300000000000000
402 6.500000000000000 2.100000000000000
403 6.500000000000000 7.700000000000000
404 6.500000000000000 2.000000000000000
405 6.500000000000000 4.100000000000000
406 6.500000000000000 2.100000000000000
407 6.500000000000000 5.300000000000000
408 6.600000000000000 6.300000000000000
409 6.600000000000000 7.800000000000000
410 6.600000000000000 6.700000000000000
411 6.700000000000000 4.600000000000000
412 6.700000000000000 4.600000000000000
413 6.700000000000000 6.100000000000000
414 6.700000000000000 3.300000000000000
415 6.700000000000000 7.200000000000000
416 6.700000000000000 6.200000000000000
417 6.700000000000000 6.500000000000000
418 6.700000000000000 2.700000000000000
419 6.700000000000000 6.100000000000000
420 6.700000000000000 4.200000000000000
421 6.800000000000000 4.900000000000000
422 6.800000000000000 2.100000000000000
423 6.800000000000000 2.400000000000000
424 6.800000000000000 5.800000000000000
425 6.800000000000000 4.500000000000000
426 6.800000000000000 7.200000000000000
427 6.800000000000000 4.400000000000000
428 6.800000000000000 5.300000000000000
429 6.900000000000000 4.400000000000000
430 6.900000000000000 2.700000000000000
431 6.900000000000000 2.500000000000000
432 6.900000000000000 3.800000000000000
433 6.900000000000000 1.600000000000000
434 6.900000000000000 5.200000000000000
435 6.900000000000000 6.300000000000000
436 6.900000000000000 5.700000000000000
437 7.000000000000000 6.400000000000000
438 7.000000000000000 5.300000000000000
439 7.000000000000000 3.500000000000000
440 7.000000000000000 6.200000000000000
441 7.000000000000000 2.500000000000000
442 7.100000000000000 2.000000000000000
443 7.100000000000000 2.700000000000000
444 7.100000000000000 1.000000000000000
445 7.100000000000000 3.700000000000000
446 7.100000000000000 4.100000000000000
447 7.200000000000000 2.100000000000000
448 7.200000000000000 1.200000000000000
449 7.300000000000000 4.800000000000000
450 7.300000000000000 0.700000000000000
451 7.300000000000000 1.100000000000000
452 7.300000000000000 2.000000000000000
453 7.400000000000000 0.700000000000000
454 7.400000000000000 4.800000000000000
455 7.400000000000000 4.800000000000000
456 7.400000000000000 6.100000000000000
457 7.400000000000000 4.500000000000000
458 7.400000000000000 6.600000000000000
459 7.400000000000000 2.300000000000000
460 7.500000000000000 5.700000000000000
461 7.500000000000000 4.700000000000000
462 7.500000000000000 4.800000000000000
463 7.600000000000000 4.700000000000000
464 7.600000000000000 6.900000000000000
465 7.600000000000000 2.400000000000000
466 7.600000000000000 1.100000000000000
467 7.600000000000000 3.300000000000000
468 7.600000000000000 2.600000000000000
469 7.600000000000000 1.300000000000000
470 7.600000000000000 5.000000000000000
471 7.700000000000000 1.900000000000000
472 7.700000000000000 5.400000000000000
473 7.700000000000000 1.600000000000000
474 7.700000000000000 6.700000000000000
475 7.800000000000000 2.600000000000000
476 7.800000000000000 5.600000000000000
477 7.800000000000000 1.700000000000000
478 7.800000000000000 7.200000000000000
479 7.800000000000000 6.300000000000000
480 7.800000000000000 4.600000000000000
481 7.800000000000000 6.800000000000000
482 7.800000000000000 3.800000000000000
483 7.800000000000000 3.600000000000000
484 7.900000000000000 3.400000000000000
485 7.900000000000000 2.200000000000000
486 7.900000000000000 3.000000000000000
487 7.900000000000000 2.400000000000000
488 7.900000000000000 7.000000000000000
489 7.900000000000000 4.300000000000000
490 8.000000000000000 5.900000000000000
491 8.000000000000000 4.300000000000000
492 8.000000000000000 5.000000000000000
493 8.000000000000000 6.900000000000000
494 8.000000000000000 5.600000000000000
495 8.000000000000000 5.600000000000000
496 8.000000000000000 3.400000000000000
497 8.100000000000000 5.300000000000000
498 8.100000000000000 6.300000000000000
499 8.100000000000000 7.100000000000000
500 8.100000000000000 3.200000000000000
501 8.100000000000000 3.500000000000000
502 8.100000000000000 5.600000000000000
503 8.100000000000000 3.100000000000000
504 8.100000000000000 6.800000000000000
505 8.199999999999999 7.500000000000000
506 8.199999999999999 2.800000000000000
507 8.199999999999999 4.400000000000000
508 8.199999999999999 4.600000000000000
509 8.199999999999999 6.400000000000000
510 8.199999999999999 7.500000000000000
511 8.300000000000001 5.900000000000000
512 8.300000000000001 5.800000000000000
513 8.300000000000001 7.200000000000000
514 8.300000000000001 6.500000000000000
515 8.300000000000001 4.200000000000000
516 8.300000000000001 7.100000000000000
517 8.400000000000000 4.200000000000000
518 8.400000000000000 5.100000000000000
519 8.400000000000000 7.300000000000000
520 8.500000000000000 6.400000000000000
521 8.500000000000000 3.900000000000000
522 8.500000000000000 7.800000000000000
523 8.600000000000000 7.100000000000000
524 8.600000000000000 6.200000000000000
525 8.600000000000000 3.900000000000000
526 8.600000000000000 4.200000000000000
527 8.600000000000000 4.000000000000000
528 8.600000000000000 5.100000000000000
529 8.600000000000000 5.200000000000000
530 8.699999999999999 3.900000000000000
531 8.699999999999999 5.600000000000000
532 8.699999999999999 4.500000000000000
533 8.699999999999999 7.700000000000000
534 8.699999999999999 5.500000000000000
535 8.699999999999999 5.200000000000000
536 8.800000000000001 5.200000000000000
537 8.800000000000001 5.900000000000000
538 8.800000000000001 5.400000000000000
539 8.800000000000001 7.000000000000000
540 8.800000000000001 3.900000000000000
541 8.900000000000000 5.500000000000000
542 8.900000000000000 4.500000000000000
543 8.900000000000000 3.700000000000000
544 8.900000000000000 6.300000000000000
545 8.900000000000000 7.600000000000000
546 8.900000000000000 4.600000000000000
547 8.900000000000000 5.000000000000000
548 9.000000000000000 4.200000000000000
549 9.000000000000000 3.600000000000000
550 9.100000000000000 5.100000000000000
551 9.100000000000000 3.700000000000000
552 9.100000000000000 4.900000000000000
553 9.100000000000000 4.000000000000000
554 9.100000000000000 3.800000000000000
