244
0 9.910000000000000 9.119999999999999
1 4.390000000000000 6.640000000000000
2 3.740000000000000 3.370000000000000
3 7.110000000000000 4.780000000000000
4 5.482427539783681 4.099027546318989
5 6.950427691055218 4.713235324744171
6 6.307099258619449 4.444068235802202
7 4.250790235219926 3.583713421857595
8 5.285317087163114 4.016557000860532
9 4.239046884171234 3.578800031656213
10 5.518529947801470 4.114132708130585
11 6.218112603495861 4.406836430542779
12 4.635494183926488 3.744672640752626
13 5.559463417903945 4.131259174850019
14 5.280000000000000 5.380000000000000
15 3.110000000000000 3.920000000000000
16 3.986925532704729 4.510005197119311
17 3.212931245176228 3.989253280164651
18 5.037046040870506 5.216537889249280
19 3.892746030013185 4.446640186091820
20 4.742941248171624 5.018660931949571
21 3.186033721341366 3.971156328644422
22 3.609718784462689 4.256216325030196
23 3.876375280711969 4.435625764902984
24 2.610000000000000 1.510000000000000
25 3.810000000000000 1.030000000000000
26 3.217739169675090 1.266904332129964
27 3.036293582056407 1.339482567177437
28 2.688498542274053 1.478600583090379
29 2.757483588621444 1.451006564551422
30 2.928314500941620 1.382674199623352
31 7.170000000000000 4.050000000000000
32 8.039999999999999 7.370000000000000
33 7.718394546173099 6.142724015281253
34 7.318432988048785 4.616433931404559
35 7.591128845433174 5.657066398664530
36 7.394740105753114 4.907628909310737
37 7.423503022742539 5.017390845408310
38 7.616358493814407 5.753345056854979
39 7.250691399662732 4.357925801011805
40 7.595244233044164 5.672771096214509
41 5.510000000000000 8.660000000000000
42 3.380000000000000 5.630000000000000
43 3.734628178809334 6.134471071263982
44 3.393296942834826 5.648915369384753
45 3.393676115366352 5.649454755661994
46 4.110698559013798 6.669444429019629
47 3.963109233356578 6.459493416464991
48 4.170943553619427 6.755145055148763
49 3.150000000000000 4.740000000000000
50 7.080000000000000 3.660000000000000
51 3.380126263329343 4.676759194810257
52 5.838322944968303 4.001224228863673
53 3.850950372557290 4.547372416701814
54 6.174673291831587 3.908792072473762
55 5.198441804566885 4.177069427752611
56 3.398217449973326 4.671787570999697
57 6.026397623058207 3.949539584503088
58 3.163801252847381 4.736207289293850
59 5.494835035902571 4.095617852729065
60 5.791014930114358 4.014224904701398
61 3.711501985975580 4.585694110724268
62 5.521670765987351 4.088243148278285
63 2.300000000000000 4.140000000000000
64 3.330000000000000 2.880000000000000
65 3.031864991556513 3.244708845280382
66 2.813634336259967 3.511670617779068
67 3.107042304447391 3.152744365433289
68 6.980000000000000 5.720000000000000
69 9.670000000000000 7.260000000000000
70 8.463713639741671 6.569412269591886
71 8.704461478294878 6.707238169730153
72 3.860000000000000 6.650000000000000
73 3.603123049708823 5.593721980402679
74 2.782919191815436 2.221043716745075
75 3.763105223464603 6.251568678886447
76 3.534271449933502 5.310604202126560
77 3.198581362646959 3.930246563204294
78 3.360913885234641 4.597757896084846
79 3.100285809586195 3.526055249018434
80 2.660398012187718 1.717236626115896
81 3.346704334730091 4.539328224410135
82 3.041315937324427 3.283571134278045
83 3.422050973635447 4.849153603588960
84 8.420000000000000 0.300000000000000
85 5.960000000000000 2.770000000000000
86 7.336027142619655 1.388379251109533
87 6.240451094560613 2.488408860339547
88 8.276825141331658 0.443756870288945
89 0.690000000000000 6.360000000000000
90 9.890000000000001 3.940000000000000
91 1.497341844396312 6.147633993104448
92 6.670088085481215 4.786976829688637
93 1.102994683992912 6.251364441819256
94 8.507236391737420 4.303726949129940
95 0.924870780602735 6.298218772928411
96 3.391887103225959 5.649286218499259
97 3.393973788694099 5.648737329495683
98 7.106987427900108 4.672053307008885
99 7.734598351460761 4.506964346680974
100 4.569242176781865 5.339590644803032
101 2.608089703919557 5.855459012664639
102 3.832391366191236 5.533414444980131
103 7.006328153429385 4.698531072684879
104 1.967448743107292 6.023975439313082
105 1.618435308923114 6.115781147000660
106 6.452776511294728 4.844139222028996
107 7.473535791180458 4.575635150580793
108 7.149729944400319 4.660810166799047
109 6.640197005516157 4.794839483331620
110 2.197937204360046 5.963346952766162
111 6.235900129914357 4.901187139739919
112 1.420000000000000 6.470000000000000
113 2.057501465163581 3.812851035956839
114 2.350344331823736 2.592262280801904
115 2.579515080510351 1.637063193839208
116 8.420000000000000 6.650000000000000
117 9.011642877533543 5.559284218968775
118 8.759198316759104 6.024675211961108
119 8.800989358420727 5.947631863047502
120 8.753972120225297 6.034309900809145
121 8.541772322257286 6.425508167811397
122 8.060000000000000 6.100000000000000
123 5.710000000000000 3.880000000000000
124 0.270000000000000 4.780000000000000
125 1.340000000000000 6.670000000000000
126 1.016138884377657 6.097946253713806
127 5.776865491899459 3.583117215966404
128 5.892412752210983 3.070087380183234
129 5.743105693444950 3.733010721104420
130 7.180000000000000 1.000000000000000
131 9.490000000000000 6.750000000000000
132 7.306097365740067 1.313878724244755
133 3.230000000000000 1.240000000000000
134 0.760000000000000 6.660000000000000
135 3.144349668074614 1.427945262767445
136 3.041382524730083 1.653889358689453
137 2.488658460135635 2.866749451848119
138 2.902948527854268 1.957659505680108
139 3.036613471159377 1.664354245472136
140 3.095107334959376 1.535999289279426
141 5.340000000000000 8.810000000000000
142 3.392998123507335 5.651088792221085
143 4.026157102707318 6.678356931943505
144 3.929515781219369 6.521561318508976
145 4.097333739342266 6.793837393422655
146 2.630000000000000 7.490000000000000
147 4.410000000000000 3.200000000000000
148 2.918306729907928 6.795148386907297
149 3.618195357489165 5.108338155264876
150 4.263952167037520 3.551991687308452
151 4.394977672447953 3.236205497302405
152 3.910023849199676 4.404998700524376
153 1.620000000000000 0.180000000000000
154 9.010000000000000 6.230000000000000
155 5.598807633004819 3.437345897114906
156 4.005036674816624 2.132567237163813
157 4.446068719452385 2.493628653949517
158 4.901103830944084 2.866154015860854
159 4.491009373904527 2.530420394062570
160 7.907804366685946 5.327661220358590
161 7.137622253720767 4.697133238837705
162 5.269411862425004 3.167678182364179
163 8.869999999999999 0.100000000000000
164 6.010000000000000 0.950000000000000
165 6.937254133186244 0.674417477899193
166 8.257590361445784 0.282009857612267
167 7.230000000000000 6.820000000000000
168 4.550000000000000 5.920000000000000
169 5.420000000000000 1.380000000000000
170 5.593015951806142 1.613740213442838
171 5.802142614782253 1.896265092393852
172 5.496883438893100 1.483867598504606
173 7.366690140845071 4.009929577464789
174 6.149978580263674 2.366182761637554
175 1.070000000000000 6.990000000000000
176 2.299876226577108 6.860344373704221
177 5.817674844671021 3.032962667941161
178 4.137076488647118 6.138068201928182
179 5.527836406707232 3.568473686655210
180 5.317516877984522 3.957064054009551
181 5.454170906914098 3.704579467225381
182 5.351407344017426 3.894447383434470
183 2.490000000000000 1.380000000000000
184 4.558409825468649 2.407445403500767
185 2.988654324828873 1.627697573117610
186 5.084482801457597 2.668762698763251
187 4.592790326866862 2.424523299620140
188 3.437282859338971 1.850545734050731
189 5.558732247482888 2.904337586984964
190 0.250000000000000 8.820000000000000
191 1.685150073696905 8.864569878065121
192 3.260000000000000 3.730000000000000
193 1.570000000000000 9.240000000000000
194 3.132734385369295 4.144931086754545
195 2.846684369233539 5.077555695575859
196 1.978705373241977 7.907475380731780
197 2.721033316890697 5.487222736054591
198 1.160000000000000 0.230000000000000
199 2.898779241479536 3.680642395629668
200 3.336828083993911 4.549959138823830
201 2.870262142835949 3.624049639497967
202 3.466983725782935 4.808255629185330
203 6.380000000000000 1.010000000000000
204 4.284124116981478 2.617865567119601
205 2.806117121758544 3.751728776690136
206 3.940755616764990 2.881283068511172
207 4.751793721973095 2.259089620152993
208 4.277516632513970 2.622934544174332
209 4.251695792677188 2.642743178656961
210 3.440000000000000 2.490000000000000
211 4.779800432243528 2.996726445026900
212 4.354940120148953 2.671992448521493
213 7.969720571703871 5.434881965633533
214 7.110592216582063 4.778223350253807
215 4.212198672114407 2.562890704800821
216 5.148020834950551 3.278168791045008
217 4.118862880886428 2.491551246537397
218 7.090000000000000 0.510000000000000
219 4.489040019508495 3.309704430828067
220 4.735737550665895 3.044156257754984
221 4.668218728656455 3.116834325300029
222 4.062415937939529 2.976346652805563
223 4.824979344130442 3.572202474526168
224 5.601103713567095 4.178654633328401
225 7.110000000000000 1.040000000000000
226 7.090000000000000 7.550000000000000
227 4.410000000000000 6.210000000000000
228 5.397741935483871 6.703870967741936
229 3.290000000000000 3.780000000000000
230 4.343655717265408 2.683733205933418
231 4.314426731056813 2.714144246731331
232 8.449999999999999 1.900000000000000
233 8.230000000000000 0.050000000000000
234 8.275383129939678 0.431630865401842
235 9.220000000000001 7.600000000000000
236 7.286237113402062 4.251288659793815
237 7.730000000000000 2.920000000000000
238 1.270000000000000 8.279999999999999
239 5.068772916868756 3.350300569543949
240 4.052822878228782 2.416383763837637
241 4.960177226263182 3.449144810380858
242 3.810000000000000 2.140000000000000
243 7.500000000000000 6.340000000000000
411
1 0
2 9
9 7
7 12
12 8
8 4
4 10
10 13
13 11
11 6
6 5
5 3
15 21
21 17
17 22
22 23
23 19
19 16
16 20
20 18
18 14
24 28
28 29
29 30
30 27
27 26
26 25
31 39
39 34
34 36
36 37
37 35
35 40
40 38
38 33
33 32
42 44
44 45
45 43
43 47
47 46
46 48
48 41
49 58
58 51
51 56
56 61
61 53
53 16
16 55
55 4
4 59
59 62
62 60
60 52
52 57
57 54
54 50
63 66
66 65
65 67
67 64
68 33
33 70
70 71
71 69
24 80
80 74
74 65
65 82
82 79
79 77
77 17
17 81
81 78
78 51
51 83
83 76
76 73
73 43
43 75
75 72
85 87
87 86
86 88
88 84
89 95
95 93
93 91
91 105
105 104
104 110
110 101
101 96
96 44
44 97
97 73
73 102
102 100
100 18
18 111
111 106
106 109
109 92
92 5
5 103
103 98
98 108
108 34
34 107
107 99
99 94
94 90
112 91
91 113
113 114
114 115
115 24
116 70
70 121
121 120
120 118
118 119
119 117
117 90
123 52
52 6
6 92
92 35
35 122
124 126
126 93
93 125
123 129
129 127
127 128
128 85
130 132
132 86
86 94
94 117
117 131
134 95
95 126
126 113
113 137
137 74
74 138
138 139
139 136
136 140
140 135
135 26
26 133
42 96
96 142
142 75
75 144
144 143
143 145
145 141
146 148
148 142
142 45
45 97
97 76
76 149
149 53
53 19
19 152
152 7
7 150
150 151
151 147
153 27
27 135
135 156
156 157
157 159
159 158
158 162
162 155
155 127
127 54
54 98
98 161
161 36
36 160
160 118
118 154
164 165
165 166
166 163
168 167
169 172
172 170
170 171
171 174
174 87
87 173
173 99
99 119
119 154
175 176
176 148
148 143
143 46
46 1
72 144
144 47
47 178
178 100
100 20
20 55
55 8
8 180
180 182
182 181
181 179
179 155
155 177
177 85
183 28
28 185
185 136
136 188
188 156
156 184
184 187
187 186
186 189
189 177
177 128
128 50
190 191
191 0
193 191
191 196
196 176
176 101
101 197
197 195
195 194
194 21
21 77
77 192
198 114
114 137
137 66
66 201
201 199
199 194
194 200
200 78
78 56
56 202
202 149
149 102
102 178
178 1
63 205
205 199
199 79
79 206
206 209
209 208
208 204
204 157
157 184
184 207
207 170
170 203
198 115
115 80
80 138
138 210
198 29
29 185
185 139
139 217
217 215
215 204
204 212
212 211
211 216
216 179
179 129
129 57
57 103
103 214
214 37
37 213
213 120
120 154
175 104
104 195
195 58
58 200
200 81
81 22
22 9
9 150
150 219
219 221
221 220
220 211
211 158
158 186
186 171
171 165
165 218
125 105
105 205
205 201
201 82
82 67
67 210
210 206
206 222
222 151
151 219
219 223
223 180
180 59
59 10
10 224
224 106
106 38
38 122
225 130
227 228
228 226
229 222
222 231
231 230
230 212
212 159
159 187
187 207
207 172
172 164
233 166
166 234
234 88
88 232
31 236
236 107
107 160
160 213
213 121
121 71
71 235
3 214
214 161
161 108
108 39
39 236
236 173
173 237
238 196
196 145
145 48
48 1
1 228
228 167
153 30
30 140
140 188
188 240
240 215
215 208
208 230
230 220
220 239
239 181
181 60
60 11
11 109
109 40
40 122
175 110
110 197
197 83
83 202
202 61
61 23
23 152
152 12
12 223
223 241
241 239
239 216
216 162
162 189
189 174
174 132
132 234
234 84
242 240
240 217
217 209
209 231
231 221
221 241
241 182
182 62
62 13
13 224
224 111
111 243
41 0
639
0 1.100000000000000 6.600000000000000
1 1.200000000000000 0.900000000000000
2 1.300000000000000 1.300000000000000
3 1.300000000000000 4.100000000000000
4 1.300000000000000 5.600000000000000
5 1.400000000000000 0.600000000000000
6 1.400000000000000 0.600000000000000
7 1.400000000000000 4.300000000000000
8 1.400000000000000 2.900000000000000
9 1.400000000000000 2.200000000000000
10 1.400000000000000 5.100000000000000
11 1.400000000000000 2.200000000000000
12 1.400000000000000 4.100000000000000
13 1.400000000000000 4.900000000000000
14 1.400000000000000 6.900000000000000
15 1.500000000000000 6.700000000000000
16 1.500000000000000 4.500000000000000
17 1.500000000000000 6.100000000000000
18 1.500000000000000 2.400000000000000
19 1.500000000000000 5.800000000000000
20 1.500000000000000 1.400000000000000
21 1.500000000000000 1.200000000000000
22 1.600000000000000 1.800000000000000
23 1.600000000000000 6.000000000000000
24 1.600000000000000 1.400000000000000
25 1.600000000000000 6.500000000000000
26 1.600000000000000 1.200000000000000
27 1.600000000000000 3.800000000000000
28 1.600000000000000 6.300000000000000
29 1.700000000000000 6.100000000000000
30 1.700000000000000 6.800000000000000
31 1.700000000000000 4.800000000000000
32 1.700000000000000 7.400000000000000
33 1.700000000000000 1.900000000000000
34 1.700000000000000 6.000000000000000
35 1.700000000000000 3.800000000000000
36 1.700000000000000 4.600000000000000
37 1.700000000000000 8.500000000000000
38 1.700000000000000 7.100000000000000
39 1.700000000000000 3.300000000000000
40 1.700000000000000 1.000000000000000
41 1.700000000000000 4.200000000000000
42 1.800000000000000 8.199999999999999
43 1.800000000000000 0.600000000000000
44 1.800000000000000 1.900000000000000
45 1.800000000000000 3.900000000000000
46 1.800000000000000 8.800000000000001
47 1.800000000000000 6.600000000000000
48 1.800000000000000 3.100000000000000
49 1.800000000000000 2.600000000000000
50 1.800000000000000 6.100000000000000
51 1.800000000000000 5.600000000000000
52 1.900000000000000 3.100000000000000
53 1.900000000000000 7.400000000000000
54 1.900000000000000 4.500000000000000
55 1.900000000000000 2.800000000000000
56 1.900000000000000 4.000000000000000
57 1.900000000000000 8.199999999999999
58 1.900000000000000 4.100000000000000
59 1.900000000000000 5.700000000000000
60 1.900000000000000 4.400000000000000
61 1.900000000000000 6.900000000000000
62 1.900000000000000 8.500000000000000
63 2.000000000000000 4.200000000000000
64 2.000000000000000 4.900000000000000
65 2.000000000000000 7.600000000000000
66 2.000000000000000 4.900000000000000
67 2.000000000000000 3.800000000000000
68 2.100000000000000 1.600000000000000
69 2.100000000000000 5.700000000000000
70 2.100000000000000 1.700000000000000
71 2.100000000000000 7.700000000000000
72 2.100000000000000 5.500000000000000
73 2.100000000000000 7.200000000000000
74 2.200000000000000 6.600000000000000
75 2.200000000000000 3.000000000000000
76 2.200000000000000 7.400000000000000
77 2.200000000000000 3.400000000000000
78 2.200000000000000 5.500000000000000
79 2.200000000000000 8.000000000000000
80 2.200000000000000 4.200000000000000
81 2.200000000000000 4.000000000000000
82 2.200000000000000 1.900000000000000
83 2.300000000000000 6.700000000000000
84 2.300000000000000 4.100000000000000
85 2.300000000000000 4.300000000000000
86 2.300000000000000 1.300000000000000
87 2.300000000000000 7.700000000000000
88 2.300000000000000 0.800000000000000
89 2.400000000000000 2.900000000000000
90 2.400000000000000 6.600000000000000
91 2.400000000000000 8.300000000000001
92 2.400000000000000 1.000000000000000
93 2.400000000000000 8.199999999999999
94 2.400000000000000 1.100000000000000
95 2.400000000000000 3.800000000000000
96 2.400000000000000 4.600000000000000
97 2.400000000000000 1.300000000000000
98 2.400000000000000 2.300000000000000
99 2.500000000000000 1.800000000000000
100 2.500000000000000 3.800000000000000
101 2.500000000000000 6.600000000000000
102 2.500000000000000 5.200000000000000
103 2.500000000000000 4.800000000000000
104 2.500000000000000 2.500000000000000
105 2.500000000000000 8.800000000000001
106 2.500000000000000 4.200000000000000
107 2.500000000000000 6.400000000000000
108 2.600000000000000 7.800000000000000
109 2.600000000000000 8.199999999999999
110 2.600000000000000 4.500000000000000
111 2.600000000000000 4.200000000000000
112 2.600000000000000 6.800000000000000
113 2.600000000000000 3.700000000000000
114 2.600000000000000 7.200000000000000
115 2.600000000000000 5.700000000000000
116 2.600000000000000 4.200000000000000
117 2.700000000000000 8.000000000000000
118 2.700000000000000 5.500000000000000
119 2.700000000000000 7.800000000000000
120 2.700000000000000 5.800000000000000
121 2.700000000000000 7.800000000000000
122 2.800000000000000 6.800000000000000
123 2.800000000000000 2.400000000000000
124 2.800000000000000 6.100000000000000
125 2.800000000000000 5.200000000000000
126 2.800000000000000 3.200000000000000
127 2.800000000000000 3.700000000000000
128 2.800000000000000 6.700000000000000
129 2.900000000000000 4.500000000000000
130 2.900000000000000 4.600000000000000
131 2.900000000000000 7.800000000000000
132 2.900000000000000 4.400000000000000
133 2.900000000000000 4.300000000000000
134 2.900000000000000 6.200000000000000
135 3.000000000000000 5.500000000000000
136 3.000000000000000 3.600000000000000
137 3.000000000000000 6.700000000000000
138 3.000000000000000 2.100000000000000
139 3.000000000000000 4.100000000000000
140 3.000000000000000 3.400000000000000
141 3.100000000000000 6.400000000000000
142 3.100000000000000 8.600000000000000
143 3.100000000000000 4.800000000000000
144 3.100000000000000 3.200000000000000
145 3.200000000000000 5.400000000000000
146 3.200000000000000 8.199999999999999
147 3.200000000000000 3.000000000000000
148 3.200000000000000 4.200000000000000
149 3.200000000000000 5.100000000000000
150 3.200000000000000 5.300000000000000
151 3.200000000000000 8.500000000000000
152 3.200000000000000 7.200000000000000
153 3.200000000000000 6.400000000000000
154 3.200000000000000 6.100000000000000
155 3.200000000000000 5.600000000000000
156 3.200000000000000 1.500000000000000
157 3.200000000000000 7.200000000000000
158 3.200000000000000 6.900000000000000
159 3.300000000000000 7.400000000000000
160 3.300000000000000 3.400000000000000
161 3.300000000000000 6.700000000000000
162 3.300000000000000 4.100000000000000
163 3.300000000000000 2.700000000000000
164 3.300000000000000 3.700000000000000
165 3.300000000000000 2.500000000000000
166 3.300000000000000 2.800000000000000
167 3.400000000000000 3.600000000000000
168 3.400000000000000 6.700000000000000
169 3.400000000000000 7.200000000000000
170 3.400000000000000 2.900000000000000
171 3.400000000000000 4.100000000000000
172 3.400000000000000 6.300000000000000
173 3.400000000000000 4.700000000000000
174 3.400000000000000 2.500000000000000
175 3.500000000000000 6.700000000000000
176 3.500000000000000 7.400000000000000
177 3.500000000000000 1.900000000000000
178 3.500000000000000 3.300000000000000
179 3.600000000000000 4.300000000000000
180 3.600000000000000 5.000000000000000
181 3.600000000000000 5.900000000000000
182 3.600000000000000 5.900000000000000
183 3.600000000000000 3.500000000000000
184 3.600000000000000 5.900000000000000
185 3.600000000000000 4.100000000000000
186 3.600000000000000 8.199999999999999
187 3.700000000000000 4.200000000000000
188 3.700000000000000 5.600000000000000
189 3.700000000000000 3.200000000000000
190 3.700000000000000 7.700000000000000
191 3.700000000000000 8.600000000000000
192 3.700000000000000 8.699999999999999
193 3.700000000000000 7.100000000000000
194 3.700000000000000 4.600000000000000
195 3.700000000000000 6.800000000000000
196 3.700000000000000 7.100000000000000
197 3.700000000000000 4.600000000000000
198 3.800000000000000 3.900000000000000
199 3.900000000000000 5.000000000000000
200 3.900000000000000 8.699999999999999
201 3.900000000000000 4.500000000000000
202 3.900000000000000 8.699999999999999
203 3.900000000000000 2.400000000000000
204 4.000000000000000 6.800000000000000
205 4.000000000000000 3.600000000000000
206 4.000000000000000 8.300000000000001
207 4.000000000000000 2.400000000000000
208 4.000000000000000 7.900000000000000
209 4.000000000000000 4.100000000000000
210 4.100000000000000 2.300000000000000
211 4.100000000000000 3.100000000000000
212 4.100000000000000 4.000000000000000
213 4.100000000000000 8.199999999999999
214 4.100000000000000 4.500000000000000
215 4.100000000000000 2.200000000000000
216 4.100000000000000 3.200000000000000
217 4.100000000000000 4.200000000000000
218 4.100000000000000 8.600000000000000
219 4.100000000000000 6.400000000000000
220 4.100000000000000 3.900000000000000
221 4.100000000000000 4.000000000000000
222 4.200000000000000 2.500000000000000
223 4.200000000000000 4.500000000000000
224 4.200000000000000 6.600000000000000
225 4.300000000000000 4.300000000000000
226 4.300000000000000 4.000000000000000
227 4.300000000000000 5.600000000000000
228 4.300000000000000 8.000000000000000
229 4.300000000000000 8.199999999999999
230 4.300000000000000 6.600000000000000
231 4.300000000000000 6.200000000000000
232 4.300000000000000 8.800000000000001
233 4.300000000000000 3.200000000000000
234 4.300000000000000 7.100000000000000
235 4.300000000000000 8.800000000000001
236 4.300000000000000 7.900000000000000
237 4.400000000000000 2.700000000000000
238 4.400000000000000 8.300000000000001
239 4.400000000000000 2.900000000000000
240 4.400000000000000 4.500000000000000
241 4.400000000000000 6.600000000000000
242 4.500000000000000 6.000000000000000
243 4.500000000000000 7.700000000000000
244 4.500000000000000 3.400000000000000
245 4.500000000000000 4.700000000000000
246 4.500000000000000 6.600000000000000
247 4.500000000000000 6.400000000000000
248 4.500000000000000 8.199999999999999
249 4.500000000000000 3.400000000000000
250 4.600000000000000 6.600000000000000
251 4.600000000000000 7.500000000000000
252 4.600000000000000 8.100000000000000
253 4.700000000000000 5.700000000000000
254 4.700000000000000 8.699999999999999
255 4.700000000000000 8.199999999999999
256 4.800000000000000 5.700000000000000
257 4.800000000000000 4.400000000000000
258 4.800000000000000 6.500000000000000
259 4.800000000000000 8.699999999999999
260 4.800000000000000 2.700000000000000
261 4.800000000000000 7.600000000000000
262 4.900000000000000 2.900000000000000
263 4.900000000000000 3.500000000000000
264 4.900000000000000 3.300000000000000
265 4.900000000000000 8.500000000000000
266 4.900000000000000 3.900000000000000
267 4.900000000000000 5.800000000000000
268 4.900000000000000 6.900000000000000
269 4.900000000000000 3.600000000000000
270 4.900000000000000 3.700000000000000
271 4.900000000000000 7.700000000000000
272 5.000000000000000 4.500000000000000
273 5.000000000000000 5.500000000000000
274 5.000000000000000 8.400000000000000
275 5.000000000000000 6.700000000000000
276 5.000000000000000 4.300000000000000
277 5.000000000000000 8.699999999999999
278 5.000000000000000 3.700000000000000
279 5.000000000000000 6.800000000000000
280 5.000000000000000 8.699999999999999
281 5.100000000000000 5.200000000000000
282 5.100000000000000 2.300000000000000
283 5.100000000000000 4.800000000000000
284 5.100000000000000 3.700000000000000
285 5.100000000000000 3.700000000000000
286 5.200000000000000 6.200000000000000
287 5.200000000000000 7.300000000000000
288 5.200000000000000 8.199999999999999
289 5.200000000000000 5.000000000000000
290 5.200000000000000 8.800000000000001
291 5.200000000000000 2.200000000000000
292 5.200000000000000 4.800000000000000
293 5.300000000000000 6.000000000000000
294 5.300000000000000 4.900000000000000
295 5.300000000000000 6.700000000000000
296 5.300000000000000 3.500000000000000
297 5.300000000000000 5.000000000000000
298 5.300000000000000 7.300000000000000
299 5.300000000000000 7.800000000000000
300 5.300000000000000 8.900000000000000
301 5.400000000000000 5.300000000000000
302 5.400000000000000 2.400000000000000
303 5.400000000000000 3.000000000000000
304 5.400000000000000 5.700000000000000
305 5.400000000000000 8.100000000000000
306 5.400000000000000 5.900000000000000
307 5.500000000000000 6.800000000000000
308 5.500000000000000 4.500000000000000
309 5.500000000000000 8.400000000000000
310 5.500000000000000 8.699999999999999
311 5.500000000000000 6.000000000000000
312 5.500000000000000 6.700000000000000
313 5.500000000000000 2.900000000000000
314 5.500000000000000 6.900000000000000
315 5.500000000000000 2.500000000000000
316 5.600000000000000 3.600000000000000
317 5.600000000000000 7.100000000000000
318 5.600000000000000 2.600000000000000
319 5.600000000000000 6.400000000000000
320 5.600000000000000 4.900000000000000
321 5.600000000000000 4.600000000000000
322 5.600000000000000 8.600000000000000
323 5.600000000000000 1.700000000000000
324 5.700000000000000 2.600000000000000
325 5.700000000000000 6.400000000000000
326 5.700000000000000 3.100000000000000
327 5.700000000000000 4.700000000000000
328 5.700000000000000 2.200000000000000
329 5.700000000000000 7.500000000000000
330 5.800000000000000 8.900000000000000
331 5.800000000000000 1.600000000000000
332 5.800000000000000 8.300000000000001
333 5.800000000000000 8.900000000000000
334 5.900000000000000 6.400000000000000
335 5.900000000000000 6.700000000000000
336 5.900000000000000 3.300000000000000
337 5.900000000000000 2.300000000000000
338 5.900000000000000 1.800000000000000
339 5.900000000000000 7.800000000000000
340 5.900000000000000 6.800000000000000
341 5.900000000000000 2.000000000000000
342 6.000000000000000 8.300000000000001
343 6.000000000000000 3.500000000000000
344 6.000000000000000 7.400000000000000
345 6.000000000000000 7.300000000000000
346 6.000000000000000 4.400000000000000
347 6.000000000000000 8.300000000000001
348 6.000000000000000 3.500000000000000
349 6.100000000000000 8.300000000000001
350 6.100000000000000 6.200000000000000
351 6.100000000000000 7.200000000000000
352 6.100000000000000 7.600000000000000
353 6.100000000000000 4.700000000000000
354 6.100000000000000 6.000000000000000
355 6.100000000000000 6.000000000000000
356 6.200000000000000 5.600000000000000
357 6.200000000000000 8.300000000000001
358 6.200000000000000 8.000000000000000
359 6.200000000000000 2.900000000000000
360 6.200000000000000 8.500000000000000
361 6.200000000000000 6.100000000000000
362 6.300000000000000 3.700000000000000
363 6.300000000000000 3.800000000000000
364 6.300000000000000 2.900000000000000
365 6.300000000000000 6.800000000000000
366 6.300000000000000 7.000000000000000
367 6.300000000000000 4.700000000000000
368 6.300000000000000 6.200000000000000
369 6.300000000000000 7.300000000000000
370 6.300000000000000 7.500000000000000
371 6.400000000000000 5.600000000000000
372 6.400000000000000 8.100000000000000
373 6.400000000000000 6.400000000000000
374 6.400000000000000 2.000000000000000
375 6.400000000000000 6.300000000000000
376 6.400000000000000 1.300000000000000
377 6.400000000000000 3.900000000000000
378 6.400000000000000 2.900000000000000
379 6.400000000000000 5.500000000000000
380 6.500000000000000 4.100000000000000
381 6.500000000000000 8.600000000000000
382 6.500000000000000 1.500000000000000
383 6.500000000000000 3.300000000000000
384 6.500000000000000 5.000000000000000
385 6.500000000000000 3.800000000000000
386 6.600000000000000 2.200000000000000
387 6.600000000000000 8.199999999999999
388 6.600000000000000 4.800000000000000
389 6.600000000000000 4.000000000000000
390 6.600000000000000 2.300000000000000
391 6.600000000000000 8.900000000000000
392 6.700000000000000 7.400000000000000
393 6.700000000000000 6.600000000000000
394 6.700000000000000 4.600000000000000
395 6.700000000000000 9.000000000000000
396 6.700000000000000 5.900000000000000
397 6.700000000000000 1.600000000000000
398 6.700000000000000 7.300000000000000
399 6.800000000000000 6.500000000000000
400 6.800000000000000 1.400000000000000
401 6.800000000000000 1.800000000000000
402 6.800000000000000 6.700000000000000
403 6.900000000000000 1.700000000000000
404 6.900000000000000 1.400000000000000
405 6.900000000000000 3.300000000000000
406 6.900000000000000 1.900000000000000
407 6.900000000000000 6.000000000000000
408 6.900000000000000 2.800000000000000
409 6.900000000000000 4.500000000000000
410 7.000000000000000 1.600000000000000
411 7.000000000000000 5.300000000000000
412 7.000000000000000 1.000000000000000
413 7.000000000000000 5.000000000000000
414 7.000000000000000 5.500000000000000
415 7.000000000000000 4.500000000000000
416 7.000000000000000 1.600000000000000
417 7.000000000000000 7.900000000000000
418 7.000000000000000 7.200000000000000
419 7.000000000000000 3.300000000000000
420 7.000000000000000 1.600000000000000
421 7.000000000000000 5.700000000000000
422 7.000000000000000 3.700000000000000
423 7.000000000000000 4.800000000000000
424 7.100000000000000 5.200000000000000
425 7.100000000000000 1.700000000000000
426 7.100000000000000 8.300000000000001
427 7.100000000000000 8.600000000000000
428 7.100000000000000 2.300000000000000
429 7.100000000000000 4.300000000000000
430 7.100000000000000 4.900000000000000
431 7.100000000000000 4.800000000000000
432 7.100000000000000 7.800000000000000
433 7.100000000000000 8.699999999999999
434 7.100000000000000 5.000000000000000
435 7.100000000000000 3.100000000000000
436 7.100000000000000 5.600000000000000
437 7.100000000000000 7.700000000000000
438 7.200000000000000 7.500000000000000
439 7.200000000000000 2.200000000000000
440 7.200000000000000 9.000000000000000
441 7.200000000000000 7.100000000000000
442 7.200000000000000 6.300000000000000
443 7.200000000000000 7.800000000000000
444 7.200000000000000 2.800000000000000
445 7.200000000000000 4.000000000000000
446 7.200000000000000 1.300000000000000
447 7.300000000000000 2.800000000000000
448 7.300000000000000 2.700000000000000
449 7.300000000000000 6.500000000000000
450 7.300000000000000 2.500000000000000
451 7.300000000000000 6.400000000000000
452 7.300000000000000 2.700000000000000
453 7.300000000000000 2.000000000000000
454 7.300000000000000 3.500000000000000
455 7.300000000000000 0.800000000000000
456 7.300000000000000 6.900000000000000
457 7.300000000000000 2.200000000000000
458 7.300000000000000 4.400000000000000
459 7.300000000000000 6.800000000000000
460 7.400000000000000 8.199999999999999
461 7.400000000000000 4.400000000000000
462 7.400000000000000 3.500000000000000
463 7.400000000000000 6.100000000000000
464 7.400000000000000 3.700000000000000
465 7.400000000000000 5.200000000000000
466 7.400000000000000 4.500000000000000
467 7.400000000000000 7.600000000000000
468 7.400000000000000 7.700000000000000
469 7.400000000000000 8.699999999999999
470 7.400000000000000 6.300000000000000
471 7.400000000000000 5.000000000000000
472 7.400000000000000 7.700000000000000
473 7.400000000000000 1.800000000000000
474 7.400000000000000 5.400000000000000
475 7.500000000000000 4.900000000000000
476 7.500000000000000 7.300000000000000
477 7.500000000000000 2.400000000000000
478 7.500000000000000 3.700000000000000
479 7.500000000000000 3.500000000000000
480 7.500000000000000 7.100000000000000
481 7.500000000000000 4.900000000000000
482 7.500000000000000 2.700000000000000
483 7.600000000000000 6.700000000000000
484 7.600000000000000 8.199999999999999
485 7.600000000000000 3.500000000000000
486 7.600000000000000 1.900000000000000
487 7.600000000000000 2.600000000000000
488 7.600000000000000 8.400000000000000
489 7.600000000000000 0.700000000000000
490 7.600000000000000 8.100000000000000
491 7.600000000000000 7.100000000000000
492 7.700000000000000 5.100000000000000
493 7.700000000000000 4.100000000000000
494 7.700000000000000 8.500000000000000
495 7.700000000000000 6.900000000000000
496 7.700000000000000 3.600000000000000
497 7.700000000000000 0.800000000000000
498 7.700000000000000 4.400000000000000
499 7.800000000000000 4.200000000000000
500 7.800000000000000 7.600000000000000
501 7.800000000000000 3.900000000000000
502 7.800000000000000 6.200000000000000
503 7.800000000000000 0.900000000000000
504 7.800000000000000 2.400000000000000
505 7.800000000000000 1.800000000000000
506 7.800000000000000 5.800000000000000
507 7.900000000000000 7.100000000000000
508 8.000000000000000 5.300000000000000
509 8.000000000000000 6.400000000000000
510 8.000000000000000 5.000000000000000
511 8.000000000000000 1.900000000000000
512 8.000000000000000 4.700000000000000
513 8.000000000000000 8.400000000000000
514 8.000000000000000 1.900000000000000
515 8.000000000000000 6.300000000000000
516 8.000000000000000 6.500000000000000
517 8.000000000000000 6.900000000000000
518 8.100000000000000 2.100000000000000
519 8.100000000000000 3.300000000000000
520 8.100000000000000 4.900000000000000
521 8.100000000000000 6.200000000000000
522 8.100000000000000 9.000000000000000
523 8.100000000000000 0.400000000000000
524 8.100000000000000 4.600000000000000
525 8.100000000000000 8.100000000000000
526 8.100000000000000 2.600000000000000
527 8.100000000000000 0.900000000000000
528 8.100000000000000 1.200000000000000
529 8.100000000000000 6.100000000000000
530 8.100000000000000 6.200000000000000
531 8.199999999999999 3.200000000000000
532 8.199999999999999 4.900000000000000
533 8.199999999999999 8.000000000000000
534 8.199999999999999 0.600000000000000
535 8.199999999999999 5.700000000000000
536 8.300000000000001 5.100000000000000
537 8.300000000000001 8.400000000000000
538 8.300000000000001 1.500000000000000
539 8.300000000000001 4.600000000000000
540 8.300000000000001 3.200000000000000
541 8.300000000000001 4.700000000000000
542 8.300000000000001 4.900000000000000
543 8.300000000000001 3.300000000000000
544 8.300000000000001 3.800000000000000
545 8.300000000000001 4.100000000000000
546 8.300000000000001 5.700000000000000
547 8.300000000000001 9.000000000000000
548 8.300000000000001 7.000000000000000
549 8.300000000000001 2.000000000000000
550 8.300000000000001 1.000000000000000
551 8.300000000000001 7.400000000000000
552 8.300000000000001 8.900000000000000
553 8.400000000000000 2.000000000000000
554 8.400000000000000 3.600000000000000
555 8.400000000000000 5.200000000000000
556 8.400000000000000 5.100000000000000
557 8.400000000000000 4.200000000000000
558 8.400000000000000 6.200000000000000
559 8.400000000000000 8.400000000000000
560 8.400000000000000 6.900000000000000
561 8.400000000000000 7.400000000000000
562 8.400000000000000 2.600000000000000
563 8.400000000000000 1.300000000000000
564 8.400000000000000 4.900000000000000
565 8.400000000000000 3.100000000000000
566 8.500000000000000 6.100000000000000
567 8.500000000000000 7.700000000000000
568 8.500000000000000 8.199999999999999
569 8.500000000000000 6.100000000000000
570 8.600000000000000 6.500000000000000
571 8.600000000000000 5.200000000000000
572 8.699999999999999 6.600000000000000
573 8.699999999999999 8.900000000000000
574 8.699999999999999 5.200000000000000
575 8.699999999999999 5.600000000000000
576 8.699999999999999 8.100000000000000
577 8.699999999999999 8.699999999999999
578 8.800000000000001 8.699999999999999
579 8.800000000000001 5.600000000000000
580 8.800000000000001 6.200000000000000
581 8.800000000000001 6.400000000000000
582 8.800000000000001 5.100000000000000
583 8.800000000000001 7.000000000000000
584 8.900000000000000 4.500000000000000
585 8.900000000000000 6.600000000000000
586 8.900000000000000 4.500000000000000
587 8.900000000000000 5.200000000000000
588 9.000000000000000 4.600000000000000
589 9.000000000000000 4.600000000000000
590 9.000000000000000 4.700000000000000
591 9.100000000000000 7.000000000000000
592 9.100000000000000 7.900000000000000
593 9.100000000000000 7.600000000000000
594 9.100000000000000 8.199999999999999
595 9.100000000000000 4.300000000000000
596 9.100000000000000 4.200000000000000
597 9.100000000000000 7.100000000000000
598 9.100000000000000 5.600000000000000
599 9.199999999999999 8.000000000000000
600 9.199999999999999 6.300000000000000
601 9.199999999999999 8.000000000000000
602 9.300000000000001 7.200000000000000
603 9.300000000000001 6.000000000000000
604 9.300000000000001 4.800000000000000
605 9.300000000000001 6.100000000000000
606 9.300000000000001 5.800000000000000
607 9.300000000000001 6.300000000000000
608 9.300000000000001 7.000000000000000
609 9.300000000000001 4.500000000000000
610 9.400000000000000 5.000000000000000
611 9.400000000000000 5.700000000000000
612 9.400000000000000 4.500000000000000
613 9.400000000000000 7.600000000000000
614 9.400000000000000 4.700000000000000
615 9.400000000000000 8.000000000000000
616 9.500000000000000 7.400000000000000
617 9.500000000000000 4.900000000000000
618 9.500000000000000 4.700000000000000
619 9.500000000000000 7.400000000000000
620 9.500000000000000 4.200000000000000
621 9.500000000000000 4.700000000000000
622 9.500000000000000 8.600000000000000
623 9.500000000000000 8.100000000000000
624 9.500000000000000 4.400000000000000
625 9.600000000000000 7.700000000000000
626 9.600000000000000 8.600000000000000
627 9.600000000000000 7.000000000000000
628 9.600000000000000 7.100000000000000
629 9.600000000000000 4.500000000000000
630 9.600000000000000 4.200000000000000
631 9.600000000000000 4.100000000000000
632 9.600000000000000 9.100000000000000
633 9.699999999999999 8.100000000000000
634 9.699999999999999 6.900000000000000
635 9.699999999999999 5.200000000000000
636 9.800000000000001 7.700000000000000
637 9.800000000000001 7.700000000000000
638 9.800000000000001 4.600000000000000
