383
0 8.670000000000000 6.680000000000000
1 0.870000000000000 7.390000000000000
2 6.830779847911009 6.847416193331177
3 4.343669961852415 7.073806965010870
4 8.409836888331244 6.703681514010873
5 6.529355103383046 6.874853573922825
6 0.951797874783408 7.382554296013305
7 1.075701923819826 7.371275850524093
8 2.117609104197116 7.276435581541032
9 2.285996819862349 7.261107981781760
10 1.232124622050437 7.357037374146691
11 3.962955341343597 7.108461757390518
12 1.941225288231833 7.292491031455820
13 2.358515393281682 7.254506932150001
14 2.497766645517909 7.241831497651575
15 4.519966953073363 7.057759418374091
16 5.494164571468410 6.969082455674029
17 4.561358408640993 7.053991734598063
18 7.220000000000000 7.720000000000000
19 4.450000000000000 1.510000000000000
20 5.862072970480397 4.675694276780961
21 7.059691160203308 7.360607258073122
22 5.687163544187997 4.283568812060455
23 4.752294904162857 2.187708070343446
24 5.583531274990984 4.051237984727079
25 6.436573580650442 5.963654128461821
26 6.109095033288163 5.229487421198375
27 5.896396750466572 4.752643978482819
28 5.431732231965506 3.710923162637468
29 6.192448596035796 5.416355877755338
30 6.214300059010977 5.465344175616666
31 5.596373452232194 4.080028569805748
32 4.980746598838342 2.699868728803648
33 5.327348762058642 3.476908235517749
34 5.229241342590552 3.256963443136217
35 5.550251836545547 3.976629568573230
36 4.907489284693781 2.535634822364034
37 5.284415258250244 3.380656589795674
38 6.319359478087796 5.700874497806937
39 5.449043132636538 3.749732077138231
40 3.390000000000000 8.580000000000000
41 8.430000000000000 0.620000000000000
42 3.634285925544559 8.194183339814547
43 5.368827561105885 5.454708851904197
44 6.409781154058097 3.810663097955864
45 5.436415801123786 5.347962345844178
46 4.066448808757244 7.511640373470702
47 5.053619702912996 5.952537135875507
48 5.669192070968300 4.980323633946890
49 5.838725410182084 4.712568598204486
50 3.512710145601712 8.386195881152853
51 6.501479437422111 3.665838031373015
52 3.525348261273347 8.366235682592094
53 5.129895267535861 5.832070172701298
54 4.212866617538689 7.280393199284135
55 5.647090950553000 5.015229371745658
56 7.249687165121919 2.484144874132842
57 7.045815454225155 2.806132734993604
58 6.429193085968338 3.780004570573814
59 4.505514580456502 6.818195226104413
60 3.699356242581812 8.091413553382694
61 4.397063197026022 6.989479553903346
62 4.764312737314463 6.409458454558903
63 4.572478888586216 6.712434136280500
64 5.209741076382467 5.705964490475310
65 7.475876582442444 2.126909207094869
66 6.297874338398497 3.987404814751579
67 5.910000000000000 7.920000000000000
68 9.630000000000001 6.110000000000000
69 6.964254608430969 7.407042784607513
70 6.216072355365593 7.771077698061365
71 8.572272926722247 6.624646774901272
72 8.582901023890786 6.619475577085398
73 8.970472105669348 6.430899324929699
74 6.414315309625498 7.674620776768239
75 1.510000000000000 5.830000000000000
76 5.800000000000000 4.580000000000000
77 4.874414638406297 4.849692704427070
78 4.780123696766214 4.877166755021499
79 2.451009174311925 5.555813177648041
80 3.190071726210806 5.340468611243938
81 5.246929037736852 4.741151212780638
82 5.692870267127923 4.611214957130558
83 2.496064539879678 5.542685157377717
84 5.287000134282262 4.729475485348992
85 4.644387134897856 4.916717035286172
86 4.498190162437858 4.959315220734890
87 2.432253234649455 5.561278195032211
88 4.681523563050466 4.905896397712568
89 2.034770642201835 5.677094801223242
90 3.320566145585799 5.302445761775700
91 5.550000000000000 7.630000000000000
92 5.210000000000000 7.990000000000000
93 5.498546861564917 7.684479793637146
94 5.223515634890493 7.975689327763008
95 5.226021798365123 7.973035742907517
96 1.250000000000000 7.900000000000000
97 9.760000000000000 8.949999999999999
98 2.193662487762554 8.016433091909599
99 1.290516891443315 7.904999146417801
100 1.366389949109421 7.914360687022902
101 5.957823916496483 8.480871341048331
102 3.147912711692132 8.134172543745798
103 1.817066597573028 7.969967089007248
104 6.906056368904649 8.597868294635708
105 5.802959501557633 8.461763510767980
106 1.230000000000000 0.390000000000000
107 3.490000000000000 0.320000000000000
108 4.856187475705195 4.827388012841248
109 5.295711526060739 5.365236308184508
110 3.229520981961210 2.836826176590262
111 4.638088088248416 4.560498445218847
112 5.780422073119306 5.958379598658516
113 4.388280436141399 4.254807278283215
114 3.347948139127336 2.981746220334453
115 3.993362775515154 3.771544097583653
116 5.544611182291360 5.669816354957541
117 3.833769690465516 3.576249053608052
118 4.810139787349616 4.771039172165723
119 4.594704831849523 4.507410086386812
120 4.239316271984928 4.072518910459018
121 4.808952985816610 4.769586875798956
122 3.807432564185896 3.544020149496263
123 4.346556144614917 4.203749005012912
124 5.572790146702163 5.704299127767421
125 3.538345598641382 3.214736767619588
126 6.640000000000000 3.660000000000000
127 0.100000000000000 7.940000000000000
128 3.743068933198094 5.555850912218984
129 1.089754175729470 7.292270967565424
130 1.270224474525542 7.174165022787566
131 3.160175222460536 5.937316521080872
132 5.108108396363956 4.662522333878022
133 5.447280511766050 4.440556484654634
134 2.385878536361153 6.444042792717777
135 0.436171290087541 7.719997993643017
136 0.436558254425690 7.719744750926306
137 0.632039217016659 7.591815313634358
138 2.699169014687621 6.239014773262536
139 5.159909881802363 4.628621667566649
140 4.424829300925412 5.109683576764410
141 4.472777214058143 5.078304820157668
142 6.448509279074967 3.785318086476932
143 0.602020427922707 7.611460637383916
144 4.595316517410382 4.998110902979139
145 2.858517270429654 6.134731816905364
146 3.693424402301086 5.588339993601124
147 3.501717647058824 5.713799460334593
148 6.187105642099751 3.956389579787930
149 5.990000000000000 5.280000000000000
150 2.508930692042419 5.707363419503721
151 2.475430773352952 5.711476132735687
152 5.981980512290543 5.280984535321473
153 3.945448444468066 5.531005213290751
154 4.387688172288997 5.476712389562735
155 2.210456863775462 5.744006411813280
156 4.116805036508940 5.509968131678590
157 2.165210237659964 5.749561243144425
158 3.663752240487530 5.565588452618718
159 2.415936579448972 5.718780107433720
160 3.720000000000000 5.060000000000000
161 2.723423799582463 5.407223382045929
162 3.693843148520541 5.069113473139902
163 2.503246197268473 5.483936845295600
164 2.542900854046491 5.470120516915928
165 2.001657397107898 5.658698553948832
166 3.227956443561171 5.231435990252443
167 2.150000000000000 5.720000000000000
168 3.910000000000000 4.760000000000000
169 3.291149747616377 5.097554683118339
170 2.497563927386297 5.530419675971110
171 2.415135869565213 5.575380434782611
172 3.388838304552592 5.044270015698586
173 1.220000000000000 6.560000000000000
174 0.770000000000000 9.090000000000000
175 1.114112349055974 7.155323904196411
176 1.148808335779278 6.960255356618727
177 1.168702652195788 6.848405088765903
178 0.992258406066676 7.840413850336242
179 0.993006026231833 7.836210563629918
180 1.066724549598437 7.421748643368787
181 1.049142876002508 7.520596719363676
182 0.180000000000000 5.370000000000000
183 3.708968959883827 5.060965995038422
184 2.542464593287746 5.163117507367457
185 2.959914859651457 5.126561128109618
186 3.332222214626077 5.093957941657038
187 0.970000000000000 3.800000000000000
188 3.173663145173991 2.860636889858808
189 3.016446996532619 2.927653961263575
190 6.749288937520911 1.336442517249799
191 5.123967443777229 2.029273931472978
192 5.751876993166286 1.761612756264237
193 6.495154481836627 1.444773290584387
194 2.816876708168843 3.012725478287276
195 0.490000000000000 7.080000000000000
196 9.190000000000000 8.130000000000001
197 0.553970588235293 7.087720588235294
198 0.942880881581249 7.134658037432220
199 2.281702134904151 7.296239912833260
200 1.598327843060131 7.213763705196913
201 4.651659049360148 7.582269195612432
202 1.978584253168845 7.259656720210033
203 2.201052800685445 7.286506372496519
204 2.430153419126923 7.314156447136008
205 6.600644985606474 7.817491636193886
206 4.544579439252337 7.569345794392524
207 1.780000000000000 6.100000000000000
208 5.920000000000000 3.870000000000000
209 4.786676855820626 4.480461500367150
210 5.191166048164233 4.262584471641005
211 2.473607623469425 5.726390096537000
212 4.897787782012980 4.420611895195907
213 5.701322953581595 3.987789810027305
214 4.576253071320000 4.593805712791401
215 5.376000443761193 4.163023915558584
216 2.295849889624724 5.822138827569291
217 3.295847786331195 5.283492617507592
218 2.488352282157676 5.718447925311203
219 5.905830284432905 3.877632479641213
220 2.250000000000000 5.930000000000000
221 8.470000000000001 5.980000000000000
222 7.419225059048477 5.971553256101676
223 7.653201092325410 5.973434092382037
224 2.448522352365595 5.931595838845382
225 4.826648738251010 5.950712610436101
226 3.480219153941775 5.939889221494709
227 3.713141447795872 5.941761587200931
228 2.493523654159869 5.931957585644372
229 4.159025211433796 5.945345861828246
230 4.597339139535753 5.948869285687587
231 3.550000000000000 3.780000000000000
232 3.566810211258947 3.789521408720887
233 6.338281517033579 5.359300078007300
234 5.438316831683168 4.849554455445544
235 5.001995735777447 4.602419459717694
236 4.620555814454931 4.386369504281113
237 4.168887724125031 4.130541874992693
238 4.977958105601171 4.588804395750664
239 4.327563967952664 4.220417091223188
240 0.310000000000000 7.140000000000000
241 1.430000000000000 6.900000000000000
242 1.066561604584527 6.977879656160459
243 1.230000000000000 1.510000000000000
244 4.456438048923639 3.752027515179464
245 6.614116617317361 5.251382111764887
246 5.301458272471223 4.339225708155405
247 4.717316960353966 3.933310307127688
248 4.549682187032416 3.816822164913654
249 5.246790812846516 4.301237701937699
250 3.958206839032527 3.405810397553516
251 4.682371957567330 3.909027287718157
252 3.781022418038098 3.282686277050667
253 1.270000000000000 6.720000000000000
254 0.560000000000000 7.620000000000000
255 2.170000000000000 8.210000000000001
256 2.780000000000000 3.220000000000000
257 2.183642750404411 8.098397828658999
258 2.705943905902692 3.825803130402568
259 2.185190402617468 8.085737526129238
260 2.326616277533514 6.928827500176670
261 2.433301667164708 6.056106034177224
262 2.323199366483912 6.956778952861112
263 2.500683367074132 5.504901636557511
264 2.284976885735315 7.269451377345540
265 2.256850248220684 7.499536494063589
266 2.451342785654712 5.908523769808173
267 2.474570782093616 5.718511143201406
268 7.040000000000000 9.150000000000000
269 0.390000000000000 7.710000000000000
270 6.880111642743223 9.115377558729360
271 1.253445625481645 7.896971684314822
272 5.364159786021625 8.787111292010698
273 2.559539656280338 8.179795053390029
274 1.778930394365393 8.010760867351303
275 4.743238688775396 8.652656197268657
276 4.311023320570831 8.559063696484511
277 1.420000000000000 3.880000000000000
278 4.075506785798014 3.768082089487440
279 6.045788617764321 3.685043391588477
280 4.758755247561427 3.739286177305840
281 6.078907129455909 3.683647592245153
282 4.637597737639613 3.744392432513273
283 5.813697804339354 3.694824996751982
284 4.881683969626291 3.734105273310770
285 5.326308277830638 3.715366317792578
286 5.550000000000000 8.789999999999999
287 1.259189576775098 7.891923399790136
288 2.614292217645788 8.175549533925862
289 1.786791687785099 8.002351748606182
290 4.877546628407464 8.649253945480631
291 4.414419889502764 8.552320441988950
292 7.410000000000000 4.940000000000000
293 3.203291904619031 6.585836159944671
294 6.165737085170086 5.426806512663383
295 2.377777086385398 6.908811300509071
296 3.057818996993528 6.642751107745598
297 3.477440465992805 6.478578036662669
298 4.389221476115393 6.121852035622007
299 4.594319699585281 6.041609227023569
300 5.455094303676891 5.704839016955611
301 7.570000000000000 9.590000000000000
302 2.946370461997605 6.409081934381811
303 3.760969045214189 6.969501260429310
304 5.220303062135617 7.973479174326382
305 3.147140174239658 6.547205458217508
306 6.155520525388924 8.616880662203659
307 5.919045138888889 8.454192708333334
308 4.546513827367413 7.509932445143746
309 6.510000000000000 5.700000000000000
310 5.061257522542142 4.550335041562799
311 4.654479232999634 4.227531815581150
312 4.347169803047109 3.983663158099884
313 5.034081898643167 4.528769536991454
314 3.800808416389811 3.550092284976006
315 4.478541655380734 4.087914684857061
316 3.290905738309485 3.145453606726655
317 9.720000000000001 8.150000000000000
318 6.450000000000000 0.650000000000000
319 7.294701892722084 2.587389662206613
320 6.963638630834789 1.828070254208233
321 7.312614355510378 2.628473292454995
322 6.596925458442486 0.986984996427721
323 6.988503327230185 1.885099374381158
324 6.927691094342840 1.745621776015689
325 8.128603973027156 4.500009112447604
326 7.360000000000000 2.530000000000000
327 4.475606832038350 5.065055861203611
328 6.054892916812015 3.677041740870619
329 1.871934856563570 7.353389495949859
330 4.795874529260562 4.783576723055774
331 3.103604208924950 6.270891227180527
332 3.793181823453684 5.664830377750199
333 3.738701558541927 5.712712378171826
334 5.845788611456332 3.860820811207773
335 4.340000000000000 5.700000000000000
336 5.410000000000000 0.690000000000000
337 4.843233722178836 3.343737431667317
338 4.783301787592008 3.624353312302838
339 4.458691701671204 5.144256611801186
340 5.042194415718718 2.412155118924507
341 4.731760415198910 3.865682541919121
342 4.795600421877355 3.566768118125659
343 1.690000000000000 8.730000000000000
344 6.720000000000000 3.860000000000000
345 3.630000000000000 3.010000000000000
346 5.053655868742112 3.401620546417733
347 5.876259873551460 3.627903201462376
348 4.214575695858791 3.170805612129441
349 5.211160527361154 3.444947070633327
350 2.188206904256507 5.762337169031393
351 2.240097615146267 5.719586708187403
352 7.001446550543747 1.796921981937606
353 4.838588731969644 3.578804844951500
354 5.530000000000000 6.610000000000000
355 2.515797462618939 7.222544177616674
356 4.200371243370654 6.880206246317030
357 5.131477859622386 6.690987396736698
358 4.569458586125033 6.805200569016844
359 6.510000000000000 2.950000000000000
360 3.302272510719389 6.381262505955217
361 3.897357314334392 5.744708378046487
362 3.928081003616501 5.711843665121025
363 5.697366790582404 3.819262701363073
364 7.390000000000000 0.260000000000000
365 6.269068577277380 1.287520470829068
366 4.019637883008357 3.349498607242340
367 3.200000000000000 5.210000000000000
368 7.050276535127963 1.830885411809302
369 5.005414244186047 3.625515988372093
370 9.980000000000000 8.520000000000000
371 9.970000000000001 8.190000000000000
372 1.410000000000000 5.330000000000000
373 4.560502538071066 7.080279187817259
374 6.630000000000000 7.840000000000000
375 4.586775328764586 6.273329187944857
376 3.854933335645058 5.712179204882362
377 4.610000000000000 5.560000000000000
378 4.540000000000000 7.710000000000000
379 4.605157373620981 5.708737810212748
380 9.449999999999999 3.500000000000000
381 8.449999999999999 4.590000000000000
382 2.200000000000000 2.840000000000000
680
1 6
6 7
7 10
10 12
12 8
8 9
9 13
13 14
14 11
11 3
3 15
15 17
17 16
16 5
5 2
2 4
4 0
19 23
23 36
36 32
32 34
34 37
37 33
33 28
28 39
39 35
35 24
24 31
31 22
22 20
20 27
27 26
26 29
29 30
30 38
38 25
25 2
2 21
21 18
40 50
50 52
52 42
42 60
60 46
46 54
54 3
3 61
61 59
59 63
63 62
62 47
47 53
53 64
64 43
43 45
45 55
55 48
48 49
49 20
20 66
66 44
44 58
58 51
51 57
57 56
56 65
65 41
67 70
70 74
74 69
69 21
21 4
4 71
71 72
72 73
73 68
75 89
89 87
87 79
79 83
83 80
80 90
90 86
86 85
85 88
88 78
78 77
77 81
81 84
84 82
82 76
92 94
94 95
95 93
93 91
96 99
99 100
100 103
103 98
98 102
102 42
42 105
105 101
101 104
104 97
106 107
106 110
110 114
114 125
125 122
122 117
117 115
115 120
120 123
123 113
113 119
119 111
111 121
121 118
118 108
108 77
77 109
109 43
43 116
116 124
124 112
112 5
5 69
69 18
127 135
135 136
136 143
143 137
137 6
6 129
129 130
130 134
134 138
138 145
145 131
131 147
147 146
146 128
128 140
140 141
141 144
144 78
78 108
108 132
132 139
139 133
133 22
22 148
148 44
44 142
142 126
75 157
157 155
155 159
159 151
151 150
150 158
158 128
128 153
153 156
156 154
154 109
109 45
45 152
152 149
75 165
165 163
163 164
164 161
161 166
166 162
162 160
167 171
171 79
79 170
170 161
161 169
169 172
172 168
174 178
178 179
179 181
181 180
180 7
7 129
129 175
175 176
176 177
177 173
182 184
184 185
185 169
169 186
186 183
183 160
187 194
194 189
189 188
188 110
110 23
23 191
191 192
192 193
193 190
190 41
195 197
197 198
198 175
175 130
130 200
200 202
202 8
8 203
203 199
199 204
204 46
46 206
206 201
201 93
93 70
70 205
205 196
207 216
216 211
211 218
218 150
150 80
80 217
217 162
162 183
183 214
214 111
111 209
209 212
212 210
210 215
215 24
24 213
213 219
219 208
220 224
224 228
228 131
131 226
226 227
227 229
229 230
230 225
225 47
47 112
112 25
25 222
222 223
223 221
231 232
232 237
237 239
239 113
113 236
236 209
209 238
238 235
235 132
132 81
81 234
234 48
48 26
26 233
233 222
222 71
71 0
240 197
197 242
242 176
176 241
243 188
188 114
114 252
252 250
250 244
244 248
248 251
251 247
247 210
210 249
249 246
246 133
133 82
82 49
49 27
27 245
245 223
223 72
72 0
254 198
198 242
242 177
177 253
255 257
257 259
259 98
98 265
265 199
199 264
264 9
9 262
262 260
260 134
134 261
261 224
224 266
266 211
211 267
267 151
151 83
83 170
170 263
263 163
163 184
184 258
258 256
269 135
135 178
178 271
271 99
99 274
274 257
257 273
273 50
50 276
276 275
275 272
272 270
270 268
277 258
258 232
232 115
115 278
278 244
244 282
282 280
280 284
284 285
285 28
28 283
283 279
279 281
281 51
51 126
269 136
136 179
179 287
287 100
100 289
289 259
259 288
288 52
52 291
291 290
290 286
254 137
137 180
180 10
10 200
200 260
260 295
295 296
296 293
293 297
297 298
298 299
299 225
225 53
53 300
300 116
116 294
294 29
29 233
233 245
245 292
220 261
261 138
138 302
302 305
305 293
293 303
303 11
11 54
54 308
308 201
201 304
304 94
94 307
307 101
101 306
306 270
270 301
243 189
189 316
316 314
314 117
117 278
278 312
312 315
315 311
311 212
212 313
313 310
310 139
139 84
84 234
234 55
55 152
152 294
294 30
30 309
318 322
322 190
190 324
324 320
320 323
323 56
56 319
319 321
321 325
325 73
73 317
96 271
271 287
287 329
329 12
12 202
202 262
262 295
295 302
302 331
331 226
226 333
333 332
332 153
153 140
140 327
327 85
85 330
330 118
118 235
235 310
310 246
246 31
31 213
213 334
334 279
279 328
328 57
57 319
319 326
335 154
154 339
339 141
141 327
327 86
86 214
214 119
119 236
236 311
311 247
247 341
341 280
280 338
338 342
342 337
337 32
32 340
340 191
191 336
343 272
272 286
345 348
348 337
337 346
346 349
349 33
33 347
347 328
328 281
281 58
58 142
142 344
173 350
350 155
155 351
351 171
171 87
87 263
263 164
164 185
185 237
237 120
120 312
312 248
248 282
282 338
338 353
353 346
346 34
34 320
320 352
352 41
254 143
143 181
181 329
329 203
203 264
264 13
13 355
355 303
303 356
356 59
59 358
358 357
357 354
255 273
273 288
288 102
102 60
60 304
304 95
95 67
174 274
274 289
289 103
103 265
265 204
204 14
14 355
355 296
296 305
305 360
360 227
227 361
361 362
362 156
156 339
339 144
144 88
88 330
330 121
121 238
238 313
313 249
249 215
215 35
35 363
363 283
283 347
347 359
344 321
321 326
231 314
314 122
122 250
250 366
366 348
348 36
36 340
340 192
192 365
365 322
322 364
367 186
186 172
172 239
239 123
123 315
315 251
251 341
341 284
284 369
369 349
349 37
37 323
323 368
368 41
343 275
275 290
290 306
306 104
104 370
343 276
276 291
291 105
105 307
307 371
372 165
165 89
89 157
157 350
350 216
216 266
266 228
228 145
145 331
331 360
360 297
297 356
356 61
61 15
15 373
373 91
367 166
166 217
217 90
90 158
158 146
146 332
332 376
376 361
361 229
229 298
298 375
375 62
62 357
357 16
16 74
74 205
205 374
378 206
206 308
308 373
373 17
17 358
358 63
63 375
375 299
299 230
230 379
379 377
167 351
351 159
159 267
267 218
218 147
147 333
333 376
376 362
362 379
379 64
64 300
300 124
124 38
38 309
336 365
365 193
193 324
324 352
352 368
368 65
65 380
382 194
194 316
316 125
125 252
252 366
366 342
342 353
353 369
369 285
285 39
39 363
363 334
334 219
219 148
148 66
66 325
325 381
495
0 0.600000000000000 7.100000000000000
1 0.600000000000000 7.600000000000000
2 0.800000000000000 7.200000000000000
3 0.800000000000000 7.100000000000000
4 0.900000000000000 8.100000000000000
5 0.900000000000000 7.400000000000000
6 0.900000000000000 7.600000000000000
7 0.900000000000000 8.300000000000001
8 1.000000000000000 7.200000000000000
9 1.200000000000000 8.600000000000000
10 1.200000000000000 8.600000000000000
11 1.300000000000000 7.500000000000000
12 1.300000000000000 4.600000000000000
13 1.300000000000000 1.600000000000000
14 1.300000000000000 5.900000000000000
15 1.300000000000000 4.500000000000000
16 1.300000000000000 2.100000000000000
17 1.300000000000000 4.800000000000000
18 1.300000000000000 3.200000000000000
19 1.300000000000000 2.000000000000000
20 1.400000000000000 7.300000000000000
21 1.400000000000000 6.500000000000000
22 1.400000000000000 7.200000000000000
23 1.400000000000000 4.400000000000000
24 1.400000000000000 4.300000000000000
25 1.400000000000000 2.200000000000000
26 1.500000000000000 4.900000000000000
27 1.500000000000000 2.000000000000000
28 1.500000000000000 5.300000000000000
29 1.500000000000000 1.800000000000000
30 1.500000000000000 2.700000000000000
31 1.500000000000000 5.900000000000000
32 1.500000000000000 6.700000000000000
33 1.600000000000000 7.700000000000000
34 1.600000000000000 3.400000000000000
35 1.600000000000000 6.300000000000000
36 1.600000000000000 7.200000000000000
37 1.700000000000000 8.500000000000000
38 1.700000000000000 8.199999999999999
39 1.700000000000000 4.400000000000000
40 1.700000000000000 5.000000000000000
41 1.700000000000000 8.300000000000001
42 1.800000000000000 3.000000000000000
43 1.800000000000000 7.300000000000000
44 1.800000000000000 4.900000000000000
45 1.800000000000000 7.800000000000000
46 1.800000000000000 7.100000000000000
47 1.800000000000000 5.100000000000000
48 1.800000000000000 7.500000000000000
49 1.800000000000000 5.900000000000000
50 1.900000000000000 3.200000000000000
51 1.900000000000000 4.900000000000000
52 1.900000000000000 6.000000000000000
53 1.900000000000000 3.700000000000000
54 1.900000000000000 5.700000000000000
55 1.900000000000000 4.000000000000000
56 2.000000000000000 8.300000000000001
57 2.000000000000000 5.800000000000000
58 2.000000000000000 5.400000000000000
59 2.000000000000000 6.500000000000000
60 2.000000000000000 2.600000000000000
61 2.000000000000000 2.200000000000000
62 2.100000000000000 4.800000000000000
63 2.100000000000000 5.600000000000000
64 2.100000000000000 2.400000000000000
65 2.100000000000000 5.000000000000000
66 2.100000000000000 2.200000000000000
67 2.100000000000000 6.300000000000000
68 2.100000000000000 5.000000000000000
69 2.200000000000000 5.200000000000000
70 2.200000000000000 8.500000000000000
71 2.200000000000000 7.800000000000000
72 2.200000000000000 4.900000000000000
73 2.200000000000000 4.100000000000000
74 2.200000000000000 4.900000000000000
75 2.200000000000000 3.500000000000000
76 2.300000000000000 7.000000000000000
77 2.300000000000000 8.500000000000000
78 2.400000000000000 2.700000000000000
79 2.400000000000000 6.500000000000000
80 2.400000000000000 6.300000000000000
81 2.400000000000000 2.900000000000000
82 2.400000000000000 5.700000000000000
83 2.400000000000000 7.900000000000000
84 2.400000000000000 7.200000000000000
85 2.400000000000000 3.000000000000000
86 2.400000000000000 6.100000000000000
87 2.400000000000000 5.900000000000000
88 2.400000000000000 7.200000000000000
89 2.400000000000000 3.400000000000000
90 2.400000000000000 2.900000000000000
91 2.400000000000000 3.400000000000000
92 2.500000000000000 5.000000000000000
93 2.500000000000000 5.200000000000000
94 2.600000000000000 5.700000000000000
95 2.600000000000000 7.300000000000000
96 2.600000000000000 6.900000000000000
97 2.600000000000000 6.700000000000000
98 2.700000000000000 3.300000000000000
99 2.700000000000000 3.100000000000000
100 2.700000000000000 4.800000000000000
101 2.700000000000000 4.300000000000000
102 2.700000000000000 4.400000000000000
103 2.800000000000000 5.200000000000000
104 2.800000000000000 3.600000000000000
105 2.800000000000000 5.600000000000000
106 2.800000000000000 5.900000000000000
107 2.800000000000000 4.300000000000000
108 2.800000000000000 8.100000000000000
109 2.800000000000000 4.000000000000000
110 2.900000000000000 6.500000000000000
111 2.900000000000000 3.900000000000000
112 2.900000000000000 5.400000000000000
113 2.900000000000000 7.100000000000000
114 2.900000000000000 6.200000000000000
115 2.900000000000000 4.300000000000000
116 2.900000000000000 4.400000000000000
117 2.900000000000000 5.600000000000000
118 2.900000000000000 8.400000000000000
119 2.900000000000000 8.500000000000000
120 3.000000000000000 5.600000000000000
121 3.000000000000000 5.000000000000000
122 3.000000000000000 7.700000000000000
123 3.000000000000000 8.699999999999999
124 3.000000000000000 7.800000000000000
125 3.000000000000000 6.500000000000000
126 3.100000000000000 5.700000000000000
127 3.100000000000000 3.300000000000000
128 3.100000000000000 8.500000000000000
129 3.100000000000000 3.500000000000000
130 3.100000000000000 3.000000000000000
131 3.100000000000000 3.400000000000000
132 3.100000000000000 7.300000000000000
133 3.200000000000000 8.600000000000000
134 3.200000000000000 2.900000000000000
135 3.200000000000000 8.300000000000001
136 3.200000000000000 8.600000000000000
137 3.200000000000000 4.400000000000000
138 3.200000000000000 5.300000000000000
139 3.200000000000000 7.200000000000000
140 3.200000000000000 4.100000000000000
141 3.300000000000000 5.900000000000000
142 3.300000000000000 7.800000000000000
143 3.300000000000000 4.300000000000000
144 3.300000000000000 6.200000000000000
145 3.300000000000000 3.300000000000000
146 3.300000000000000 3.900000000000000
147 3.300000000000000 5.200000000000000
148 3.300000000000000 8.199999999999999
149 3.300000000000000 7.300000000000000
150 3.400000000000000 4.400000000000000
151 3.400000000000000 6.000000000000000
152 3.400000000000000 7.800000000000000
153 3.400000000000000 4.800000000000000
154 3.400000000000000 4.300000000000000
155 3.400000000000000 6.800000000000000
156 3.400000000000000 4.500000000000000
157 3.500000000000000 2.800000000000000
158 3.500000000000000 3.600000000000000
159 3.500000000000000 8.199999999999999
160 3.500000000000000 3.400000000000000
161 3.500000000000000 6.400000000000000
162 3.500000000000000 5.100000000000000
163 3.600000000000000 8.300000000000001
164 3.600000000000000 3.900000000000000
165 3.600000000000000 4.100000000000000
166 3.600000000000000 7.000000000000000
167 3.600000000000000 5.900000000000000
168 3.600000000000000 3.900000000000000
169 3.600000000000000 8.199999999999999
170 3.700000000000000 7.500000000000000
171 3.700000000000000 6.900000000000000
172 3.700000000000000 4.500000000000000
173 3.700000000000000 3.300000000000000
174 3.700000000000000 3.400000000000000
175 3.700000000000000 4.200000000000000
176 3.800000000000000 4.900000000000000
177 3.800000000000000 7.100000000000000
178 3.800000000000000 4.800000000000000
179 3.800000000000000 6.400000000000000
180 3.800000000000000 8.100000000000000
181 3.800000000000000 4.300000000000000
182 3.900000000000000 6.200000000000000
183 3.900000000000000 3.000000000000000
184 3.900000000000000 4.700000000000000
185 3.900000000000000 3.700000000000000
186 3.900000000000000 3.500000000000000
187 3.900000000000000 6.400000000000000
188 3.900000000000000 7.300000000000000
189 3.900000000000000 8.100000000000000
190 3.900000000000000 6.300000000000000
191 3.900000000000000 3.900000000000000
192 4.000000000000000 8.400000000000000
193 4.000000000000000 4.400000000000000
194 4.000000000000000 5.400000000000000
195 4.000000000000000 4.800000000000000
196 4.000000000000000 3.400000000000000
197 4.000000000000000 3.200000000000000
198 4.100000000000000 7.200000000000000
199 4.100000000000000 6.900000000000000
200 4.100000000000000 3.400000000000000
201 4.100000000000000 7.000000000000000
202 4.100000000000000 5.100000000000000
203 4.100000000000000 3.500000000000000
204 4.200000000000000 4.900000000000000
205 4.200000000000000 8.600000000000000
206 4.200000000000000 6.000000000000000
207 4.200000000000000 8.500000000000000
208 4.200000000000000 3.200000000000000
209 4.300000000000000 7.600000000000000
210 4.300000000000000 6.300000000000000
211 4.300000000000000 5.800000000000000
212 4.300000000000000 4.100000000000000
213 4.300000000000000 3.500000000000000
214 4.400000000000000 7.900000000000000
215 4.400000000000000 6.300000000000000
216 4.400000000000000 2.900000000000000
217 4.400000000000000 5.000000000000000
218 4.400000000000000 5.100000000000000
219 4.400000000000000 7.600000000000000
220 4.500000000000000 4.800000000000000
221 4.500000000000000 4.700000000000000
222 4.500000000000000 7.000000000000000
223 4.600000000000000 7.400000000000000
224 4.600000000000000 8.100000000000000
225 4.600000000000000 5.800000000000000
226 4.600000000000000 7.300000000000000
227 4.600000000000000 4.400000000000000
228 4.600000000000000 4.600000000000000
229 4.600000000000000 8.600000000000000
230 4.600000000000000 5.500000000000000
231 4.600000000000000 6.700000000000000
232 4.600000000000000 6.200000000000000
233 4.600000000000000 2.500000000000000
234 4.700000000000000 3.800000000000000
235 4.700000000000000 5.600000000000000
236 4.700000000000000 6.500000000000000
237 4.800000000000000 2.700000000000000
238 4.800000000000000 2.300000000000000
239 4.800000000000000 6.600000000000000
240 4.800000000000000 7.500000000000000
241 4.800000000000000 6.700000000000000
242 4.800000000000000 3.000000000000000
243 4.900000000000000 5.500000000000000
244 4.900000000000000 3.100000000000000
245 4.900000000000000 7.900000000000000
246 4.900000000000000 3.900000000000000
247 4.900000000000000 4.200000000000000
248 4.900000000000000 5.200000000000000
249 4.900000000000000 6.400000000000000
250 4.900000000000000 5.500000000000000
251 5.000000000000000 2.300000000000000
252 5.000000000000000 8.100000000000000
253 5.000000000000000 4.300000000000000
254 5.000000000000000 8.500000000000000
255 5.000000000000000 5.200000000000000
256 5.100000000000000 5.400000000000000
257 5.100000000000000 4.200000000000000
258 5.100000000000000 5.900000000000000
259 5.100000000000000 6.400000000000000
260 5.100000000000000 7.200000000000000
261 5.100000000000000 6.900000000000000
262 5.100000000000000 4.300000000000000
263 5.200000000000000 2.600000000000000
264 5.200000000000000 5.700000000000000
265 5.200000000000000 3.000000000000000
266 5.200000000000000 2.000000000000000
267 5.200000000000000 7.300000000000000
268 5.200000000000000 5.100000000000000
269 5.200000000000000 7.700000000000000
270 5.200000000000000 2.000000000000000
271 5.200000000000000 6.200000000000000
272 5.200000000000000 3.400000000000000
273 5.300000000000000 2.100000000000000
274 5.300000000000000 4.400000000000000
275 5.300000000000000 2.700000000000000
276 5.300000000000000 5.600000000000000
277 5.300000000000000 8.400000000000000
278 5.300000000000000 4.600000000000000
279 5.300000000000000 1.600000000000000
280 5.300000000000000 2.200000000000000
281 5.400000000000000 7.600000000000000
282 5.400000000000000 7.600000000000000
283 5.400000000000000 6.100000000000000
284 5.400000000000000 2.100000000000000
285 5.400000000000000 3.800000000000000
286 5.500000000000000 8.400000000000000
287 5.500000000000000 1.200000000000000
288 5.500000000000000 3.400000000000000
289 5.500000000000000 7.600000000000000
290 5.500000000000000 5.800000000000000
291 5.600000000000000 3.100000000000000
292 5.600000000000000 6.600000000000000
293 5.600000000000000 5.700000000000000
294 5.600000000000000 2.300000000000000
295 5.600000000000000 1.400000000000000
296 5.600000000000000 7.600000000000000
297 5.600000000000000 2.100000000000000
298 5.700000000000000 3.100000000000000
299 5.700000000000000 5.400000000000000
300 5.700000000000000 6.900000000000000
301 5.700000000000000 1.100000000000000
302 5.700000000000000 1.300000000000000
303 5.800000000000000 3.700000000000000
304 5.800000000000000 3.300000000000000
305 5.800000000000000 5.200000000000000
306 5.800000000000000 3.000000000000000
307 5.800000000000000 3.400000000000000
308 5.800000000000000 4.800000000000000
309 5.800000000000000 8.000000000000000
310 5.800000000000000 7.700000000000000
311 5.900000000000000 2.900000000000000
312 5.900000000000000 3.500000000000000
313 5.900000000000000 8.000000000000000
314 5.900000000000000 5.500000000000000
315 5.900000000000000 7.000000000000000
316 5.900000000000000 7.600000000000000
317 5.900000000000000 5.000000000000000
318 5.900000000000000 3.700000000000000
319 5.900000000000000 7.200000000000000
320 5.900000000000000 1.100000000000000
321 5.900000000000000 6.000000000000000
322 5.900000000000000 2.900000000000000
323 5.900000000000000 1.900000000000000
324 6.000000000000000 4.600000000000000
325 6.000000000000000 2.800000000000000
326 6.000000000000000 7.600000000000000
327 6.000000000000000 4.200000000000000
328 6.100000000000000 4.200000000000000
329 6.100000000000000 7.100000000000000
330 6.100000000000000 4.700000000000000
331 6.100000000000000 4.900000000000000
332 6.100000000000000 6.000000000000000
333 6.100000000000000 1.900000000000000
334 6.100000000000000 1.200000000000000
335 6.200000000000000 6.200000000000000
336 6.200000000000000 8.199999999999999
337 6.200000000000000 7.100000000000000
338 6.200000000000000 8.400000000000000
339 6.200000000000000 3.400000000000000
340 6.200000000000000 1.700000000000000
341 6.200000000000000 5.300000000000000
342 6.200000000000000 7.900000000000000
343 6.200000000000000 7.400000000000000
344 6.200000000000000 6.200000000000000
345 6.200000000000000 6.800000000000000
346 6.200000000000000 7.400000000000000
347 6.200000000000000 4.800000000000000
348 6.200000000000000 2.300000000000000
349 6.300000000000000 4.800000000000000
350 6.300000000000000 8.100000000000000
351 6.300000000000000 7.700000000000000
352 6.300000000000000 3.300000000000000
353 6.400000000000000 4.700000000000000
354 6.400000000000000 5.400000000000000
355 6.400000000000000 2.300000000000000
356 6.400000000000000 5.800000000000000
357 6.400000000000000 3.700000000000000
358 6.400000000000000 4.900000000000000
359 6.400000000000000 5.400000000000000
360 6.400000000000000 2.600000000000000
361 6.400000000000000 7.700000000000000
362 6.400000000000000 7.400000000000000
363 6.500000000000000 3.500000000000000
364 6.500000000000000 7.000000000000000
365 6.500000000000000 1.400000000000000
366 6.500000000000000 5.700000000000000
367 6.500000000000000 1.500000000000000
368 6.500000000000000 1.900000000000000
369 6.500000000000000 4.300000000000000
370 6.600000000000000 8.000000000000000
371 6.600000000000000 1.400000000000000
372 6.600000000000000 2.200000000000000
373 6.600000000000000 7.100000000000000
374 6.600000000000000 2.200000000000000
375 6.600000000000000 8.400000000000000
376 6.700000000000000 3.800000000000000
377 6.700000000000000 7.300000000000000
378 6.700000000000000 6.400000000000000
379 6.700000000000000 2.800000000000000
380 6.700000000000000 1.600000000000000
381 6.700000000000000 7.400000000000000
382 6.700000000000000 7.100000000000000
383 6.700000000000000 8.400000000000000
384 6.700000000000000 5.400000000000000
385 6.800000000000000 5.300000000000000
386 6.800000000000000 8.000000000000000
387 6.800000000000000 7.000000000000000
388 6.800000000000000 3.200000000000000
389 6.900000000000000 6.200000000000000
390 6.900000000000000 1.800000000000000
391 6.900000000000000 6.200000000000000
392 6.900000000000000 7.300000000000000
393 6.900000000000000 7.200000000000000
394 6.900000000000000 8.500000000000000
395 6.900000000000000 2.200000000000000
396 6.900000000000000 2.500000000000000
397 6.900000000000000 2.000000000000000
398 6.900000000000000 3.300000000000000
399 6.900000000000000 7.500000000000000
400 6.900000000000000 7.600000000000000
401 7.000000000000000 4.700000000000000
402 7.000000000000000 1.400000000000000
403 7.000000000000000 4.000000000000000
404 7.100000000000000 2.000000000000000
405 7.100000000000000 7.200000000000000
406 7.100000000000000 6.900000000000000
407 7.100000000000000 3.700000000000000
408 7.100000000000000 4.000000000000000
409 7.100000000000000 5.700000000000000
410 7.200000000000000 5.300000000000000
411 7.200000000000000 7.600000000000000
412 7.200000000000000 3.700000000000000
413 7.200000000000000 2.900000000000000
414 7.200000000000000 1.400000000000000
415 7.300000000000000 4.700000000000000
416 7.300000000000000 1.500000000000000
417 7.400000000000000 5.000000000000000
418 7.400000000000000 5.600000000000000
419 7.400000000000000 2.700000000000000
420 7.400000000000000 5.200000000000000
421 7.400000000000000 3.000000000000000
422 7.400000000000000 2.500000000000000
423 7.400000000000000 5.000000000000000
424 7.400000000000000 2.900000000000000
425 7.400000000000000 6.900000000000000
426 7.500000000000000 2.000000000000000
427 7.600000000000000 2.000000000000000
428 7.600000000000000 4.000000000000000
429 7.600000000000000 4.300000000000000
430 7.600000000000000 2.800000000000000
431 7.600000000000000 6.700000000000000
432 7.600000000000000 2.600000000000000
433 7.600000000000000 4.100000000000000
434 7.600000000000000 6.600000000000000
435 7.700000000000000 4.600000000000000
436 7.700000000000000 5.200000000000000
437 7.700000000000000 1.100000000000000
438 7.700000000000000 5.300000000000000
439 7.700000000000000 7.000000000000000
440 7.700000000000000 5.800000000000000
441 7.700000000000000 2.600000000000000
442 7.700000000000000 5.400000000000000
443 7.800000000000000 2.100000000000000
444 7.800000000000000 3.800000000000000
445 7.800000000000000 6.700000000000000
446 7.800000000000000 2.600000000000000
447 7.800000000000000 1.000000000000000
448 7.800000000000000 1.800000000000000
449 7.800000000000000 2.800000000000000
450 7.900000000000000 5.400000000000000
451 7.900000000000000 3.200000000000000
452 7.900000000000000 6.900000000000000
453 7.900000000000000 2.500000000000000
454 7.900000000000000 6.300000000000000
455 7.900000000000000 4.200000000000000
456 7.900000000000000 6.300000000000000
457 7.900000000000000 4.600000000000000
458 8.000000000000000 1.000000000000000
459 8.000000000000000 2.800000000000000
460 8.000000000000000 4.700000000000000
461 8.000000000000000 6.400000000000000
462 8.000000000000000 1.600000000000000
463 8.100000000000000 3.900000000000000
464 8.100000000000000 1.400000000000000
465 8.100000000000000 3.800000000000000
466 8.100000000000000 2.200000000000000
467 8.100000000000000 5.400000000000000
468 8.100000000000000 5.000000000000000
469 8.100000000000000 1.600000000000000
470 8.100000000000000 5.100000000000000
471 8.100000000000000 3.500000000000000
472 8.100000000000000 6.300000000000000
473 8.199999999999999 3.200000000000000
474 8.199999999999999 6.100000000000000
475 8.199999999999999 3.100000000000000
476 8.199999999999999 3.300000000000000
477 8.199999999999999 2.100000000000000
478 8.199999999999999 2.700000000000000
479 8.199999999999999 2.300000000000000
480 8.300000000000001 4.300000000000000
481 8.300000000000001 6.100000000000000
482 8.300000000000001 2.900000000000000
483 8.300000000000001 1.500000000000000
484 8.300000000000001 0.900000000000000
485 8.300000000000001 4.500000000000000
486 8.400000000000000 1.900000000000000
487 8.400000000000000 6.000000000000000
488 8.400000000000000 5.500000000000000
489 8.400000000000000 5.100000000000000
490 8.400000000000000 2.100000000000000
491 8.400000000000000 1.100000000000000
492 8.500000000000000 5.600000000000000
493 8.500000000000000 6.400000000000000
494 8.699999999999999 6.300000000000000
