316
0 3.180000000000000 5.480000000000000
1 6.560000000000000 6.690000000000000
2 5.517184207621455 6.316684287343776
3 4.082628286629710 5.803130244621879
4 6.076306359699112 6.516843400957375
5 4.183855540897098 5.839368403693932
6 6.467558098727688 6.656906893331509
7 4.065848556937026 5.797123299968581
8 4.854049269003723 6.079289827069381
9 6.442123409323611 6.647801575527092
10 6.264678059959971 6.584278240399872
11 5.367498200166525 6.263098468106952
12 1.220000000000000 6.900000000000000
13 1.280000000000000 7.330000000000000
14 0.970000000000000 6.090000000000000
15 0.400000000000000 5.580000000000000
16 8.500000000000000 7.620000000000000
17 4.030000000000000 0.420000000000000
18 5.334471588463194 2.521162290142057
19 7.825494183383713 6.533547677933498
20 5.210628780695157 2.321683942059313
21 4.674524009891376 1.458159479019665
22 4.981974550091137 1.953381825650153
23 7.806418022905365 6.502820976491862
24 4.689165275035082 1.481742724888722
25 6.006283787890832 3.603275899958386
26 5.641981819148371 3.016480782520865
27 6.089889587188158 3.737942959229247
28 7.746917234965902 6.406980781153131
29 4.560855154363215 1.275068705014574
30 6.810881939101270 4.899272922042314
31 7.370770644981374 5.801107079164630
32 6.889853236803262 5.026475012300555
33 7.063467146336239 5.306121577991258
34 7.069456565768886 5.315768964996863
35 4.575706166745352 1.298989798784459
36 6.943942418025662 5.113598525678918
37 6.624487905719960 4.599040921965036
38 5.666330581087396 3.055700264838759
39 4.940000000000000 8.960000000000001
40 1.300000000000000 3.160000000000000
41 3.351969621925046 6.429621925045403
42 2.366701244813278 4.859688796680499
43 2.649755499624097 5.310709312587846
44 2.212464733100101 4.613927321972689
45 3.497045784130930 6.660787238450384
46 2.196140730745494 4.587916548990072
47 3.399734626810736 6.505730998764360
48 3.202036557191711 6.190717591129649
49 2.424590377567049 4.951929722496947
50 3.442179246086608 6.573362534973167
51 2.513118473666171 5.092990974523021
52 1.710000000000000 4.940000000000000
53 5.590000000000000 8.460000000000001
54 2.485228993186979 5.643300529901590
55 3.675372867587326 6.723018683996751
56 3.416663660172639 6.488313423661776
57 3.120711070466900 6.219820352588529
58 4.450497448979593 7.426224489795921
59 3.491418023907713 6.556131815503905
60 2.142549236249005 5.332415801957860
61 2.530000000000000 2.870000000000000
62 8.640000000000001 2.110000000000000
63 5.078775621079666 2.552967353188127
64 5.938180764774044 2.446069168375078
65 4.250599962783058 2.655981019359227
66 3.690835177143849 2.725608063072124
67 8.166390054457279 2.168910566057687
68 5.662254135172109 2.480390647670900
69 7.539071354620750 2.246940387968614
70 6.443085557962309 2.383265953510417
71 3.350621411536083 2.767925978270471
72 7.622646350877060 2.236544807419548
73 3.778925504216376 2.714650837446081
74 6.770032649066360 2.342598230230698
75 9.240000000000000 4.030000000000000
76 6.060000000000000 2.850000000000000
77 6.957270478284773 3.182949422759759
78 6.753276745305730 3.107253635050554
79 6.716244821113509 3.093512229218221
80 8.630169576059851 3.803710723192020
81 9.800000000000001 8.260000000000000
82 7.810000000000000 6.030000000000000
83 7.856965086795396 6.082629217866199
84 7.810000000000000 6.520000000000000
85 6.500000000000000 0.060000000000000
86 3.450000000000000 5.410000000000000
87 3.556785626460101 5.222687507684741
88 5.723807592177756 1.421517830114428
89 5.372785583384239 2.037244960293219
90 4.299260382147642 3.920313755904957
91 3.550256446923113 5.234140330806999
92 5.700767244559203 1.461932866101070
93 5.494063304136191 1.824511909138156
94 4.181822669048845 4.126311055930715
95 3.820851714699727 4.759489615198840
96 3.699013646971547 4.973205570066304
97 6.174583264971288 0.630812961443806
98 4.057254242549670 4.344816328642384
99 5.909444105266540 1.095893126827544
100 4.418761195427169 3.710697575234311
101 4.282427572427573 3.949840159840159
102 7.500000000000000 3.440000000000000
103 7.020000000000000 5.120000000000000
104 7.467941712204007 3.552204007285975
105 7.114063492063492 4.790777777777778
106 7.045976738666034 5.029081414668882
107 7.024057217165149 5.105799739921976
108 0.040000000000000 4.150000000000000
109 2.806505826299541 4.993837684469744
110 2.055460482886919 4.764754355784041
111 7.806296436805090 6.518870341728193
112 2.054456061737615 4.764447987943134
113 3.564130264570311 5.224927764096735
114 5.535728032332044 5.826303144997032
115 4.397537689354732 5.479133117602409
116 7.718083723836302 6.491963761324586
117 5.526930400377672 5.823619697412495
118 4.825624623250612 5.609707896667175
119 6.903778701920744 6.243585009466173
120 3.959199075411731 5.345431378214389
121 2.683269544611121 4.956248239475979
122 5.557773011373340 5.833027289183374
123 5.617127269990970 5.851131483896859
124 4.864650693568728 5.621611601513241
125 4.105129925271740 5.389943104619565
126 5.836756180539805 5.918122541554612
127 5.667160451129088 5.866392570035513
128 2.711455393514361 4.964845467519825
129 3.190000000000000 1.510000000000000
130 9.490000000000000 1.290000000000000
131 4.709061249070105 1.456953416699139
132 5.702267099410987 1.422270037798347
133 8.433305294289735 1.326900450040676
134 4.860780657832859 1.451655278615360
135 6.852115488611783 1.382116601984985
136 8.336864115712075 1.330268237229102
137 9.680000000000000 8.890000000000001
138 4.690000000000000 7.160000000000000
139 8.486169183758710 8.476106751082680
140 6.044987441010809 7.629765184959659
141 5.602652528733763 7.476410596134150
142 5.100000000000000 1.840000000000000
143 7.700000000000000 3.720000000000000
144 6.805044645995922 3.072878436335514
145 5.670861385515636 2.252776694142075
146 6.764672924999173 3.043686576537864
147 7.433859362880145 3.527559847005644
148 6.255151213897028 2.675263185433236
149 7.470255915016900 3.553877353935297
150 9.560000000000000 0.540000000000000
151 9.510000000000000 4.110000000000000
152 1.730000000000000 7.170000000000000
153 3.590000000000000 3.410000000000000
154 2.204952577319588 6.209880811439973
155 2.001996051094008 6.620158520369102
156 3.530582288718156 3.530113222806308
157 2.823938894858290 4.958596642652059
158 3.428105949419889 3.737269693645816
159 2.872235044640826 4.860965716209944
160 2.050000000000000 4.770000000000000
161 3.495469730151071 3.381401210051594
162 3.276960275833857 3.591313571084196
163 3.935615079636526 2.958573054644255
164 7.800000000000000 7.350000000000000
165 7.808519575856443 6.225415986949430
166 2.860000000000000 0.850000000000000
167 2.894761332605134 0.837224467504096
168 7.370000000000000 6.170000000000000
169 3.630000000000000 3.430000000000000
170 4.883853155339807 4.348598300970874
171 5.572528476792234 4.853135835938696
172 5.241612355206472 4.610699960766239
173 6.021221207878050 5.181857248552369
174 7.150872067767159 6.009462423979149
175 5.783929021236268 5.008012170638335
176 6.472918061875733 5.512779542657623
177 6.341785133418044 5.416708894536214
178 6.047202645683658 5.200891777853803
179 4.779353418308227 4.272039670097471
180 6.126165591656564 5.258741636668178
181 4.312787942276085 3.930224321346651
182 7.220000000000000 7.960000000000000
183 3.311844935280654 6.596157030200581
184 6.081705006954103 7.562765090403338
185 2.682647525930524 6.376583740720623
186 5.664992222749940 7.417343327000713
187 4.339156198677261 6.954661547338985
188 3.344488304591135 6.607548704534736
189 4.739559051974223 7.094391575322383
190 1.282625121793904 5.888012872414881
191 5.750000000000000 0.160000000000000
192 4.760636418464888 1.392693543480234
193 3.420235229283290 3.062760971082170
194 3.118686635582153 3.438474218909804
195 4.872063336268801 1.253861626973197
196 3.743673901856947 2.659773868226885
197 5.609837234558457 3.866526463898585
198 6.611178785351843 3.201610283577778
199 7.185396653703455 2.820315058792794
200 4.539300331909120 4.577390112409001
201 3.881057749024832 5.014479878222814
202 3.937226486740695 4.977182412132566
203 7.788151490159517 2.420070563586628
204 4.396376657957780 4.672295055967814
205 4.845074113775553 4.374348567873287
206 5.480000000000000 7.300000000000000
207 5.595463287000976 4.246637521529735
208 5.682852994393191 1.935665259380049
209 5.535424211619880 5.834337514940962
210 5.553772152974354 5.349136399122645
211 5.566808877548159 5.004387460393125
212 5.535174712348773 5.840935384554658
213 5.537689938934220 5.774421614850642
214 5.547048036309259 5.526951928710725
215 5.713480657851964 1.125733714581411
216 5.557575667102071 5.248554581078560
217 5.549184541127238 5.470453245746393
218 5.527205729576578 6.051670706752715
219 5.639851790199903 3.072808214713683
220 9.480000000000000 0.250000000000000
221 1.510000000000000 8.449999999999999
222 7.055889892013798 2.744065606711023
223 4.869282629027754 4.993774459469563
224 3.974636384620226 5.914238600516204
225 4.070269194100163 5.815845998541864
226 4.870269518180907 4.992759090453772
227 3.278239957512967 6.630731787753283
228 7.587286010033315 2.197334343503991
229 4.801502301659084 5.063510806323150
230 9.135272261932315 0.604675966393352
231 4.523842394478680 5.349183483723315
232 5.094276534641252 4.762287630607495
233 8.587300387338054 1.168461332977160
234 9.310000000000000 1.800000000000000
235 8.667713214873137 3.693055787742336
236 8.458507818241719 4.309661167287565
237 8.228088001657802 4.988793258271742
238 8.262822963136887 4.886416529701807
239 8.741094917648809 3.476772874298249
240 8.168894277400582 5.163258971871969
241 4.450000000000000 9.140000000000001
242 5.630810142387205 8.945773284990516
243 3.720000000000000 0.780000000000000
244 4.596187113586036 1.295871036078735
245 6.581215947808415 2.464592722894447
246 6.418358918536713 6.948458468237132
247 6.534329591221894 6.736841879935306
248 6.455307918452049 6.881036066329766
249 5.239914525699116 5.461452033820891
250 6.307495731190766 6.808567036850745
251 4.868453933977450 4.992728780199958
252 5.539463570151215 5.839434532809193
253 5.325736659400986 5.569745701138292
254 5.317101320969150 5.558849299161629
255 5.106029235735790 5.292510428379702
256 6.842056518029012 7.483096386259449
257 5.615268995288318 5.935088732216178
258 4.123398326228984 4.052588974322368
259 4.084239975727768 5.875016367788193
260 6.474788615762535 5.019545719795702
261 5.220709523251159 5.468324646916356
262 4.746600539540801 5.637987088717943
263 5.938446355203525 5.211478673387267
264 5.486677219952552 5.373146680640422
265 6.244634239332649 5.101907697395923
266 7.150599960994838 4.777703006476910
267 5.430000000000000 7.640000000000000
268 8.379070037306407 4.845736788798916
269 6.459479327359013 6.664561582213639
270 8.022528420543416 5.183562310193771
271 6.370442666302623 6.748924402794628
272 4.730000000000000 8.609999999999999
273 2.860000000000000 0.690000000000000
274 3.871994273476419 4.976093393547186
275 4.187541548981716 6.312528913334324
276 3.624205852829898 3.926636553161918
277 3.972751411750571 5.402829508590653
278 3.081811764705883 1.629438062283738
279 3.716081393880729 4.315756491730145
280 7.700000000000000 5.040000000000000
281 4.725736267884782 4.990346181433803
282 7.316146324428147 5.033591758337699
283 5.246358907672302 4.999037711313394
284 6.308939983513416 5.016776961327436
285 2.723716627325640 4.956923482926973
286 9.910000000000000 4.310000000000000
287 5.587578371594572 5.822597139951841
288 7.013860412289167 5.323481060821171
289 5.740922239174704 5.768935670648018
290 5.740724931618215 5.769004716861296
291 5.670000000000000 9.990000000000000
292 4.715910416617267 9.325265454200554
293 6.511341610431855 1.004238404690911
294 7.369184932183803 1.955485870358544
295 7.190000000000000 7.370000000000000
296 5.314785494745989 5.559170542136685
297 5.044814920680292 5.298469344004573
298 6.082243223040900 6.300277790490140
299 5.652723197310225 5.885505233454080
300 3.902460212653833 4.195337115223658
301 9.490000000000000 4.980000000000000
302 4.660000000000000 5.650000000000000
303 5.582333662566221 5.522057235213381
304 5.967636416763549 5.468609441152883
305 1.430000000000000 9.840000000000000
306 5.415525070530185 5.262382515258124
307 6.179599435100784 5.188003594813198
308 7.340000000000000 5.070000000000000
309 7.150000000000000 4.780000000000000
310 4.150000000000000 9.560000000000000
311 7.260000000000000 8.270000000000000
312 6.930000000000000 7.620000000000000
313 2.170000000000000 0.210000000000000
314 5.740855530725967 5.768831824092315
315 4.487335669296845 3.817449014598662
556
0 7
7 3
3 5
5 8
8 11
11 2
2 4
4 10
10 9
9 6
6 1
12 13
15 14
17 29
29 35
35 21
21 24
24 22
22 20
20 18
18 26
26 38
38 25
25 27
27 37
37 30
30 32
32 36
36 33
33 34
34 31
31 28
28 23
23 19
19 16
40 46
46 44
44 42
42 49
49 51
51 43
43 48
48 41
41 47
47 50
50 45
45 39
52 60
60 54
54 57
57 41
41 56
56 59
59 55
55 58
58 53
61 71
71 66
66 73
73 65
65 63
63 18
18 68
68 64
64 70
70 74
74 69
69 72
72 67
67 62
76 79
79 78
78 77
77 80
80 75
82 83
83 81
84 19
19 81
86 91
91 87
87 96
96 95
95 98
98 94
94 101
101 90
90 100
100 63
63 20
20 89
89 93
93 92
92 88
88 99
99 97
97 85
103 107
107 106
106 105
105 104
104 102
108 112
112 110
110 42
42 121
121 128
128 109
109 87
87 113
113 120
120 125
125 115
115 118
118 124
124 117
117 114
114 122
122 123
123 127
127 126
126 119
119 116
116 111
111 84
129 21
21 131
131 134
134 132
132 88
88 135
135 136
136 133
133 130
138 141
141 140
140 139
139 137
142 89
89 145
145 64
64 148
148 146
146 144
144 77
77 147
147 104
104 149
149 143
151 150
152 155
155 154
154 54
54 43
43 109
109 157
157 159
159 158
158 156
156 153
160 110
110 44
44 162
162 161
161 163
163 65
65 22
22 142
164 111
111 23
23 165
165 82
166 167
167 17
169 90
90 181
181 179
179 170
170 172
172 171
171 175
175 173
173 178
178 180
180 177
177 176
176 174
174 168
15 190
190 154
154 185
185 183
183 188
188 45
45 55
55 187
187 189
189 186
186 184
184 182
160 112
112 46
46 194
194 193
193 66
66 196
196 24
24 131
131 192
192 195
195 191
0 91
91 113
113 201
201 202
202 204
204 200
200 205
205 170
170 197
197 25
25 198
198 78
78 144
144 199
199 203
203 67
67 130
206 2
2 218
218 212
212 209
209 114
114 213
213 214
214 217
217 210
210 216
216 211
211 171
171 207
207 197
197 219
219 26
26 68
68 145
145 208
208 92
92 132
132 215
215 191
221 227
227 183
183 47
47 56
56 224
224 225
225 3
3 115
115 231
231 229
229 223
223 226
226 232
232 172
172 207
207 27
27 198
198 79
79 146
146 222
222 69
69 228
228 133
133 233
233 230
230 220
182 116
116 28
28 165
165 83
83 240
240 237
237 238
238 236
236 80
80 235
235 239
239 234
241 242
242 139
139 81
243 29
29 244
244 192
192 134
134 93
93 208
208 70
70 245
245 222
222 199
199 235
235 75
53 140
140 184
184 246
246 248
248 247
247 1
169 258
258 94
94 200
200 251
251 223
223 255
255 249
249 254
254 253
253 117
117 209
209 252
252 257
257 4
4 250
250 246
246 256
256 182
12 155
155 185
185 57
57 48
48 224
224 259
259 5
5 262
262 118
118 261
261 249
249 264
264 210
210 263
263 173
173 265
265 260
260 30
30 105
105 266
266 236
236 75
267 141
141 186
186 250
250 271
271 269
269 6
6 119
119 174
174 31
31 270
270 237
237 268
268 75
273 167
167 278
278 71
71 193
193 161
161 156
156 276
276 279
279 95
95 274
274 201
201 120
120 277
277 7
7 225
225 259
259 275
275 187
187 58
58 272
52 49
49 121
121 285
285 157
157 96
96 274
274 202
202 281
281 251
251 226
226 283
283 211
211 175
175 284
284 260
260 32
32 106
106 282
282 280
13 227
227 188
188 50
50 59
59 275
275 8
8 212
212 252
252 122
122 287
287 290
290 289
289 176
176 288
288 33
33 238
238 268
268 286
241 292
292 291
191 97
97 293
293 135
135 294
294 228
228 72
72 203
203 239
239 75
61 194
194 162
162 158
158 276
276 300
300 98
98 204
204 281
281 229
229 297
297 261
261 296
296 253
253 213
213 287
287 123
123 299
299 298
298 9
9 269
269 247
247 295
302 262
262 124
124 296
296 254
254 214
214 303
303 304
304 177
177 288
288 34
34 270
270 240
240 301
129 35
35 244
244 195
195 215
215 99
99 293
293 230
230 150
305 241
0 277
277 125
125 231
231 297
297 255
255 306
306 216
216 263
263 178
178 307
307 36
36 107
107 280
309 282
282 308
310 292
292 242
242 311
313 278
278 196
196 73
73 163
163 100
100 315
315 179
179 205
205 232
232 283
283 306
306 264
264 217
217 303
303 314
314 289
289 126
126 298
298 10
10 271
271 248
248 256
256 312
138 189
189 11
11 218
218 257
257 299
299 127
127 290
290 314
314 304
304 180
180 307
307 265
265 284
284 37
37 147
147 102
14 190
190 60
60 51
51 128
128 285
285 159
159 279
279 300
300 258
258 101
101 181
181 315
315 219
219 38
38 148
148 245
245 74
74 294
294 136
136 233
233 150
309 266
266 149
149 102
520
0 0.700000000000000 5.800000000000000
1 1.300000000000000 6.400000000000000
2 1.500000000000000 6.200000000000000
3 1.500000000000000 6.300000000000000
4 1.500000000000000 7.200000000000000
5 1.600000000000000 7.100000000000000
6 1.700000000000000 6.200000000000000
7 1.800000000000000 5.900000000000000
8 1.900000000000000 5.000000000000000
9 2.000000000000000 5.000000000000000
10 2.000000000000000 5.600000000000000
11 2.000000000000000 5.700000000000000
12 2.100000000000000 6.300000000000000
13 2.100000000000000 6.400000000000000
14 2.200000000000000 5.100000000000000
15 2.200000000000000 6.700000000000000
16 2.300000000000000 4.900000000000000
17 2.300000000000000 5.100000000000000
18 2.300000000000000 6.900000000000000
19 2.300000000000000 4.900000000000000
20 2.300000000000000 4.600000000000000
21 2.400000000000000 5.600000000000000
22 2.400000000000000 6.800000000000000
23 2.400000000000000 6.500000000000000
24 2.500000000000000 6.000000000000000
25 2.500000000000000 5.500000000000000
26 2.500000000000000 6.800000000000000
27 2.500000000000000 6.700000000000000
28 2.600000000000000 4.500000000000000
29 2.600000000000000 3.600000000000000
30 2.600000000000000 6.700000000000000
31 2.600000000000000 4.800000000000000
32 2.600000000000000 5.400000000000000
33 2.700000000000000 5.200000000000000
34 2.700000000000000 4.400000000000000
35 2.800000000000000 3.300000000000000
36 2.800000000000000 4.200000000000000
37 2.800000000000000 6.300000000000000
38 2.900000000000000 1.400000000000000
39 2.900000000000000 5.600000000000000
40 2.900000000000000 3.600000000000000
41 3.000000000000000 6.500000000000000
42 3.100000000000000 2.400000000000000
43 3.100000000000000 1.500000000000000
44 3.100000000000000 4.800000000000000
45 3.100000000000000 4.300000000000000
46 3.100000000000000 2.600000000000000
47 3.100000000000000 1.200000000000000
48 3.100000000000000 3.000000000000000
49 3.200000000000000 1.700000000000000
50 3.200000000000000 1.000000000000000
51 3.200000000000000 1.200000000000000
52 3.200000000000000 1.900000000000000
53 3.200000000000000 5.300000000000000
54 3.300000000000000 6.200000000000000
55 3.300000000000000 4.300000000000000
56 3.300000000000000 4.500000000000000
57 3.300000000000000 4.000000000000000
58 3.300000000000000 1.000000000000000
59 3.300000000000000 3.800000000000000
60 3.300000000000000 4.200000000000000
61 3.300000000000000 5.100000000000000
62 3.400000000000000 2.400000000000000
63 3.400000000000000 2.100000000000000
64 3.400000000000000 2.700000000000000
65 3.400000000000000 5.300000000000000
66 3.400000000000000 3.700000000000000
67 3.400000000000000 0.900000000000000
68 3.400000000000000 6.300000000000000
69 3.400000000000000 5.400000000000000
70 3.500000000000000 3.400000000000000
71 3.500000000000000 1.800000000000000
72 3.500000000000000 1.600000000000000
73 3.600000000000000 6.600000000000000
74 3.600000000000000 3.500000000000000
75 3.600000000000000 4.800000000000000
76 3.600000000000000 3.800000000000000
77 3.600000000000000 4.100000000000000
78 3.600000000000000 2.800000000000000
79 3.600000000000000 4.100000000000000
80 3.700000000000000 2.000000000000000
81 3.700000000000000 1.800000000000000
82 3.700000000000000 3.300000000000000
83 3.700000000000000 5.700000000000000
84 3.700000000000000 1.900000000000000
85 3.700000000000000 3.300000000000000
86 3.700000000000000 2.100000000000000
87 3.800000000000000 1.800000000000000
88 3.800000000000000 5.500000000000000
89 3.900000000000000 5.100000000000000
90 3.900000000000000 2.500000000000000
91 3.900000000000000 2.900000000000000
92 3.900000000000000 6.800000000000000
93 3.900000000000000 5.400000000000000
94 3.900000000000000 1.400000000000000
95 3.900000000000000 1.000000000000000
96 3.900000000000000 0.600000000000000
97 4.000000000000000 0.600000000000000
98 4.000000000000000 6.700000000000000
99 4.000000000000000 2.900000000000000
100 4.000000000000000 4.200000000000000
101 4.000000000000000 1.100000000000000
102 4.000000000000000 2.500000000000000
103 4.000000000000000 1.400000000000000
104 4.000000000000000 6.000000000000000
105 4.100000000000000 3.100000000000000
106 4.100000000000000 5.800000000000000
107 4.100000000000000 0.700000000000000
108 4.100000000000000 6.600000000000000
109 4.200000000000000 6.300000000000000
110 4.200000000000000 2.000000000000000
111 4.200000000000000 3.000000000000000
112 4.200000000000000 4.900000000000000
113 4.200000000000000 7.100000000000000
114 4.200000000000000 2.400000000000000
115 4.200000000000000 2.800000000000000
116 4.200000000000000 4.400000000000000
117 4.200000000000000 5.900000000000000
118 4.200000000000000 4.600000000000000
119 4.200000000000000 4.000000000000000
120 4.200000000000000 3.600000000000000
121 4.300000000000000 6.000000000000000
122 4.300000000000000 5.700000000000000
123 4.300000000000000 5.600000000000000
124 4.300000000000000 4.400000000000000
125 4.300000000000000 2.300000000000000
126 4.300000000000000 5.900000000000000
127 4.300000000000000 1.300000000000000
128 4.300000000000000 0.900000000000000
129 4.300000000000000 6.400000000000000
130 4.300000000000000 7.000000000000000
131 4.300000000000000 0.900000000000000
132 4.300000000000000 5.700000000000000
133 4.300000000000000 2.100000000000000
134 4.400000000000000 7.000000000000000
135 4.400000000000000 6.000000000000000
136 4.400000000000000 3.600000000000000
137 4.500000000000000 3.000000000000000
138 4.500000000000000 1.200000000000000
139 4.500000000000000 5.800000000000000
140 4.500000000000000 3.900000000000000
141 4.500000000000000 8.600000000000000
142 4.500000000000000 4.300000000000000
143 4.500000000000000 1.200000000000000
144 4.500000000000000 2.000000000000000
145 4.500000000000000 5.300000000000000
146 4.500000000000000 2.500000000000000
147 4.600000000000000 6.100000000000000
148 4.600000000000000 6.300000000000000
149 4.600000000000000 6.100000000000000
150 4.600000000000000 4.900000000000000
151 4.600000000000000 2.800000000000000
152 4.600000000000000 4.100000000000000
153 4.600000000000000 3.000000000000000
154 4.600000000000000 3.500000000000000
155 4.700000000000000 4.700000000000000
156 4.700000000000000 2.300000000000000
157 4.700000000000000 5.000000000000000
158 4.700000000000000 1.600000000000000
159 4.800000000000000 9.100000000000000
160 4.800000000000000 7.700000000000000
161 4.800000000000000 2.900000000000000
162 4.800000000000000 9.100000000000000
163 4.800000000000000 2.200000000000000
164 4.800000000000000 6.100000000000000
165 4.800000000000000 5.000000000000000
166 4.800000000000000 6.200000000000000
167 4.800000000000000 8.600000000000000
168 4.900000000000000 7.400000000000000
169 4.900000000000000 7.900000000000000
170 4.900000000000000 8.900000000000000
171 4.900000000000000 3.500000000000000
172 4.900000000000000 2.300000000000000
173 4.900000000000000 4.800000000000000
174 4.900000000000000 3.900000000000000
175 4.900000000000000 2.400000000000000
176 4.900000000000000 2.500000000000000
177 4.900000000000000 7.300000000000000
178 5.000000000000000 1.700000000000000
179 5.000000000000000 1.900000000000000
180 5.000000000000000 6.300000000000000
181 5.000000000000000 7.900000000000000
182 5.000000000000000 4.200000000000000
183 5.000000000000000 7.300000000000000
184 5.000000000000000 6.500000000000000
185 5.000000000000000 4.000000000000000
186 5.100000000000000 4.400000000000000
187 5.100000000000000 3.600000000000000
188 5.100000000000000 1.600000000000000
189 5.100000000000000 3.500000000000000
190 5.100000000000000 1.600000000000000
191 5.200000000000000 6.400000000000000
192 5.200000000000000 4.700000000000000
193 5.200000000000000 2.100000000000000
194 5.200000000000000 8.000000000000000
195 5.200000000000000 2.200000000000000
196 5.200000000000000 4.500000000000000
197 5.200000000000000 5.300000000000000
198 5.200000000000000 2.500000000000000
199 5.300000000000000 7.800000000000000
200 5.300000000000000 6.200000000000000
201 5.300000000000000 8.100000000000000
202 5.300000000000000 3.100000000000000
203 5.300000000000000 7.000000000000000
204 5.400000000000000 2.400000000000000
205 5.400000000000000 3.600000000000000
206 5.400000000000000 7.400000000000000
207 5.400000000000000 4.400000000000000
208 5.400000000000000 0.900000000000000
209 5.400000000000000 1.400000000000000
210 5.500000000000000 6.200000000000000
211 5.500000000000000 9.000000000000000
212 5.500000000000000 7.900000000000000
213 5.500000000000000 6.300000000000000
214 5.500000000000000 4.700000000000000
215 5.500000000000000 6.300000000000000
216 5.500000000000000 1.100000000000000
217 5.500000000000000 2.900000000000000
218 5.600000000000000 5.600000000000000
219 5.600000000000000 3.000000000000000
220 5.700000000000000 8.199999999999999
221 5.700000000000000 3.300000000000000
222 5.700000000000000 6.200000000000000
223 5.700000000000000 3.200000000000000
224 5.700000000000000 5.700000000000000
225 5.700000000000000 5.100000000000000
226 5.700000000000000 7.100000000000000
227 5.700000000000000 6.600000000000000
228 5.700000000000000 3.000000000000000
229 5.700000000000000 6.200000000000000
230 5.800000000000000 1.300000000000000
231 5.800000000000000 2.900000000000000
232 5.800000000000000 1.100000000000000
233 5.800000000000000 4.000000000000000
234 5.800000000000000 5.800000000000000
235 5.800000000000000 2.200000000000000
236 5.800000000000000 4.400000000000000
237 5.800000000000000 7.900000000000000
238 5.800000000000000 0.300000000000000
239 5.800000000000000 0.700000000000000
240 5.800000000000000 5.400000000000000
241 5.900000000000000 1.600000000000000
242 5.900000000000000 5.700000000000000
243 5.900000000000000 5.000000000000000
244 5.900000000000000 2.500000000000000
245 5.900000000000000 1.300000000000000
246 5.900000000000000 2.800000000000000
247 6.000000000000000 0.600000000000000
248 6.000000000000000 1.400000000000000
249 6.000000000000000 4.300000000000000
250 6.000000000000000 2.000000000000000
251 6.000000000000000 0.900000000000000
252 6.000000000000000 2.300000000000000
253 6.100000000000000 6.200000000000000
254 6.100000000000000 1.100000000000000
255 6.100000000000000 6.500000000000000
256 6.100000000000000 5.800000000000000
257 6.100000000000000 4.400000000000000
258 6.200000000000000 2.300000000000000
259 6.300000000000000 6.000000000000000
260 6.300000000000000 5.300000000000000
261 6.300000000000000 0.800000000000000
262 6.300000000000000 5.800000000000000
263 6.300000000000000 5.000000000000000
264 6.300000000000000 0.800000000000000
265 6.300000000000000 4.200000000000000
266 6.400000000000000 7.100000000000000
267 6.400000000000000 0.900000000000000
268 6.400000000000000 6.700000000000000
269 6.400000000000000 5.900000000000000
270 6.400000000000000 7.200000000000000
271 6.500000000000000 1.500000000000000
272 6.500000000000000 5.100000000000000
273 6.500000000000000 7.000000000000000
274 6.500000000000000 1.100000000000000
275 6.600000000000000 6.700000000000000
276 6.600000000000000 3.900000000000000
277 6.600000000000000 1.400000000000000
278 6.600000000000000 2.100000000000000
279 6.600000000000000 2.100000000000000
280 6.600000000000000 4.100000000000000
281 6.600000000000000 2.800000000000000
282 6.600000000000000 3.400000000000000
283 6.600000000000000 5.000000000000000
284 6.600000000000000 2.100000000000000
285 6.700000000000000 7.700000000000000
286 6.700000000000000 7.600000000000000
287 6.700000000000000 4.200000000000000
288 6.700000000000000 3.600000000000000
289 6.700000000000000 4.900000000000000
290 6.700000000000000 7.500000000000000
291 6.700000000000000 7.700000000000000
292 6.700000000000000 4.600000000000000
293 6.700000000000000 1.900000000000000
294 6.700000000000000 4.600000000000000
295 6.700000000000000 1.700000000000000
296 6.700000000000000 1.100000000000000
297 6.700000000000000 7.500000000000000
298 6.700000000000000 2.300000000000000
299 6.800000000000000 5.100000000000000
300 6.800000000000000 5.800000000000000
301 6.800000000000000 1.600000000000000
302 6.800000000000000 5.600000000000000
303 6.800000000000000 7.700000000000000
304 6.800000000000000 6.800000000000000
305 6.900000000000000 4.500000000000000
306 6.900000000000000 3.200000000000000
307 6.900000000000000 2.500000000000000
308 6.900000000000000 5.200000000000000
309 6.900000000000000 5.900000000000000
310 6.900000000000000 4.600000000000000
311 6.900000000000000 5.200000000000000
312 6.900000000000000 5.500000000000000
313 6.900000000000000 5.200000000000000
314 6.900000000000000 4.100000000000000
315 6.900000000000000 4.600000000000000
316 6.900000000000000 6.500000000000000
317 7.000000000000000 5.500000000000000
318 7.000000000000000 1.500000000000000
319 7.000000000000000 3.900000000000000
320 7.000000000000000 5.400000000000000
321 7.000000000000000 2.600000000000000
322 7.000000000000000 2.300000000000000
323 7.100000000000000 7.200000000000000
324 7.100000000000000 6.400000000000000
325 7.100000000000000 4.200000000000000
326 7.100000000000000 7.700000000000000
327 7.200000000000000 6.900000000000000
328 7.200000000000000 1.200000000000000
329 7.200000000000000 6.400000000000000
330 7.200000000000000 3.800000000000000
331 7.200000000000000 4.200000000000000
332 7.200000000000000 1.000000000000000
333 7.200000000000000 3.300000000000000
334 7.300000000000000 8.000000000000000
335 7.300000000000000 2.300000000000000
336 7.300000000000000 7.200000000000000
337 7.300000000000000 1.300000000000000
338 7.300000000000000 6.800000000000000
339 7.300000000000000 3.500000000000000
340 7.300000000000000 4.000000000000000
341 7.300000000000000 6.000000000000000
342 7.300000000000000 6.000000000000000
343 7.400000000000000 2.900000000000000
344 7.400000000000000 3.100000000000000
345 7.400000000000000 3.100000000000000
346 7.400000000000000 4.700000000000000
347 7.400000000000000 6.900000000000000
348 7.400000000000000 6.200000000000000
349 7.400000000000000 1.000000000000000
350 7.400000000000000 4.000000000000000
351 7.400000000000000 2.300000000000000
352 7.400000000000000 7.000000000000000
353 7.500000000000000 3.700000000000000
354 7.500000000000000 0.900000000000000
355 7.500000000000000 4.300000000000000
356 7.500000000000000 1.800000000000000
357 7.500000000000000 5.100000000000000
358 7.500000000000000 1.400000000000000
359 7.500000000000000 0.900000000000000
360 7.500000000000000 5.900000000000000
361 7.600000000000000 2.600000000000000
362 7.600000000000000 1.100000000000000
363 7.600000000000000 0.900000000000000
364 7.600000000000000 4.900000000000000
365 7.600000000000000 1.500000000000000
366 7.600000000000000 8.100000000000000
367 7.600000000000000 6.000000000000000
368 7.700000000000000 3.300000000000000
369 7.700000000000000 8.100000000000000
370 7.700000000000000 1.100000000000000
371 7.700000000000000 1.900000000000000
372 7.700000000000000 0.900000000000000
373 7.700000000000000 3.000000000000000
374 7.700000000000000 1.500000000000000
375 7.800000000000000 2.600000000000000
376 7.800000000000000 7.100000000000000
377 7.800000000000000 7.000000000000000
378 7.800000000000000 1.200000000000000
379 7.800000000000000 5.400000000000000
380 7.800000000000000 4.400000000000000
381 7.800000000000000 2.000000000000000
382 7.800000000000000 6.000000000000000
383 7.800000000000000 2.500000000000000
384 7.900000000000000 7.200000000000000
385 7.900000000000000 6.800000000000000
386 7.900000000000000 2.500000000000000
387 7.900000000000000 4.500000000000000
388 7.900000000000000 2.700000000000000
389 7.900000000000000 6.900000000000000
390 7.900000000000000 8.000000000000000
391 8.000000000000000 0.900000000000000
392 8.000000000000000 4.400000000000000
393 8.000000000000000 6.900000000000000
394 8.100000000000000 1.900000000000000
395 8.100000000000000 7.500000000000000
396 8.100000000000000 0.800000000000000
397 8.100000000000000 7.900000000000000
398 8.100000000000000 7.300000000000000
399 8.100000000000000 8.300000000000001
400 8.100000000000000 4.900000000000000
401 8.100000000000000 6.900000000000000
402 8.100000000000000 3.100000000000000
403 8.100000000000000 5.000000000000000
404 8.199999999999999 4.300000000000000
405 8.199999999999999 6.500000000000000
406 8.199999999999999 1.500000000000000
407 8.199999999999999 1.700000000000000
408 8.199999999999999 3.800000000000000
409 8.199999999999999 5.800000000000000
410 8.300000000000001 4.600000000000000
411 8.300000000000001 2.100000000000000
412 8.300000000000001 2.400000000000000
413 8.300000000000001 5.200000000000000
414 8.300000000000001 7.900000000000000
415 8.300000000000001 6.100000000000000
416 8.300000000000001 6.100000000000000
417 8.300000000000001 4.400000000000000
418 8.300000000000001 5.700000000000000
419 8.300000000000001 1.500000000000000
420 8.300000000000001 2.200000000000000
421 8.400000000000000 6.800000000000000
422 8.400000000000000 1.200000000000000
423 8.400000000000000 4.600000000000000
424 8.400000000000000 5.900000000000000
425 8.400000000000000 7.300000000000000
426 8.500000000000000 5.600000000000000
427 8.500000000000000 2.200000000000000
428 8.500000000000000 8.199999999999999
429 8.500000000000000 2.800000000000000
430 8.500000000000000 7.200000000000000
431 8.600000000000000 4.500000000000000
432 8.600000000000000 4.500000000000000
433 8.600000000000000 5.800000000000000
434 8.600000000000000 7.000000000000000
435 8.600000000000000 1.800000000000000
436 8.600000000000000 7.100000000000000
437 8.600000000000000 7.400000000000000
438 8.600000000000000 2.900000000000000
439 8.600000000000000 4.300000000000000
440 8.600000000000000 3.800000000000000
441 8.600000000000000 4.300000000000000
442 8.600000000000000 2.800000000000000
443 8.600000000000000 0.800000000000000
444 8.600000000000000 0.800000000000000
445 8.699999999999999 7.000000000000000
446 8.699999999999999 8.100000000000000
447 8.699999999999999 2.600000000000000
448 8.699999999999999 6.700000000000000
449 8.699999999999999 3.800000000000000
450 8.699999999999999 2.600000000000000
451 8.699999999999999 5.600000000000000
452 8.699999999999999 0.700000000000000
453 8.800000000000001 3.300000000000000
454 8.800000000000001 8.000000000000000
455 8.800000000000001 7.200000000000000
456 8.800000000000001 1.000000000000000
457 8.800000000000001 6.500000000000000
458 8.800000000000001 8.100000000000000
459 8.800000000000001 5.200000000000000
460 8.800000000000001 5.200000000000000
461 8.900000000000000 1.200000000000000
462 8.900000000000000 6.100000000000000
463 8.900000000000000 7.200000000000000
464 8.900000000000000 5.700000000000000
465 8.900000000000000 6.200000000000000
466 8.900000000000000 7.200000000000000
467 8.900000000000000 8.199999999999999
468 8.900000000000000 4.900000000000000
469 8.900000000000000 3.000000000000000
470 8.900000000000000 2.000000000000000
471 8.900000000000000 6.500000000000000
472 9.000000000000000 3.200000000000000
473 9.000000000000000 4.800000000000000
474 9.000000000000000 8.000000000000000
475 9.000000000000000 1.600000000000000
476 9.000000000000000 2.200000000000000
477 9.000000000000000 1.900000000000000
478 9.000000000000000 1.700000000000000
479 9.000000000000000 1.200000000000000
480 9.100000000000000 1.900000000000000
481 9.100000000000000 4.800000000000000
482 9.100000000000000 5.700000000000000
483 9.100000000000000 8.100000000000000
484 9.100000000000000 6.100000000000000
485 9.100000000000000 5.100000000000000
486 9.100000000000000 3.100000000000000
487 9.100000000000000 6.000000000000000
488 9.100000000000000 7.800000000000000
489 9.100000000000000 1.600000000000000
490 9.100000000000000 6.100000000000000
491 9.100000000000000 2.200000000000000
492 9.100000000000000 3.200000000000000
493 9.199999999999999 4.400000000000000
494 9.199999999999999 5.200000000000000
495 9.199999999999999 5.400000000000000
496 9.199999999999999 7.300000000000000
497 9.199999999999999 3.300000000000000
498 9.199999999999999 6.000000000000000
499 9.199999999999999 1.100000000000000
500 9.199999999999999 2.500000000000000
501 9.199999999999999 5.600000000000000
502 9.199999999999999 2.100000000000000
503 9.199999999999999 6.000000000000000
504 9.300000000000001 5.900000000000000
505 9.300000000000001 3.400000000000000
506 9.300000000000001 5.600000000000000
507 9.300000000000001 7.000000000000000
508 9.400000000000000 5.500000000000000
509 9.400000000000000 4.400000000000000
510 9.400000000000000 1.100000000000000
511 9.400000000000000 1.000000000000000
512 9.400000000000000 6.900000000000000
513 9.400000000000000 6.300000000000000
514 9.500000000000000 5.000000000000000
515 9.500000000000000 6.800000000000000
516 9.500000000000000 1.100000000000000
517 9.500000000000000 1.600000000000000
518 9.500000000000000 2.100000000000000
519 9.500000000000000 6.900000000000000
