423
0 9.199999999999999 7.710000000000000
1 0.190000000000000 5.030000000000000
2 2.606471607516440 5.748772908784025
3 4.345597734549081 6.266071246236574
4 5.245274455759705 6.533677640558936
5 3.786499083641454 6.099768872825649
6 4.780381030520796 6.395396355360237
7 4.919308802640453 6.436720043404708
8 8.947049038763657 7.634760424404728
9 3.233581840529478 5.935305142355050
10 7.588742759367690 7.230735915106039
11 5.903878533020426 6.729577632463346
12 3.317567129045193 5.960286338051178
13 6.649144872723372 6.951255078679094
14 2.790126205526458 5.803400469568358
15 3.611324790938562 6.047663755795266
16 4.851398916480768 6.416520432427133
17 4.417684604732194 6.287513289753861
18 0.958872131766739 5.258698924876233
19 3.106020323051298 5.897362315846557
20 7.429517151240728 7.183374690935089
21 5.053070258516820 6.476507024730863
22 3.825717363935697 6.111434243656789
23 8.795451084082496 7.589668025010110
24 4.079373504132851 6.186883572816432
25 3.689660959742132 6.070964636194108
26 2.302983252245508 5.658501122754491
27 2.605405197237710 5.748455707946400
28 2.320000000000000 6.840000000000000
29 4.670000000000000 6.450000000000000
30 4.196538080173757 6.528574531375419
31 3.441963834064722 6.653801746687131
32 2.492095310962947 6.811439501584872
33 3.239456670207922 6.687409318561238
34 4.371493196259914 6.499539427003674
35 3.554580626671762 6.635112151318303
36 3.693811419584515 6.612005764409378
37 4.064026564471210 6.550565804194139
38 3.535457843100403 6.638285719655678
39 2.650000000000000 3.260000000000000
40 0.270000000000000 1.770000000000000
41 0.959365338781070 2.201577459993191
42 0.660000000000000 9.510000000000000
43 4.650000000000000 1.800000000000000
44 3.975451426891223 3.103451002172599
45 3.031253604643906 4.927953560951251
46 4.463841773218060 2.159719280322997
47 3.626855542937698 3.777053574924899
48 1.558190144239683 7.774399495717304
49 4.217812472040798 2.635129283349736
50 2.685116415533248 5.596805121864325
51 2.306550136904280 6.328320412147370
52 1.459275883683537 7.965534570626549
53 1.902821348424236 7.108457995902040
54 2.752198129143213 5.467181058723265
55 3.432646524195530 4.152329648734955
56 2.166820555912543 6.598324188950951
57 2.418270158066455 6.112440371255047
58 2.805470955765208 5.364240333596554
59 2.607095990279465 5.747566394723139
60 6.910000000000000 1.750000000000000
61 2.390000000000000 9.710000000000001
62 4.830253149394079 5.412563037792729
63 4.436150689865785 6.106601882448750
64 3.060823466092576 8.528638320775023
65 5.910053645163474 3.510967474446626
66 6.088454874537763 3.196791858114914
67 6.203387165225937 2.994388974513615
68 5.253814795942002 4.666644739889749
69 5.266229875947379 4.644781014924528
70 6.216680855649550 2.970977962174688
71 3.398298096301717 7.934324591468659
72 5.308220588931124 4.570832768165545
73 3.648914630685483 7.492973349500788
74 4.589037958168550 5.837357932074856
75 5.358428256417210 4.482413955513056
76 3.352836645438503 8.014385022634849
77 3.929003644762009 6.999719245065135
78 4.470136403261372 6.046750935849444
79 4.079309906981470 6.735020606289272
80 2.625852959137617 9.294648328598360
81 3.963188484967827 6.939517623817721
82 5.035829701101467 5.050529995405382
83 2.716875835819364 9.134351404176520
84 4.122679138040450 6.658644703804874
85 4.667920011148273 5.698441750278706
86 4.470857996338291 6.045480165740533
87 6.081843842074249 3.208434295816146
88 6.861532471493805 1.835354320112680
89 3.430000000000000 1.630000000000000
90 6.410000000000000 9.680000000000000
91 4.600241623334579 4.791223177128644
92 5.380447528561242 6.898826377489261
93 5.124064023654102 6.206246775307219
94 4.543550044919817 4.638079819330376
95 4.370525398406375 4.170681025896415
96 4.559111367732088 4.680116278605135
97 6.097906750263935 8.836929308598883
98 4.958117710307027 5.757968982540795
99 5.977657533808625 8.512095015825313
100 5.102708395930807 6.148557915182213
101 4.690527971632276 5.035117507261686
102 5.413873558523980 6.989121525542966
103 3.483983397558180 1.775827634343406
104 4.607370723763140 4.810481317548078
105 5.173423446248955 6.339583470571841
106 4.873058474691993 5.528194872909578
107 5.057466338535082 6.026343632619935
108 4.454813562241762 4.398372206726908
109 2.070000000000000 8.859999999999999
110 4.800000000000000 4.470000000000000
111 4.006439150608758 5.746092354881887
112 2.775201620992657 7.725994462945874
113 3.321134731239073 6.848102025589915
114 3.850955441928415 5.996119271038189
115 3.001223285298717 7.362538380050781
116 3.464278405276639 6.617918608364672
117 3.565197275970165 6.455635149630393
118 4.593202075618090 4.802543182430982
119 2.816640500136866 7.659358316629727
120 3.804061042663072 6.071528213446561
121 3.362189950303698 6.782082827167312
122 3.806787636565193 6.067143690651575
123 1.210000000000000 3.400000000000000
124 7.730000000000000 8.869999999999999
125 4.881014878651304 6.479823832242735
126 3.691483330233955 5.481857947297504
127 6.164487433421498 7.556602187241655
128 3.741149563131746 5.523525783793044
129 1.835048457629123 3.924388813379034
130 4.211914245324866 5.918477135264880
131 4.831213931699368 6.438042976441034
132 4.453860563986903 6.121459706289626
133 5.509859168252698 7.007397185635314
134 4.978365701433793 6.561496991847061
135 3.310683663833805 5.162383380547686
136 4.306834383076895 5.998111054513897
137 4.367322211207059 6.048857744678314
138 3.244698875005678 5.107024976423475
139 6.480000000000000 4.680000000000000
140 2.340000000000000 9.340000000000000
141 5.577969837827528 5.695328636648242
142 6.113070556722858 5.093017199437557
143 3.545187323362869 7.983436491093968
144 5.800539879575822 5.444802937482287
145 3.769738383443967 7.730680950036501
146 5.655607781783552 5.607939066881316
147 3.927912286359239 7.552639793614963
148 6.162708358533930 5.037144697882098
149 4.680072748649740 6.706005070360437
150 4.211644912794021 7.233269252748760
151 4.571105909854456 6.828658565236289
152 4.208089513153197 7.237271224325146
153 5.780274886825034 5.467613291641387
154 4.350002742982536 7.077533144372314
155 5.290650291982542 6.018736627865062
156 6.990000000000000 7.030000000000000
157 8.109999999999999 5.080000000000000
158 7.652366695115735 5.876772271896713
159 7.781323304301926 5.652249604117181
160 7.571652141892721 6.017302074383208
161 7.638712312191187 5.900545527881416
162 7.575097925347348 6.011302719261313
163 7.208295386961495 6.649932138772398
164 7.374397123684111 6.360737150728557
165 7.614367520638938 5.942931548887563
166 8.075367858311814 5.140297032403534
167 9.680000000000000 8.630000000000001
168 5.813764736307197 3.380221301983729
169 7.568060519554667 5.762296888381387
170 7.689782202671050 5.927577026688523
171 5.816363330386766 3.383749810445647
172 7.208401963202555 5.273933480849593
173 7.933486601078500 6.258491746593670
174 7.352256933567865 5.469267367051397
175 8.970242876371186 7.666254243661074
176 8.454405878293345 6.965823488815816
177 8.858257574768611 7.514194679059568
178 7.699055520972177 5.940168828675938
179 5.807743105378515 3.372044813068639
180 4.960000000000000 1.560000000000000
181 6.052159134917263 3.144145915033294
182 7.562030587676761 5.334171725050020
183 6.050737550846277 3.142083947571839
184 7.480194612650629 5.215470959387115
185 8.440268604408935 6.608031112527112
186 7.468488948841554 5.198492225324425
187 8.833289781406146 7.178097206520706
188 7.973647898255912 5.931210984498552
189 6.092213996767367 3.202244358518704
190 8.812999427011359 7.148666621726383
191 7.460000000000000 1.750000000000000
192 5.078028894149616 4.108800180696198
193 4.790866435304601 4.393169230408479
194 5.965775989836969 3.229688757145881
195 4.791813798219584 4.392231083086053
196 5.058721604932797 4.127919655815576
197 2.983199725443652 6.183251633753271
198 2.983816820638961 6.182640541429511
199 4.970757312216780 4.215028264750309
200 4.841250808445039 4.343274977629329
201 3.180479612872590 5.987890811377143
202 4.455422097428793 4.725350491067596
203 3.556563500698319 5.615465327129487
204 3.076386776749960 6.090971071272899
205 5.843687459264656 3.350589656097841
206 6.998158269543140 2.207349106619732
207 5.264326020304691 3.924315283394771
208 8.920000000000000 7.440000000000000
209 7.610000000000000 8.740000000000000
210 7.520000000000000 2.350000000000000
211 7.569491644358967 5.863906749486707
212 7.608800643379564 8.654845679949014
213 7.560116616326286 5.198279759166283
214 7.571533012901594 6.008843916013156
215 7.557208593630961 4.991810147798263
216 7.591178597252350 7.403680404916847
217 7.593650087891635 7.579156240306069
218 7.578096647398844 6.474861965317919
219 7.570624768162790 5.944358539558053
220 7.538720458025431 3.679152519805606
221 3.840000000000000 0.180000000000000
222 6.550000000000000 8.779999999999999
223 5.243060747723271 4.632517502000046
224 5.086651584416395 4.136163699623985
225 5.116215950988273 4.229984198708173
226 5.557108390561568 5.629126257870661
227 5.150588053943115 4.339061721000290
228 5.565345021942358 5.655264645278330
229 6.022161163461329 7.104939485523037
230 4.302606279738652 1.648049448617123
231 5.447454509493671 5.281147151898733
232 5.620652558194347 5.830779335967301
233 5.390089849251121 5.099104318656694
234 5.675920449523876 6.006168216201228
235 4.998144787454384 3.855293421441957
236 5.057973819591948 4.045156770660794
237 4.420000000000000 9.010000000000000
238 3.776207723035952 9.231997336884154
239 1.320000000000000 8.020000000000000
240 0.150000000000000 9.990000000000000
241 0.849005598507065 8.813041855505197
242 8.109999999999999 6.150000000000000
243 4.821615831233665 4.409445009572398
244 4.791974275214374 4.393755614536546
245 5.385412685373341 4.707864956177465
246 6.672607982504099 5.389182613449973
247 6.674778880866430 5.390331678700364
248 7.254437875116762 5.697147519979386
249 6.099424545001936 5.085794310449743
250 4.826295562111091 4.411922009981878
251 6.219578675838349 5.149392376038980
252 7.712728837888347 5.939722773168009
253 4.619021249536325 4.302210881164831
254 8.070000000000000 1.060000000000000
255 1.891637745107738 7.430577969488909
256 4.796366322008862 4.435480059084195
257 5.071921432540250 4.151352122891831
258 3.023821553432470 6.263170664905186
259 3.133054255987710 6.150539611603783
260 4.994371034672846 4.231315199804000
261 4.828347322305929 4.402504094333442
262 2.006672520940286 7.311964333963793
263 3.231103503366427 6.049439943195506
264 4.494181707361450 4.747065972853973
265 2.372723504646706 6.934525097430951
266 3.590800027802878 5.678552860221033
267 3.194564377226982 6.087115842148179
268 5.855170197572006 3.343735618503533
269 6.986926782014369 2.176768829211851
270 5.328627091791268 3.886660065353004
271 1.860000000000000 7.420000000000000
272 8.440000000000000 9.619999999999999
273 3.970488174958020 8.125634344210887
274 3.420850012419438 7.941864745793733
275 2.396011235955056 7.599213483146067
276 4.014062835171507 8.140203379540626
277 2.103319291219586 7.501352954511107
278 5.306038711768997 8.572170997855896
279 3.266468783805812 7.890247921637202
280 2.878629871436147 7.760575336954335
281 3.686869809824487 8.030807535199676
282 5.128993343295748 8.512976497758457
283 2.382880712311568 7.594823338462834
284 4.760000000000000 4.090000000000000
285 4.772855209742896 4.212124492557511
286 2.970000000000000 0.420000000000000
287 5.866841757058697 5.562502698980251
288 5.194862954491559 4.369599152406233
289 5.786350647152618 5.419614068999920
290 4.935732557824970 3.909588259164074
291 6.821444448450734 7.257123022985020
292 3.713569318836983 1.739991752977418
293 5.828659592324113 5.494721335113185
294 5.862787992181539 5.555306414692017
295 5.537083501831606 4.977112519007788
296 6.108809549152063 5.992046363515741
297 5.023479246849544 4.065357066361060
298 0.740000000000000 1.770000000000000
299 2.982980546845070 6.182820423684323
300 3.716725232031082 7.626383336930715
301 3.486213857205386 7.172877262545379
302 4.003211325779191 8.190013586587321
303 3.176261781027041 6.563080243107548
304 2.404131025957973 5.043996909765143
305 3.836032672112018 7.861107757089949
306 3.309714096881160 6.825633168864023
307 2.938579738013897 6.095466658483863
308 2.621628651418309 5.471899846812107
309 2.729123025533601 5.683383343712846
310 1.090000000000000 6.590000000000000
311 6.672992868788191 5.389099824519919
312 7.459268549707383 5.219972149564367
313 5.598135459934670 5.620301346937129
314 4.512151172410849 5.853896257786270
315 1.584020127434051 6.483736411335411
316 3.287018417122948 6.117421964408027
317 5.926671234762210 5.549633395371662
318 2.036972405237103 6.386306505426207
319 5.854042696025779 5.565255773361977
320 3.772317390932354 6.013034293403440
321 4.469568948530661 5.863055682011211
322 3.469628385327391 6.078142612272883
323 8.057379165032025 5.091318726609921
324 3.730000000000000 7.460000000000000
325 3.829213933673044 7.506440564698020
326 4.122250034478003 7.643606399117363
327 4.805253237672524 7.963310026144585
328 4.054915986557849 7.612088334133461
329 4.839363478260870 7.979276521739131
330 4.630000000000000 3.980000000000000
331 9.690000000000000 7.470000000000000
332 7.223640176543936 5.768894113861332
333 6.151986358952107 5.029749484731790
334 4.882458197571317 4.154126306230020
335 6.259538572458544 5.103930754521802
336 7.482219807832919 5.947242515679227
337 8.673523865072422 6.768912705356275
338 4.877607541249620 4.150780695446873
339 7.030000000000000 6.220000000000000
340 8.820000000000000 2.050000000000000
341 7.048068284143646 6.177907963754746
342 7.142323257907505 5.958330734371900
343 7.807057262478576 4.409760455566669
344 3.160000000000000 8.220000000000001
345 4.521890046353986 6.767864227682799
346 4.249841661295295 7.057939915365861
347 4.480969327882558 6.811496560028839
348 4.149015060071070 7.165447797394100
349 5.754747560048738 5.453311336574538
350 4.306553738045932 6.997469809432953
351 5.222372745022048 6.020964000789745
352 4.900000000000000 6.620000000000000
353 4.293586259541986 6.857145038167939
354 2.193643412713655 7.678351738044939
355 4.433451445788689 6.802449155278167
356 3.992334058880775 6.974953161331540
357 2.705647063897694 7.478126846520454
358 4.241463496880796 6.877528241443264
359 2.361176316870124 7.612836077201627
360 3.720000000000000 9.490000000000000
361 4.940000000000000 3.890000000000000
362 4.310598104894683 6.779057879171948
363 3.803254308428336 9.107849076066659
364 4.210211102329426 7.239850677832145
365 4.725097250445818 4.876438850412641
366 4.153567422495958 7.499854454116917
367 4.275487057610812 6.940223342114306
368 4.519113491951878 5.821938069729087
369 4.470410066162998 6.045494778268209
370 4.884002986469466 4.147035471943439
371 2.220000000000000 7.730000000000000
372 0.240000000000000 3.850000000000000
373 1.425209757154393 6.172532251393458
374 2.950000000000000 6.520000000000000
375 3.742197757499174 6.670834453027842
376 7.514852519658085 7.389147919742899
377 4.718815420744323 6.856782456109719
378 4.173900814936512 6.753030715163911
379 8.764342354350179 7.627050784268274
380 3.542136727767712 6.632742832966972
381 2.240000000000000 1.970000000000000
382 2.567895523450288 9.303843498683367
383 5.880000000000000 9.270000000000000
384 1.200000000000000 3.580000000000000
385 4.293305175068093 7.340877445755865
386 4.880049021485198 8.054247635096321
387 3.642416616381753 6.549519347694909
388 3.260327233760182 6.084970504293896
389 2.712371915056437 5.418759871083575
390 2.869356827632354 5.609624006245319
391 7.996274351318807 8.550023258499250
392 3.420000000000000 7.650000000000000
393 3.108978372997918 8.136691249660664
394 3.250000000000000 4.050000000000000
395 9.390000000000001 7.490000000000000
396 5.887208313060402 5.527523875721137
397 5.282258869122468 5.188594545566986
398 6.682899369941957 5.973318213778556
399 8.821352248841174 7.171409077526651
400 4.169756997347779 4.565303594605270
401 1.880000000000000 6.130000000000000
402 2.644263347380760 7.377898746895147
403 6.430000000000000 4.910000000000000
404 2.290000000000000 9.619999999999999
405 4.416719300641988 7.200471520284114
406 5.460306480940588 6.013202047045853
407 5.860000000000000 9.859999999999999
408 3.190000000000000 4.940000000000000
409 3.932714551663770 6.308597600818632
410 3.801770459021816 6.067307362691885
411 3.271973684210526 5.091052631578947
412 3.401500077006006 5.329730478977361
413 1.140000000000000 7.740000000000000
414 5.630000000000000 4.900000000000000
415 4.240710432194200 6.052988116390152
416 9.850000000000000 5.870000000000000
417 8.361210209408370 5.918567797434608
418 7.134962159408137 2.579828788570337
419 6.720000000000000 1.450000000000000
420 1.310000000000000 6.240000000000000
421 5.340000000000000 3.880000000000000
422 3.420000000000000 5.320000000000000
758
1 18
18 26
26 27
27 2
2 14
14 19
19 9
9 12
12 15
15 25
25 5
5 22
22 24
24 3
3 17
17 6
6 16
16 7
7 21
21 4
4 11
11 13
13 20
20 10
10 23
23 8
8 0
28 32
32 33
33 31
31 38
38 35
35 36
36 37
37 30
30 34
34 29
40 41
41 39
42 52
52 48
48 53
53 56
56 51
51 57
57 2
2 59
59 50
50 54
54 58
58 45
45 55
55 47
47 44
44 49
49 46
46 43
61 80
80 83
83 64
64 76
76 71
71 73
73 77
77 81
81 79
79 84
84 30
30 3
3 63
63 78
78 86
86 74
74 85
85 62
62 82
82 68
68 69
69 72
72 75
75 65
65 87
87 66
66 67
67 70
70 88
88 60
89 103
103 44
44 95
95 108
108 94
94 96
96 91
91 104
104 101
101 62
62 106
106 98
98 107
107 100
100 93
93 105
105 4
4 92
92 102
102 99
99 97
97 90
109 112
112 119
119 115
115 113
113 121
121 31
31 116
116 117
117 5
5 120
120 122
122 114
114 111
111 118
118 91
91 110
123 129
129 45
45 138
138 135
135 126
126 128
128 111
111 130
130 136
136 137
137 63
63 132
132 6
6 131
131 125
125 134
134 92
92 133
133 127
127 124
140 64
64 143
143 145
145 147
147 152
152 150
150 154
154 151
151 149
149 125
125 7
7 93
93 155
155 141
141 146
146 153
153 144
144 142
142 148
148 139
156 163
163 164
164 160
160 162
162 165
165 161
161 158
158 159
159 166
166 157
43 179
179 168
168 171
171 65
65 172
172 174
174 169
169 158
158 170
170 178
178 173
173 176
176 177
177 8
8 175
175 167
180 183
183 181
181 66
66 189
189 186
186 184
184 182
182 159
159 188
188 185
185 190
190 187
187 0
28 197
197 198
198 204
204 201
201 9
9 203
203 126
126 202
202 94
94 193
193 195
195 200
200 199
199 196
196 192
192 207
207 168
168 205
205 194
194 181
181 67
67 206
206 191
208 0
210 220
220 215
215 213
213 182
182 169
169 211
211 219
219 214
214 160
160 218
218 10
10 216
216 217
217 212
212 209
221 230
230 46
46 235
235 236
236 192
192 224
224 225
225 227
227 223
223 68
68 233
233 231
231 226
226 228
228 141
141 232
232 234
234 11
11 229
229 127
127 222
61 238
238 237
240 241
241 239
39 47
47 95
95 253
253 193
193 244
244 243
243 250
250 223
223 69
69 245
245 249
249 142
142 251
251 246
246 247
247 248
248 211
211 161
161 170
170 252
252 242
239 48
48 255
255 262
262 265
265 32
32 258
258 259
259 267
267 263
263 12
12 266
266 128
128 264
264 96
96 256
256 243
243 261
261 260
260 257
257 224
224 270
270 171
171 268
268 194
194 183
183 70
70 269
269 254
271 255
255 277
277 283
283 275
275 112
112 280
280 279
279 71
71 274
274 143
143 281
281 273
273 276
276 282
282 278
278 97
97 272
284 285
285 195
195 244
244 256
256 110
286 292
292 49
49 290
290 297
297 196
196 257
257 225
225 288
288 72
72 245
245 295
295 289
289 144
144 293
293 294
294 287
287 296
296 13
13 291
291 212
212 124
298 41
41 129
129 304
304 308
308 50
50 309
309 14
14 307
307 299
299 197
197 258
258 303
303 33
33 306
306 113
113 301
301 73
73 300
300 145
145 305
305 273
273 302
302 237
310 315
315 318
318 51
51 299
299 198
198 259
259 316
316 322
322 15
15 320
320 114
114 130
130 321
321 314
314 74
74 98
98 226
226 313
313 146
146 319
319 287
287 317
317 246
246 311
311 172
172 312
312 184
184 213
213 323
323 157
324 325
325 147
147 328
328 326
326 327
327 329
329 99
99 222
330 338
338 334
334 199
199 260
260 227
227 288
288 75
75 333
333 148
148 335
335 311
311 247
247 332
332 336
336 214
214 162
162 173
173 185
185 337
337 331
339 341
341 342
342 332
332 248
248 174
174 312
312 186
186 215
215 343
343 340
344 76
76 274
274 300
300 325
325 348
348 346
346 350
350 347
347 345
345 131
131 16
16 100
100 351
351 228
228 313
313 349
349 289
289 249
249 333
333 139
239 52
52 354
354 359
359 275
275 357
357 115
115 301
301 77
77 356
356 358
358 353
353 355
355 345
345 149
149 352
360 238
238 363
363 302
302 276
276 326
326 366
366 364
364 150
150 346
346 367
367 353
353 362
362 34
34 17
17 132
132 78
78 369
369 314
314 368
368 101
101 365
365 250
250 261
261 200
200 334
334 370
370 290
290 361
372 18
18 373
373 315
315 53
53 262
262 277
277 354
354 371
374 303
303 116
116 380
380 35
35 375
375 79
79 378
378 362
362 355
355 347
347 151
151 377
377 102
102 133
133 229
229 291
291 376
376 216
216 379
379 175
175 0
381 103
103 292
292 230
230 254
140 382
382 80
80 363
363 237
384 304
304 389
389 54
54 390
390 19
19 201
201 263
263 388
388 316
316 117
117 387
387 36
36 375
375 81
81 356
356 348
348 152
152 364
364 385
385 327
327 386
386 278
278 383
339 163
163 20
20 376
376 217
217 391
391 272
140 393
393 279
279 392
394 55
55 400
400 202
202 264
264 118
118 104
104 365
365 82
82 397
397 231
231 349
349 153
153 293
293 396
396 317
317 398
398 341
341 164
164 218
218 176
176 399
399 187
187 395
401 318
318 56
56 265
265 402
402 357
357 119
119 280
280 393
393 344
404 382
382 83
83 281
281 305
305 328
328 366
366 385
385 405
405 377
377 134
134 21
21 105
105 406
406 232
232 319
319 294
294 396
396 251
251 335
335 403
408 411
411 135
135 412
412 203
203 266
266 320
320 410
410 120
120 22
22 409
409 37
37 84
84 378
378 358
358 367
367 350
350 154
154 405
405 329
329 386
386 282
282 407
124 391
391 379
379 23
23 177
177 208
42 241
241 413
371 359
359 283
283 402
402 306
306 121
121 38
38 380
380 387
387 409
409 24
24 415
415 136
136 321
321 368
368 85
85 106
106 397
397 233
233 295
295 414
401 57
57 307
307 204
204 267
267 388
388 322
322 25
25 410
410 122
122 415
415 137
137 369
369 86
86 107
107 351
351 155
155 406
406 234
234 296
296 398
398 342
342 336
336 219
219 165
165 178
178 252
252 188
188 417
417 416
361 235
235 179
179 205
205 268
268 87
87 189
189 418
418 210
419 88
88 269
269 206
206 418
418 220
220 343
343 323
323 166
166 417
417 337
337 190
190 399
399 208
420 373
373 26
26 308
308 389
389 58
58 138
138 411
411 400
400 108
108 253
253 285
285 338
338 370
370 297
297 236
236 207
207 270
270 421
401 27
27 59
59 309
309 390
390 412
412 422
535
0 0.800000000000000 9.000000000000000
1 1.000000000000000 6.300000000000000
2 1.000000000000000 5.800000000000000
3 1.000000000000000 2.400000000000000
4 1.000000000000000 8.100000000000000
5 1.000000000000000 6.900000000000000
6 1.100000000000000 2.800000000000000
7 1.100000000000000 6.900000000000000
8 1.100000000000000 3.200000000000000
9 1.100000000000000 7.000000000000000
10 1.200000000000000 8.400000000000000
11 1.200000000000000 3.400000000000000
12 1.200000000000000 2.700000000000000
13 1.200000000000000 2.800000000000000
14 1.200000000000000 4.700000000000000
15 1.200000000000000 7.100000000000000
16 1.200000000000000 6.900000000000000
17 1.300000000000000 2.500000000000000
18 1.300000000000000 2.700000000000000
19 1.300000000000000 5.300000000000000
20 1.300000000000000 4.700000000000000
21 1.300000000000000 2.900000000000000
22 1.300000000000000 5.200000000000000
23 1.400000000000000 5.200000000000000
24 1.400000000000000 3.100000000000000
25 1.400000000000000 7.300000000000000
26 1.400000000000000 5.900000000000000
27 1.400000000000000 7.000000000000000
28 1.400000000000000 5.800000000000000
29 1.500000000000000 6.500000000000000
30 1.500000000000000 4.800000000000000
31 1.500000000000000 5.300000000000000
32 1.500000000000000 4.200000000000000
33 1.500000000000000 4.000000000000000
34 1.500000000000000 6.600000000000000
35 1.500000000000000 3.800000000000000
36 1.600000000000000 3.000000000000000
37 1.600000000000000 6.100000000000000
38 1.600000000000000 3.000000000000000
39 1.600000000000000 6.100000000000000
40 1.600000000000000 4.300000000000000
41 1.600000000000000 3.300000000000000
42 1.600000000000000 2.800000000000000
43 1.700000000000000 4.500000000000000
44 1.700000000000000 5.900000000000000
45 1.700000000000000 5.600000000000000
46 1.700000000000000 5.700000000000000
47 1.700000000000000 7.200000000000000
48 1.800000000000000 6.600000000000000
49 1.800000000000000 4.800000000000000
50 1.800000000000000 7.600000000000000
51 1.900000000000000 4.200000000000000
52 1.900000000000000 3.900000000000000
53 1.900000000000000 6.800000000000000
54 1.900000000000000 6.300000000000000
55 2.000000000000000 6.100000000000000
56 2.000000000000000 2.900000000000000
57 2.000000000000000 6.200000000000000
58 2.000000000000000 5.800000000000000
59 2.000000000000000 3.600000000000000
60 2.000000000000000 4.200000000000000
61 2.000000000000000 4.400000000000000
62 2.100000000000000 6.800000000000000
63 2.100000000000000 7.200000000000000
64 2.100000000000000 7.200000000000000
65 2.100000000000000 6.700000000000000
66 2.200000000000000 4.800000000000000
67 2.200000000000000 5.100000000000000
68 2.200000000000000 4.400000000000000
69 2.300000000000000 4.000000000000000
70 2.300000000000000 3.400000000000000
71 2.300000000000000 3.600000000000000
72 2.300000000000000 4.100000000000000
73 2.300000000000000 4.300000000000000
74 2.400000000000000 4.000000000000000
75 2.400000000000000 6.100000000000000
76 2.400000000000000 3.200000000000000
77 2.400000000000000 9.300000000000001
78 2.400000000000000 7.100000000000000
79 2.400000000000000 6.600000000000000
80 2.400000000000000 5.600000000000000
81 2.400000000000000 6.800000000000000
82 2.500000000000000 3.500000000000000
83 2.500000000000000 4.900000000000000
84 2.500000000000000 4.700000000000000
85 2.500000000000000 3.300000000000000
86 2.500000000000000 7.900000000000000
87 2.500000000000000 4.600000000000000
88 2.500000000000000 4.600000000000000
89 2.600000000000000 6.600000000000000
90 2.600000000000000 8.100000000000000
91 2.600000000000000 3.300000000000000
92 2.600000000000000 4.900000000000000
93 2.600000000000000 8.800000000000001
94 2.600000000000000 6.300000000000000
95 2.600000000000000 4.100000000000000
96 2.600000000000000 7.000000000000000
97 2.600000000000000 5.300000000000000
98 2.600000000000000 9.100000000000000
99 2.700000000000000 9.400000000000000
100 2.700000000000000 7.900000000000000
101 2.700000000000000 9.500000000000000
102 2.700000000000000 5.200000000000000
103 2.700000000000000 7.500000000000000
104 2.700000000000000 7.700000000000000
105 2.700000000000000 4.600000000000000
106 2.800000000000000 4.200000000000000
107 2.800000000000000 4.200000000000000
108 2.800000000000000 4.100000000000000
109 2.900000000000000 6.500000000000000
110 2.900000000000000 6.200000000000000
111 2.900000000000000 7.900000000000000
112 2.900000000000000 6.200000000000000
113 2.900000000000000 9.199999999999999
114 3.000000000000000 7.700000000000000
115 3.000000000000000 6.100000000000000
116 3.000000000000000 6.200000000000000
117 3.000000000000000 7.800000000000000
118 3.000000000000000 3.500000000000000
119 3.000000000000000 8.199999999999999
120 3.000000000000000 8.500000000000000
121 3.100000000000000 7.000000000000000
122 3.100000000000000 5.000000000000000
123 3.100000000000000 8.500000000000000
124 3.100000000000000 7.200000000000000
125 3.100000000000000 4.400000000000000
126 3.100000000000000 6.600000000000000
127 3.100000000000000 3.600000000000000
128 3.100000000000000 8.100000000000000
129 3.200000000000000 8.900000000000000
130 3.200000000000000 4.500000000000000
131 3.200000000000000 6.900000000000000
132 3.300000000000000 7.900000000000000
133 3.300000000000000 8.199999999999999
134 3.300000000000000 8.600000000000000
135 3.300000000000000 7.400000000000000
136 3.300000000000000 8.100000000000000
137 3.400000000000000 6.100000000000000
138 3.400000000000000 7.400000000000000
139 3.400000000000000 8.100000000000000
140 3.400000000000000 5.900000000000000
141 3.400000000000000 6.400000000000000
142 3.400000000000000 3.900000000000000
143 3.400000000000000 7.000000000000000
144 3.400000000000000 9.300000000000001
145 3.500000000000000 8.100000000000000
146 3.500000000000000 6.700000000000000
147 3.500000000000000 7.600000000000000
148 3.600000000000000 5.800000000000000
149 3.600000000000000 4.100000000000000
150 3.600000000000000 7.800000000000000
151 3.600000000000000 6.700000000000000
152 3.600000000000000 8.900000000000000
153 3.600000000000000 2.800000000000000
154 3.600000000000000 3.000000000000000
155 3.600000000000000 5.200000000000000
156 3.600000000000000 8.900000000000000
157 3.600000000000000 4.700000000000000
158 3.600000000000000 5.800000000000000
159 3.600000000000000 5.900000000000000
160 3.600000000000000 4.700000000000000
161 3.600000000000000 3.400000000000000
162 3.700000000000000 3.000000000000000
163 3.700000000000000 5.200000000000000
164 3.700000000000000 6.100000000000000
165 3.700000000000000 1.800000000000000
166 3.700000000000000 2.600000000000000
167 3.800000000000000 3.900000000000000
168 3.800000000000000 7.200000000000000
169 3.800000000000000 4.800000000000000
170 3.800000000000000 4.800000000000000
171 3.800000000000000 9.199999999999999
172 3.800000000000000 3.500000000000000
173 3.800000000000000 3.300000000000000
174 3.800000000000000 4.700000000000000
175 3.900000000000000 2.500000000000000
176 3.900000000000000 2.600000000000000
177 3.900000000000000 6.400000000000000
178 3.900000000000000 2.400000000000000
179 3.900000000000000 4.700000000000000
180 3.900000000000000 7.900000000000000
181 3.900000000000000 5.000000000000000
182 3.900000000000000 7.600000000000000
183 3.900000000000000 4.400000000000000
184 4.000000000000000 3.300000000000000
185 4.000000000000000 5.400000000000000
186 4.000000000000000 2.800000000000000
187 4.000000000000000 4.200000000000000
188 4.000000000000000 2.000000000000000
189 4.000000000000000 4.700000000000000
190 4.000000000000000 3.900000000000000
191 4.100000000000000 3.700000000000000
192 4.100000000000000 7.300000000000000
193 4.100000000000000 6.200000000000000
194 4.100000000000000 7.100000000000000
195 4.100000000000000 4.600000000000000
196 4.100000000000000 5.900000000000000
197 4.200000000000000 2.600000000000000
198 4.200000000000000 1.800000000000000
199 4.200000000000000 6.700000000000000
200 4.200000000000000 8.300000000000001
201 4.200000000000000 6.600000000000000
202 4.200000000000000 1.800000000000000
203 4.200000000000000 2.100000000000000
204 4.300000000000000 6.000000000000000
205 4.300000000000000 4.900000000000000
206 4.300000000000000 7.200000000000000
207 4.300000000000000 7.500000000000000
208 4.300000000000000 2.000000000000000
209 4.300000000000000 4.300000000000000
210 4.300000000000000 4.300000000000000
211 4.300000000000000 2.300000000000000
212 4.400000000000000 3.800000000000000
213 4.400000000000000 4.300000000000000
214 4.400000000000000 8.400000000000000
215 4.400000000000000 7.100000000000000
216 4.400000000000000 7.600000000000000
217 4.400000000000000 4.500000000000000
218 4.400000000000000 2.700000000000000
219 4.500000000000000 5.100000000000000
220 4.500000000000000 5.000000000000000
221 4.500000000000000 5.900000000000000
222 4.500000000000000 6.200000000000000
223 4.500000000000000 1.900000000000000
224 4.500000000000000 2.300000000000000
225 4.600000000000000 6.900000000000000
226 4.600000000000000 4.800000000000000
227 4.600000000000000 5.200000000000000
228 4.600000000000000 5.600000000000000
229 4.600000000000000 5.900000000000000
230 4.600000000000000 5.600000000000000
231 4.600000000000000 4.200000000000000
232 4.700000000000000 3.800000000000000
233 4.700000000000000 7.900000000000000
234 4.700000000000000 6.100000000000000
235 4.700000000000000 5.600000000000000
236 4.700000000000000 5.100000000000000
237 4.700000000000000 7.100000000000000
238 4.700000000000000 6.500000000000000
239 4.700000000000000 5.800000000000000
240 4.700000000000000 6.200000000000000
241 4.800000000000000 2.700000000000000
242 4.800000000000000 3.600000000000000
243 4.800000000000000 8.100000000000000
244 4.800000000000000 3.900000000000000
245 4.800000000000000 8.100000000000000
246 4.900000000000000 7.400000000000000
247 4.900000000000000 8.199999999999999
248 4.900000000000000 2.200000000000000
249 4.900000000000000 3.000000000000000
250 4.900000000000000 3.900000000000000
251 4.900000000000000 6.600000000000000
252 5.000000000000000 6.300000000000000
253 5.000000000000000 6.000000000000000
254 5.000000000000000 3.600000000000000
255 5.000000000000000 6.500000000000000
256 5.000000000000000 5.900000000000000
257 5.000000000000000 7.300000000000000
258 5.000000000000000 5.100000000000000
259 5.000000000000000 3.400000000000000
260 5.100000000000000 4.900000000000000
261 5.100000000000000 1.700000000000000
262 5.100000000000000 2.000000000000000
263 5.100000000000000 5.800000000000000
264 5.100000000000000 8.100000000000000
265 5.100000000000000 7.400000000000000
266 5.100000000000000 6.900000000000000
267 5.200000000000000 2.000000000000000
268 5.200000000000000 3.100000000000000
269 5.300000000000000 3.800000000000000
270 5.300000000000000 2.900000000000000
271 5.300000000000000 5.500000000000000
272 5.300000000000000 7.000000000000000
273 5.300000000000000 3.200000000000000
274 5.300000000000000 8.100000000000000
275 5.400000000000000 1.800000000000000
276 5.400000000000000 5.400000000000000
277 5.400000000000000 2.500000000000000
278 5.400000000000000 3.900000000000000
279 5.400000000000000 7.800000000000000
280 5.500000000000000 5.300000000000000
281 5.500000000000000 5.600000000000000
282 5.500000000000000 2.300000000000000
283 5.500000000000000 3.900000000000000
284 5.500000000000000 2.000000000000000
285 5.500000000000000 6.500000000000000
286 5.500000000000000 2.900000000000000
287 5.500000000000000 8.100000000000000
288 5.500000000000000 5.000000000000000
289 5.500000000000000 3.800000000000000
290 5.600000000000000 7.800000000000000
291 5.600000000000000 5.300000000000000
292 5.600000000000000 7.400000000000000
293 5.600000000000000 4.300000000000000
294 5.600000000000000 2.700000000000000
295 5.600000000000000 3.400000000000000
296 5.700000000000000 1.600000000000000
297 5.700000000000000 4.400000000000000
298 5.700000000000000 1.900000000000000
299 5.700000000000000 3.600000000000000
300 5.700000000000000 8.500000000000000
301 5.800000000000000 2.300000000000000
302 5.800000000000000 8.000000000000000
303 5.800000000000000 6.400000000000000
304 5.800000000000000 4.100000000000000
305 5.800000000000000 5.500000000000000
306 5.800000000000000 2.900000000000000
307 5.800000000000000 8.300000000000001
308 5.800000000000000 2.700000000000000
309 5.800000000000000 4.800000000000000
310 5.900000000000000 4.600000000000000
311 5.900000000000000 8.000000000000000
312 5.900000000000000 2.100000000000000
313 5.900000000000000 8.600000000000000
314 5.900000000000000 5.400000000000000
315 5.900000000000000 7.200000000000000
316 5.900000000000000 5.600000000000000
317 5.900000000000000 7.100000000000000
318 5.900000000000000 4.500000000000000
319 6.000000000000000 7.000000000000000
320 6.000000000000000 8.800000000000001
321 6.000000000000000 5.400000000000000
322 6.000000000000000 5.400000000000000
323 6.000000000000000 8.199999999999999
324 6.000000000000000 7.400000000000000
325 6.000000000000000 3.900000000000000
326 6.000000000000000 3.900000000000000
327 6.100000000000000 8.699999999999999
328 6.100000000000000 1.500000000000000
329 6.100000000000000 2.600000000000000
330 6.100000000000000 5.500000000000000
331 6.100000000000000 5.500000000000000
332 6.100000000000000 1.600000000000000
333 6.100000000000000 3.600000000000000
334 6.100000000000000 8.400000000000000
335 6.100000000000000 5.200000000000000
336 6.200000000000000 5.400000000000000
337 6.200000000000000 6.500000000000000
338 6.200000000000000 5.500000000000000
339 6.200000000000000 3.500000000000000
340 6.200000000000000 1.800000000000000
341 6.200000000000000 6.700000000000000
342 6.200000000000000 5.900000000000000
343 6.200000000000000 3.900000000000000
344 6.200000000000000 5.000000000000000
345 6.200000000000000 4.500000000000000
346 6.200000000000000 3.800000000000000
347 6.200000000000000 5.300000000000000
348 6.200000000000000 6.200000000000000
349 6.200000000000000 6.800000000000000
350 6.200000000000000 6.400000000000000
351 6.300000000000000 2.200000000000000
352 6.300000000000000 8.800000000000001
353 6.300000000000000 7.800000000000000
354 6.300000000000000 5.700000000000000
355 6.300000000000000 6.900000000000000
356 6.300000000000000 2.100000000000000
357 6.300000000000000 8.800000000000001
358 6.400000000000000 2.800000000000000
359 6.400000000000000 2.300000000000000
360 6.400000000000000 2.000000000000000
361 6.400000000000000 2.200000000000000
362 6.400000000000000 8.400000000000000
363 6.400000000000000 5.500000000000000
364 6.400000000000000 6.200000000000000
365 6.400000000000000 1.500000000000000
366 6.400000000000000 5.100000000000000
367 6.400000000000000 6.100000000000000
368 6.500000000000000 3.300000000000000
369 6.500000000000000 3.000000000000000
370 6.500000000000000 8.000000000000000
371 6.500000000000000 6.900000000000000
372 6.500000000000000 4.700000000000000
373 6.500000000000000 6.900000000000000
374 6.500000000000000 5.700000000000000
375 6.500000000000000 3.400000000000000
376 6.500000000000000 3.700000000000000
377 6.500000000000000 8.199999999999999
378 6.500000000000000 3.800000000000000
379 6.600000000000000 2.600000000000000
380 6.600000000000000 1.400000000000000
381 6.600000000000000 4.700000000000000
382 6.600000000000000 6.300000000000000
383 6.600000000000000 6.800000000000000
384 6.600000000000000 2.500000000000000
385 6.600000000000000 9.000000000000000
386 6.700000000000000 7.100000000000000
387 6.700000000000000 1.400000000000000
388 6.700000000000000 6.800000000000000
389 6.700000000000000 3.300000000000000
390 6.700000000000000 7.400000000000000
391 6.700000000000000 2.900000000000000
392 6.700000000000000 2.500000000000000
393 6.700000000000000 4.200000000000000
394 6.700000000000000 7.600000000000000
395 6.700000000000000 7.800000000000000
396 6.700000000000000 2.200000000000000
397 6.700000000000000 4.600000000000000
398 6.800000000000000 3.100000000000000
399 6.800000000000000 2.800000000000000
400 6.800000000000000 8.400000000000000
401 6.800000000000000 3.800000000000000
402 6.900000000000000 3.300000000000000
403 6.900000000000000 2.800000000000000
404 6.900000000000000 5.200000000000000
405 6.900000000000000 6.900000000000000
406 6.900000000000000 4.400000000000000
407 6.900000000000000 7.800000000000000
408 6.900000000000000 6.500000000000000
409 6.900000000000000 1.600000000000000
410 6.900000000000000 4.500000000000000
411 7.000000000000000 1.900000000000000
412 7.000000000000000 1.400000000000000
413 7.000000000000000 1.700000000000000
414 7.000000000000000 5.500000000000000
415 7.000000000000000 1.900000000000000
416 7.000000000000000 3.500000000000000
417 7.100000000000000 7.400000000000000
418 7.100000000000000 8.400000000000000
419 7.100000000000000 3.600000000000000
420 7.100000000000000 7.800000000000000
421 7.100000000000000 6.900000000000000
422 7.100000000000000 4.400000000000000
423 7.100000000000000 3.600000000000000
424 7.100000000000000 4.300000000000000
425 7.100000000000000 6.700000000000000
426 7.200000000000000 7.800000000000000
427 7.200000000000000 8.699999999999999
428 7.200000000000000 4.700000000000000
429 7.200000000000000 3.800000000000000
430 7.200000000000000 5.100000000000000
431 7.200000000000000 3.700000000000000
432 7.200000000000000 2.700000000000000
433 7.300000000000000 4.400000000000000
434 7.300000000000000 3.600000000000000
435 7.300000000000000 5.800000000000000
436 7.300000000000000 2.100000000000000
437 7.300000000000000 2.200000000000000
438 7.300000000000000 5.000000000000000
439 7.300000000000000 1.800000000000000
440 7.400000000000000 9.199999999999999
441 7.400000000000000 5.900000000000000
442 7.400000000000000 3.100000000000000
443 7.400000000000000 5.600000000000000
444 7.400000000000000 7.500000000000000
445 7.400000000000000 8.000000000000000
446 7.400000000000000 8.800000000000001
447 7.400000000000000 3.800000000000000
448 7.400000000000000 7.300000000000000
449 7.400000000000000 1.400000000000000
450 7.400000000000000 7.100000000000000
451 7.400000000000000 1.400000000000000
452 7.400000000000000 1.700000000000000
453 7.400000000000000 3.500000000000000
454 7.500000000000000 3.200000000000000
455 7.500000000000000 2.300000000000000
456 7.500000000000000 7.200000000000000
457 7.500000000000000 5.400000000000000
458 7.500000000000000 8.100000000000000
459 7.500000000000000 1.200000000000000
460 7.500000000000000 6.500000000000000
461 7.500000000000000 7.000000000000000
462 7.500000000000000 4.800000000000000
463 7.500000000000000 7.400000000000000
464 7.500000000000000 7.500000000000000
465 7.500000000000000 8.199999999999999
466 7.500000000000000 9.199999999999999
467 7.500000000000000 2.500000000000000
468 7.600000000000000 1.300000000000000
469 7.600000000000000 7.200000000000000
470 7.600000000000000 2.800000000000000
471 7.600000000000000 4.400000000000000
472 7.600000000000000 1.900000000000000
473 7.600000000000000 6.500000000000000
474 7.700000000000000 7.200000000000000
475 7.700000000000000 4.600000000000000
476 7.700000000000000 9.199999999999999
477 7.700000000000000 1.900000000000000
478 7.700000000000000 1.600000000000000
479 7.700000000000000 8.699999999999999
480 7.700000000000000 1.200000000000000
481 7.700000000000000 1.800000000000000
482 7.700000000000000 5.100000000000000
483 7.700000000000000 3.000000000000000
484 7.700000000000000 5.100000000000000
485 7.700000000000000 7.000000000000000
486 7.800000000000000 8.500000000000000
487 7.800000000000000 8.000000000000000
488 7.800000000000000 5.200000000000000
489 7.800000000000000 2.800000000000000
490 7.800000000000000 7.400000000000000
491 7.800000000000000 3.400000000000000
492 7.800000000000000 6.900000000000000
493 7.800000000000000 5.600000000000000
494 7.900000000000000 6.500000000000000
495 7.900000000000000 7.800000000000000
496 7.900000000000000 3.500000000000000
497 7.900000000000000 7.700000000000000
498 7.900000000000000 7.100000000000000
499 7.900000000000000 5.500000000000000
500 7.900000000000000 7.000000000000000
501 7.900000000000000 4.200000000000000
502 7.900000000000000 7.700000000000000
503 7.900000000000000 4.500000000000000
504 8.000000000000000 9.000000000000000
505 8.000000000000000 6.500000000000000
506 8.000000000000000 6.900000000000000
507 8.000000000000000 6.400000000000000
508 8.000000000000000 9.400000000000000
509 8.000000000000000 4.100000000000000
510 8.000000000000000 7.300000000000000
511 8.000000000000000 3.700000000000000
512 8.100000000000000 9.100000000000000
513 8.100000000000000 7.600000000000000
514 8.100000000000000 8.600000000000000
515 8.100000000000000 7.800000000000000
516 8.199999999999999 9.300000000000001
517 8.199999999999999 7.300000000000000
518 8.199999999999999 8.300000000000001
519 8.199999999999999 8.900000000000000
520 8.199999999999999 6.600000000000000
521 8.300000000000001 6.600000000000000
522 8.300000000000001 7.500000000000000
523 8.300000000000001 6.300000000000000
524 8.300000000000001 6.000000000000000
525 8.300000000000001 8.300000000000001
526 8.300000000000001 8.800000000000001
527 8.400000000000000 7.700000000000000
528 8.400000000000000 7.600000000000000
529 8.400000000000000 6.700000000000000
530 8.500000000000000 6.700000000000000
531 8.500000000000000 7.500000000000000
532 8.600000000000000 6.700000000000000
533 8.800000000000001 7.300000000000000
534 9.000000000000000 7.500000000000000
