442
0 5.730000000000000 5.660000000000000
1 4.000000000000000 3.350000000000000
2 5.384792132785265 5.199057703314428
3 4.112018168134465 3.499573392133303
4 4.731765523179585 4.327097317077944
5 4.413567419414063 3.902220080258084
6 5.563084956265175 5.437124999406099
7 4.356290436902838 3.825740409968529
8 5.388306903765691 5.203750836820084
9 5.009645119927590 4.698138859556494
10 4.047988721446398 3.414077425746347
11 2.320000000000000 8.199999999999999
12 9.520000000000000 1.150000000000000
13 2.554163356263929 7.970715046991569
14 6.484896347482724 4.121872326423166
15 6.858506641089264 3.756045580600096
16 6.287398382522845 4.315255750446380
17 6.681108928181619 3.929747507822165
18 6.644467899439018 3.965625181799294
19 6.624154358884406 3.985515523592352
20 6.863890588447003 3.750773798812308
21 8.024823088211317 2.614027392793085
22 6.963713578452523 3.653030454431903
23 3.566262056684968 6.979701736162634
24 8.853048479868526 1.803056696795400
25 6.962085061011727 3.654625044426016
26 6.002485341014300 4.594233103590165
27 7.873269598470362 2.762423518164436
28 8.885169860928526 1.771604511174151
29 3.722519372143850 6.826699781442479
30 3.696872884097035 6.851811967654986
31 5.393204006135523 5.190821077325633
32 3.143587853537375 7.393570226744653
33 6.338697829716194 4.265025041736227
34 5.938046289253504 4.657329675105943
35 4.018621378621379 6.536766566766566
36 6.815813490967349 3.797849290094470
37 5.407571019892222 5.176753376355531
38 2.060000000000000 9.550000000000001
39 3.965242475832792 3.461080747338501
40 2.969930482202953 6.641974747598809
41 3.815645034327806 3.939175663488456
42 3.753383500752512 4.138155822337334
43 3.404811653914067 5.252148322542673
44 3.074671238735893 6.307236247338900
45 2.514411842608671 8.097755966920744
46 2.632349126709898 7.720842997112698
47 3.100624917616326 6.224291500401433
48 2.361093931112969 8.587741044896697
49 3.187858721745537 5.945503054215292
50 3.962361552811584 3.470287820911433
51 0.720000000000000 2.610000000000000
52 8.880000000000001 4.750000000000000
53 6.239856501142165 4.057609425544636
54 8.051797688209430 4.532799883917669
55 5.412031787507941 3.840508336429779
56 6.935896187229655 4.240149245180326
57 3.986073387639190 3.466543756072042
58 6.825165823552211 4.211109664510016
59 5.451239789435466 3.850790827131360
60 6.659533133382377 4.167671679588025
61 4.692134985439387 3.651711871181408
62 2.991910302767570 3.205819613716005
63 3.509617363821770 3.341590828257180
64 6.872482966730560 4.223518817255318
65 5.860122350539763 3.958022283107242
66 7.740130667110487 4.451063679854956
67 6.322547437295529 4.079295528898582
68 5.916832080458366 3.972894687767267
69 5.268690188496859 3.802916299434226
70 6.706913010679073 4.180097284663384
71 4.126907988282254 3.503478320456376
72 3.973205681294112 3.463169137006054
73 1.680000000000000 7.360000000000000
74 1.220000000000000 5.040000000000000
75 1.451242147029648 6.206264741540835
76 9.289999999999999 4.210000000000000
77 6.160152356563273 3.625664383955804
78 8.696749519277128 4.099241450506815
79 6.484811212225274 3.686277472527473
80 6.029501771339456 3.601272209351591
81 5.162119104511577 3.439333788473573
82 6.838631672160913 3.752334967964698
83 7.157607178840124 3.811886987881470
84 6.933678173281431 3.770079939002367
85 5.143588517298695 3.435874168923911
86 6.993321998630588 3.781215308962537
87 5.117914189829794 3.431080828906379
88 2.955917636595289 3.027440865642061
89 3.562882923813873 3.140759939101773
90 7.146974233128834 3.809901840490797
91 5.997502902669268 3.595298091513516
92 8.381623235763293 4.040408072021152
93 6.285130215048218 3.648997473054510
94 6.315008190534576 3.654575624837261
95 4.953316264510074 3.400350761168742
96 6.829277811083971 3.750588622839481
97 3.897045777781156 3.203147403086330
98 4.264733874386771 3.271793955544788
99 6.530000000000000 5.630000000000000
100 5.910000000000000 2.270000000000000
101 6.517819886351074 5.563991642160656
102 6.078300023934897 3.182077549066540
103 6.171135692288354 3.685186977562693
104 6.197116123958758 3.825984155647463
105 6.190913194735909 3.792368281149445
106 6.447587577826120 5.183377841122196
107 6.114135579478402 3.376283140399082
108 6.506882421976012 5.504717641676446
109 6.450325783337382 5.198217148409036
110 6.330467039869748 4.548660087036050
111 6.036422186002865 2.955126685434879
112 6.401443154268216 4.933304836034196
113 6.103101730542198 3.316486797777074
114 6.463284493708226 5.268444998160706
115 6.392679045092838 4.885809018567637
116 6.184708491670158 3.758742793567310
117 6.477606833692118 5.346062840654057
118 6.437169111407443 5.126916474724208
119 2.530000000000000 7.220000000000000
120 4.760000000000000 4.290000000000000
121 2.734598961338719 6.951177149451817
122 2.701898542274052 6.994142274052478
123 3.725202408832386 5.649621947139511
124 3.535346204191425 5.899074269829203
125 3.164715441081068 6.386046528086309
126 3.578726994609817 5.842076190938670
127 3.390333466294376 6.089606701236537
128 4.744484873466737 4.310385345624422
129 4.270000000000000 9.539999999999999
130 6.860000000000000 6.580000000000000
131 6.000683442951100 7.562076065198742
132 5.581055568472448 8.041650778888631
133 5.353478260869565 8.301739130434783
134 6.568926553672316 6.912655367231638
135 5.792900763358778 7.799541984732824
136 2.820000000000000 9.810000000000000
137 6.140000000000000 6.170000000000000
138 3.289570980118591 9.295169166376002
139 4.218962641074223 8.276197586292117
140 4.051943084646877 8.459315413218485
141 4.709639920712183 7.738226111026401
142 6.103177618235085 6.210371526995267
143 3.233854852634964 9.356255523014678
144 5.102126305678953 7.307909713050786
145 0.170000000000000 1.440000000000000
146 5.380000000000000 1.660000000000000
147 4.832484786766350 1.636880355679193
148 2.551362696963401 1.540556582213426
149 3.148070412296189 1.565753453110396
150 4.762757458247036 1.633936015511391
151 3.528664434625904 1.581824601846007
152 4.386262703227835 1.618037964435724
153 2.627004709402183 1.543750678707962
154 2.920000000000000 6.440000000000000
155 2.220000000000000 8.369999999999999
156 2.584027370478981 7.366324535679381
157 2.401951592894660 7.868333465304723
158 8.770000000000000 4.050000000000000
159 3.980000000000000 7.270000000000000
160 6.107878435817513 5.839568149617454
161 6.487240707881789 5.584548000129570
162 6.653773639422125 5.472598931327924
163 5.552047012061404 6.213216831140350
164 4.090104535120380 7.195984007706132
165 4.819451749532568 6.705692143320486
166 6.455305719921105 5.606015779092702
167 6.603311570867705 5.506521240460541
168 4.529675332617588 6.900489651142248
169 6.264047121788890 5.734586277210808
170 5.980435023680259 5.925239921450849
171 6.770000000000000 4.040000000000000
172 4.190000000000000 0.840000000000000
173 6.552336613486050 3.770029908199753
174 5.116233307425987 1.988816505334558
175 6.277884107597149 3.429623699345302
176 6.769906004703077 4.039883416685987
177 5.936899771570553 3.006697391095259
178 4.692949804338374 1.463813710807286
179 6.129810873345501 3.245966974692094
180 4.816246036515865 1.616739270097196
181 6.264624102757839 3.413177181715150
182 6.402718101267163 3.584456559711210
183 5.026030199382665 1.876936681404856
184 6.752876668820572 4.018761759777455
185 5.497939098551243 2.462250044714720
186 0.390000000000000 0.260000000000000
187 6.336818830675778 3.783350341685649
188 2.278353251590873 1.378804904547570
189 5.082632071686504 3.040274174134010
190 4.668194380469830 2.794729585920996
191 6.769871213761666 4.039923697181677
192 5.450962461191081 3.258501270110076
193 2.268455304518665 1.372940603617642
194 6.001519421810470 3.584693325147896
195 3.431414895064336 2.061966818705829
196 6.294640034487714 3.758360396608709
197 6.231776053298537 3.721114965747409
198 4.314870460733831 2.585393470466126
199 6.750172719720202 4.028252802592847
200 2.685291271468853 1.619906113816969
201 4.838108121467762 2.895399482625101
202 2.380000000000000 2.400000000000000
203 6.119025662285974 3.796811409145558
204 5.140037055601304 3.431084458128961
205 6.769852804457626 4.039945011232462
206 5.127177855699788 3.426280565682837
207 2.865944737631935 2.581537441848832
208 3.635003277807412 2.868839493303907
209 5.945703853536259 3.732062487425846
210 6.303992220288668 3.865910533319685
211 6.131336676241014 3.801410512308716
212 4.910098837985842 3.345184987311340
213 6.749055162124606 4.032175504757256
214 3.643651560244506 2.872070286742822
215 4.427546407417443 3.164914831016995
216 7.200000000000000 3.730000000000000
217 0.890000000000000 4.120000000000000
218 3.666495580248039 3.948394092504480
219 3.930443226091498 3.932080371129052
220 6.939579323694764 3.746095731182098
221 5.442231554386524 3.838641789823971
222 7.028396748873276 3.740606223128276
223 4.180952741736907 3.916597215645421
224 3.148208128653693 3.980427706786856
225 3.343380666890356 3.968364744835620
226 5.916438033923487 3.809332673022162
227 6.297026934411623 3.785809745733671
228 6.138603138315698 3.795601390817255
229 5.303400112847161 3.847222496987259
230 6.828603710032634 3.752954762771358
231 4.431253592804246 3.901126957021607
232 1.400000000000000 1.190000000000000
233 9.960000000000001 3.030000000000000
234 8.815795587890165 2.784049518892278
235 7.258638790262841 2.449333571738741
236 8.005103028781093 2.609788501513693
237 9.062047223469540 2.836982113456069
238 7.084677251129911 2.411939969869046
239 2.247400126322439 1.372151429022580
240 6.493800687608910 2.284929119766401
241 4.242864884524458 1.801083106019276
242 6.160281573498963 2.213238095238095
243 7.703103474824205 2.544872709541651
244 3.590593505619141 1.660875239525610
245 5.513532382386813 2.074217241073801
246 7.203382501515458 2.437456051727621
247 2.544556305461818 1.436026121734783
248 5.947079392645092 2.167409589073244
249 3.780000000000000 3.590000000000000
250 3.577539869774464 4.229274794753232
251 3.345961868253808 4.960490265308181
252 2.953132935841725 6.200861072444964
253 2.430910922628866 7.849794963480087
254 2.893193847747113 6.390120795812198
255 3.062305398293597 5.856145283470218
256 6.030000000000000 5.990000000000000
257 6.711259228010968 4.674063371534371
258 6.444189577717880 5.189941499450933
259 6.373938306225463 5.325640536692696
260 6.422729875914731 5.231393573019409
261 6.408821169427510 5.258259963328058
262 6.388649198677181 5.297224624777412
263 6.962569124423963 3.652657652195003
264 4.776261168860922 2.940474833099788
265 7.073225817226549 3.688703715711066
266 5.567375921300624 3.198177931689677
267 2.809070201505933 2.299668671614308
268 6.084153164591902 3.366516464710591
269 2.750953416562286 2.280737314925695
270 6.265709375596716 3.425657819362230
271 6.504184180130435 3.503340223684025
272 4.530269316411577 2.860343774478309
273 6.866127927524329 3.621242240971652
274 3.337235878218157 2.471716950372628
275 4.771704468029143 2.938990502387871
276 3.240000000000000 9.710000000000001
277 3.915879807399281 4.053953190711281
278 3.635864407621792 6.397239957270267
279 3.592464400074315 6.760429494114947
280 3.494235235143071 7.582452505907989
281 3.547720912061373 7.134861841170620
282 3.715246571627799 5.732936584798946
283 3.277661824447149 9.394829995415963
284 3.650499216710183 6.274769712793733
285 3.987606290040769 3.453715783343040
286 8.770000000000000 3.990000000000000
287 8.859999999999999 1.620000000000000
288 8.777714648173207 3.786847598105548
289 3.840000000000000 9.890000000000001
290 7.110000000000000 5.780000000000000
291 6.138815165876776 7.000663507109006
292 6.991831500843171 5.928523709949410
293 5.267646579369321 8.095618519508285
294 4.239344416066868 9.388071697237056
295 5.206206671566967 8.172841155920416
296 6.533448399856167 6.504656598345919
297 6.962648105148798 5.965203757748760
298 5.607943572088337 7.667905785540348
299 7.630000000000000 0.940000000000000
300 5.920000000000000 7.890000000000000
301 6.549414372462094 5.331853866309032
302 6.906088602115071 3.882212991403657
303 7.294603840906706 2.303159827893797
304 6.792434768989819 4.344139389193423
305 7.475458896203830 1.568105655779754
306 6.367458436732380 6.071382377023367
307 6.584034566603727 5.191146059710000
308 6.462265639676874 5.686054856284050
309 7.120544085656695 3.010595675254955
310 6.529591644821167 5.412419923095255
311 7.184553642664659 2.750439873380482
312 7.594010476315641 1.086273210296078
313 9.640000000000001 9.500000000000000
314 4.420000000000000 2.460000000000000
315 6.135805551291972 4.774036605573846
316 8.221532804011702 7.586971444490876
317 5.133894434389984 3.422800156725190
318 6.331758078153145 5.038309745248687
319 6.892871256897342 5.795060085930514
320 5.748761704038973 4.252046436098539
321 6.489808306227787 5.251465608399161
322 6.415795433100585 5.151647480656727
323 5.681358439945349 4.161142417091044
324 6.426146302480537 5.165607273843483
325 4.774029076282384 2.937464501346356
326 4.063807983470467 7.172968215858988
327 5.094391463887591 5.979772178080965
328 4.775672707190305 6.348780574666963
329 6.360352922130485 4.514058604500566
330 6.080048527824269 4.838591356105097
331 4.386911629652305 6.798883051734524
332 6.735515642631213 4.079700126871649
333 5.586288534022835 5.410260201387498
334 9.177280698561196 3.531062812263954
335 3.500000000000000 8.400000000000000
336 9.830000000000000 7.310000000000000
337 4.021843122438897 8.310140757747488
338 5.142581831129844 8.117154155461053
339 1.820000000000000 5.140000000000000
340 3.234307051168231 4.407131800758280
341 3.225845325603065 4.411516513096593
342 8.629644582893864 1.611365988864088
343 6.289667457700249 2.823899590100780
344 6.216671709531013 2.861724659606657
345 5.017964839094159 3.482872765196663
346 6.761678182913433 2.579312214308494
347 1.956611839914763 5.069210228407805
348 7.232470175581705 2.335356363562207
349 4.368652678279211 3.819334521255318
350 2.830000000000000 0.690000000000000
351 5.570000000000000 0.540000000000000
352 2.680000000000000 1.660000000000000
353 3.231153482710572 4.391502794817176
354 3.734173894522606 6.884459301156062
355 3.838482081488956 7.401408051655959
356 2.801942538401445 2.264344152580747
357 3.757590689632435 7.000512348618610
358 3.531468533597139 5.879856631915379
359 3.604554848011534 6.242070567503704
360 2.290000000000000 7.940000000000000
361 3.640000000000000 2.850000000000000
362 2.789297013915880 6.057465332717163
363 2.649369313683275 6.585044587668246
364 2.877564766839378 5.724663212435233
365 3.636592579181666 2.862847238492833
366 4.280000000000000 8.130000000000001
367 4.602327093313319 7.644301640212809
368 5.259466524747207 6.654091538052153
369 5.969077420817277 5.584814845343829
370 6.397345971563981 4.939478672985782
371 6.288075909788367 5.104132190729858
372 4.914288257217557 7.174223174055738
373 6.560693010234521 4.693339299646611
374 5.853351458933077 5.759196431744678
375 2.190000000000000 1.370000000000000
376 6.775235434859665 1.541860398607934
377 5.229367790536475 1.483919332478878
378 6.099699169446080 1.516540448629913
379 3.398195374726848 1.415284684210152
380 3.934951349366624 1.435402974114191
381 7.451313768202265 1.567200665974598
382 2.503001345198676 1.381731684602649
383 6.893260512941733 1.546284127171729
384 0.370000000000000 3.940000000000000
385 5.580000000000000 8.500000000000000
386 4.142270167327582 7.241641451634122
387 4.498405874520309 7.553345640655012
388 3.820648603035523 6.960145418395774
389 3.037532108890884 6.274730598184727
390 1.930788240619532 5.306064179889649
391 4.734410182731059 6.930226352069793
392 6.490160983648117 6.006851311953353
393 6.847888876727595 5.818716977940518
394 4.640702182669582 6.979508760638710
395 7.060000000000000 0.790000000000000
396 7.014560098972064 0.909974414944264
397 5.011907615831927 6.197553273307071
398 6.227626558127703 2.987705418468583
399 5.827415305900283 4.044378293054649
400 5.706975354661653 4.362374423303405
401 6.432722976963969 2.446191852188656
402 4.699811284272401 7.021577400518194
403 5.401524348057477 5.168852980308674
404 6.733950753457812 1.650863837992684
405 7.170000000000000 0.860000000000000
406 6.073269757174393 1.212602207505519
407 3.809567793549181 1.940389477648071
408 4.574841855438756 1.694351470276475
409 3.104155785808554 2.167181647151321
410 6.427920313590721 5.291083606293293
411 6.432326046680992 5.288263247822208
412 4.238054981145845 6.692940031626323
413 6.382029257703167 5.320461061887542
414 5.801829634337113 5.691879595228784
415 6.000000000000000 0.370000000000000
416 6.580000000000000 7.040000000000000
417 6.287525761521912 3.676546257501981
418 6.427094361334868 5.281585155350979
419 6.171340573836926 2.340416599124655
420 6.419145987033311 5.190178850883076
421 6.144998649986499 2.037484474844748
422 5.600173569179039 4.226045085363832
423 7.358111064419360 2.820674441536612
424 3.326196652163804 6.043959779467933
425 7.016372056774763 3.093875263804019
426 5.029257192508206 4.682460127437729
427 0.240000000000000 6.720000000000000
428 0.878201770662143 7.281972114721943
429 7.930000000000000 7.200000000000000
430 3.172116696196694 1.126701900439310
431 6.402169114917974 5.249768811395297
432 4.652952806504670 3.016945641244198
433 7.480000000000000 2.870000000000000
434 1.920000000000000 0.620000000000000
435 7.121486095222825 2.724917934217870
436 5.869564172461752 2.218294853963839
437 0.810000000000000 7.410000000000000
438 1.950000000000000 5.270000000000000
439 7.587020189284189 1.090862020163552
440 4.054974166619203 3.409491794341879
441 8.350000000000000 0.590000000000000
802
1 10
10 3
3 7
7 5
5 4
4 9
9 2
2 8
8 6
6 0
11 13
13 32
32 23
23 30
30 29
29 35
35 2
2 31
31 37
37 34
34 26
26 16
16 33
33 14
14 19
19 18
18 17
17 36
36 15
15 20
20 25
25 22
22 27
27 21
21 24
24 28
28 12
38 48
48 45
45 13
13 46
46 40
40 44
44 47
47 49
49 43
43 42
42 41
41 50
50 39
39 1
51 62
62 63
63 39
39 72
72 57
57 3
3 71
71 61
61 69
69 55
55 59
59 65
65 68
68 53
53 67
67 14
14 60
60 70
70 58
58 64
64 56
56 66
66 54
54 52
74 75
75 73
51 88
88 89
89 97
97 98
98 95
95 87
87 85
85 81
81 91
91 80
80 77
77 93
93 94
94 79
79 96
96 82
82 15
15 84
84 86
86 90
90 83
83 92
92 78
78 76
100 111
111 102
102 113
113 107
107 77
77 103
103 116
116 105
105 104
104 53
53 16
16 110
110 115
115 112
112 118
118 106
106 109
109 114
114 117
117 108
108 101
101 99
119 122
122 121
121 40
40 125
125 127
127 124
124 126
126 123
123 4
4 128
128 120
129 133
133 132
132 135
135 131
131 134
134 130
136 143
143 138
138 140
140 139
139 141
141 144
144 142
142 137
145 148
148 153
153 149
149 151
151 152
152 150
150 147
147 146
155 157
157 156
156 121
121 154
159 164
164 168
168 165
165 163
163 170
170 160
160 169
169 166
166 161
161 101
101 167
167 162
162 54
54 78
78 158
172 178
178 180
180 147
147 183
183 174
174 185
185 177
177 102
102 179
179 181
181 175
175 182
182 79
79 173
173 17
17 184
184 176
176 171
186 193
193 188
188 148
148 200
200 195
195 198
198 190
190 201
201 189
189 192
192 194
194 80
80 103
103 197
197 196
196 187
187 18
18 199
199 191
191 171
202 207
207 208
208 214
214 215
215 212
212 206
206 204
204 81
81 209
209 203
203 211
211 104
104 210
210 19
19 213
213 205
205 171
217 224
224 225
225 218
218 41
41 219
219 223
223 5
5 231
231 229
229 55
55 221
221 226
226 203
203 228
228 105
105 227
227 187
187 173
173 230
230 82
82 20
20 220
220 222
222 216
232 239
239 188
188 247
247 149
149 244
244 241
241 174
174 245
245 248
248 242
242 240
240 238
238 246
246 235
235 243
243 236
236 21
21 234
234 237
237 233
11 253
253 156
156 122
122 254
254 252
252 255
255 251
251 250
250 218
218 249
256 160
160 259
259 262
262 261
261 260
260 258
258 106
106 257
257 56
56 83
83 216
145 269
269 267
267 274
274 272
272 275
275 264
264 189
189 266
266 268
268 107
107 270
270 175
175 271
271 273
273 263
263 22
22 265
265 216
276 283
283 138
138 280
280 281
281 23
23 279
279 278
278 284
284 282
282 123
123 277
277 219
219 57
57 285
285 1
286 288
288 234
234 24
24 287
289 294
294 295
295 293
293 298
298 291
291 296
296 297
297 292
292 290
300 131
131 291
291 306
306 308
308 161
161 108
108 310
310 301
301 307
307 257
257 304
304 58
58 302
302 84
84 220
220 25
25 263
263 309
309 311
311 235
235 303
303 305
305 312
312 299
314 190
190 325
325 264
264 317
317 204
204 85
85 221
221 59
59 323
323 320
320 26
26 315
315 318
318 322
322 324
324 258
258 109
109 321
321 301
301 162
162 319
319 292
292 316
316 313
159 326
326 331
331 328
328 327
327 6
6 333
333 330
330 315
315 110
110 329
329 60
60 332
332 205
205 191
191 176
176 302
302 86
86 222
222 265
265 27
27 236
236 287
287 28
28 237
237 334
334 76
335 337
337 139
139 338
338 293
293 132
132 316
316 336
339 347
347 341
341 340
340 250
250 42
42 277
277 223
223 7
7 349
349 61
61 345
345 87
87 206
206 317
317 192
192 266
266 177
177 111
111 344
344 343
343 346
346 238
238 348
348 303
303 342
342 12
350 351
352 356
356 267
267 207
207 88
88 62
62 224
224 353
353 340
340 251
251 43
43 358
358 124
124 359
359 278
278 29
29 354
354 357
357 355
355 337
337 140
140 294
294 129
360 363
363 362
362 364
364 341
341 353
353 225
225 63
63 89
89 208
208 365
365 361
366 367
367 372
372 368
368 163
163 374
374 369
369 371
371 318
318 370
370 112
112 373
373 304
304 64
64 90
90 216
375 239
239 193
193 382
382 379
379 380
380 178
178 377
377 378
378 376
376 383
383 381
381 305
305 342
342 287
384 390
390 362
362 252
252 389
389 44
44 125
125 279
279 30
30 354
354 388
388 326
326 164
164 386
386 387
387 367
367 141
141 338
338 295
295 133
133 385
11 45
45 280
280 355
355 386
386 394
394 391
391 368
368 142
142 306
306 392
392 393
393 319
319 52
366 387
387 402
402 391
391 165
165 397
397 327
327 8
8 31
31 403
403 400
400 320
320 399
399 65
65 226
226 209
209 91
91 194
194 268
268 113
113 179
179 398
398 343
343 401
401 240
240 404
404 376
376 396
396 395
202 269
269 356
356 409
409 195
195 407
407 241
241 408
408 150
150 180
180 377
377 406
406 396
396 405
360 157
157 253
253 46
46 32
32 281
281 357
357 388
388 412
412 328
328 397
397 414
414 369
369 259
259 413
413 410
410 411
411 114
114 321
321 307
307 66
66 92
92 288
288 334
334 233
415 406
406 378
378 421
421 242
242 419
419 344
344 398
398 181
181 270
270 93
93 417
417 196
196 227
227 210
210 67
67 33
33 329
329 115
115 370
370 322
322 420
420 260
260 418
418 410
410 166
166 308
308 392
392 296
296 134
134 416
73 363
363 254
254 389
389 47
47 424
424 358
358 126
126 282
282 9
9 426
426 422
422 323
323 399
399 68
68 211
211 228
228 116
116 197
197 417
417 94
94 182
182 271
271 425
425 309
309 423
423 243
243 287
427 428
428 48
48 143
143 283
283 289
350 430
430 379
379 151
151 244
244 407
407 198
198 272
272 432
432 212
212 95
95 345
345 69
69 229
229 422
422 400
400 34
34 330
330 371
371 431
431 261
261 418
418 411
411 117
117 310
310 167
167 393
393 297
297 429
434 430
430 380
380 152
152 408
408 183
183 245
245 436
436 419
419 401
401 346
346 435
435 311
311 423
423 433
384 347
347 364
364 255
255 49
49 424
424 127
127 359
359 284
284 35
35 412
412 331
331 168
168 394
394 402
402 372
372 144
144 298
298 135
135 300
437 428
428 75
75 390
390 438
137 169
169 413
413 262
262 431
431 420
420 324
324 118
118 373
373 70
70 332
332 213
213 199
199 184
184 36
36 230
230 96
96 273
273 425
425 435
435 246
246 348
348 381
381 439
439 299
434 382
382 247
247 153
153 200
200 409
409 274
274 365
365 214
214 97
97 440
440 71
71 349
349 231
231 128
128 426
426 403
403 37
37 333
333 414
414 374
374 170
170 256
249 50
50 72
72 285
285 10
10 440
440 98
98 215
215 432
432 275
275 325
325 201
201 185
185 436
436 248
248 421
421 404
404 383
383 439
439 312
312 441
573
0 0.400000000000000 3.200000000000000
1 0.400000000000000 1.500000000000000
2 0.500000000000000 3.700000000000000
3 0.500000000000000 2.100000000000000
4 0.600000000000000 3.700000000000000
5 0.600000000000000 3.500000000000000
6 0.600000000000000 2.700000000000000
7 0.600000000000000 4.000000000000000
8 0.600000000000000 3.600000000000000
9 0.700000000000000 3.500000000000000
10 0.700000000000000 1.800000000000000
11 0.800000000000000 1.800000000000000
12 0.800000000000000 3.800000000000000
13 0.800000000000000 2.900000000000000
14 0.900000000000000 2.100000000000000
15 0.900000000000000 2.300000000000000
16 0.900000000000000 7.000000000000000
17 0.900000000000000 3.500000000000000
18 0.900000000000000 7.200000000000000
19 0.900000000000000 6.700000000000000
20 0.900000000000000 2.100000000000000
21 0.900000000000000 2.000000000000000
22 1.000000000000000 7.200000000000000
23 1.000000000000000 4.300000000000000
24 1.000000000000000 2.800000000000000
25 1.000000000000000 4.800000000000000
26 1.000000000000000 1.600000000000000
27 1.100000000000000 2.800000000000000
28 1.100000000000000 5.300000000000000
29 1.100000000000000 3.500000000000000
30 1.100000000000000 2.700000000000000
31 1.100000000000000 2.100000000000000
32 1.100000000000000 6.600000000000000
33 1.100000000000000 6.200000000000000
34 1.100000000000000 5.500000000000000
35 1.100000000000000 6.500000000000000
36 1.100000000000000 3.200000000000000
37 1.200000000000000 5.300000000000000
38 1.200000000000000 5.500000000000000
39 1.200000000000000 3.000000000000000
40 1.200000000000000 4.000000000000000
41 1.200000000000000 2.500000000000000
42 1.200000000000000 4.700000000000000
43 1.200000000000000 4.000000000000000
44 1.200000000000000 5.800000000000000
45 1.300000000000000 3.700000000000000
46 1.300000000000000 4.100000000000000
47 1.300000000000000 4.900000000000000
48 1.300000000000000 1.700000000000000
49 1.400000000000000 1.500000000000000
50 1.400000000000000 4.900000000000000
51 1.400000000000000 5.200000000000000
52 1.400000000000000 4.800000000000000
53 1.400000000000000 5.100000000000000
54 1.400000000000000 7.400000000000000
55 1.400000000000000 2.300000000000000
56 1.400000000000000 1.900000000000000
57 1.400000000000000 6.200000000000000
58 1.400000000000000 5.700000000000000
59 1.500000000000000 4.900000000000000
60 1.500000000000000 1.900000000000000
61 1.500000000000000 4.800000000000000
62 1.500000000000000 7.000000000000000
63 1.500000000000000 4.800000000000000
64 1.500000000000000 4.000000000000000
65 1.500000000000000 7.100000000000000
66 1.500000000000000 7.700000000000000
67 1.600000000000000 6.800000000000000
68 1.600000000000000 6.100000000000000
69 1.600000000000000 4.600000000000000
70 1.700000000000000 5.400000000000000
71 1.700000000000000 3.800000000000000
72 1.700000000000000 7.400000000000000
73 1.700000000000000 7.700000000000000
74 1.700000000000000 5.500000000000000
75 1.700000000000000 3.600000000000000
76 1.700000000000000 4.800000000000000
77 1.700000000000000 2.100000000000000
78 1.800000000000000 3.100000000000000
79 1.800000000000000 1.900000000000000
80 1.800000000000000 4.400000000000000
81 1.800000000000000 6.800000000000000
82 1.800000000000000 2.600000000000000
83 1.800000000000000 7.600000000000000
84 1.900000000000000 7.300000000000000
85 1.900000000000000 3.000000000000000
86 1.900000000000000 5.400000000000000
87 1.900000000000000 6.400000000000000
88 2.000000000000000 7.900000000000000
89 2.000000000000000 7.500000000000000
90 2.000000000000000 3.400000000000000
91 2.100000000000000 4.900000000000000
92 2.100000000000000 7.200000000000000
93 2.100000000000000 1.800000000000000
94 2.100000000000000 7.200000000000000
95 2.100000000000000 5.200000000000000
96 2.100000000000000 1.700000000000000
97 2.100000000000000 1.000000000000000
98 2.100000000000000 7.000000000000000
99 2.100000000000000 7.400000000000000
100 2.100000000000000 1.500000000000000
101 2.200000000000000 1.400000000000000
102 2.200000000000000 6.500000000000000
103 2.200000000000000 2.000000000000000
104 2.200000000000000 7.800000000000000
105 2.200000000000000 5.300000000000000
106 2.200000000000000 4.200000000000000
107 2.300000000000000 7.800000000000000
108 2.300000000000000 5.300000000000000
109 2.300000000000000 5.900000000000000
110 2.300000000000000 4.100000000000000
111 2.300000000000000 7.800000000000000
112 2.300000000000000 8.300000000000001
113 2.300000000000000 0.900000000000000
114 2.300000000000000 5.100000000000000
115 2.300000000000000 2.600000000000000
116 2.300000000000000 3.300000000000000
117 2.400000000000000 4.700000000000000
118 2.400000000000000 6.700000000000000
119 2.400000000000000 4.300000000000000
120 2.400000000000000 5.500000000000000
121 2.400000000000000 1.400000000000000
122 2.400000000000000 7.600000000000000
123 2.400000000000000 3.500000000000000
124 2.400000000000000 5.600000000000000
125 2.500000000000000 1.400000000000000
126 2.500000000000000 4.800000000000000
127 2.500000000000000 8.400000000000000
128 2.500000000000000 3.500000000000000
129 2.500000000000000 5.500000000000000
130 2.500000000000000 7.900000000000000
131 2.500000000000000 6.100000000000000
132 2.500000000000000 6.400000000000000
133 2.500000000000000 2.300000000000000
134 2.500000000000000 2.200000000000000
135 2.500000000000000 4.300000000000000
136 2.500000000000000 4.700000000000000
137 2.500000000000000 5.700000000000000
138 2.600000000000000 4.300000000000000
139 2.600000000000000 4.300000000000000
140 2.600000000000000 1.300000000000000
141 2.600000000000000 4.900000000000000
142 2.600000000000000 8.699999999999999
143 2.600000000000000 7.800000000000000
144 2.600000000000000 6.600000000000000
145 2.700000000000000 5.800000000000000
146 2.700000000000000 3.000000000000000
147 2.700000000000000 2.000000000000000
148 2.700000000000000 3.900000000000000
149 2.700000000000000 7.200000000000000
150 2.700000000000000 2.800000000000000
151 2.700000000000000 6.400000000000000
152 2.700000000000000 2.300000000000000
153 2.700000000000000 5.600000000000000
154 2.800000000000000 4.200000000000000
155 2.800000000000000 1.400000000000000
156 2.800000000000000 8.699999999999999
157 2.800000000000000 4.000000000000000
158 2.800000000000000 1.000000000000000
159 2.800000000000000 7.700000000000000
160 2.800000000000000 8.199999999999999
161 2.800000000000000 5.500000000000000
162 2.800000000000000 4.000000000000000
163 2.900000000000000 6.400000000000000
164 2.900000000000000 7.900000000000000
165 2.900000000000000 6.600000000000000
166 2.900000000000000 2.900000000000000
167 3.000000000000000 2.700000000000000
168 3.000000000000000 7.300000000000000
169 3.000000000000000 6.900000000000000
170 3.000000000000000 4.800000000000000
171 3.000000000000000 3.700000000000000
172 3.000000000000000 2.500000000000000
173 3.000000000000000 5.400000000000000
174 3.100000000000000 3.700000000000000
175 3.100000000000000 3.000000000000000
176 3.100000000000000 3.800000000000000
177 3.100000000000000 1.500000000000000
178 3.100000000000000 8.900000000000000
179 3.100000000000000 1.500000000000000
180 3.100000000000000 5.900000000000000
181 3.100000000000000 8.300000000000001
182 3.100000000000000 4.500000000000000
183 3.100000000000000 5.500000000000000
184 3.100000000000000 8.400000000000000
185 3.200000000000000 1.500000000000000
186 3.200000000000000 2.400000000000000
187 3.200000000000000 6.700000000000000
188 3.200000000000000 4.200000000000000
189 3.200000000000000 5.500000000000000
190 3.200000000000000 6.300000000000000
191 3.200000000000000 8.800000000000001
192 3.200000000000000 3.800000000000000
193 3.200000000000000 4.500000000000000
194 3.200000000000000 5.400000000000000
195 3.300000000000000 3.000000000000000
196 3.300000000000000 3.600000000000000
197 3.300000000000000 3.300000000000000
198 3.300000000000000 1.400000000000000
199 3.300000000000000 1.700000000000000
200 3.300000000000000 6.100000000000000
201 3.300000000000000 4.600000000000000
202 3.300000000000000 1.200000000000000
203 3.400000000000000 8.800000000000001
204 3.400000000000000 3.200000000000000
205 3.400000000000000 2.500000000000000
206 3.400000000000000 8.600000000000000
207 3.400000000000000 4.100000000000000
208 3.400000000000000 8.300000000000001
209 3.400000000000000 7.200000000000000
210 3.400000000000000 5.100000000000000
211 3.400000000000000 9.000000000000000
212 3.400000000000000 2.000000000000000
213 3.400000000000000 1.900000000000000
214 3.400000000000000 1.300000000000000
215 3.500000000000000 4.400000000000000
216 3.500000000000000 9.300000000000001
217 3.500000000000000 4.500000000000000
218 3.500000000000000 2.300000000000000
219 3.500000000000000 6.600000000000000
220 3.500000000000000 9.400000000000000
221 3.500000000000000 6.400000000000000
222 3.500000000000000 8.000000000000000
223 3.600000000000000 2.100000000000000
224 3.600000000000000 5.000000000000000
225 3.600000000000000 1.600000000000000
226 3.600000000000000 9.000000000000000
227 3.600000000000000 9.600000000000000
228 3.600000000000000 7.200000000000000
229 3.600000000000000 7.300000000000000
230 3.600000000000000 2.100000000000000
231 3.700000000000000 8.699999999999999
232 3.700000000000000 2.400000000000000
233 3.700000000000000 1.900000000000000
234 3.700000000000000 9.600000000000000
235 3.700000000000000 5.800000000000000
236 3.700000000000000 3.200000000000000
237 3.700000000000000 8.900000000000000
238 3.700000000000000 2.100000000000000
239 3.700000000000000 7.200000000000000
240 3.700000000000000 6.000000000000000
241 3.700000000000000 3.600000000000000
242 3.800000000000000 4.600000000000000
243 3.800000000000000 9.100000000000000
244 3.800000000000000 5.300000000000000
245 3.800000000000000 6.600000000000000
246 3.800000000000000 2.600000000000000
247 3.900000000000000 6.900000000000000
248 3.900000000000000 7.700000000000000
249 3.900000000000000 2.800000000000000
250 3.900000000000000 2.300000000000000
251 4.000000000000000 5.800000000000000
252 4.000000000000000 3.400000000000000
253 4.000000000000000 3.200000000000000
254 4.000000000000000 2.700000000000000
255 4.000000000000000 8.699999999999999
256 4.000000000000000 5.800000000000000
257 4.000000000000000 3.300000000000000
258 4.100000000000000 3.300000000000000
259 4.100000000000000 5.400000000000000
260 4.100000000000000 5.200000000000000
261 4.100000000000000 8.100000000000000
262 4.100000000000000 4.300000000000000
263 4.100000000000000 1.800000000000000
264 4.100000000000000 3.200000000000000
265 4.100000000000000 7.000000000000000
266 4.100000000000000 1.600000000000000
267 4.200000000000000 4.900000000000000
268 4.200000000000000 3.200000000000000
269 4.200000000000000 8.600000000000000
270 4.200000000000000 3.000000000000000
271 4.300000000000000 6.800000000000000
272 4.300000000000000 4.400000000000000
273 4.300000000000000 2.900000000000000
274 4.300000000000000 3.500000000000000
275 4.300000000000000 5.800000000000000
276 4.300000000000000 2.200000000000000
277 4.300000000000000 5.000000000000000
278 4.300000000000000 9.199999999999999
279 4.400000000000000 9.300000000000001
280 4.400000000000000 4.500000000000000
281 4.400000000000000 9.199999999999999
282 4.400000000000000 7.100000000000000
283 4.400000000000000 8.500000000000000
284 4.400000000000000 3.500000000000000
285 4.400000000000000 5.400000000000000
286 4.500000000000000 2.500000000000000
287 4.500000000000000 6.600000000000000
288 4.500000000000000 4.100000000000000
289 4.500000000000000 6.000000000000000
290 4.500000000000000 6.200000000000000
291 4.600000000000000 2.000000000000000
292 4.600000000000000 3.400000000000000
293 4.600000000000000 7.500000000000000
294 4.600000000000000 3.700000000000000
295 4.600000000000000 3.400000000000000
296 4.600000000000000 5.800000000000000
297 4.600000000000000 6.800000000000000
298 4.600000000000000 4.300000000000000
299 4.700000000000000 7.400000000000000
300 4.700000000000000 4.100000000000000
301 4.700000000000000 2.100000000000000
302 4.700000000000000 1.600000000000000
303 4.700000000000000 6.800000000000000
304 4.700000000000000 8.000000000000000
305 4.700000000000000 4.700000000000000
306 4.700000000000000 5.800000000000000
307 4.700000000000000 8.500000000000000
308 4.800000000000000 2.500000000000000
309 4.800000000000000 5.400000000000000
310 4.900000000000000 7.700000000000000
311 4.900000000000000 3.900000000000000
312 5.000000000000000 4.400000000000000
313 5.000000000000000 8.600000000000000
314 5.000000000000000 6.800000000000000
315 5.000000000000000 5.500000000000000
316 5.000000000000000 4.800000000000000
317 5.000000000000000 2.200000000000000
318 5.100000000000000 5.800000000000000
319 5.100000000000000 2.700000000000000
320 5.100000000000000 1.600000000000000
321 5.100000000000000 5.500000000000000
322 5.100000000000000 7.700000000000000
323 5.200000000000000 2.400000000000000
324 5.200000000000000 6.400000000000000
325 5.200000000000000 7.400000000000000
326 5.200000000000000 1.600000000000000
327 5.200000000000000 7.300000000000000
328 5.200000000000000 7.500000000000000
329 5.200000000000000 8.199999999999999
330 5.200000000000000 2.000000000000000
331 5.200000000000000 5.000000000000000
332 5.200000000000000 6.800000000000000
333 5.200000000000000 7.300000000000000
334 5.200000000000000 1.800000000000000
335 5.200000000000000 3.800000000000000
336 5.300000000000000 4.800000000000000
337 5.300000000000000 7.100000000000000
338 5.300000000000000 1.500000000000000
339 5.300000000000000 4.100000000000000
340 5.300000000000000 6.600000000000000
341 5.300000000000000 3.100000000000000
342 5.400000000000000 4.200000000000000
343 5.400000000000000 5.400000000000000
344 5.400000000000000 6.100000000000000
345 5.500000000000000 7.800000000000000
346 5.500000000000000 2.800000000000000
347 5.500000000000000 7.200000000000000
348 5.500000000000000 3.100000000000000
349 5.600000000000000 7.400000000000000
350 5.600000000000000 2.000000000000000
351 5.600000000000000 6.900000000000000
352 5.700000000000000 5.300000000000000
353 5.700000000000000 6.100000000000000
354 5.700000000000000 4.300000000000000
355 5.700000000000000 4.300000000000000
356 5.700000000000000 2.300000000000000
357 5.700000000000000 3.500000000000000
358 5.700000000000000 4.500000000000000
359 5.700000000000000 4.200000000000000
360 5.800000000000000 2.100000000000000
361 5.800000000000000 4.100000000000000
362 5.800000000000000 3.200000000000000
363 5.800000000000000 5.600000000000000
364 5.800000000000000 5.000000000000000
365 5.800000000000000 3.800000000000000
366 5.800000000000000 2.800000000000000
367 5.800000000000000 4.800000000000000
368 5.900000000000000 6.400000000000000
369 5.900000000000000 6.500000000000000
370 5.900000000000000 4.500000000000000
371 5.900000000000000 1.700000000000000
372 5.900000000000000 4.400000000000000
373 5.900000000000000 4.700000000000000
374 5.900000000000000 6.300000000000000
375 5.900000000000000 7.500000000000000
376 5.900000000000000 4.000000000000000
377 6.000000000000000 4.000000000000000
378 6.000000000000000 1.900000000000000
379 6.000000000000000 2.400000000000000
380 6.000000000000000 1.300000000000000
381 6.000000000000000 5.900000000000000
382 6.100000000000000 4.600000000000000
383 6.100000000000000 3.900000000000000
384 6.100000000000000 1.300000000000000
385 6.100000000000000 6.300000000000000
386 6.100000000000000 3.800000000000000
387 6.100000000000000 3.600000000000000
388 6.200000000000000 4.400000000000000
389 6.200000000000000 5.800000000000000
390 6.200000000000000 7.700000000000000
391 6.200000000000000 7.100000000000000
392 6.200000000000000 2.700000000000000
393 6.200000000000000 3.000000000000000
394 6.200000000000000 2.800000000000000
395 6.300000000000000 1.600000000000000
396 6.400000000000000 3.000000000000000
397 6.400000000000000 3.000000000000000
398 6.400000000000000 1.400000000000000
399 6.400000000000000 5.800000000000000
400 6.400000000000000 2.300000000000000
401 6.400000000000000 1.800000000000000
402 6.400000000000000 6.500000000000000
403 6.400000000000000 3.100000000000000
404 6.400000000000000 2.400000000000000
405 6.400000000000000 7.200000000000000
406 6.400000000000000 4.200000000000000
407 6.500000000000000 5.100000000000000
408 6.500000000000000 2.000000000000000
409 6.500000000000000 3.600000000000000
410 6.500000000000000 5.400000000000000
411 6.500000000000000 1.200000000000000
412 6.500000000000000 6.700000000000000
413 6.500000000000000 7.700000000000000
414 6.500000000000000 4.900000000000000
415 6.600000000000000 2.100000000000000
416 6.600000000000000 6.900000000000000
417 6.600000000000000 6.900000000000000
418 6.600000000000000 3.100000000000000
419 6.600000000000000 6.300000000000000
420 6.600000000000000 7.500000000000000
421 6.600000000000000 2.900000000000000
422 6.600000000000000 3.000000000000000
423 6.600000000000000 2.600000000000000
424 6.700000000000000 2.900000000000000
425 6.700000000000000 3.100000000000000
426 6.700000000000000 2.300000000000000
427 6.700000000000000 1.100000000000000
428 6.700000000000000 6.400000000000000
429 6.700000000000000 2.200000000000000
430 6.700000000000000 3.900000000000000
431 6.700000000000000 4.300000000000000
432 6.700000000000000 7.200000000000000
433 6.800000000000000 4.300000000000000
434 6.800000000000000 7.300000000000000
435 6.800000000000000 1.200000000000000
436 6.800000000000000 5.000000000000000
437 6.800000000000000 5.500000000000000
438 6.800000000000000 7.400000000000000
439 6.900000000000000 5.600000000000000
440 6.900000000000000 7.500000000000000
441 6.900000000000000 4.400000000000000
442 6.900000000000000 2.100000000000000
443 6.900000000000000 2.000000000000000
444 6.900000000000000 7.700000000000000
445 7.000000000000000 1.500000000000000
446 7.000000000000000 1.300000000000000
447 7.000000000000000 2.800000000000000
448 7.000000000000000 5.400000000000000
449 7.000000000000000 6.300000000000000
450 7.000000000000000 3.700000000000000
451 7.000000000000000 1.500000000000000
452 7.000000000000000 2.400000000000000
453 7.000000000000000 7.300000000000000
454 7.000000000000000 6.400000000000000
455 7.100000000000000 2.400000000000000
456 7.100000000000000 5.200000000000000
457 7.100000000000000 1.500000000000000
458 7.100000000000000 4.700000000000000
459 7.100000000000000 6.900000000000000
460 7.100000000000000 5.300000000000000
461 7.100000000000000 3.400000000000000
462 7.200000000000000 4.700000000000000
463 7.200000000000000 6.000000000000000
464 7.200000000000000 5.800000000000000
465 7.300000000000000 5.600000000000000
466 7.300000000000000 4.600000000000000
467 7.300000000000000 5.700000000000000
468 7.300000000000000 1.300000000000000
469 7.300000000000000 1.300000000000000
470 7.300000000000000 5.000000000000000
471 7.300000000000000 3.900000000000000
472 7.300000000000000 4.000000000000000
473 7.300000000000000 4.100000000000000
474 7.300000000000000 4.800000000000000
475 7.300000000000000 2.300000000000000
476 7.400000000000000 1.300000000000000
477 7.400000000000000 5.300000000000000
478 7.400000000000000 4.600000000000000
479 7.400000000000000 2.700000000000000
480 7.400000000000000 3.600000000000000
481 7.400000000000000 7.500000000000000
482 7.500000000000000 1.900000000000000
483 7.500000000000000 4.700000000000000
484 7.500000000000000 5.200000000000000
485 7.500000000000000 3.700000000000000
486 7.500000000000000 2.100000000000000
487 7.500000000000000 5.000000000000000
488 7.500000000000000 3.800000000000000
489 7.500000000000000 4.100000000000000
490 7.600000000000000 5.100000000000000
491 7.600000000000000 1.400000000000000
492 7.600000000000000 2.200000000000000
493 7.600000000000000 6.700000000000000
494 7.700000000000000 7.100000000000000
495 7.700000000000000 3.800000000000000
496 7.700000000000000 5.200000000000000
497 7.700000000000000 2.600000000000000
498 7.700000000000000 7.500000000000000
499 7.700000000000000 4.800000000000000
500 7.700000000000000 6.500000000000000
501 7.800000000000000 6.100000000000000
502 7.800000000000000 7.300000000000000
503 7.800000000000000 7.100000000000000
504 7.800000000000000 2.700000000000000
505 7.800000000000000 7.400000000000000
506 7.900000000000000 6.100000000000000
507 7.900000000000000 6.900000000000000
508 7.900000000000000 6.000000000000000
509 7.900000000000000 5.300000000000000
510 7.900000000000000 5.300000000000000
511 7.900000000000000 1.700000000000000
512 8.000000000000000 5.400000000000000
513 8.000000000000000 4.800000000000000
514 8.000000000000000 6.700000000000000
515 8.000000000000000 4.400000000000000
516 8.000000000000000 6.500000000000000
517 8.000000000000000 7.100000000000000
518 8.000000000000000 5.500000000000000
519 8.000000000000000 4.900000000000000
520 8.000000000000000 5.200000000000000
521 8.000000000000000 2.700000000000000
522 8.100000000000000 5.300000000000000
523 8.100000000000000 7.000000000000000
524 8.100000000000000 2.100000000000000
525 8.100000000000000 5.600000000000000
526 8.100000000000000 5.500000000000000
527 8.100000000000000 5.800000000000000
528 8.100000000000000 3.800000000000000
529 8.100000000000000 5.000000000000000
530 8.199999999999999 5.400000000000000
531 8.199999999999999 2.600000000000000
532 8.199999999999999 3.500000000000000
533 8.199999999999999 6.700000000000000
534 8.300000000000001 3.000000000000000
535 8.300000000000001 2.300000000000000
536 8.300000000000001 3.800000000000000
537 8.300000000000001 3.100000000000000
538 8.400000000000000 2.200000000000000
539 8.400000000000000 2.500000000000000
540 8.400000000000000 4.700000000000000
541 8.400000000000000 4.400000000000000
542 8.500000000000000 2.400000000000000
543 8.500000000000000 2.500000000000000
544 8.600000000000000 4.700000000000000
545 8.600000000000000 4.000000000000000
546 8.600000000000000 3.900000000000000
547 8.699999999999999 3.600000000000000
548 8.800000000000001 4.500000000000000
549 8.800000000000001 2.900000000000000
550 8.800000000000001 1.600000000000000
551 8.800000000000001 3.100000000000000
552 8.900000000000000 2.700000000000000
553 8.900000000000000 1.800000000000000
554 8.900000000000000 3.700000000000000
555 8.900000000000000 1.900000000000000
556 8.900000000000000 2.900000000000000
557 9.000000000000000 3.500000000000000
558 9.100000000000000 2.200000000000000
559 9.100000000000000 1.500000000000000
560 9.100000000000000 3.000000000000000
561 9.199999999999999 2.700000000000000
562 9.199999999999999 2.400000000000000
563 9.300000000000001 3.300000000000000
564 9.300000000000001 2.200000000000000
565 9.400000000000000 3.300000000000000
566 9.400000000000000 1.300000000000000
567 9.400000000000000 1.900000000000000
568 9.400000000000000 2.300000000000000
569 9.400000000000000 1.700000000000000
570 9.500000000000000 1.900000000000000
571 9.500000000000000 2.500000000000000
572 9.500000000000000 2.900000000000000
