57
0 4.798000000000000 3.302000000000000
1 1.394000000000000 8.923999999999999
2 4.079646301582388 4.488423176411226
3 3.647440784389897 5.202247917203289
4 3.125682090745553 6.063977463521887
5 4.089315459011334 4.472453727802080
6 3.179569059856596 5.974978479872567
7 2.603897566547821 6.925749671230362
8 2.457071621120326 7.168245401310672
9 4.470000000000000 7.005000000000000
10 8.919000000000000 6.617000000000000
11 7.373302276633515 6.751801239978915
12 4.740734486207366 6.981389080546537
13 5.854497814084491 6.884257102300566
14 4.612483776804911 6.992573903034321
15 1.212000000000000 0.436000000000000
16 5.576000000000000 6.603000000000000
17 4.400673252404771 4.942083397703993
18 4.232912007643513 4.705011079545725
19 4.058737728695046 4.458876162434086
20 4.552261161046889 5.156300316264017
21 2.905000000000000 9.159000000000001
22 4.533000000000000 4.569000000000000
23 3.828308084333985 6.555815659033790
24 4.502215061983462 4.655795371926237
25 3.875254495895099 6.423454461819102
26 3.331627892224098 7.956160918115105
27 9.064000000000000 0.602000000000000
28 0.219000000000000 8.114000000000001
29 2.855492246506367 5.874844572554457
30 4.363424577763666 4.594167616940569
31 2.928308302192401 5.813002378058868
32 2.234296310492953 6.402422172479021
33 2.276662193715273 6.366441108062281
34 9.837999999999999 5.424000000000000
35 8.208849482468036 6.301668712387407
36 6.297317525455517 7.331464163049711
37 4.652656216235858 8.217488970483062
38 3.829416026021478 8.660991366336331
39 0.890000000000000 4.499000000000000
40 1.207631648028562 4.721342153619993
41 2.037161245362684 5.302012871753878
42 1.602000000000000 3.368000000000000
43 4.536343549334466 4.670949595706940
44 5.463000000000000 7.447000000000000
45 1.211944316259914 4.706542498214350
46 4.609338978820234 6.896684519912978
47 2.020451668894998 5.227749512333797
48 1.160721725192511 4.882321541747174
49 2.524000000000000 2.281000000000000
50 8.503000000000000 9.558999999999999
51 7.371078792720954 8.415863994288738
52 4.708000000000000 9.904999999999999
53 4.615008142419759 7.069545416867606
54 7.775000000000000 8.190000000000000
55 9.686000000000000 9.766999999999999
56 2.308351159098422 6.507278251986921
96
1 8
8 7
7 4
4 6
6 3
3 2
2 5
5 0
9 14
14 12
12 13
13 11
11 10
15 19
19 2
2 18
18 17
17 20
20 16
21 26
26 23
23 25
25 17
17 24
24 22
28 32
32 33
33 29
29 31
31 3
3 18
18 30
30 27
28 15
21 38
38 37
37 36
36 11
11 35
35 34
39 40
40 41
41 29
29 4
4 23
23 9
42 19
19 5
5 30
30 24
24 43
43 35
35 10
39 45
45 47
47 31
31 6
6 25
25 46
46 12
12 44
28 48
48 40
40 45
45 42
49 0
16 13
13 36
36 51
51 50
22 43
43 20
20 46
46 14
14 53
53 37
37 52
52 51
51 54
50 55
9 53
53 44
27 34
39 48
48 32
32 56
56 7
7 26
26 38
38 52
42 47
47 41
41 33
33 56
56 8
8 21
52
0 0.500000000000000 6.500000000000000
1 0.600000000000000 7.100000000000000
2 1.000000000000000 5.000000000000000
3 1.200000000000000 3.700000000000000
4 1.200000000000000 6.800000000000000
5 1.200000000000000 3.500000000000000
6 1.200000000000000 7.200000000000000
7 1.400000000000000 2.400000000000000
8 1.400000000000000 5.000000000000000
9 1.500000000000000 1.100000000000000
10 1.500000000000000 6.600000000000000
11 1.500000000000000 5.100000000000000
12 1.800000000000000 4.800000000000000
13 2.100000000000000 5.900000000000000
14 2.100000000000000 2.500000000000000
15 2.100000000000000 3.200000000000000
16 2.700000000000000 4.400000000000000
17 2.900000000000000 5.800000000000000
18 3.100000000000000 7.000000000000000
19 3.900000000000000 5.500000000000000
20 4.000000000000000 8.100000000000000
21 4.400000000000000 6.000000000000000
22 4.800000000000000 5.900000000000000
23 4.800000000000000 9.400000000000000
24 5.000000000000000 9.500000000000000
25 5.100000000000000 5.800000000000000
26 6.000000000000000 6.200000000000000
27 6.000000000000000 3.900000000000000
28 6.000000000000000 6.400000000000000
29 6.000000000000000 8.100000000000000
30 6.100000000000000 6.600000000000000
31 6.200000000000000 5.000000000000000
32 6.400000000000000 6.800000000000000
33 6.500000000000000 4.600000000000000
34 6.700000000000000 3.000000000000000
35 6.800000000000000 6.200000000000000
36 6.800000000000000 3.000000000000000
37 6.900000000000000 8.199999999999999
38 7.000000000000000 6.000000000000000
39 7.100000000000000 7.800000000000000
40 7.100000000000000 4.200000000000000
41 7.200000000000000 2.800000000000000
42 7.400000000000000 3.800000000000000
43 7.400000000000000 4.900000000000000
44 7.600000000000000 3.500000000000000
45 8.400000000000000 2.400000000000000
46 8.500000000000000 3.500000000000000
47 8.600000000000000 4.000000000000000
48 8.900000000000000 2.000000000000000
49 8.900000000000000 4.000000000000000
50 9.199999999999999 5.500000000000000
51 9.300000000000001 3.900000000000000
