354
0 8.710000000000001 4.690000000000000
1 8.520000000000000 2.890000000000000
2 8.537977899983257 3.060316947209809
3 8.555221897790016 3.223681136958055
4 8.529781573102550 2.982667534655740
5 8.587479210984336 3.529276735641075
6 8.685396401523443 4.456913277590509
7 4.310000000000000 6.930000000000000
8 9.350000000000000 6.410000000000000
9 7.323033991090928 6.619131413617603
10 5.128957661290323 6.845504368279570
11 8.016823076923076 6.547550000000000
12 8.040312658441778 6.545126471748071
13 7.448218310882336 6.606215571099441
14 7.303722416679349 6.621123877644194
15 8.024684664246823 6.546738883847550
16 4.314765553023324 6.929508315957911
17 6.722748888861680 6.681065590831731
18 6.034411133168577 6.752084565625464
19 5.200873067711735 6.838084524759900
20 8.189707344339528 6.529712734314176
21 7.076461115775014 6.644571472181943
22 6.415928397279608 6.712721673296548
23 8.100000000000000 2.340000000000000
24 4.370000000000000 3.210000000000000
25 5.713641626704703 2.896603695647964
26 7.122288601765386 2.568045285915312
27 5.767362876437565 2.884073538203570
28 6.531689561907580 2.705798949367401
29 6.306502611107389 2.758322447275220
30 1.890000000000000 3.630000000000000
31 2.600000000000000 6.800000000000000
32 2.114793064578644 4.633653541851129
33 2.100871895651193 4.571498463682089
34 2.021886071498340 4.218843445985544
35 2.009467937704373 4.163399102144877
36 2.094133869026982 4.541414598331736
37 9.070000000000000 2.930000000000000
38 0.660000000000000 4.990000000000000
39 1.976226316127874 4.667594980829557
40 8.621971946378018 3.039742900173755
41 5.263961734311817 3.862275722629924
42 6.590337382083892 3.537384660274339
43 2.423203226110208 4.558109554603208
44 2.821556692089389 4.460534270427569
45 6.228061218444422 3.626122935791260
46 7.070872320517182 3.419679312691392
47 3.667721937514634 4.253269061678937
48 5.299833993691985 3.853488938524912
49 2.465318751012084 4.547793504508336
50 8.048427202693961 3.180230673299696
51 8.514935040155418 3.065961214896533
52 3.757649228277404 4.231241687247152
53 6.571874602564359 3.541907053355223
54 9.060345322016238 2.932364879506130
55 8.023063398469858 3.186443448175041
56 2.576134586252241 4.520649554378167
57 7.191394506353245 3.390157826030002
58 2.762160119080963 4.475083252638909
59 4.572822833317265 4.031567772100646
60 7.810000000000000 0.170000000000000
61 1.130000000000000 5.320000000000000
62 2.277741817897779 4.435139167339288
63 3.052263262453093 3.838015598557870
64 3.529389987926071 3.470170892542026
65 2.824014758010012 4.013985628180904
66 2.347083206634651 4.381679863148435
67 3.168761844443488 3.748200075017371
68 6.459842421529681 1.210914899569183
69 2.142601665744833 4.539326560091933
70 4.035845942228335 3.079714580467675
71 5.344075149974936 2.071124697249862
72 2.524556026677764 4.244855757875676
73 3.354727905964300 3.604828036569439
74 6.430000000000000 9.080000000000000
75 9.539999999999999 0.510000000000000
76 7.216257916821005 6.913366447859802
77 6.788372253397336 8.092459739030492
78 7.874937578580156 5.098290981211594
79 8.646825202676748 2.971256595839314
80 7.604581416891682 5.843291722584656
81 6.472140505278359 8.963876485454810
82 7.349922369307519 6.545037072358380
83 7.234837614005660 6.862167732466716
84 7.320685305928095 6.625603513889462
85 8.752523595879307 2.679991248654124
86 8.453076752275923 3.505155058840943
87 8.323309365961801 3.862745573539344
88 8.226576818224018 4.129304394797477
89 6.712165333393520 8.302457586114963
90 6.995920600760107 7.520533907230185
91 7.490302884111168 6.158200734137390
92 7.060000000000000 6.740000000000000
93 8.430000000000000 8.260000000000000
94 7.952387217477896 7.730093847128761
95 7.185947666744312 6.879737557263763
96 7.435024562755432 7.156085646268800
97 3.570000000000000 7.500000000000000
98 4.180000000000000 8.570000000000000
99 3.912881646655231 8.101448134296881
100 3.818022220613781 7.935055370584830
101 3.700457754555881 7.728835733401300
102 5.740000000000000 2.840000000000000
103 4.229041261498029 6.084731668856767
104 3.871834937618370 6.851819903547648
105 5.653175421209118 3.026452782103922
106 5.537728100989987 3.274371912159750
107 4.254569060773481 6.029911602209944
108 4.764124094734782 4.935659778127151
109 5.370877738882406 3.632677298068198
110 3.964154956871010 6.653565852986679
111 4.361916805712113 5.799386030129748
112 3.730062443352356 7.156271435012912
113 4.723300112146877 5.023327869767536
114 5.006128761131520 4.415963121256736
115 4.289465633177327 5.954972419075418
116 3.984560300263424 6.609746083305275
117 7.160000000000000 2.790000000000000
118 4.484270372857450 6.300497644524070
119 6.891399082568807 3.142398418133960
120 6.360323231433149 3.839158100264587
121 5.739578408890457 4.653561474686892
122 5.279887230885675 5.256666056414614
123 4.533181741973341 6.236327018190964
124 4.085362836876560 6.823855442426574
125 5.461880853548123 5.017894479049676
126 3.874768357376499 7.100150706617462
127 5.175204431447051 5.394007556513758
128 6.572765278928809 3.560438868034905
129 5.886235581885912 4.461150531843274
130 5.951728095741663 4.375225813107735
131 6.874836904937805 3.164127626112239
132 4.553000325259060 6.210325478559842
133 4.240302898319275 6.620577534517052
134 5.430000000000000 7.100000000000000
135 0.450000000000000 2.890000000000000
136 4.334493057927626 6.173878669452872
137 1.970634489955648 4.175516305765719
138 2.819176926208316 4.892858405489360
139 4.211458615448390 6.069867624706370
140 4.506491550784521 6.319283017831894
141 2.547383237193971 4.663089041884863
142 4.106316486171207 5.980982411000157
143 4.941024186628683 6.686628880664006
144 2.388456036822849 4.528734922695621
145 3.768533797474931 5.695427166138446
146 4.895728490653738 6.648336736074747
147 2.010000000000000 9.580000000000000
148 8.820000000000000 7.460000000000000
149 5.178722405069509 8.593554845998920
150 8.642595723797946 7.515227175557762
151 5.366218878040896 8.535185899934405
152 6.289240493170052 8.247842900804624
153 5.314831572476121 8.551183122812132
154 6.566668372137480 8.161477687381577
155 6.017822990528439 8.332337042596139
156 2.160000000000000 7.420000000000000
157 3.206452021538742 7.826817413525600
158 3.595842375560944 7.978196333356245
159 5.408599807662760 8.682921705086693
160 2.604487939959406 7.592798590241830
161 4.717625376984238 8.414299326883802
162 5.535829059228552 8.732383193985807
163 7.740000000000000 3.720000000000000
164 8.020000000000000 6.580000000000000
165 8.012143823856176 6.499754772245227
166 7.816596899129645 4.502382612538515
167 7.796367818181818 4.295757000000000
168 7.746513099330311 3.786526657445322
169 5.470000000000000 4.510000000000000
170 4.739409608587511 5.580547192040843
171 3.275976949299280 7.724941291055679
172 3.324726338552318 7.653507937439232
173 5.055674732121982 5.117118239347267
174 3.304542518377414 7.683083650816910
175 4.748419476011602 5.567344871855831
176 3.986095810884390 6.684391398501774
177 4.804798291759046 5.484731982884866
178 3.640307929858607 7.191080576767879
179 4.977425988065524 5.231777526158321
180 5.240421352354108 4.846405706232563
181 4.406496812568142 6.068370277537433
182 4.035563028014957 6.611906198833575
183 0.450000000000000 4.650000000000000
184 8.430000000000000 2.160000000000000
185 4.550038072924295 3.370664811831893
186 2.824592353563063 3.909055769376939
187 5.822882376727481 2.973499108013606
188 2.158595818758819 4.116866718206834
189 3.215979775183368 3.786931122781130
190 6.533892892622729 2.751642443279374
191 0.590378102189782 4.606197810218978
192 4.452697815709533 3.401037899609432
193 6.369143080239457 2.803049339624530
194 2.335498575771817 4.061667737635110
195 2.826631091792380 3.538684991050882
196 5.982742151140877 3.230986141253675
197 7.426311132956500 3.090248218235439
198 8.294169583687340 3.005638062871708
199 6.554253180880330 3.175267795735901
200 9.061567483432777 2.930822111643044
201 2.318983918985443 3.588177055252116
202 8.332400752798867 3.001910790117102
203 4.428647998396044 3.382499498763617
204 6.850050643041584 3.146429603046085
205 3.758401486988848 3.447843866171004
206 2.810000000000000 6.560000000000000
207 2.840000000000000 1.110000000000000
208 2.838883465167779 1.312837161186786
209 2.818346191195511 5.043775266148755
210 2.828848227193649 3.135905393153807
211 2.821283917665578 4.510088290753311
212 2.821161908511000 4.532253287168339
213 9.850000000000000 9.460000000000001
214 6.454540224508887 3.990913938260056
215 8.474995281828967 7.245272205768313
216 8.241200257025250 6.868697250974978
217 6.593144878699407 4.214165230411211
218 8.027759559788832 6.524907125499287
219 6.605111030244549 4.233439177668835
220 7.231012387376101 5.241581996211628
221 6.513989440612978 4.086669123323094
222 6.673825028089618 4.344117198528776
223 8.084800586104084 6.616783425792955
224 7.669407209997479 5.947706990312241
225 3.100000000000000 7.100000000000000
226 5.165604349644500 5.185537432036805
227 4.746195225143548 5.574258084013297
228 3.812128670678478 6.439978305224825
229 4.967541852342528 5.369107551487414
230 5.050787444682696 5.291953100050184
231 6.587530680954277 3.867654490822865
232 6.057252606937647 4.359131730155352
233 6.044185552152765 4.371242658980364
234 7.141309633400120 3.354395949531596
235 4.311934453110219 5.976743677605163
236 3.191978695932860 7.014751452550032
237 3.644497868308858 6.595343439128375
238 8.010000000000000 9.560000000000000
239 1.380000000000000 6.990000000000000
240 2.842061554634116 7.556741809262395
241 3.389169544275190 7.768818360299734
242 5.279525995563072 8.501580966605896
243 2.225047788015796 7.317567543770830
244 2.769742409276648 7.528708596054448
245 4.796735813233949 8.314436054300339
246 5.643786915650809 8.642780146790736
247 2.938746400987157 7.594219947290648
248 6.300000000000000 8.250000000000000
249 3.263166708167330 7.641166272410358
250 4.900791479121173 7.969482349678882
251 2.746736738380686 7.537630795375838
252 5.046812705794991 7.998757136669044
253 6.152625033746577 8.220453811113444
254 2.946016840227684 7.577583086325840
255 3.550000000000000 4.180000000000000
256 7.630816295714674 6.719862893727539
257 4.920369530251165 5.032905514084216
258 7.596324612601861 6.698395584313872
259 5.197755219685366 5.205547840714990
260 4.151832711774105 4.554575198219936
261 6.696670113753878 6.138458818427461
262 6.578688599138958 6.065028198325574
263 3.998846221136916 4.459357799872691
264 7.819279773761925 6.837160845908750
265 7.226509456547761 6.468225999521187
266 4.503067195569990 4.773180341834832
267 0.360000000000000 4.700000000000000
268 2.647492332806501 7.017433331927005
269 3.046293827649969 7.421454741624446
270 3.024080580062150 7.398950744722649
271 6.740000000000000 7.040000000000000
272 7.650638898693964 6.712739145781857
273 5.420000000000000 3.480000000000000
274 4.766169205756609 5.512176792918647
275 4.881658610068125 5.153223238977449
276 5.120448606522465 4.411038114862610
277 4.544269342836407 6.201865556049002
278 4.407278012151551 6.627649421691125
279 1.760000000000000 1.530000000000000
280 6.430000000000000 0.590000000000000
281 6.040000000000000 9.570000000000000
282 1.990000000000000 3.880000000000000
283 3.693955623393677 6.273952468422227
284 4.193922129871375 6.976374547893363
285 4.980874009235269 8.081993361123130
286 2.449870130159232 4.526089145828649
287 5.477980117670107 8.780396757911831
288 3.583518602171909 6.118795270705720
289 3.931361417272475 6.607492954143305
290 6.580000000000000 6.430000000000000
291 9.420000000000000 7.180000000000000
292 6.712362168588095 6.464954798042631
293 7.892297527079742 6.776557445531622
294 7.134448563718443 6.576421275629871
295 0.420000000000000 8.600000000000000
296 9.779999999999999 1.950000000000000
297 0.915902607013079 8.247676032410579
298 5.062553680666749 5.301604489697235
299 6.603820160650933 4.206580761930693
300 8.126702699781093 3.124618274193987
301 6.393219923845668 4.356205930173751
302 7.471471850294469 3.590140191831387
303 4.227472963364892 5.894904358293106
304 3.435453763519572 6.457610306901158
305 3.264258814651070 6.579239196855809
306 8.520000000000000 3.030000000000000
307 8.419881744771429 3.740839612122851
308 8.352504254178418 4.219219795333224
309 0.420000000000000 8.440000000000000
310 6.170000000000000 6.210000000000000
311 5.014968384190210 6.657951391870579
312 3.007706208727339 7.436420026876180
313 5.025579072532699 6.653836290130797
314 3.110000000000000 3.700000000000000
315 4.033909390998399 4.457847245557510
316 4.496998392934922 4.837701296165573
317 6.686594254083118 5.928815931729397
318 6.595713845164878 4.037917101011154
319 6.610561429872772 4.346842653804437
320 6.542306135638523 2.926692176995084
321 6.724899275131869 6.725807498711467
322 9.490000000000000 2.390000000000000
323 4.420000000000000 8.789999999999999
324 8.153487304218839 4.077116617948605
325 5.633896835473205 7.257664744175834
326 6.076966591492782 6.698365643874990
327 5.000000000000000 1.210000000000000
328 3.423937711351396 2.608035319166701
329 4.615602834734952 1.550976887461022
330 2.072491803086894 3.806826207893021
331 5.050000000000000 4.960000000000000
332 6.036387557694530 4.371578603911332
333 7.414512290370774 3.549469613525216
334 7.930000000000000 4.290000000000000
335 0.270000000000000 4.620000000000000
336 2.799265693436810 4.511036856549067
337 4.534756756756757 4.436270270270271
338 3.180000000000000 2.420000000000000
339 4.620000000000000 3.530000000000000
340 4.260239520958084 3.252684630738523
341 3.970000000000000 1.090000000000000
342 9.460000000000001 5.010000000000000
343 6.408423563520911 8.008145707790687
344 3.843816451319874 5.523158751033800
345 5.010042322070960 6.653178263052418
346 4.370000000000000 9.699999999999999
347 9.840000000000000 5.160000000000000
348 7.710000000000000 5.900000000000000
349 6.997514941429596 6.737353573989959
350 4.020000000000000 5.120000000000000
351 2.910000000000000 7.660000000000000
352 3.380155891876160 6.584147778950049
353 4.430000000000000 5.550000000000000
620
1 4
4 2
2 3
3 5
5 6
6 0
7 16
16 10
10 19
19 18
18 22
22 17
17 21
21 14
14 9
9 13
13 11
11 15
15 12
12 20
20 8
24 25
25 27
27 29
29 28
28 26
26 23
30 35
35 34
34 36
36 33
33 32
32 31
38 39
39 32
32 43
43 49
49 56
56 58
58 44
44 47
47 52
52 59
59 41
41 48
48 45
45 53
53 42
42 46
46 57
57 55
55 50
50 51
51 2
2 40
40 54
54 37
61 39
39 33
33 69
69 62
62 66
66 72
72 65
65 63
63 67
67 73
73 64
64 70
70 71
71 68
68 60
74 81
81 89
89 77
77 90
90 76
76 83
83 84
84 9
9 82
82 91
91 80
80 78
78 88
88 87
87 86
86 3
3 40
40 79
79 85
85 75
92 95
95 76
76 96
96 94
94 93
97 101
101 100
100 99
99 98
97 112
112 104
104 110
110 116
116 103
103 107
107 115
115 111
111 113
113 108
108 114
114 41
41 109
109 106
106 105
105 25
25 102
97 126
126 124
124 133
133 118
118 123
123 132
132 127
127 122
122 125
125 121
121 129
129 130
130 120
120 128
128 42
42 131
131 119
119 117
135 137
137 34
34 62
62 144
144 43
43 141
141 138
138 145
145 142
142 139
139 103
103 136
136 118
118 140
140 146
146 143
143 10
10 134
147 149
149 153
153 151
151 155
155 152
152 154
154 77
77 94
94 150
150 148
156 160
160 157
157 158
158 99
99 161
161 149
149 159
159 162
162 74
163 168
168 167
167 166
166 78
78 165
165 11
11 164
147 157
157 171
171 174
174 172
172 178
178 104
104 176
176 182
182 136
136 181
181 170
170 175
175 177
177 179
179 173
173 180
180 169
183 191
191 137
137 35
35 188
188 194
194 186
186 63
63 189
189 192
192 185
185 105
105 187
187 193
193 190
190 26
26 184
30 201
201 195
195 64
64 205
205 203
203 185
185 106
106 196
196 199
199 204
204 119
119 197
197 198
198 202
202 4
4 79
79 200
200 37
206 209
209 138
138 212
212 211
211 44
44 65
65 186
186 195
195 210
210 208
208 207
102 27
27 187
187 196
196 45
45 120
120 214
214 221
221 217
217 219
219 222
222 220
220 80
80 224
224 165
165 218
218 12
12 223
223 216
216 215
215 150
150 213
225 236
236 237
237 228
228 139
139 107
107 235
235 170
170 227
227 229
229 230
230 226
226 121
121 233
233 232
232 214
214 231
231 46
46 234
234 197
197 184
239 243
243 244
244 240
240 247
247 171
171 241
241 100
100 245
245 242
242 151
151 246
246 81
81 238
156 251
251 240
240 254
254 249
249 172
172 101
101 250
250 252
252 253
253 152
152 248
255 47
47 263
263 260
260 266
266 108
108 257
257 173
173 226
226 259
259 122
122 262
262 261
261 265
265 82
82 13
13 258
258 256
256 264
264 215
215 148
267 268
268 270
270 269
269 249
249 174
174 241
241 158
158 98
271 95
95 83
83 256
256 272
272 164
7 278
278 140
140 123
123 277
277 227
227 175
175 274
274 275
275 257
257 276
276 48
48 109
109 273
279 208
208 280
282 188
188 66
66 286
286 49
49 141
141 209
209 288
288 283
283 228
228 289
289 110
110 176
176 124
124 284
284 250
250 285
285 242
242 153
153 159
159 287
287 281
290 292
292 294
294 14
14 84
84 258
258 272
272 293
293 216
216 291
295 297
297 243
243 268
268 305
305 304
304 283
283 142
142 303
303 111
111 274
274 177
177 229
229 298
298 259
259 125
125 301
301 217
217 299
299 302
302 50
50 300
300 198
198 85
85 296
164 15
15 218
218 308
308 307
307 86
86 51
51 306
309 297
297 160
160 251
251 244
244 312
312 269
269 178
178 112
112 126
126 284
284 16
16 143
143 311
311 313
313 310
314 67
67 189
189 52
52 315
315 260
260 316
316 113
113 275
275 179
179 230
230 298
298 127
127 310
280 68
68 28
28 190
190 320
320 199
199 53
53 128
128 231
231 318
318 299
299 219
219 319
319 317
317 261
261 292
292 17
17 321
321 271
37 322
323 161
161 245
245 285
285 252
252 325
325 18
18 326
326 262
262 317
317 220
220 166
166 324
324 87
87 307
307 5
5 54
54 200
200 322
282 330
330 201
201 210
210 328
328 329
329 327
331 180
180 129
129 332
332 232
232 221
221 318
318 333
333 55
55 300
300 202
202 1
335 191
191 36
36 69
69 144
144 286
286 56
56 336
336 211
211 263
263 315
315 337
337 114
114 276
276 130
130 332
332 233
233 301
301 319
319 222
222 167
167 334
338 328
328 70
70 340
340 203
203 192
192 339
341 329
329 71
71 29
29 193
193 320
320 204
204 131
131 234
234 57
57 333
333 302
302 168
168 324
324 88
88 308
308 6
6 342
30 330
330 194
194 72
72 58
58 336
336 212
212 344
344 303
303 115
115 235
235 181
181 277
277 132
132 345
345 311
311 19
19 325
325 343
343 154
154 89
89 238
346 287
287 162
162 246
246 155
155 253
253 343
343 90
90 96
96 264
264 293
293 223
223 20
20 347
271 349
349 21
21 294
294 265
265 91
91 224
224 348
351 247
247 254
254 312
312 270
270 236
236 352
352 304
304 288
288 145
145 344
344 350
353 316
316 266
266 337
337 59
59 339
314 73
73 205
205 340
340 24
23 184
206 305
305 352
352 237
237 289
289 116
116 182
182 133
133 278
278 146
146 345
345 313
313 326
326 22
22 321
321 349
349 92
569
0 1.000000000000000 5.700000000000000
1 1.000000000000000 8.199999999999999
2 1.000000000000000 7.700000000000000
3 1.100000000000000 6.100000000000000
4 1.100000000000000 6.600000000000000
5 1.200000000000000 5.800000000000000
6 1.200000000000000 4.500000000000000
7 1.200000000000000 5.300000000000000
8 1.200000000000000 6.300000000000000
9 1.200000000000000 5.300000000000000
10 1.200000000000000 8.000000000000000
11 1.200000000000000 5.400000000000000
12 1.300000000000000 6.600000000000000
13 1.300000000000000 7.100000000000000
14 1.400000000000000 5.000000000000000
15 1.400000000000000 7.100000000000000
16 1.500000000000000 7.700000000000000
17 1.500000000000000 7.200000000000000
18 1.500000000000000 6.300000000000000
19 1.500000000000000 8.000000000000000
20 1.600000000000000 6.000000000000000
21 1.600000000000000 5.900000000000000
22 1.600000000000000 6.000000000000000
23 1.600000000000000 7.500000000000000
24 1.600000000000000 5.600000000000000
25 1.600000000000000 4.300000000000000
26 1.600000000000000 6.600000000000000
27 1.700000000000000 5.400000000000000
28 1.700000000000000 5.200000000000000
29 1.700000000000000 5.500000000000000
30 1.700000000000000 7.600000000000000
31 1.700000000000000 6.800000000000000
32 1.700000000000000 7.200000000000000
33 1.700000000000000 5.800000000000000
34 1.800000000000000 7.200000000000000
35 1.800000000000000 5.000000000000000
36 1.800000000000000 6.500000000000000
37 1.800000000000000 5.900000000000000
38 1.800000000000000 4.900000000000000
39 1.800000000000000 6.200000000000000
40 1.900000000000000 7.200000000000000
41 1.900000000000000 7.200000000000000
42 1.900000000000000 4.200000000000000
43 1.900000000000000 4.500000000000000
44 1.900000000000000 3.900000000000000
45 1.900000000000000 7.300000000000000
46 1.900000000000000 7.800000000000000
47 2.000000000000000 6.600000000000000
48 2.000000000000000 5.900000000000000
49 2.000000000000000 6.100000000000000
50 2.000000000000000 4.000000000000000
51 2.000000000000000 5.800000000000000
52 2.000000000000000 6.500000000000000
53 2.000000000000000 5.800000000000000
54 2.000000000000000 5.100000000000000
55 2.000000000000000 5.900000000000000
56 2.000000000000000 5.700000000000000
57 2.000000000000000 5.200000000000000
58 2.000000000000000 6.600000000000000
59 2.100000000000000 8.400000000000000
60 2.100000000000000 7.600000000000000
61 2.100000000000000 8.100000000000000
62 2.100000000000000 4.100000000000000
63 2.100000000000000 8.300000000000001
64 2.100000000000000 9.300000000000001
65 2.200000000000000 4.100000000000000
66 2.200000000000000 5.600000000000000
67 2.200000000000000 6.100000000000000
68 2.200000000000000 7.300000000000000
69 2.300000000000000 3.600000000000000
70 2.300000000000000 4.100000000000000
71 2.300000000000000 7.400000000000000
72 2.300000000000000 7.900000000000000
73 2.300000000000000 4.600000000000000
74 2.400000000000000 8.900000000000000
75 2.400000000000000 9.199999999999999
76 2.500000000000000 6.800000000000000
77 2.500000000000000 5.000000000000000
78 2.500000000000000 6.900000000000000
79 2.500000000000000 8.900000000000000
80 2.500000000000000 6.500000000000000
81 2.500000000000000 7.500000000000000
82 2.500000000000000 8.500000000000000
83 2.500000000000000 5.800000000000000
84 2.500000000000000 9.000000000000000
85 2.600000000000000 5.500000000000000
86 2.600000000000000 4.200000000000000
87 2.600000000000000 4.800000000000000
88 2.600000000000000 5.000000000000000
89 2.600000000000000 4.500000000000000
90 2.700000000000000 6.800000000000000
91 2.700000000000000 6.600000000000000
92 2.700000000000000 9.100000000000000
93 2.700000000000000 4.600000000000000
94 2.700000000000000 8.500000000000000
95 2.700000000000000 6.200000000000000
96 2.700000000000000 5.600000000000000
97 2.800000000000000 4.800000000000000
98 2.800000000000000 3.600000000000000
99 2.800000000000000 5.700000000000000
100 2.800000000000000 7.500000000000000
101 2.800000000000000 9.100000000000000
102 2.800000000000000 3.300000000000000
103 2.900000000000000 2.000000000000000
104 2.900000000000000 7.500000000000000
105 2.900000000000000 9.100000000000000
106 2.900000000000000 7.600000000000000
107 2.900000000000000 9.199999999999999
108 2.900000000000000 6.700000000000000
109 2.900000000000000 3.600000000000000
110 3.000000000000000 8.900000000000000
111 3.000000000000000 4.500000000000000
112 3.000000000000000 5.700000000000000
113 3.000000000000000 5.500000000000000
114 3.000000000000000 5.000000000000000
115 3.000000000000000 3.500000000000000
116 3.000000000000000 4.600000000000000
117 3.000000000000000 3.300000000000000
118 3.000000000000000 6.800000000000000
119 3.000000000000000 5.600000000000000
120 3.100000000000000 2.400000000000000
121 3.100000000000000 1.600000000000000
122 3.100000000000000 2.100000000000000
123 3.100000000000000 3.700000000000000
124 3.100000000000000 2.900000000000000
125 3.100000000000000 4.300000000000000
126 3.200000000000000 3.800000000000000
127 3.200000000000000 6.700000000000000
128 3.200000000000000 7.000000000000000
129 3.200000000000000 5.800000000000000
130 3.200000000000000 2.000000000000000
131 3.200000000000000 2.600000000000000
132 3.300000000000000 8.199999999999999
133 3.300000000000000 8.400000000000000
134 3.300000000000000 5.200000000000000
135 3.300000000000000 3.100000000000000
136 3.300000000000000 2.500000000000000
137 3.300000000000000 6.800000000000000
138 3.300000000000000 1.600000000000000
139 3.300000000000000 5.900000000000000
140 3.300000000000000 2.000000000000000
141 3.400000000000000 2.700000000000000
142 3.400000000000000 2.800000000000000
143 3.400000000000000 2.200000000000000
144 3.400000000000000 6.600000000000000
145 3.400000000000000 5.700000000000000
146 3.400000000000000 6.200000000000000
147 3.400000000000000 7.300000000000000
148 3.400000000000000 1.700000000000000
149 3.500000000000000 6.300000000000000
150 3.500000000000000 4.500000000000000
151 3.500000000000000 7.600000000000000
152 3.500000000000000 1.400000000000000
153 3.500000000000000 4.000000000000000
154 3.500000000000000 8.600000000000000
155 3.500000000000000 1.900000000000000
156 3.600000000000000 3.100000000000000
157 3.600000000000000 6.600000000000000
158 3.600000000000000 6.300000000000000
159 3.600000000000000 8.300000000000001
160 3.600000000000000 3.200000000000000
161 3.600000000000000 8.000000000000000
162 3.600000000000000 7.000000000000000
163 3.600000000000000 6.500000000000000
164 3.700000000000000 5.400000000000000
165 3.700000000000000 5.400000000000000
166 3.700000000000000 3.300000000000000
167 3.700000000000000 5.500000000000000
168 3.700000000000000 4.800000000000000
169 3.700000000000000 8.300000000000001
170 3.700000000000000 6.200000000000000
171 3.700000000000000 3.100000000000000
172 3.700000000000000 8.800000000000001
173 3.700000000000000 8.800000000000001
174 3.800000000000000 5.600000000000000
175 3.800000000000000 3.100000000000000
176 3.800000000000000 2.300000000000000
177 3.800000000000000 2.000000000000000
178 3.800000000000000 4.900000000000000
179 3.800000000000000 6.400000000000000
180 3.800000000000000 5.200000000000000
181 3.800000000000000 6.100000000000000
182 3.800000000000000 4.600000000000000
183 3.800000000000000 6.100000000000000
184 3.800000000000000 8.400000000000000
185 3.800000000000000 7.200000000000000
186 3.900000000000000 3.000000000000000
187 3.900000000000000 2.200000000000000
188 3.900000000000000 4.400000000000000
189 3.900000000000000 4.200000000000000
190 3.900000000000000 3.400000000000000
191 3.900000000000000 7.200000000000000
192 3.900000000000000 4.600000000000000
193 4.000000000000000 2.700000000000000
194 4.000000000000000 3.500000000000000
195 4.000000000000000 7.300000000000000
196 4.000000000000000 3.000000000000000
197 4.000000000000000 4.300000000000000
198 4.000000000000000 7.700000000000000
199 4.000000000000000 5.000000000000000
200 4.000000000000000 8.100000000000000
201 4.000000000000000 3.900000000000000
202 4.000000000000000 4.000000000000000
203 4.000000000000000 1.700000000000000
204 4.000000000000000 1.600000000000000
205 4.000000000000000 5.600000000000000
206 4.100000000000000 8.900000000000000
207 4.100000000000000 2.000000000000000
208 4.100000000000000 4.100000000000000
209 4.100000000000000 4.500000000000000
210 4.200000000000000 7.400000000000000
211 4.200000000000000 1.700000000000000
212 4.200000000000000 5.700000000000000
213 4.200000000000000 8.699999999999999
214 4.200000000000000 4.000000000000000
215 4.200000000000000 2.600000000000000
216 4.200000000000000 2.600000000000000
217 4.200000000000000 6.800000000000000
218 4.300000000000000 2.600000000000000
219 4.300000000000000 8.400000000000000
220 4.300000000000000 4.100000000000000
221 4.300000000000000 6.700000000000000
222 4.300000000000000 5.800000000000000
223 4.300000000000000 5.800000000000000
224 4.300000000000000 7.600000000000000
225 4.300000000000000 6.300000000000000
226 4.300000000000000 2.800000000000000
227 4.300000000000000 2.100000000000000
228 4.300000000000000 4.100000000000000
229 4.300000000000000 8.600000000000000
230 4.400000000000000 6.400000000000000
231 4.400000000000000 3.500000000000000
232 4.400000000000000 4.300000000000000
233 4.400000000000000 8.500000000000000
234 4.400000000000000 7.200000000000000
235 4.400000000000000 3.900000000000000
236 4.400000000000000 1.100000000000000
237 4.400000000000000 7.500000000000000
238 4.400000000000000 8.300000000000001
239 4.400000000000000 1.400000000000000
240 4.500000000000000 5.300000000000000
241 4.500000000000000 7.500000000000000
242 4.500000000000000 3.900000000000000
243 4.500000000000000 3.000000000000000
244 4.500000000000000 5.000000000000000
245 4.500000000000000 4.200000000000000
246 4.500000000000000 8.300000000000001
247 4.500000000000000 4.700000000000000
248 4.500000000000000 5.200000000000000
249 4.500000000000000 3.300000000000000
250 4.600000000000000 5.600000000000000
251 4.600000000000000 6.300000000000000
252 4.600000000000000 8.199999999999999
253 4.600000000000000 6.100000000000000
254 4.600000000000000 4.200000000000000
255 4.600000000000000 6.500000000000000
256 4.600000000000000 1.800000000000000
257 4.700000000000000 3.600000000000000
258 4.700000000000000 7.200000000000000
259 4.700000000000000 1.600000000000000
260 4.700000000000000 7.100000000000000
261 4.800000000000000 4.700000000000000
262 4.800000000000000 6.100000000000000
263 4.800000000000000 4.000000000000000
264 4.800000000000000 4.800000000000000
265 4.800000000000000 3.200000000000000
266 4.800000000000000 7.700000000000000
267 4.900000000000000 7.900000000000000
268 4.900000000000000 5.400000000000000
269 4.900000000000000 8.600000000000000
270 4.900000000000000 5.300000000000000
271 4.900000000000000 8.500000000000000
272 4.900000000000000 6.600000000000000
273 4.900000000000000 4.300000000000000
274 4.900000000000000 5.000000000000000
275 4.900000000000000 3.200000000000000
276 4.900000000000000 5.800000000000000
277 5.000000000000000 6.900000000000000
278 5.000000000000000 8.199999999999999
279 5.000000000000000 8.600000000000000
280 5.000000000000000 7.700000000000000
281 5.000000000000000 4.500000000000000
282 5.000000000000000 8.199999999999999
283 5.000000000000000 8.100000000000000
284 5.000000000000000 2.500000000000000
285 5.000000000000000 6.700000000000000
286 5.000000000000000 5.700000000000000
287 5.000000000000000 6.700000000000000
288 5.000000000000000 5.100000000000000
289 5.000000000000000 7.900000000000000
290 5.000000000000000 5.100000000000000
291 5.100000000000000 3.400000000000000
292 5.100000000000000 6.500000000000000
293 5.100000000000000 4.500000000000000
294 5.100000000000000 5.500000000000000
295 5.100000000000000 6.700000000000000
296 5.100000000000000 7.100000000000000
297 5.100000000000000 2.100000000000000
298 5.100000000000000 7.800000000000000
299 5.100000000000000 4.500000000000000
300 5.200000000000000 6.400000000000000
301 5.200000000000000 1.000000000000000
302 5.200000000000000 7.900000000000000
303 5.200000000000000 1.500000000000000
304 5.200000000000000 6.700000000000000
305 5.200000000000000 5.300000000000000
306 5.200000000000000 3.000000000000000
307 5.200000000000000 7.800000000000000
308 5.200000000000000 5.600000000000000
309 5.200000000000000 7.000000000000000
310 5.200000000000000 6.300000000000000
311 5.300000000000000 6.600000000000000
312 5.300000000000000 5.800000000000000
313 5.300000000000000 2.000000000000000
314 5.300000000000000 6.300000000000000
315 5.400000000000000 5.000000000000000
316 5.400000000000000 3.400000000000000
317 5.400000000000000 3.500000000000000
318 5.400000000000000 6.300000000000000
319 5.400000000000000 4.400000000000000
320 5.400000000000000 5.500000000000000
321 5.400000000000000 5.000000000000000
322 5.400000000000000 3.200000000000000
323 5.400000000000000 1.400000000000000
324 5.500000000000000 5.400000000000000
325 5.500000000000000 8.000000000000000
326 5.500000000000000 8.199999999999999
327 5.500000000000000 5.000000000000000
328 5.500000000000000 8.500000000000000
329 5.500000000000000 4.500000000000000
330 5.500000000000000 6.700000000000000
331 5.500000000000000 7.400000000000000
332 5.500000000000000 3.300000000000000
333 5.500000000000000 5.800000000000000
334 5.500000000000000 7.400000000000000
335 5.500000000000000 8.100000000000000
336 5.600000000000000 3.600000000000000
337 5.600000000000000 2.900000000000000
338 5.600000000000000 3.900000000000000
339 5.600000000000000 3.500000000000000
340 5.600000000000000 4.800000000000000
341 5.600000000000000 2.300000000000000
342 5.600000000000000 0.900000000000000
343 5.600000000000000 1.700000000000000
344 5.700000000000000 7.900000000000000
345 5.700000000000000 3.000000000000000
346 5.700000000000000 4.200000000000000
347 5.700000000000000 7.600000000000000
348 5.700000000000000 4.100000000000000
349 5.700000000000000 2.500000000000000
350 5.700000000000000 6.900000000000000
351 5.700000000000000 8.000000000000000
352 5.700000000000000 2.700000000000000
353 5.800000000000000 1.900000000000000
354 5.800000000000000 4.600000000000000
355 5.800000000000000 4.800000000000000
356 5.800000000000000 5.100000000000000
357 5.800000000000000 8.100000000000000
358 5.800000000000000 7.700000000000000
359 5.900000000000000 7.700000000000000
360 5.900000000000000 7.800000000000000
361 5.900000000000000 5.800000000000000
362 5.900000000000000 6.100000000000000
363 5.900000000000000 8.300000000000001
364 5.900000000000000 6.800000000000000
365 5.900000000000000 7.200000000000000
366 6.000000000000000 6.200000000000000
367 6.000000000000000 6.700000000000000
368 6.000000000000000 0.700000000000000
369 6.000000000000000 5.200000000000000
370 6.000000000000000 6.700000000000000
371 6.100000000000000 3.400000000000000
372 6.100000000000000 4.200000000000000
373 6.100000000000000 6.000000000000000
374 6.100000000000000 7.500000000000000
375 6.100000000000000 6.600000000000000
376 6.100000000000000 7.000000000000000
377 6.100000000000000 8.699999999999999
378 6.100000000000000 8.300000000000001
379 6.100000000000000 8.300000000000001
380 6.100000000000000 4.000000000000000
381 6.100000000000000 8.600000000000000
382 6.200000000000000 6.300000000000000
383 6.200000000000000 6.300000000000000
384 6.200000000000000 1.500000000000000
385 6.200000000000000 7.400000000000000
386 6.200000000000000 3.100000000000000
387 6.200000000000000 0.900000000000000
388 6.200000000000000 5.100000000000000
389 6.200000000000000 1.600000000000000
390 6.200000000000000 2.700000000000000
391 6.200000000000000 7.300000000000000
392 6.300000000000000 1.200000000000000
393 6.300000000000000 4.200000000000000
394 6.300000000000000 2.000000000000000
395 6.300000000000000 1.600000000000000
396 6.300000000000000 0.900000000000000
397 6.400000000000000 3.800000000000000
398 6.400000000000000 1.900000000000000
399 6.400000000000000 8.800000000000001
400 6.400000000000000 6.500000000000000
401 6.400000000000000 3.000000000000000
402 6.400000000000000 7.500000000000000
403 6.400000000000000 6.400000000000000
404 6.400000000000000 6.800000000000000
405 6.400000000000000 4.000000000000000
406 6.400000000000000 0.700000000000000
407 6.500000000000000 7.700000000000000
408 6.500000000000000 5.900000000000000
409 6.500000000000000 4.300000000000000
410 6.500000000000000 5.500000000000000
411 6.600000000000000 3.800000000000000
412 6.600000000000000 3.000000000000000
413 6.600000000000000 7.700000000000000
414 6.600000000000000 6.400000000000000
415 6.600000000000000 6.300000000000000
416 6.600000000000000 6.600000000000000
417 6.700000000000000 3.800000000000000
418 6.700000000000000 9.000000000000000
419 6.700000000000000 8.699999999999999
420 6.700000000000000 5.000000000000000
421 6.800000000000000 5.700000000000000
422 6.800000000000000 3.200000000000000
423 6.800000000000000 8.100000000000000
424 6.800000000000000 4.300000000000000
425 6.800000000000000 4.900000000000000
426 6.800000000000000 3.600000000000000
427 6.800000000000000 4.100000000000000
428 6.900000000000000 3.100000000000000
429 6.900000000000000 6.100000000000000
430 6.900000000000000 4.100000000000000
431 6.900000000000000 7.900000000000000
432 6.900000000000000 8.699999999999999
433 6.900000000000000 4.900000000000000
434 6.900000000000000 3.100000000000000
435 7.000000000000000 8.400000000000000
436 7.000000000000000 5.300000000000000
437 7.000000000000000 6.900000000000000
438 7.000000000000000 3.200000000000000
439 7.000000000000000 8.100000000000000
440 7.000000000000000 5.800000000000000
441 7.000000000000000 8.800000000000001
442 7.100000000000000 3.200000000000000
443 7.100000000000000 4.200000000000000
444 7.100000000000000 4.600000000000000
445 7.100000000000000 5.600000000000000
446 7.100000000000000 3.200000000000000
447 7.200000000000000 4.100000000000000
448 7.200000000000000 6.300000000000000
449 7.200000000000000 5.000000000000000
450 7.200000000000000 3.000000000000000
451 7.200000000000000 3.600000000000000
452 7.200000000000000 8.199999999999999
453 7.200000000000000 2.900000000000000
454 7.200000000000000 9.199999999999999
455 7.200000000000000 3.900000000000000
456 7.300000000000000 5.500000000000000
457 7.300000000000000 7.800000000000000
458 7.300000000000000 5.400000000000000
459 7.300000000000000 4.100000000000000
460 7.300000000000000 5.200000000000000
461 7.400000000000000 3.900000000000000
462 7.400000000000000 8.900000000000000
463 7.400000000000000 3.700000000000000
464 7.400000000000000 3.900000000000000
465 7.500000000000000 3.900000000000000
466 7.500000000000000 8.900000000000000
467 7.500000000000000 4.800000000000000
468 7.500000000000000 8.300000000000001
469 7.500000000000000 8.199999999999999
470 7.500000000000000 7.800000000000000
471 7.500000000000000 5.800000000000000
472 7.500000000000000 3.000000000000000
473 7.500000000000000 6.200000000000000
474 7.600000000000000 4.000000000000000
475 7.600000000000000 3.700000000000000
476 7.600000000000000 5.000000000000000
477 7.600000000000000 4.400000000000000
478 7.600000000000000 2.500000000000000
479 7.600000000000000 5.200000000000000
480 7.600000000000000 2.700000000000000
481 7.600000000000000 7.900000000000000
482 7.600000000000000 4.900000000000000
483 7.700000000000000 6.000000000000000
484 7.700000000000000 5.500000000000000
485 7.700000000000000 3.600000000000000
486 7.700000000000000 2.700000000000000
487 7.700000000000000 6.100000000000000
488 7.700000000000000 6.500000000000000
489 7.700000000000000 2.700000000000000
490 7.700000000000000 3.600000000000000
491 7.700000000000000 9.000000000000000
492 7.700000000000000 2.400000000000000
493 7.700000000000000 7.600000000000000
494 7.800000000000000 7.500000000000000
495 7.800000000000000 2.400000000000000
496 7.800000000000000 9.300000000000001
497 7.800000000000000 5.100000000000000
498 7.800000000000000 2.800000000000000
499 7.800000000000000 5.900000000000000
500 7.800000000000000 2.900000000000000
501 7.800000000000000 8.500000000000000
502 7.800000000000000 6.700000000000000
503 7.800000000000000 8.600000000000000
504 7.800000000000000 2.400000000000000
505 7.900000000000000 4.000000000000000
506 7.900000000000000 5.300000000000000
507 7.900000000000000 7.000000000000000
508 7.900000000000000 6.900000000000000
509 7.900000000000000 2.400000000000000
510 7.900000000000000 4.100000000000000
511 8.000000000000000 7.200000000000000
512 8.000000000000000 2.400000000000000
513 8.000000000000000 5.200000000000000
514 8.000000000000000 2.500000000000000
515 8.000000000000000 8.500000000000000
516 8.000000000000000 8.400000000000000
517 8.000000000000000 7.700000000000000
518 8.000000000000000 4.400000000000000
519 8.000000000000000 6.300000000000000
520 8.000000000000000 4.100000000000000
521 8.000000000000000 4.800000000000000
522 8.000000000000000 8.000000000000000
523 8.100000000000000 4.100000000000000
524 8.100000000000000 4.500000000000000
525 8.100000000000000 5.700000000000000
526 8.100000000000000 3.700000000000000
527 8.100000000000000 2.700000000000000
528 8.100000000000000 2.600000000000000
529 8.100000000000000 4.200000000000000
530 8.100000000000000 2.300000000000000
531 8.199999999999999 4.600000000000000
532 8.199999999999999 7.500000000000000
533 8.199999999999999 6.400000000000000
534 8.199999999999999 2.500000000000000
535 8.199999999999999 3.800000000000000
536 8.199999999999999 3.800000000000000
537 8.199999999999999 2.600000000000000
538 8.199999999999999 4.500000000000000
539 8.199999999999999 3.500000000000000
540 8.199999999999999 7.400000000000000
541 8.300000000000001 3.500000000000000
542 8.300000000000001 6.400000000000000
543 8.300000000000001 4.900000000000000
544 8.300000000000001 5.900000000000000
545 8.300000000000001 2.800000000000000
546 8.300000000000001 3.100000000000000
547 8.300000000000001 3.800000000000000
548 8.400000000000000 6.000000000000000
549 8.400000000000000 4.200000000000000
550 8.400000000000000 5.200000000000000
551 8.400000000000000 3.300000000000000
552 8.400000000000000 4.700000000000000
553 8.500000000000000 5.400000000000000
554 8.500000000000000 4.100000000000000
555 8.500000000000000 5.800000000000000
556 8.500000000000000 4.400000000000000
557 8.600000000000000 4.700000000000000
558 8.600000000000000 6.500000000000000
559 8.600000000000000 6.800000000000000
560 8.600000000000000 5.600000000000000
561 8.699999999999999 2.800000000000000
562 8.699999999999999 6.200000000000000
563 8.699999999999999 5.900000000000000
564 8.699999999999999 7.300000000000000
565 8.800000000000001 7.300000000000000
566 8.800000000000001 4.500000000000000
567 8.800000000000001 3.400000000000000
568 8.800000000000001 5.600000000000000
