342
0 5.750000000000000 0.260000000000000
1 9.230000000000000 9.150000000000000
2 8.356010159222627 6.917307561922171
3 8.037035356439759 6.102455264008462
4 7.152208177020411 3.842077785549268
5 6.253426647974031 1.546052557611822
6 6.774726429805952 2.877763781889344
7 6.537918212194598 2.272814053566086
8 6.042920795321488 1.008294790347134
9 6.756070570380675 2.830105566288564
10 5.928532142549794 0.716077800938985
11 7.379505669247788 4.422731436670354
12 6.569104139345948 2.352481551375136
13 7.152249940239680 3.842184473773207
14 7.548601228420297 4.854702563407024
15 7.031967118644068 3.534910254237288
16 7.270768857917028 4.144952628414475
17 8.214080724931126 6.554734955355661
18 7.061877498564436 3.611319242022367
19 8.793790501049763 8.035660216762183
20 2.490000000000000 6.630000000000000
21 0.600000000000000 6.280000000000000
22 1.091921216309607 6.371096521538816
23 1.519333888426311 6.450247016375243
24 0.918897936262811 6.339055173382002
25 3.720000000000000 5.480000000000000
26 4.330000000000000 7.280000000000000
27 3.982927760957528 6.255852409382870
28 4.053801703809139 6.464988634190902
29 3.969847775373589 6.217255730610589
30 3.735559272423166 5.525912607150325
31 3.733080443390926 5.518598029678143
32 3.836364585717555 5.823370908674754
33 3.986223139473766 6.265576477135702
34 9.430000000000000 6.780000000000000
35 1.530000000000000 7.790000000000000
36 6.014590544724028 7.216653613902372
37 4.824447957591089 7.368811083902911
38 4.236037834972723 7.444038200845259
39 3.441166299106642 7.545661017455986
40 2.955268197957221 7.607782167096609
41 5.873375970762904 7.234707629054363
42 8.246706923109196 6.931281773121483
43 3.161946394773795 7.581358752060566
44 3.726492234750122 7.509182638342073
45 7.504879480047445 7.026123003183808
46 4.976582258753605 7.349361002361881
47 7.489011714761773 7.028151666846913
48 6.919024859373286 7.101023404054808
49 7.068450605314689 7.081919606155970
50 8.432621069161756 6.907513002550206
51 3.333204955133805 7.559463670293020
52 3.170000000000000 6.260000000000000
53 5.130000000000000 6.250000000000000
54 3.875946625681151 6.256398231501627
55 4.973157545373557 6.250800216605237
56 3.954429122463132 6.255997810599678
57 3.531211977186312 6.258157081749049
58 4.350292716843386 6.253978098383452
59 3.991152003458172 6.255810448961948
60 6.630000000000000 9.529999999999999
61 5.800000000000000 6.410000000000000
62 5.970937133353837 7.052558862727677
63 2.810000000000000 3.560000000000000
64 4.976745826632482 4.613915643769878
65 4.587924106862759 4.424790879773124
66 3.874677462654788 4.077864264312449
67 5.751534045859630 4.990776378801814
68 4.667761650591504 4.463624246964447
69 4.506535341196293 4.385202990732941
70 6.525284241213625 5.367132214004211
71 6.801668020949272 5.501566620461730
72 7.662335653078233 5.920199517056179
73 4.107995051036189 4.191351067120322
74 5.288718391388239 4.765660607291560
75 4.857870131912633 4.556093931232429
76 5.102534080564188 4.675099658522157
77 7.521269693084726 5.851584352225501
78 3.175988559361677 3.738018604402507
79 7.092511541854455 5.643034314920143
80 7.065700745101857 5.629993413780662
81 8.200312142002085 6.181873881759323
82 5.290000000000000 8.990000000000000
83 0.800000000000000 8.199999999999999
84 3.024952036270893 8.591472629989756
85 4.963946396367663 8.932631994015692
86 2.886835843001728 8.567171562577141
87 1.523458477882664 8.327290021721003
88 2.829694130865894 8.557117675586650
89 1.070000000000000 6.000000000000000
90 8.060000000000000 3.520000000000000
91 3.056409932178593 5.295236533361529
92 3.660432167475792 5.080933937719604
93 4.547311828157798 4.766275631783786
94 3.331098871180548 5.197778941269276
95 7.816805334004277 3.606283658321801
96 6.578827976288688 4.045508815279550
97 3.881641741442340 5.002450426498283
98 4.927077659831030 4.631537539859663
99 2.529124657493886 5.482313426239651
100 3.159389111747851 5.258700286532951
101 4.935512365551469 4.628544969017504
102 7.154606348806452 3.841226932040057
103 3.676367495780379 5.075280201783213
104 7.580530837302869 3.690112092058496
105 3.994649951504400 4.962355954258811
106 7.597751895567890 3.684002188696943
107 2.905935782747603 5.348623642172524
108 1.499767224726337 5.847521785790942
109 7.313622463268559 3.784809197581398
110 7.062374905231236 3.873949962092495
111 7.420739669306912 3.746804809745187
112 9.529999999999999 5.980000000000000
113 9.670000000000000 0.150000000000000
114 9.605273834030330 2.845382482879844
115 4.380000000000000 3.770000000000000
116 4.510000000000000 0.740000000000000
117 4.456204220755675 1.993855470079271
118 4.381530073197447 3.734337524705653
119 4.408053298667533 3.116142346441340
120 4.419621177041300 2.846521796652775
121 6.960000000000000 1.370000000000000
122 0.980000000000000 2.860000000000000
123 5.782171934213073 1.663472210371659
124 5.275112343265723 1.789813145239812
125 4.741056591156065 1.922880548357435
126 2.606063137812789 2.454843800110191
127 5.711682265593984 1.681035689676415
128 2.359126081486996 2.516371595080999
129 2.774237228368669 2.412940891259312
130 2.099216165860946 2.581131758004547
131 5.320000000000000 7.950000000000000
132 3.169695825577227 5.428099482070987
133 2.698262163390574 4.875196869045627
134 4.510189656666256 7.000245472910425
135 3.929345447436965 6.319024960242892
136 3.105996163955388 5.353391814408508
137 3.616589422688737 5.952221235365362
138 2.940835510883295 5.159689573823956
139 3.190226515027302 5.452178101725568
140 3.133203474287516 5.385300848876372
141 3.509604617575572 5.826748272686557
142 3.948129478558978 6.341055079692442
143 1.810000000000000 6.390000000000000
144 7.860000000000000 2.110000000000000
145 7.094807197943446 2.651326478149101
146 4.720559940163003 4.330959248942538
147 6.156633711010981 3.315026068904629
148 3.908766703386178 4.905252646199530
149 4.512840538730561 4.477907850286480
150 2.695339531140454 5.763677158135348
151 3.311647502059192 5.327677469617630
152 4.661431303578699 4.372789094327796
153 7.019108018617437 2.704878955424360
154 3.062012736948366 5.504278592704297
155 3.674079828857738 5.071279063221303
156 3.941149366766372 4.882343919047922
157 6.167734158432925 3.307173190397865
158 3.212177953463891 5.398046009780916
159 2.592790290167631 5.836224389765709
160 7.481005535935861 2.378115091932979
161 7.060105824902772 2.675875548663825
162 7.074604521965078 2.665618619171814
163 1.260000000000000 5.850000000000000
164 5.170938151443352 3.199304701162056
165 5.831135078776645 2.751846617238183
166 4.201478020666371 3.856370425945503
167 3.718889121297456 4.183452081879251
168 2.321373658748841 5.130638542821831
169 2.543856719799265 4.979847407508227
170 4.147335706515092 3.893066167998094
171 6.500100951970431 2.298445252528958
172 3.320747068434748 4.453298657541253
173 3.550254485057948 4.297746662921486
174 5.335396171015457 3.087840882902722
175 2.174025914098804 5.230505623024592
176 7.577364017647005 1.568314518360532
177 6.030000000000000 4.540000000000000
178 4.220000000000000 7.470000000000000
179 5.584880175218491 5.260553086524762
180 5.778407794420541 4.947273570357909
181 5.055410969580903 6.117649645927047
182 5.595091036106059 5.244023902878038
183 4.648739624318636 6.775962928589168
184 5.137504045698664 5.984758644255753
185 7.060000000000000 2.620000000000000
186 7.927089580930412 3.400380622837370
187 8.024262750890609 3.487836475801547
188 7.596628643852978 3.102965779467680
189 7.414282922592553 2.938854630333297
190 6.090000000000000 0.890000000000000
191 2.540000000000000 9.810000000000000
192 3.320082322231225 7.849905826957034
193 4.772010447643693 4.201680790709369
194 4.403867415167876 5.126704973719026
195 5.545620865149857 2.257848417707964
196 4.642882669271698 4.526137067632804
197 3.564689400267122 7.235287478765428
198 4.169259393658178 5.716198931991282
199 4.692408371613320 4.401695021185685
200 5.760094017094017 1.718946864090526
201 4.483483837865571 4.926654694715239
202 4.117366440457475 5.846589112991358
203 2.709150669934437 9.384979161742203
204 5.226698294952043 3.059197523669795
205 4.127805715216532 5.820358597258743
206 3.817824907521577 6.599239950678177
207 4.390000000000000 8.560000000000000
208 1.030000000000000 6.330000000000000
209 1.368395819132016 6.554590082340594
210 3.123426769446391 7.719387409483766
211 3.220107860017479 7.783553728523506
212 0.970000000000000 6.830000000000000
213 6.127506557347710 3.264630113886066
214 3.945700496806245 4.772906553110953
215 4.421458242028733 4.444016551898034
216 2.642321100346452 5.673929091550319
217 3.209882778330319 5.281575287886595
218 4.603155565611657 4.318409699306226
219 6.980712329454725 2.674811345319475
220 2.639183995185735 5.676097763590814
221 3.628756775739769 4.992008862748042
222 3.892544289837389 4.809653290605024
223 6.094052219988613 3.287757003915918
224 3.073723548900889 5.375701783107925
225 2.404740265809298 5.838168059268121
226 6.340000000000000 0.770000000000000
227 1.380000000000000 0.120000000000000
228 4.080000000000000 5.090000000000000
229 7.080000000000000 5.430000000000000
230 6.853734913870286 5.404356623571966
231 5.616664933100090 5.264155359084676
232 4.081179434162821 5.090133669205120
233 7.065318818433250 5.428336132755768
234 4.552503885722745 5.143550440381911
235 4.960000000000000 8.940000000000000
236 8.720000000000001 1.920000000000000
237 7.099258057941729 4.945959689693900
238 6.879773852764304 5.355741370636858
239 6.491556556888211 6.080551321979987
240 7.921226670586705 3.411326801191843
241 7.840182038383480 3.562638853869142
242 7.570206204748614 4.066689479432108
243 7.753233468286099 3.724973684210527
244 7.197219624055824 4.763063361470244
245 6.416000087303363 6.221616858279360
246 7.064528032926768 5.010801385333535
247 7.540753266349712 4.121678742081124
248 4.940000000000000 1.210000000000000
249 8.350000000000000 7.110000000000000
250 6.592723831068070 4.069551496569389
251 7.525862364305539 5.684072712434804
252 6.149285202847841 3.302311641290985
253 7.162447431033375 5.055290276568009
254 8.006890569928309 6.516350252955140
255 7.064290641821485 4.885458881743919
256 4.073497565167574 4.314967058149526
257 3.356753568030447 6.883299714557564
258 3.737093228740140 5.520415930347830
259 4.182166916970607 3.925568547521991
260 3.828519963080954 5.192803465626582
261 3.800653757549343 5.292657368781521
262 2.665745554035568 9.359411764705882
263 3.922812774685028 4.854920890711983
264 4.478934426229508 2.862151639344262
265 3.652015910323631 5.825276321340324
266 2.963789015243165 8.291422695378660
267 1.930000000000000 3.520000000000000
268 4.946398289345555 4.638703054883496
269 5.074858794071025 4.686345688674884
270 3.017795266750494 3.923434749416203
271 3.393019014806423 4.062595401607819
272 2.155167136687242 3.603508588557793
273 7.065311652418402 5.424552476916340
274 4.300000000000000 8.480000000000000
275 2.118443044523570 4.787123466934476
276 2.642746938815398 5.674649938597149
277 2.402115155706205 5.267315414177370
278 2.737314164023727 5.834730602955826
279 3.528086264880158 7.173326749586292
280 5.480000000000000 6.310000000000000
281 0.690000000000000 4.140000000000000
282 3.399106047278574 5.367298564215972
283 3.998615015338801 5.638892397345552
284 3.607972150593092 5.461920577617329
285 4.393125327434658 5.817616275685429
286 4.245955350625626 5.750944282016202
287 1.840000000000000 1.740000000000000
288 8.720000000000001 8.160000000000000
289 5.020936315287731 4.708257433742330
290 7.489461779779214 7.011736137526533
291 2.477306112871054 2.334695529743048
292 6.985595763348816 6.541558837310959
293 6.698894789816944 6.274026824218718
294 7.067572072295668 6.618054172113109
295 8.020750440850735 3.489263725511279
296 7.595174713585916 3.155995972892633
297 7.406066519657336 3.007905612576731
298 7.060221733044100 2.737075047285239
299 7.109947260236923 2.776015037593984
300 9.840000000000000 2.750000000000000
301 3.759579284834574 5.220817952360071
302 7.581139762576380 3.667902343924695
303 7.563640360418123 3.675013338218289
304 3.291813012064853 5.410897777163204
305 2.236055605753138 5.839911569966375
306 7.314647695505697 3.776193104436958
307 7.062383905517629 3.878702113308387
308 7.416852120817978 3.734661680757280
309 4.102518476041124 5.820619964071926
310 4.160026923516350 5.921202467823417
311 2.480000000000000 9.250000000000000
312 3.210000000000000 9.680000000000000
313 7.600000000000000 2.980000000000000
314 7.410000000000000 9.910000000000000
315 7.580820676637142 3.679540583708436
316 7.505590076379717 6.423477740466137
317 7.566494123269463 4.202082767066414
318 2.186387229458427 2.258034472627558
319 9.480000000000000 4.180000000000000
320 2.080000000000000 2.230000000000000
321 7.333891036796144 3.614471286723308
322 7.061747647397733 3.542757826003457
323 7.382472327661720 3.627273113370318
324 0.250000000000000 4.920000000000000
325 0.780094252247344 5.005548351947698
326 5.130000000000000 5.810000000000000
327 4.211358154168852 5.819495006158461
328 2.190000000000000 4.240000000000000
329 8.390000000000001 0.270000000000000
330 7.620000000000000 1.210000000000000
331 7.010559007902711 6.331766721464081
332 7.066145111479361 5.864618861102741
333 7.345944373338584 3.513174559417152
334 4.680000000000000 5.900000000000000
335 7.067049682504228 6.342232362232362
336 8.326339499911446 6.575532370509911
337 1.660000000000000 8.630000000000001
338 7.070000000000000 7.900000000000000
339 8.840000000000000 8.180000000000000
340 4.630000000000000 4.990000000000000
341 9.570000000000000 7.130000000000000
600
0 10
10 8
8 5
5 7
7 12
12 9
9 6
6 15
15 18
18 4
4 13
13 16
16 11
11 14
14 3
3 17
17 2
2 19
19 1
21 24
24 22
22 23
23 20
25 31
31 30
30 32
32 29
29 27
27 33
33 28
28 26
35 40
40 43
43 51
51 39
39 44
44 38
38 37
37 46
46 41
41 36
36 48
48 49
49 47
47 45
45 42
42 2
2 50
50 34
52 57
57 54
54 56
56 27
27 59
59 58
58 55
55 53
61 62
62 36
36 60
63 78
78 66
66 73
73 69
69 65
65 68
68 75
75 64
64 76
76 74
74 67
67 70
70 71
71 80
80 79
79 77
77 72
72 3
3 81
81 34
83 87
87 88
88 86
86 84
84 85
85 82
89 108
108 99
99 107
107 91
91 100
100 94
94 92
92 103
103 97
97 105
105 93
93 98
98 101
101 64
64 96
96 110
110 4
4 102
102 109
109 111
111 104
104 106
106 95
95 90
112 114
114 113
115 118
118 119
119 120
120 117
117 116
122 130
130 128
128 126
126 129
129 117
117 125
125 124
124 127
127 123
123 5
5 121
122 133
133 138
138 91
91 136
136 140
140 132
132 139
139 141
141 137
137 54
54 135
135 142
142 28
28 134
134 37
37 131
143 159
159 150
150 154
154 132
132 158
158 151
151 92
92 155
155 148
148 156
156 149
149 65
65 152
152 146
146 147
147 157
157 6
6 153
153 161
161 162
162 145
145 160
160 144
163 175
175 168
168 169
169 133
133 172
172 173
173 167
167 66
66 170
170 166
166 118
118 164
164 174
174 165
165 171
171 7
7 176
176 113
178 38
38 134
134 183
183 55
55 181
181 184
184 179
179 182
182 67
67 180
180 177
185 145
145 189
189 188
188 186
186 187
187 90
191 203
203 84
84 192
192 39
39 197
197 206
206 135
135 56
56 29
29 202
202 205
205 198
198 194
194 201
201 93
93 196
196 68
68 199
199 146
146 193
193 164
164 204
204 195
195 200
200 123
123 8
8 190
208 22
22 209
209 40
40 210
210 211
211 192
192 207
212 209
209 23
23 225
225 220
220 216
216 224
224 136
136 217
217 94
94 221
221 222
222 214
214 215
215 69
69 218
218 193
193 223
223 213
213 9
9 219
219 185
227 10
10 226
228 232
232 194
194 234
234 179
179 231
231 70
70 230
230 233
233 229
235 85
85 41
41 62
62 245
245 239
239 71
71 230
230 238
238 246
246 237
237 244
244 11
11 247
247 242
242 243
243 95
95 241
241 240
240 186
186 236
248 124
124 195
195 165
165 213
213 252
252 147
147 96
96 250
250 255
255 237
237 253
253 251
251 72
72 254
254 42
42 249
191 262
262 86
86 266
266 210
210 43
43 257
257 57
57 137
137 265
265 30
30 258
258 261
261 260
260 97
97 148
148 263
263 214
214 256
256 73
73 259
259 166
166 119
119 264
264 125
125 248
267 272
272 270
270 271
271 167
167 256
256 215
215 149
149 196
196 98
98 268
268 269
269 74
74 180
180 238
238 273
273 229
122 275
275 168
168 277
277 99
99 216
216 276
276 150
150 278
278 257
257 279
279 197
197 44
44 274
281 275
275 169
169 138
138 100
100 217
217 151
151 282
282 284
284 31
31 258
258 283
283 198
198 286
286 285
285 181
181 280
287 291
291 126
126 170
170 259
259 218
218 152
152 199
199 75
75 101
101 268
268 289
289 182
182 231
231 239
239 293
293 292
292 294
294 290
290 45
45 288
116 127
127 200
200 171
171 12
12 219
219 153
153 298
298 299
299 297
297 296
296 240
240 295
295 90
208 305
305 220
220 276
276 154
154 139
139 304
304 282
282 301
301 260
260 232
232 201
201 289
289 269
269 76
76 250
250 307
307 13
13 102
102 306
306 308
308 303
303 302
302 241
241 295
295 187
187 114
114 300
227 287
63 270
270 172
172 221
221 155
155 103
103 301
301 261
261 283
283 309
309 202
202 310
310 58
58 183
183 46
46 131
311 262
262 203
203 312
314 47
47 290
290 316
316 77
77 251
251 14
14 317
317 242
242 104
104 315
315 302
302 296
296 188
188 313
287 318
318 128
128 78
78 271
271 173
173 222
222 263
263 156
156 105
105 228
320 318
318 291
291 129
129 120
120 264
264 204
204 174
174 223
223 252
252 157
157 15
15 322
322 321
321 323
323 303
303 315
315 106
106 243
243 319
324 325
325 175
175 277
277 107
107 224
224 140
140 158
158 304
304 284
284 25
281 325
325 24
24 212
287 116
163 108
108 305
305 225
225 159
159 278
278 141
141 265
265 32
32 309
309 205
205 327
327 285
285 326
320 130
130 272
272 328
190 329
60 48
48 292
292 331
331 332
332 79
79 253
253 244
244 16
16 109
109 306
306 321
321 333
333 297
297 189
189 160
160 176
176 330
334 184
184 245
245 293
293 331
331 335
335 316
316 254
254 17
17 336
336 34
21 87
87 337
185 161
161 298
298 322
322 18
18 110
110 307
307 255
255 246
246 273
273 233
233 80
80 332
332 335
335 294
294 49
49 338
185 162
162 299
299 333
333 323
323 308
308 111
111 247
247 317
317 81
81 336
336 50
50 19
19 339
311 88
88 266
266 211
211 51
51 279
279 206
206 142
142 33
33 59
59 310
310 327
327 286
286 234
234 340
1 341
606
0 0.700000000000000 6.500000000000000
1 0.800000000000000 6.400000000000000
2 0.800000000000000 5.400000000000000
3 0.800000000000000 5.000000000000000
4 0.800000000000000 6.500000000000000
5 0.800000000000000 4.200000000000000
6 0.800000000000000 5.500000000000000
7 0.900000000000000 4.700000000000000
8 1.000000000000000 3.300000000000000
9 1.000000000000000 3.400000000000000
10 1.000000000000000 6.700000000000000
11 1.000000000000000 5.500000000000000
12 1.000000000000000 6.100000000000000
13 1.000000000000000 4.300000000000000
14 1.000000000000000 6.500000000000000
15 1.000000000000000 6.800000000000000
16 1.100000000000000 2.900000000000000
17 1.100000000000000 4.400000000000000
18 1.100000000000000 5.000000000000000
19 1.100000000000000 6.400000000000000
20 1.100000000000000 5.600000000000000
21 1.200000000000000 3.100000000000000
22 1.200000000000000 5.000000000000000
23 1.200000000000000 3.700000000000000
24 1.200000000000000 5.500000000000000
25 1.200000000000000 3.300000000000000
26 1.200000000000000 4.300000000000000
27 1.200000000000000 5.400000000000000
28 1.300000000000000 4.600000000000000
29 1.400000000000000 2.600000000000000
30 1.400000000000000 6.300000000000000
31 1.400000000000000 3.800000000000000
32 1.400000000000000 2.600000000000000
33 1.400000000000000 0.800000000000000
34 1.400000000000000 2.200000000000000
35 1.400000000000000 7.600000000000000
36 1.400000000000000 2.300000000000000
37 1.400000000000000 1.400000000000000
38 1.500000000000000 3.000000000000000
39 1.500000000000000 6.500000000000000
40 1.500000000000000 4.800000000000000
41 1.500000000000000 5.700000000000000
42 1.500000000000000 0.400000000000000
43 1.500000000000000 5.200000000000000
44 1.500000000000000 8.000000000000000
45 1.600000000000000 3.800000000000000
46 1.700000000000000 2.800000000000000
47 1.700000000000000 2.400000000000000
48 1.700000000000000 0.200000000000000
49 1.700000000000000 0.200000000000000
50 1.700000000000000 1.300000000000000
51 1.800000000000000 2.700000000000000
52 1.800000000000000 8.000000000000000
53 1.800000000000000 5.800000000000000
54 1.800000000000000 0.500000000000000
55 1.800000000000000 1.000000000000000
56 1.900000000000000 2.500000000000000
57 1.900000000000000 0.400000000000000
58 1.900000000000000 5.700000000000000
59 1.900000000000000 7.200000000000000
60 1.900000000000000 4.500000000000000
61 2.000000000000000 4.800000000000000
62 2.000000000000000 4.500000000000000
63 2.000000000000000 5.400000000000000
64 2.000000000000000 4.300000000000000
65 2.000000000000000 8.100000000000000
66 2.000000000000000 2.500000000000000
67 2.000000000000000 4.100000000000000
68 2.000000000000000 4.100000000000000
69 2.000000000000000 5.100000000000000
70 2.000000000000000 2.500000000000000
71 2.100000000000000 8.300000000000001
72 2.100000000000000 1.500000000000000
73 2.200000000000000 1.300000000000000
74 2.200000000000000 0.800000000000000
75 2.200000000000000 0.500000000000000
76 2.200000000000000 1.300000000000000
77 2.200000000000000 1.800000000000000
78 2.200000000000000 8.000000000000000
79 2.300000000000000 6.700000000000000
80 2.300000000000000 6.200000000000000
81 2.300000000000000 3.400000000000000
82 2.300000000000000 3.900000000000000
83 2.300000000000000 0.800000000000000
84 2.300000000000000 6.700000000000000
85 2.300000000000000 4.400000000000000
86 2.400000000000000 1.800000000000000
87 2.400000000000000 1.300000000000000
88 2.400000000000000 6.800000000000000
89 2.400000000000000 6.000000000000000
90 2.400000000000000 4.200000000000000
91 2.400000000000000 4.900000000000000
92 2.400000000000000 1.800000000000000
93 2.400000000000000 5.700000000000000
94 2.400000000000000 6.800000000000000
95 2.400000000000000 4.700000000000000
96 2.400000000000000 3.600000000000000
97 2.500000000000000 3.500000000000000
98 2.500000000000000 2.400000000000000
99 2.500000000000000 1.500000000000000
100 2.500000000000000 2.300000000000000
101 2.500000000000000 5.800000000000000
102 2.500000000000000 6.600000000000000
103 2.500000000000000 8.000000000000000
104 2.500000000000000 0.500000000000000
105 2.600000000000000 0.600000000000000
106 2.600000000000000 8.699999999999999
107 2.600000000000000 5.800000000000000
108 2.600000000000000 4.900000000000000
109 2.600000000000000 2.900000000000000
110 2.600000000000000 8.500000000000000
111 2.600000000000000 7.500000000000000
112 2.600000000000000 3.600000000000000
113 2.600000000000000 7.500000000000000
114 2.600000000000000 1.400000000000000
115 2.600000000000000 3.300000000000000
116 2.600000000000000 7.700000000000000
117 2.600000000000000 7.800000000000000
118 2.600000000000000 5.400000000000000
119 2.600000000000000 9.500000000000000
120 2.700000000000000 8.500000000000000
121 2.700000000000000 9.100000000000000
122 2.700000000000000 9.000000000000000
123 2.700000000000000 8.100000000000000
124 2.700000000000000 3.300000000000000
125 2.700000000000000 4.000000000000000
126 2.700000000000000 0.700000000000000
127 2.700000000000000 3.500000000000000
128 2.700000000000000 9.000000000000000
129 2.700000000000000 3.700000000000000
130 2.700000000000000 1.900000000000000
131 2.700000000000000 7.600000000000000
132 2.800000000000000 1.700000000000000
133 2.800000000000000 3.200000000000000
134 2.800000000000000 8.699999999999999
135 2.800000000000000 8.100000000000000
136 2.800000000000000 4.200000000000000
137 2.800000000000000 2.300000000000000
138 2.800000000000000 6.000000000000000
139 2.800000000000000 3.800000000000000
140 2.800000000000000 2.900000000000000
141 2.800000000000000 1.900000000000000
142 2.800000000000000 5.300000000000000
143 2.800000000000000 3.400000000000000
144 2.800000000000000 3.300000000000000
145 2.800000000000000 3.500000000000000
146 2.900000000000000 3.600000000000000
147 2.900000000000000 4.900000000000000
148 2.900000000000000 8.600000000000000
149 2.900000000000000 2.300000000000000
150 2.900000000000000 4.800000000000000
151 2.900000000000000 0.600000000000000
152 2.900000000000000 7.200000000000000
153 3.000000000000000 4.600000000000000
154 3.000000000000000 2.000000000000000
155 3.000000000000000 3.400000000000000
156 3.000000000000000 5.600000000000000
157 3.000000000000000 7.700000000000000
158 3.000000000000000 3.900000000000000
159 3.000000000000000 4.000000000000000
160 3.100000000000000 8.199999999999999
161 3.100000000000000 6.300000000000000
162 3.100000000000000 2.200000000000000
163 3.100000000000000 4.200000000000000
164 3.100000000000000 3.800000000000000
165 3.100000000000000 7.400000000000000
166 3.100000000000000 6.900000000000000
167 3.100000000000000 3.500000000000000
168 3.200000000000000 5.900000000000000
169 3.200000000000000 8.199999999999999
170 3.200000000000000 5.300000000000000
171 3.200000000000000 6.300000000000000
172 3.300000000000000 6.100000000000000
173 3.300000000000000 6.200000000000000
174 3.300000000000000 7.300000000000000
175 3.300000000000000 6.000000000000000
176 3.300000000000000 6.300000000000000
177 3.300000000000000 5.100000000000000
178 3.300000000000000 4.300000000000000
179 3.300000000000000 7.100000000000000
180 3.400000000000000 1.400000000000000
181 3.400000000000000 5.600000000000000
182 3.400000000000000 7.700000000000000
183 3.400000000000000 8.600000000000000
184 3.400000000000000 2.500000000000000
185 3.400000000000000 7.000000000000000
186 3.400000000000000 1.700000000000000
187 3.400000000000000 5.900000000000000
188 3.500000000000000 6.800000000000000
189 3.500000000000000 3.300000000000000
190 3.500000000000000 1.300000000000000
191 3.500000000000000 6.700000000000000
192 3.500000000000000 1.500000000000000
193 3.600000000000000 5.600000000000000
194 3.600000000000000 2.600000000000000
195 3.600000000000000 0.600000000000000
196 3.600000000000000 8.100000000000000
197 3.600000000000000 7.300000000000000
198 3.600000000000000 4.100000000000000
199 3.600000000000000 6.400000000000000
200 3.600000000000000 7.800000000000000
201 3.600000000000000 2.100000000000000
202 3.600000000000000 0.700000000000000
203 3.600000000000000 2.800000000000000
204 3.700000000000000 0.500000000000000
205 3.700000000000000 5.500000000000000
206 3.700000000000000 5.400000000000000
207 3.700000000000000 4.100000000000000
208 3.700000000000000 3.600000000000000
209 3.700000000000000 8.600000000000000
210 3.700000000000000 6.300000000000000
211 3.700000000000000 4.000000000000000
212 3.700000000000000 5.500000000000000
213 3.700000000000000 3.900000000000000
214 3.700000000000000 2.900000000000000
215 3.800000000000000 8.400000000000000
216 3.800000000000000 3.400000000000000
217 3.800000000000000 4.200000000000000
218 3.800000000000000 3.800000000000000
219 3.900000000000000 2.700000000000000
220 3.900000000000000 7.700000000000000
221 3.900000000000000 7.000000000000000
222 3.900000000000000 5.800000000000000
223 3.900000000000000 6.100000000000000
224 3.900000000000000 5.200000000000000
225 3.900000000000000 6.000000000000000
226 4.000000000000000 2.300000000000000
227 4.000000000000000 2.800000000000000
228 4.000000000000000 5.700000000000000
229 4.000000000000000 5.900000000000000
230 4.000000000000000 5.400000000000000
231 4.000000000000000 2.900000000000000
232 4.000000000000000 4.300000000000000
233 4.000000000000000 5.500000000000000
234 4.100000000000000 1.600000000000000
235 4.100000000000000 8.699999999999999
236 4.100000000000000 3.400000000000000
237 4.100000000000000 6.000000000000000
238 4.100000000000000 2.500000000000000
239 4.100000000000000 2.400000000000000
240 4.100000000000000 6.300000000000000
241 4.100000000000000 3.700000000000000
242 4.100000000000000 6.900000000000000
243 4.100000000000000 5.700000000000000
244 4.100000000000000 0.700000000000000
245 4.100000000000000 8.300000000000001
246 4.200000000000000 3.100000000000000
247 4.200000000000000 7.400000000000000
248 4.200000000000000 4.700000000000000
249 4.200000000000000 0.900000000000000
250 4.200000000000000 3.000000000000000
251 4.200000000000000 5.300000000000000
252 4.200000000000000 1.200000000000000
253 4.200000000000000 5.500000000000000
254 4.300000000000000 7.100000000000000
255 4.300000000000000 4.200000000000000
256 4.300000000000000 3.800000000000000
257 4.300000000000000 0.700000000000000
258 4.300000000000000 7.700000000000000
259 4.300000000000000 3.500000000000000
260 4.300000000000000 2.800000000000000
261 4.300000000000000 5.200000000000000
262 4.400000000000000 7.800000000000000
263 4.400000000000000 1.400000000000000
264 4.400000000000000 7.800000000000000
265 4.400000000000000 5.300000000000000
266 4.400000000000000 4.400000000000000
267 4.400000000000000 8.400000000000000
268 4.400000000000000 5.500000000000000
269 4.400000000000000 8.400000000000000
270 4.400000000000000 7.700000000000000
271 4.400000000000000 7.800000000000000
272 4.500000000000000 4.500000000000000
273 4.500000000000000 4.200000000000000
274 4.500000000000000 8.500000000000000
275 4.500000000000000 3.000000000000000
276 4.500000000000000 7.700000000000000
277 4.500000000000000 8.000000000000000
278 4.500000000000000 7.500000000000000
279 4.500000000000000 7.300000000000000
280 4.500000000000000 5.000000000000000
281 4.500000000000000 0.700000000000000
282 4.600000000000000 4.400000000000000
283 4.600000000000000 8.100000000000000
284 4.600000000000000 2.100000000000000
285 4.600000000000000 3.200000000000000
286 4.600000000000000 4.400000000000000
287 4.600000000000000 4.300000000000000
288 4.600000000000000 0.600000000000000
289 4.600000000000000 2.000000000000000
290 4.600000000000000 3.000000000000000
291 4.600000000000000 3.200000000000000
292 4.600000000000000 5.400000000000000
293 4.700000000000000 4.800000000000000
294 4.700000000000000 2.600000000000000
295 4.700000000000000 2.900000000000000
296 4.700000000000000 4.500000000000000
297 4.700000000000000 3.400000000000000
298 4.700000000000000 4.600000000000000
299 4.700000000000000 8.100000000000000
300 4.700000000000000 1.000000000000000
301 4.800000000000000 7.100000000000000
302 4.800000000000000 4.300000000000000
303 4.800000000000000 2.600000000000000
304 4.800000000000000 8.300000000000001
305 4.800000000000000 7.300000000000000
306 4.800000000000000 4.200000000000000
307 4.800000000000000 4.600000000000000
308 4.800000000000000 1.900000000000000
309 4.800000000000000 4.500000000000000
310 4.800000000000000 8.000000000000000
311 4.900000000000000 3.900000000000000
312 4.900000000000000 5.000000000000000
313 4.900000000000000 8.400000000000000
314 4.900000000000000 6.000000000000000
315 4.900000000000000 4.500000000000000
316 4.900000000000000 5.200000000000000
317 4.900000000000000 5.100000000000000
318 5.000000000000000 6.200000000000000
319 5.000000000000000 2.800000000000000
320 5.000000000000000 2.800000000000000
321 5.000000000000000 6.900000000000000
322 5.000000000000000 2.800000000000000
323 5.000000000000000 3.200000000000000
324 5.100000000000000 5.100000000000000
325 5.100000000000000 6.100000000000000
326 5.100000000000000 8.600000000000000
327 5.100000000000000 1.300000000000000
328 5.100000000000000 8.000000000000000
329 5.100000000000000 3.800000000000000
330 5.100000000000000 5.200000000000000
331 5.100000000000000 6.100000000000000
332 5.200000000000000 7.600000000000000
333 5.200000000000000 7.400000000000000
334 5.200000000000000 7.100000000000000
335 5.200000000000000 5.500000000000000
336 5.200000000000000 4.700000000000000
337 5.200000000000000 4.900000000000000
338 5.200000000000000 4.300000000000000
339 5.200000000000000 5.800000000000000
340 5.200000000000000 8.400000000000000
341 5.200000000000000 6.500000000000000
342 5.200000000000000 4.900000000000000
343 5.300000000000000 1.900000000000000
344 5.300000000000000 2.300000000000000
345 5.300000000000000 4.700000000000000
346 5.300000000000000 5.900000000000000
347 5.400000000000000 5.000000000000000
348 5.400000000000000 3.500000000000000
349 5.400000000000000 1.900000000000000
350 5.400000000000000 1.300000000000000
351 5.400000000000000 6.800000000000000
352 5.400000000000000 2.100000000000000
353 5.400000000000000 2.800000000000000
354 5.400000000000000 5.500000000000000
355 5.400000000000000 5.000000000000000
356 5.500000000000000 7.000000000000000
357 5.500000000000000 5.300000000000000
358 5.500000000000000 0.700000000000000
359 5.500000000000000 2.900000000000000
360 5.500000000000000 5.000000000000000
361 5.500000000000000 5.000000000000000
362 5.600000000000000 2.000000000000000
363 5.600000000000000 5.000000000000000
364 5.600000000000000 4.500000000000000
365 5.600000000000000 6.800000000000000
366 5.600000000000000 1.300000000000000
367 5.600000000000000 3.700000000000000
368 5.600000000000000 1.300000000000000
369 5.700000000000000 5.700000000000000
370 5.700000000000000 0.700000000000000
371 5.700000000000000 5.700000000000000
372 5.700000000000000 7.200000000000000
373 5.700000000000000 4.300000000000000
374 5.700000000000000 7.300000000000000
375 5.700000000000000 7.200000000000000
376 5.700000000000000 5.200000000000000
377 5.800000000000000 1.300000000000000
378 5.800000000000000 5.000000000000000
379 5.900000000000000 4.000000000000000
380 5.900000000000000 4.000000000000000
381 5.900000000000000 4.800000000000000
382 5.900000000000000 4.400000000000000
383 5.900000000000000 1.300000000000000
384 5.900000000000000 5.400000000000000
385 5.900000000000000 6.300000000000000
386 6.000000000000000 4.200000000000000
387 6.000000000000000 5.500000000000000
388 6.000000000000000 5.600000000000000
389 6.000000000000000 1.700000000000000
390 6.100000000000000 5.600000000000000
391 6.100000000000000 3.400000000000000
392 6.100000000000000 6.200000000000000
393 6.100000000000000 5.300000000000000
394 6.200000000000000 2.900000000000000
395 6.200000000000000 7.500000000000000
396 6.200000000000000 3.600000000000000
397 6.200000000000000 3.400000000000000
398 6.300000000000000 1.900000000000000
399 6.300000000000000 3.800000000000000
400 6.300000000000000 2.100000000000000
401 6.300000000000000 4.800000000000000
402 6.300000000000000 3.900000000000000
403 6.300000000000000 7.300000000000000
404 6.400000000000000 5.400000000000000
405 6.400000000000000 2.000000000000000
406 6.400000000000000 4.900000000000000
407 6.400000000000000 3.900000000000000
408 6.400000000000000 7.200000000000000
409 6.500000000000000 4.600000000000000
410 6.500000000000000 8.300000000000001
411 6.500000000000000 7.200000000000000
412 6.500000000000000 6.800000000000000
413 6.500000000000000 4.100000000000000
414 6.500000000000000 5.800000000000000
415 6.600000000000000 4.700000000000000
416 6.600000000000000 5.100000000000000
417 6.600000000000000 4.100000000000000
418 6.600000000000000 8.000000000000000
419 6.600000000000000 3.400000000000000
420 6.600000000000000 7.400000000000000
421 6.700000000000000 4.100000000000000
422 6.700000000000000 4.400000000000000
423 6.700000000000000 3.300000000000000
424 6.700000000000000 8.100000000000000
425 6.700000000000000 3.900000000000000
426 6.700000000000000 3.700000000000000
427 6.700000000000000 7.400000000000000
428 6.700000000000000 2.300000000000000
429 6.800000000000000 3.800000000000000
430 6.800000000000000 4.000000000000000
431 6.800000000000000 4.500000000000000
432 6.800000000000000 2.800000000000000
433 6.800000000000000 8.000000000000000
434 6.800000000000000 7.900000000000000
435 6.800000000000000 2.200000000000000
436 6.800000000000000 7.900000000000000
437 6.800000000000000 2.200000000000000
438 6.800000000000000 6.400000000000000
439 6.800000000000000 6.300000000000000
440 6.800000000000000 2.500000000000000
441 6.900000000000000 6.100000000000000
442 6.900000000000000 6.300000000000000
443 6.900000000000000 4.300000000000000
444 7.000000000000000 3.200000000000000
445 7.000000000000000 3.000000000000000
446 7.000000000000000 6.200000000000000
447 7.000000000000000 2.000000000000000
448 7.000000000000000 4.900000000000000
449 7.000000000000000 2.700000000000000
450 7.000000000000000 2.000000000000000
451 7.000000000000000 7.000000000000000
452 7.000000000000000 3.400000000000000
453 7.100000000000000 5.700000000000000
454 7.100000000000000 4.400000000000000
455 7.100000000000000 3.500000000000000
456 7.100000000000000 3.800000000000000
457 7.200000000000000 4.500000000000000
458 7.200000000000000 5.300000000000000
459 7.200000000000000 6.600000000000000
460 7.200000000000000 5.300000000000000
461 7.200000000000000 3.900000000000000
462 7.200000000000000 6.100000000000000
463 7.200000000000000 5.300000000000000
464 7.200000000000000 5.200000000000000
465 7.200000000000000 2.900000000000000
466 7.300000000000000 6.200000000000000
467 7.300000000000000 6.500000000000000
468 7.300000000000000 3.900000000000000
469 7.300000000000000 6.300000000000000
470 7.300000000000000 6.200000000000000
471 7.300000000000000 6.400000000000000
472 7.400000000000000 4.600000000000000
473 7.400000000000000 3.800000000000000
474 7.400000000000000 1.900000000000000
475 7.400000000000000 2.600000000000000
476 7.400000000000000 6.400000000000000
477 7.500000000000000 6.100000000000000
478 7.500000000000000 2.900000000000000
479 7.500000000000000 5.400000000000000
480 7.500000000000000 2.600000000000000
481 7.500000000000000 3.300000000000000
482 7.500000000000000 2.000000000000000
483 7.500000000000000 6.700000000000000
484 7.500000000000000 2.500000000000000
485 7.600000000000000 6.000000000000000
486 7.700000000000000 6.400000000000000
487 7.700000000000000 4.700000000000000
488 7.700000000000000 4.100000000000000
489 7.700000000000000 6.300000000000000
490 7.700000000000000 6.000000000000000
491 7.700000000000000 2.600000000000000
492 7.700000000000000 4.700000000000000
493 7.800000000000000 6.400000000000000
494 7.800000000000000 6.300000000000000
495 7.800000000000000 3.300000000000000
496 7.800000000000000 6.300000000000000
497 7.800000000000000 5.000000000000000
498 7.900000000000000 3.300000000000000
499 7.900000000000000 2.100000000000000
500 8.000000000000000 1.600000000000000
501 8.000000000000000 4.100000000000000
502 8.000000000000000 5.800000000000000
503 8.100000000000000 4.400000000000000
504 8.100000000000000 6.700000000000000
505 8.100000000000000 4.900000000000000
506 8.100000000000000 4.900000000000000
507 8.100000000000000 6.300000000000000
508 8.100000000000000 6.300000000000000
509 8.199999999999999 2.900000000000000
510 8.199999999999999 5.100000000000000
511 8.199999999999999 4.800000000000000
512 8.199999999999999 6.000000000000000
513 8.199999999999999 5.000000000000000
514 8.199999999999999 4.400000000000000
515 8.199999999999999 6.900000000000000
516 8.199999999999999 3.700000000000000
517 8.300000000000001 3.100000000000000
518 8.300000000000001 2.400000000000000
519 8.300000000000001 3.100000000000000
520 8.300000000000001 6.700000000000000
521 8.300000000000001 1.300000000000000
522 8.300000000000001 6.800000000000000
523 8.300000000000001 1.200000000000000
524 8.300000000000001 1.300000000000000
525 8.400000000000000 6.300000000000000
526 8.400000000000000 5.300000000000000
527 8.400000000000000 4.400000000000000
528 8.400000000000000 3.400000000000000
529 8.400000000000000 2.600000000000000
530 8.400000000000000 5.300000000000000
531 8.400000000000000 5.900000000000000
532 8.500000000000000 5.600000000000000
533 8.500000000000000 1.600000000000000
534 8.500000000000000 3.800000000000000
535 8.500000000000000 1.000000000000000
536 8.600000000000000 4.500000000000000
537 8.600000000000000 4.400000000000000
538 8.600000000000000 5.700000000000000
539 8.600000000000000 2.200000000000000
540 8.600000000000000 5.700000000000000
541 8.600000000000000 1.700000000000000
542 8.600000000000000 4.300000000000000
543 8.600000000000000 6.500000000000000
544 8.600000000000000 1.600000000000000
545 8.600000000000000 2.300000000000000
546 8.699999999999999 5.600000000000000
547 8.699999999999999 2.400000000000000
548 8.699999999999999 7.600000000000000
549 8.699999999999999 7.500000000000000
550 8.800000000000001 3.900000000000000
551 8.800000000000001 5.600000000000000
552 8.800000000000001 3.500000000000000
553 8.800000000000001 5.300000000000000
554 8.800000000000001 1.800000000000000
555 8.800000000000001 1.400000000000000
556 8.800000000000001 5.800000000000000
557 8.800000000000001 4.400000000000000
558 8.800000000000001 4.700000000000000
559 8.800000000000001 2.200000000000000
560 8.800000000000001 6.700000000000000
561 8.900000000000000 1.200000000000000
562 8.900000000000000 2.400000000000000
563 8.900000000000000 5.300000000000000
564 8.900000000000000 1.400000000000000
565 8.900000000000000 6.100000000000000
566 8.900000000000000 5.500000000000000
567 8.900000000000000 3.700000000000000
568 8.900000000000000 6.500000000000000
569 8.900000000000000 6.600000000000000
570 8.900000000000000 6.000000000000000
571 8.900000000000000 4.900000000000000
572 8.900000000000000 2.200000000000000
573 9.000000000000000 3.100000000000000
574 9.000000000000000 2.900000000000000
575 9.000000000000000 3.700000000000000
576 9.000000000000000 6.800000000000000
577 9.000000000000000 5.700000000000000
578 9.000000000000000 2.700000000000000
579 9.000000000000000 4.900000000000000
580 9.000000000000000 3.200000000000000
581 9.000000000000000 3.700000000000000
582 9.000000000000000 4.700000000000000
583 9.100000000000000 4.300000000000000
584 9.100000000000000 5.500000000000000
585 9.100000000000000 2.100000000000000
586 9.199999999999999 4.900000000000000
587 9.199999999999999 4.400000000000000
588 9.199999999999999 6.800000000000000
589 9.199999999999999 0.800000000000000
590 9.199999999999999 3.100000000000000
591 9.199999999999999 5.200000000000000
592 9.199999999999999 6.600000000000000
593 9.300000000000001 2.100000000000000
594 9.300000000000001 4.500000000000000
595 9.300000000000001 3.500000000000000
596 9.300000000000001 5.600000000000000
597 9.300000000000001 6.000000000000000
598 9.300000000000001 1.300000000000000
599 9.400000000000000 5.400000000000000
600 9.400000000000000 5.200000000000000
601 9.400000000000000 5.200000000000000
602 9.400000000000000 4.800000000000000
603 9.400000000000000 0.700000000000000
604 9.600000000000000 0.700000000000000
605 9.600000000000000 2.200000000000000
