347
0 3.820000000000000 8.359999999999999
1 4.940000000000000 9.850000000000000
2 4.013097725420464 8.616888938282582
3 3.935427443237907 8.513559723593287
4 4.064763534816683 8.685622916854337
5 3.981035045283232 8.574234122742871
6 3.570000000000000 6.770000000000000
7 3.490000000000000 6.080000000000000
8 3.517889207258835 6.320544412607449
9 3.547241954603328 6.573711858453703
10 3.505250479286488 6.211535383845962
11 5.590000000000000 3.310000000000000
12 9.740000000000000 5.050000000000000
13 7.183481462837113 3.978110300081103
14 9.470520855658634 4.937013563577355
15 7.629080005883256 4.164939568731775
16 9.306827733309456 4.868380784568302
17 5.773660333793745 3.387004573687016
18 8.939960251409833 4.714561647579062
19 6.704755523815235 3.777391472635785
20 8.412077806131938 4.493232622330018
21 6.198188672365696 3.564999587931641
22 6.900000000000000 3.859253012048193
23 6.531685790768127 3.704827295406395
24 5.753338038108680 3.378483900315447
25 6.676894802271276 3.765710109867957
26 8.207770418384644 4.407571211563682
27 8.779999999999999 2.410000000000000
28 4.930000000000000 0.490000000000000
29 8.346608730917412 2.193867211262710
30 8.623257160552200 2.331832142405253
31 6.861186429447040 1.453085180399563
32 8.043821771162321 2.042866961203027
33 8.774607262148475 2.407310634629889
34 7.389934542252644 1.716772550941579
35 7.598767351471404 1.820917744110415
36 7.991023177574314 2.016536234011086
37 6.825262319958208 1.435169780342795
38 7.913447533340169 1.977849159483929
39 7.076787048256736 1.560605489000762
40 5.370000000000000 6.760000000000000
41 9.340000000000000 0.670000000000000
42 8.718433205868669 1.623486593516324
43 6.214422148521991 5.464652170151405
44 7.847462214189643 2.959560482515132
45 7.277392993195241 3.834049539405789
46 8.580274479642359 1.835422775561217
47 8.531382457018672 1.910423384573373
48 6.900000000000000 4.412972292191435
49 6.067873582049962 5.689458409399429
50 8.545598884296854 1.888615313509360
51 6.759687596096722 4.628212226642560
52 5.952030125007223 5.867162856097232
53 7.252298847284247 3.872544085652124
54 5.894715469350443 5.955083826613553
55 2.040000000000000 0.160000000000000
56 2.160000000000000 2.790000000000000
57 2.099556822599456 1.465287028638072
58 7.130000000000000 8.580000000000000
59 9.520000000000000 4.860000000000000
60 9.007546550729002 5.657626289241888
61 8.901507059567050 5.822675204355889
62 8.235749031156825 6.858917825981846
63 8.742802714747604 6.069696192945151
64 9.342891675422646 5.135666513568099
65 0.230000000000000 0.610000000000000
66 4.780000000000000 6.120000000000000
67 3.590556136470475 4.679596552077432
68 1.559535350701051 2.220052699420394
69 2.120960731003355 2.899932665456810
70 4.648424513627523 5.960663531887396
71 3.297687570961602 4.324935937582072
72 4.443341276343513 5.712309985198408
73 3.634065932591206 4.732286437050011
74 4.376333107912280 5.631163829581683
75 2.536139664637542 3.402709791681946
76 3.513751536600926 4.586587025642001
77 2.885968335240459 3.826348467510974
78 2.140356998226530 2.923421331918281
79 4.600000000000000 8.199999999999999
80 2.831770769316721 5.128865020392200
81 1.856396095556126 3.434793218597481
82 1.902552482269503 3.514959574468085
83 3.940633490073145 7.054784482758620
84 3.401717600915182 6.118772675273737
85 2.773862633394849 5.028287731685790
86 4.288605720122574 7.659157303370787
87 3.916718180923319 7.013247366866817
88 3.622177925191291 6.501677449016452
89 3.384631415898050 6.089096669717665
90 3.406536796536797 6.127142857142857
91 1.840937883400736 3.407944744853910
92 2.846042484414685 5.153652736088663
93 1.743513012792236 3.238733127481252
94 1.492739832007073 2.803179708222811
95 4.026941673658370 7.204688170038221
96 5.560000000000000 7.980000000000000
97 8.890000000000001 1.840000000000000
98 8.752163950805032 2.094148150767898
99 8.023490493337631 3.437708219491577
100 7.702950426375590 4.028734048664829
101 6.488146312281001 6.268643135914310
102 5.567670168338571 7.965857407327679
103 6.636037796047460 5.995954334014593
104 7.203045914241873 4.950479905872344
105 6.805773391394243 5.682988401453258
106 7.738682420871511 3.962849830585264
107 7.092997244138803 5.153392468765090
108 1.430000000000000 1.690000000000000
109 7.860000000000000 0.960000000000000
110 3.120000000000000 3.300000000000000
111 7.226471081776485 1.272754782414140
112 4.558129100650373 2.590037532590322
113 6.159184449350012 1.799643119941133
114 6.762279706275033 1.501912550066756
115 3.824341735403899 2.952286991382885
116 4.951179703340092 2.395999893287803
117 4.199348969651554 2.767156837766954
118 7.678463624300465 1.049619223446606
119 3.406588370963826 3.158519664967225
120 9.770000000000000 4.340000000000000
121 8.977877719757698 5.243642601270204
122 8.773973389675652 5.476253959189888
123 9.373088890252303 4.792790934722528
124 5.923139477575160 8.728447511089207
125 6.247673292565277 8.358223635189509
126 7.778274892210438 6.612133611577740
127 8.444096558861080 5.852573076744399
128 9.009479051508245 5.207592220743181
129 0.060000000000000 6.770000000000000
130 8.150000000000000 1.980000000000000
131 7.035289626203816 2.640007749132722
132 7.605523230856469 2.302378705092400
133 2.341357571198476 5.419233279846638
134 6.003168001156162 3.251115608709763
135 0.929432096407892 6.255218820544647
136 6.648369478568902 2.869098911947461
137 3.021166724537718 5.016725758895467
138 2.594195767972972 5.269530565069155
139 8.136562983654827 1.987955909554189
140 6.900000000000000 2.720111248454883
141 3.041407917538093 5.004741171198088
142 3.643018779492267 4.648533998298150
143 2.481464201618186 5.336277685321247
144 5.376011809397409 3.622447890356788
145 5.788498364706968 3.378219138819978
146 2.975281250730295 5.043894043139911
147 4.034186501713556 4.416927893299390
148 5.502362113415405 3.547637265357257
149 8.619999999999999 0.250000000000000
150 9.050000000000001 6.250000000000000
151 9.047866756689320 6.220233814269571
152 8.931074741479248 4.590577788082541
153 8.733784550139310 1.837691397292699
154 8.736115693041038 1.870218972665657
155 8.735512852887455 1.861807249592410
156 8.975814573743966 5.214854517357653
157 8.901561053981039 4.178758892758695
158 8.885465522655444 3.954170083564327
159 7.230000000000000 1.970000000000000
160 6.757419689718910 3.596171548041482
161 5.866582262647201 6.661585925912689
162 7.169598890799901 2.177843118120865
163 6.900000000000000 3.105545851528384
164 5.444421532828723 8.114261275681077
165 5.285952048417133 8.659562383612663
166 5.499054721793947 7.926265848150086
167 6.801108288147804 3.445836982268693
168 5.474037445035163 8.012351499180316
169 6.138084507212361 5.727333660771439
170 7.198385627122377 2.078786575666232
171 6.510200323096885 4.446865263753951
172 6.823022523066079 3.370429047266070
173 6.107175203701430 5.833694058878925
174 6.706550129623602 3.771216147845424
175 6.114661831803139 5.807932211961252
176 4.640504705325693 8.396566952315862
177 4.681226336069694 8.594186630926453
178 4.627019050498942 8.331121862715452
179 9.600000000000000 7.720000000000000
180 6.780000000000000 0.060000000000000
181 8.350060699873598 4.324774808876512
182 7.427342549724543 1.818384372656029
183 7.533376759993526 2.106406376436317
184 7.156888035433954 1.083745514689392
185 7.507162387425597 2.035199960170235
186 9.083659311844132 6.317457563378031
187 7.271548832186205 1.395200019342671
188 8.699671112628319 5.274425788203165
189 8.251899236836341 4.058137643321405
190 8.346397663394267 4.314824858723437
191 3.170000000000000 8.810000000000000
192 1.886816386112841 3.559271648921510
193 3.069969272803524 8.400678863425917
194 2.598519616749224 6.471528546697975
195 1.754125509661407 3.016306683212196
196 2.376279416145367 5.562131863767252
197 3.074818309419838 8.420520898315658
198 2.536245477889540 6.216705633662945
199 2.799216974737785 7.292772908122434
200 2.594252073140854 6.454065954461429
201 2.278727393152172 5.162953470829576
202 1.849818468957305 3.407877872974719
203 1.817823044156665 3.276954065744514
204 1.711989303480203 2.843887264815542
205 2.953240661040257 7.923030750923351
206 6.310336139971504 3.391639245950365
207 6.899999999999999 3.661399354144241
208 6.681058948102526 3.561237947194374
209 3.895471026416831 2.286883946423201
210 4.326679518007909 2.484153708453564
211 2.932616651365288 1.846396207567543
212 6.273026059370044 3.374570586902334
213 5.407249983645318 2.978494341280151
214 7.436155284951368 3.906680297205954
215 8.339052729590001 4.319738869833961
216 0.530000000000000 7.380000000000000
217 1.962695598536934 3.345599510868388
218 1.541223307528446 4.532444796591676
219 1.940822671329546 3.407192600366495
220 1.960933315716955 3.350562012797041
221 2.114335170834332 2.918589917711912
222 2.320000000000000 9.560000000000000
223 7.084769098187985 2.194501536609610
224 2.611762961435838 9.108985564705090
225 3.058289346690185 8.418733983425966
226 3.953699919875964 7.034586070904569
227 5.410548142065284 4.782553890371586
228 3.728320256019741 7.382983555358486
229 2.628380584996816 9.083297629302274
230 5.145685822271684 5.191984645408945
231 5.068273830902952 5.311650025141872
232 7.155730434632735 2.084807739539213
233 5.909954377163459 4.010559323285000
234 6.321614608361365 3.374204709274387
235 5.244397842121576 5.039393152402696
236 6.133602643678161 3.664838275862069
237 3.703807539387941 7.420875921801533
238 1.261764210230663 7.058617069831127
239 2.813921365006562 6.376926427530901
240 3.398433382929799 6.120215068307859
241 4.100000000000000 6.720000000000000
242 2.911464465898474 4.843526585695006
243 3.833220918941414 6.298806153677530
244 3.519548680729735 5.803576857689581
245 3.628939251170395 5.976283934018376
246 2.001418902509328 3.406736303444960
247 3.016306549954724 5.009052460006037
248 1.968209082181354 3.354304261531803
249 1.635978262182965 2.829774465617032
250 4.560000000000000 2.630000000000000
251 0.300000000000000 8.350000000000000
252 2.928114742291626 4.821169876547394
253 3.741280243459852 3.729313851504611
254 2.519969117695892 5.369196395957628
255 4.367061245496655 2.889063304168811
256 3.992688798394399 3.391741801216910
257 3.452136496210453 4.117553812600049
258 4.074083027325575 3.282451897581621
259 7.530000000000000 5.610000000000000
260 3.180000000000000 8.359999999999999
261 4.645314143142875 7.433651978472895
262 3.868280329799764 7.924880251276011
263 6.788981693157885 6.078459849153061
264 2.800000000000000 1.750000000000000
265 6.476892021349391 1.804338305734227
266 3.951043705374557 1.767010498108984
267 6.784444526579377 1.808883416648956
268 5.580000000000000 2.490000000000000
269 6.103487351787548 2.387200368984319
270 6.900000000000000 5.340000000000000
271 6.900000000000000 2.710000000000000
272 6.900000000000000 4.730202312138728
273 6.900000000000000 3.807133550488599
274 6.900000000000000 5.282514204545453
275 2.230000000000000 3.690000000000000
276 3.837510453028501 6.294682712661155
277 3.521744023387769 5.783039781211198
278 3.638330550918197 5.971947363252480
279 3.034521529169401 4.993583012504430
280 1.840000000000000 9.380000000000001
281 6.140000000000000 7.870000000000000
282 4.219800191597099 8.544302723415903
283 5.680929175883604 8.031208591724596
284 4.044190965701295 8.605970149253732
285 8.990000000000000 9.060000000000000
286 2.330000000000000 8.340000000000000
287 4.022761922297920 8.523001288897072
288 4.096100779844032 8.530929814037192
289 7.670000000000000 0.540000000000000
290 6.330000000000000 1.960000000000000
291 6.840000000000000 8.699999999999999
292 2.230000000000000 6.040000000000000
293 3.400100703882631 6.715155720678482
294 3.583108192514813 6.820752232557354
295 2.790532192584312 6.363430722836068
296 4.129539559094450 7.136046687026298
297 0.940000000000000 9.080000000000000
298 6.880000000000000 3.370000000000000
299 5.042519929769817 5.136331852022616
300 4.667735374001309 5.496604547887630
301 3.726889963643000 6.401019917104120
302 6.082879895779593 4.136255184360021
303 5.178579985131224 5.005540115303150
304 6.502109727235782 3.733258157825536
305 4.110000000000000 0.280000000000000
306 3.494448273286890 6.038387120864583
307 3.867454129275589 2.548977500325140
308 3.869742223948436 2.527572743708184
309 3.777192068813181 3.393364517554117
310 3.663209065316008 4.459657130914768
311 3.686872559460419 4.238288959886404
312 3.794595306012313 3.230560040529973
313 4.350000000000000 9.789999999999999
314 4.031125389408100 8.555382917964694
315 3.733053427767039 7.401309425456995
316 3.900000000000000 4.520000000000000
317 9.350000000000000 7.460000000000000
318 5.229503301441854 5.237199946098908
319 6.270096845776653 5.798547656253827
320 6.191811327428285 5.756316569291588
321 5.440000000000000 5.140000000000000
322 2.040000000000000 6.710000000000000
323 3.369959143991389 6.095871807039270
324 3.894028926999770 2.545226228729602
325 6.320768134622512 2.202670174161756
326 0.560000000000000 2.630000000000000
327 0.300000000000000 4.760000000000000
328 0.442441904006696 3.593072094098988
329 0.463773761164032 3.418314956617741
330 0.240000000000000 3.420000000000000
331 2.555986685523094 5.399988617157049
332 9.720000000000001 6.780000000000000
333 5.047689626969169 3.383797517869208
334 4.984282489720771 3.337708225909751
335 7.889236798832882 5.449257384122745
336 5.194437844090557 3.490465658349061
337 7.295663633529594 5.017801745181194
338 4.928960507581535 3.384691562442910
339 2.069156968492762 3.406226227646892
340 4.636599548028338 3.386893075692558
341 2.450000000000000 5.490000000000000
342 3.834473950202033 4.314206888321126
343 4.874383815300174 3.431041946163223
344 6.061393914889315 5.843570264328314
345 8.626193368520774 4.127631993503857
346 9.369999999999999 3.630000000000000
614
0 3
3 5
5 2
2 4
4 1
7 10
10 8
8 9
9 6
11 24
24 17
17 21
21 23
23 25
25 19
19 22
22 13
13 15
15 26
26 20
20 18
18 16
16 14
14 12
28 37
37 31
31 39
39 34
34 35
35 38
38 36
36 32
32 29
29 30
30 33
33 27
40 54
54 52
52 49
49 43
43 51
51 48
48 13
13 53
53 45
45 44
44 29
29 47
47 50
50 46
46 42
42 41
55 57
57 56
58 62
62 63
63 61
61 60
60 64
64 14
14 59
65 68
68 69
69 78
78 75
75 77
77 71
71 76
76 67
67 73
73 74
74 72
72 70
70 66
65 94
94 93
93 91
91 81
81 82
82 85
85 80
80 92
92 89
89 84
84 90
90 8
8 88
88 87
87 83
83 95
95 86
86 79
96 102
102 101
101 103
103 105
105 107
107 104
104 15
15 100
100 106
106 99
99 30
30 98
98 97
108 56
110 119
119 115
115 117
117 112
112 116
116 113
113 114
114 31
31 111
111 118
118 109
1 124
124 125
125 126
126 127
127 122
122 121
121 128
128 16
16 123
123 120
129 135
135 133
133 143
143 138
138 80
80 146
146 137
137 141
141 67
67 142
142 147
147 144
144 148
148 17
17 145
145 134
134 136
136 140
140 131
131 132
132 32
32 139
139 130
149 42
42 153
153 155
155 154
154 98
98 33
33 158
158 157
157 152
152 18
18 156
156 121
121 60
60 151
151 150
1 165
165 164
164 168
168 166
166 161
161 173
173 175
175 169
169 43
43 171
171 19
19 174
174 160
160 167
167 172
172 163
163 131
131 162
162 170
170 159
79 178
178 176
176 177
177 1
180 184
184 111
111 187
187 34
34 182
182 185
185 183
183 132
132 44
44 99
99 189
189 190
190 181
181 20
20 188
188 122
122 61
61 151
151 186
186 179
108 68
68 204
204 195
195 203
203 202
202 81
81 192
192 201
201 133
133 196
196 198
198 200
200 194
194 199
199 205
205 193
193 197
197 191
65 57
57 211
211 209
209 210
210 112
112 213
213 134
134 212
212 206
206 208
208 160
160 207
207 45
45 214
214 100
100 215
215 181
181 152
152 123
123 59
216 135
135 218
218 192
192 82
82 219
219 220
220 217
217 221
221 69
69 56
222 224
224 229
229 225
225 193
193 237
237 228
228 83
83 226
226 70
70 231
231 230
230 235
235 227
227 233
233 236
236 21
21 206
206 234
234 136
136 223
223 232
232 159
216 238
238 194
194 239
239 240
240 84
84 7
65 249
249 195
195 217
217 248
248 246
246 242
242 247
247 137
137 244
244 245
245 243
243 241
251 238
238 196
196 254
254 138
138 85
85 242
242 252
252 71
71 257
257 253
253 256
256 258
258 255
255 250
260 262
262 86
86 261
261 161
161 101
101 263
263 259
264 266
266 113
113 265
265 267
267 182
182 35
35 46
46 153
153 97
268 269
269 223
223 162
162 183
183 36
36 139
139 47
47 154
154 97
271 140
140 163
163 207
207 273
273 22
22 48
48 272
272 274
274 270
275 252
252 279
279 141
141 277
277 278
278 276
276 241
280 224
224 2
2 284
284 282
282 176
176 164
164 283
283 281
286 225
225 197
197 3
3 287
287 288
288 282
282 177
177 165
165 124
124 285
290 265
265 114
114 37
37 184
184 289
292 198
198 295
295 239
239 293
293 294
294 87
87 226
226 296
296 261
261 166
166 102
102 283
283 125
125 291
297 199
199 293
293 9
9 88
88 301
301 243
243 276
276 72
72 300
300 299
299 303
303 227
227 302
302 304
304 23
23 208
208 167
167 298
7 306
306 244
244 277
277 73
73 142
142 310
310 311
311 253
253 309
309 312
312 115
115 307
307 308
308 209
209 266
266 305
6 294
294 228
228 315
315 262
262 287
287 314
314 284
284 4
4 313
280 229
229 5
5 314
314 288
288 178
178 168
168 96
316 299
299 230
230 318
318 49
49 169
169 320
320 319
319 103
103 263
263 126
126 62
62 317
322 200
200 295
295 323
323 89
89 306
306 245
245 278
278 74
74 300
300 231
231 318
318 321
56 307
307 324
324 210
210 116
116 325
325 232
232 170
170 185
185 38
38 50
50 155
155 97
327 328
328 329
329 326
330 328
328 218
218 201
201 143
143 254
254 331
331 323
323 240
240 90
90 10
10 301
301 241
264 211
211 308
308 324
324 117
117 255
255 334
334 333
333 336
336 144
144 233
233 302
302 171
171 51
51 272
272 104
104 337
337 335
335 127
127 63
63 186
186 332
330 329
329 91
91 202
202 219
219 246
246 339
339 75
75 309
309 256
256 340
340 338
338 333
333 24
24 145
145 212
212 234
234 172
172 298
341 331
331 92
92 146
146 247
247 279
279 76
76 310
310 342
342 343
343 338
338 334
334 213
213 269
269 325
325 267
267 39
39 187
187 118
118 149
326 93
93 203
203 220
220 248
248 339
339 77
77 257
257 311
311 342
342 147
147 303
303 235
235 321
66 52
52 344
344 173
173 319
319 105
105 335
335 188
188 156
156 128
128 64
64 12
326 94
94 249
249 204
204 221
221 78
78 119
119 312
312 258
258 340
340 343
343 336
336 148
148 236
236 304
304 25
25 174
174 273
273 53
53 214
214 106
106 189
189 345
345 157
157 120
286 205
205 237
237 315
315 95
95 296
296 54
54 344
344 175
175 320
320 274
274 107
107 337
337 26
26 215
215 190
190 345
345 158
158 346
607
0 0.300000000000000 3.000000000000000
1 0.300000000000000 2.100000000000000
2 0.300000000000000 0.700000000000000
3 0.400000000000000 1.400000000000000
4 0.400000000000000 1.200000000000000
5 0.400000000000000 2.300000000000000
6 0.400000000000000 2.200000000000000
7 0.500000000000000 2.900000000000000
8 0.500000000000000 2.100000000000000
9 0.500000000000000 3.500000000000000
10 0.600000000000000 3.800000000000000
11 0.600000000000000 2.300000000000000
12 0.600000000000000 1.300000000000000
13 0.600000000000000 3.900000000000000
14 0.600000000000000 3.500000000000000
15 0.600000000000000 6.700000000000000
16 0.600000000000000 1.900000000000000
17 0.700000000000000 1.300000000000000
18 0.700000000000000 5.300000000000000
19 0.700000000000000 6.700000000000000
20 0.700000000000000 4.200000000000000
21 0.700000000000000 6.700000000000000
22 0.700000000000000 6.800000000000000
23 0.700000000000000 3.600000000000000
24 0.800000000000000 1.500000000000000
25 0.800000000000000 5.800000000000000
26 0.800000000000000 1.000000000000000
27 0.800000000000000 4.400000000000000
28 0.800000000000000 3.600000000000000
29 0.800000000000000 5.300000000000000
30 0.800000000000000 1.700000000000000
31 0.800000000000000 3.200000000000000
32 0.900000000000000 4.700000000000000
33 0.900000000000000 6.000000000000000
34 0.900000000000000 6.600000000000000
35 0.900000000000000 2.700000000000000
36 0.900000000000000 5.300000000000000
37 0.900000000000000 2.400000000000000
38 0.900000000000000 6.300000000000000
39 0.900000000000000 4.900000000000000
40 0.900000000000000 4.100000000000000
41 1.000000000000000 5.400000000000000
42 1.000000000000000 2.700000000000000
43 1.000000000000000 5.900000000000000
44 1.100000000000000 1.500000000000000
45 1.100000000000000 4.600000000000000
46 1.200000000000000 1.300000000000000
47 1.200000000000000 2.700000000000000
48 1.200000000000000 5.900000000000000
49 1.200000000000000 6.100000000000000
50 1.200000000000000 4.500000000000000
51 1.300000000000000 5.100000000000000
52 1.300000000000000 6.200000000000000
53 1.300000000000000 3.100000000000000
54 1.300000000000000 5.300000000000000
55 1.300000000000000 2.600000000000000
56 1.300000000000000 4.700000000000000
57 1.300000000000000 5.400000000000000
58 1.400000000000000 1.600000000000000
59 1.400000000000000 1.600000000000000
60 1.400000000000000 4.700000000000000
61 1.400000000000000 3.000000000000000
62 1.400000000000000 3.900000000000000
63 1.400000000000000 6.200000000000000
64 1.500000000000000 6.600000000000000
65 1.500000000000000 4.700000000000000
66 1.500000000000000 2.100000000000000
67 1.500000000000000 4.800000000000000
68 1.500000000000000 2.700000000000000
69 1.500000000000000 6.800000000000000
70 1.600000000000000 5.700000000000000
71 1.600000000000000 2.800000000000000
72 1.600000000000000 1.700000000000000
73 1.600000000000000 6.600000000000000
74 1.600000000000000 3.800000000000000
75 1.600000000000000 4.400000000000000
76 1.600000000000000 3.400000000000000
77 1.700000000000000 2.400000000000000
78 1.700000000000000 2.600000000000000
79 1.700000000000000 4.000000000000000
80 1.700000000000000 5.800000000000000
81 1.700000000000000 2.400000000000000
82 1.700000000000000 2.600000000000000
83 1.800000000000000 6.600000000000000
84 1.800000000000000 6.700000000000000
85 1.800000000000000 2.100000000000000
86 1.800000000000000 6.600000000000000
87 1.800000000000000 5.800000000000000
88 1.800000000000000 3.300000000000000
89 1.900000000000000 8.800000000000001
90 1.900000000000000 5.900000000000000
91 1.900000000000000 7.000000000000000
92 1.900000000000000 4.900000000000000
93 1.900000000000000 2.700000000000000
94 1.900000000000000 5.900000000000000
95 1.900000000000000 5.000000000000000
96 1.900000000000000 5.300000000000000
97 1.900000000000000 3.200000000000000
98 1.900000000000000 2.100000000000000
99 2.000000000000000 2.800000000000000
100 2.000000000000000 3.500000000000000
101 2.000000000000000 2.300000000000000
102 2.000000000000000 4.700000000000000
103 2.000000000000000 2.200000000000000
104 2.000000000000000 9.000000000000000
105 2.000000000000000 5.500000000000000
106 2.000000000000000 7.800000000000000
107 2.000000000000000 3.800000000000000
108 2.000000000000000 3.300000000000000
109 2.000000000000000 7.100000000000000
110 2.000000000000000 1.700000000000000
111 2.100000000000000 4.300000000000000
112 2.100000000000000 2.600000000000000
113 2.100000000000000 5.100000000000000
114 2.100000000000000 1.800000000000000
115 2.100000000000000 2.700000000000000
116 2.100000000000000 9.000000000000000
117 2.100000000000000 4.100000000000000
118 2.100000000000000 7.900000000000000
119 2.100000000000000 8.300000000000001
120 2.100000000000000 7.700000000000000
121 2.100000000000000 3.100000000000000
122 2.100000000000000 2.300000000000000
123 2.200000000000000 2.300000000000000
124 2.200000000000000 7.600000000000000
125 2.200000000000000 8.000000000000000
126 2.200000000000000 7.800000000000000
127 2.200000000000000 9.000000000000000
128 2.200000000000000 4.400000000000000
129 2.300000000000000 2.900000000000000
130 2.300000000000000 4.600000000000000
131 2.400000000000000 7.600000000000000
132 2.400000000000000 4.100000000000000
133 2.400000000000000 3.200000000000000
134 2.400000000000000 3.100000000000000
135 2.400000000000000 3.200000000000000
136 2.400000000000000 8.600000000000000
137 2.400000000000000 5.000000000000000
138 2.500000000000000 6.200000000000000
139 2.500000000000000 3.400000000000000
140 2.500000000000000 2.500000000000000
141 2.500000000000000 4.500000000000000
142 2.500000000000000 3.900000000000000
143 2.500000000000000 3.500000000000000
144 2.500000000000000 6.500000000000000
145 2.600000000000000 9.100000000000000
146 2.600000000000000 6.500000000000000
147 2.600000000000000 2.600000000000000
148 2.600000000000000 2.800000000000000
149 2.600000000000000 2.300000000000000
150 2.600000000000000 7.400000000000000
151 2.600000000000000 7.300000000000000
152 2.600000000000000 7.700000000000000
153 2.600000000000000 2.800000000000000
154 2.700000000000000 2.400000000000000
155 2.700000000000000 8.199999999999999
156 2.800000000000000 5.300000000000000
157 2.800000000000000 1.800000000000000
158 2.800000000000000 2.400000000000000
159 2.800000000000000 7.900000000000000
160 2.800000000000000 6.100000000000000
161 2.800000000000000 8.600000000000000
162 2.800000000000000 3.700000000000000
163 2.900000000000000 2.400000000000000
164 2.900000000000000 7.600000000000000
165 2.900000000000000 5.600000000000000
166 2.900000000000000 2.400000000000000
167 2.900000000000000 2.800000000000000
168 2.900000000000000 8.500000000000000
169 2.900000000000000 3.100000000000000
170 2.900000000000000 2.500000000000000
171 3.000000000000000 5.400000000000000
172 3.000000000000000 4.000000000000000
173 3.000000000000000 8.699999999999999
174 3.000000000000000 7.900000000000000
175 3.000000000000000 4.700000000000000
176 3.000000000000000 6.800000000000000
177 3.100000000000000 8.199999999999999
178 3.100000000000000 2.600000000000000
179 3.100000000000000 4.200000000000000
180 3.100000000000000 6.200000000000000
181 3.100000000000000 7.200000000000000
182 3.100000000000000 6.600000000000000
183 3.200000000000000 5.900000000000000
184 3.200000000000000 3.200000000000000
185 3.200000000000000 6.700000000000000
186 3.200000000000000 5.100000000000000
187 3.200000000000000 7.400000000000000
188 3.200000000000000 6.500000000000000
189 3.200000000000000 5.700000000000000
190 3.300000000000000 2.700000000000000
191 3.300000000000000 5.100000000000000
192 3.300000000000000 3.500000000000000
193 3.300000000000000 2.500000000000000
194 3.300000000000000 2.800000000000000
195 3.300000000000000 3.000000000000000
196 3.300000000000000 5.300000000000000
197 3.300000000000000 3.300000000000000
198 3.300000000000000 3.100000000000000
199 3.300000000000000 7.800000000000000
200 3.300000000000000 8.300000000000001
201 3.300000000000000 4.200000000000000
202 3.300000000000000 3.000000000000000
203 3.400000000000000 3.500000000000000
204 3.400000000000000 5.400000000000000
205 3.400000000000000 7.000000000000000
206 3.400000000000000 3.300000000000000
207 3.400000000000000 2.100000000000000
208 3.400000000000000 6.600000000000000
209 3.500000000000000 3.200000000000000
210 3.500000000000000 2.100000000000000
211 3.500000000000000 7.400000000000000
212 3.500000000000000 5.700000000000000
213 3.500000000000000 6.400000000000000
214 3.500000000000000 7.100000000000000
215 3.500000000000000 2.000000000000000
216 3.500000000000000 3.800000000000000
217 3.600000000000000 5.400000000000000
218 3.600000000000000 6.400000000000000
219 3.600000000000000 6.200000000000000
220 3.600000000000000 2.400000000000000
221 3.600000000000000 4.200000000000000
222 3.600000000000000 3.700000000000000
223 3.600000000000000 3.500000000000000
224 3.600000000000000 7.100000000000000
225 3.600000000000000 6.000000000000000
226 3.700000000000000 4.100000000000000
227 3.700000000000000 1.900000000000000
228 3.700000000000000 5.100000000000000
229 3.700000000000000 4.600000000000000
230 3.700000000000000 5.900000000000000
231 3.700000000000000 5.300000000000000
232 3.700000000000000 6.800000000000000
233 3.700000000000000 6.900000000000000
234 3.700000000000000 6.100000000000000
235 3.700000000000000 1.900000000000000
236 3.800000000000000 8.100000000000000
237 3.800000000000000 7.400000000000000
238 3.800000000000000 2.100000000000000
239 3.800000000000000 7.800000000000000
240 3.800000000000000 5.800000000000000
241 3.800000000000000 6.200000000000000
242 3.800000000000000 4.600000000000000
243 3.800000000000000 7.800000000000000
244 3.800000000000000 4.700000000000000
245 3.900000000000000 4.900000000000000
246 3.900000000000000 6.800000000000000
247 3.900000000000000 5.100000000000000
248 3.900000000000000 4.000000000000000
249 3.900000000000000 2.500000000000000
250 3.900000000000000 3.400000000000000
251 3.900000000000000 2.500000000000000
252 3.900000000000000 3.800000000000000
253 3.900000000000000 2.200000000000000
254 4.000000000000000 2.000000000000000
255 4.100000000000000 7.300000000000000
256 4.100000000000000 3.100000000000000
257 4.100000000000000 2.300000000000000
258 4.100000000000000 4.500000000000000
259 4.100000000000000 5.400000000000000
260 4.200000000000000 4.300000000000000
261 4.200000000000000 4.600000000000000
262 4.200000000000000 3.700000000000000
263 4.200000000000000 3.000000000000000
264 4.200000000000000 2.300000000000000
265 4.200000000000000 5.800000000000000
266 4.200000000000000 6.400000000000000
267 4.200000000000000 6.900000000000000
268 4.300000000000000 6.200000000000000
269 4.300000000000000 5.400000000000000
270 4.300000000000000 5.400000000000000
271 4.300000000000000 3.500000000000000
272 4.300000000000000 5.600000000000000
273 4.300000000000000 7.700000000000000
274 4.300000000000000 4.400000000000000
275 4.300000000000000 8.100000000000000
276 4.300000000000000 3.200000000000000
277 4.400000000000000 4.300000000000000
278 4.400000000000000 5.900000000000000
279 4.400000000000000 1.800000000000000
280 4.400000000000000 4.700000000000000
281 4.400000000000000 3.100000000000000
282 4.400000000000000 3.500000000000000
283 4.400000000000000 3.900000000000000
284 4.400000000000000 5.200000000000000
285 4.400000000000000 4.700000000000000
286 4.400000000000000 7.900000000000000
287 4.400000000000000 7.700000000000000
288 4.500000000000000 4.000000000000000
289 4.500000000000000 7.000000000000000
290 4.500000000000000 7.200000000000000
291 4.500000000000000 2.700000000000000
292 4.500000000000000 9.000000000000000
293 4.600000000000000 5.200000000000000
294 4.600000000000000 3.200000000000000
295 4.600000000000000 2.300000000000000
296 4.600000000000000 2.700000000000000
297 4.600000000000000 9.100000000000000
298 4.600000000000000 2.100000000000000
299 4.600000000000000 6.900000000000000
300 4.700000000000000 6.800000000000000
301 4.700000000000000 7.100000000000000
302 4.700000000000000 6.600000000000000
303 4.700000000000000 9.199999999999999
304 4.700000000000000 3.300000000000000
305 4.700000000000000 7.700000000000000
306 4.700000000000000 6.400000000000000
307 4.800000000000000 7.200000000000000
308 4.800000000000000 5.500000000000000
309 4.800000000000000 5.300000000000000
310 4.800000000000000 8.699999999999999
311 4.800000000000000 3.700000000000000
312 4.900000000000000 5.500000000000000
313 4.900000000000000 7.800000000000000
314 4.900000000000000 3.800000000000000
315 4.900000000000000 4.400000000000000
316 4.900000000000000 2.600000000000000
317 4.900000000000000 2.700000000000000
318 4.900000000000000 8.500000000000000
319 4.900000000000000 6.700000000000000
320 5.000000000000000 6.600000000000000
321 5.000000000000000 3.900000000000000
322 5.000000000000000 3.600000000000000
323 5.000000000000000 4.300000000000000
324 5.000000000000000 7.900000000000000
325 5.000000000000000 7.800000000000000
326 5.000000000000000 6.300000000000000
327 5.000000000000000 2.300000000000000
328 5.100000000000000 4.100000000000000
329 5.100000000000000 4.700000000000000
330 5.100000000000000 4.400000000000000
331 5.100000000000000 4.800000000000000
332 5.100000000000000 7.300000000000000
333 5.100000000000000 8.800000000000001
334 5.100000000000000 4.800000000000000
335 5.100000000000000 2.700000000000000
336 5.200000000000000 4.000000000000000
337 5.200000000000000 7.800000000000000
338 5.200000000000000 8.000000000000000
339 5.200000000000000 5.700000000000000
340 5.200000000000000 5.400000000000000
341 5.200000000000000 2.700000000000000
342 5.200000000000000 6.300000000000000
343 5.200000000000000 4.700000000000000
344 5.200000000000000 8.400000000000000
345 5.300000000000000 3.700000000000000
346 5.300000000000000 2.800000000000000
347 5.300000000000000 3.100000000000000
348 5.300000000000000 2.300000000000000
349 5.300000000000000 6.300000000000000
350 5.300000000000000 6.200000000000000
351 5.300000000000000 9.400000000000000
352 5.300000000000000 6.800000000000000
353 5.300000000000000 6.500000000000000
354 5.300000000000000 3.100000000000000
355 5.300000000000000 5.800000000000000
356 5.400000000000000 4.700000000000000
357 5.400000000000000 2.500000000000000
358 5.400000000000000 3.700000000000000
359 5.400000000000000 6.800000000000000
360 5.400000000000000 7.900000000000000
361 5.500000000000000 4.300000000000000
362 5.500000000000000 7.600000000000000
363 5.500000000000000 2.000000000000000
364 5.500000000000000 2.800000000000000
365 5.500000000000000 5.400000000000000
366 5.500000000000000 9.100000000000000
367 5.500000000000000 3.200000000000000
368 5.500000000000000 3.200000000000000
369 5.500000000000000 7.200000000000000
370 5.500000000000000 5.000000000000000
371 5.500000000000000 4.900000000000000
372 5.500000000000000 7.600000000000000
373 5.600000000000000 7.600000000000000
374 5.600000000000000 2.900000000000000
375 5.600000000000000 1.900000000000000
376 5.600000000000000 3.000000000000000
377 5.600000000000000 6.800000000000000
378 5.600000000000000 7.900000000000000
379 5.600000000000000 8.600000000000000
380 5.600000000000000 7.900000000000000
381 5.600000000000000 1.800000000000000
382 5.600000000000000 2.300000000000000
383 5.700000000000000 3.000000000000000
384 5.700000000000000 5.900000000000000
385 5.700000000000000 4.100000000000000
386 5.800000000000000 7.300000000000000
387 5.800000000000000 3.400000000000000
388 5.800000000000000 3.400000000000000
389 5.800000000000000 7.800000000000000
390 5.800000000000000 4.500000000000000
391 5.800000000000000 6.600000000000000
392 5.800000000000000 6.200000000000000
393 5.900000000000000 6.900000000000000
394 5.900000000000000 4.600000000000000
395 5.900000000000000 3.500000000000000
396 5.900000000000000 5.200000000000000
397 5.900000000000000 7.900000000000000
398 6.000000000000000 8.400000000000000
399 6.000000000000000 2.200000000000000
400 6.000000000000000 8.500000000000000
401 6.000000000000000 6.200000000000000
402 6.000000000000000 4.600000000000000
403 6.100000000000000 6.200000000000000
404 6.100000000000000 5.000000000000000
405 6.100000000000000 7.500000000000000
406 6.100000000000000 3.100000000000000
407 6.100000000000000 7.000000000000000
408 6.100000000000000 1.800000000000000
409 6.100000000000000 3.200000000000000
410 6.200000000000000 5.000000000000000
411 6.200000000000000 2.100000000000000
412 6.200000000000000 4.900000000000000
413 6.200000000000000 6.400000000000000
414 6.200000000000000 3.700000000000000
415 6.200000000000000 7.500000000000000
416 6.200000000000000 4.700000000000000
417 6.200000000000000 6.800000000000000
418 6.200000000000000 4.700000000000000
419 6.300000000000000 3.500000000000000
420 6.300000000000000 3.400000000000000
421 6.300000000000000 6.000000000000000
422 6.300000000000000 7.200000000000000
423 6.300000000000000 7.300000000000000
424 6.300000000000000 7.100000000000000
425 6.300000000000000 3.100000000000000
426 6.300000000000000 6.700000000000000
427 6.400000000000000 8.000000000000000
428 6.400000000000000 2.900000000000000
429 6.400000000000000 3.800000000000000
430 6.400000000000000 5.900000000000000
431 6.400000000000000 2.200000000000000
432 6.400000000000000 6.200000000000000
433 6.500000000000000 7.500000000000000
434 6.500000000000000 4.200000000000000
435 6.500000000000000 5.000000000000000
436 6.500000000000000 8.000000000000000
437 6.500000000000000 5.800000000000000
438 6.600000000000000 4.200000000000000
439 6.600000000000000 5.900000000000000
440 6.600000000000000 7.100000000000000
441 6.600000000000000 5.500000000000000
442 6.600000000000000 3.300000000000000
443 6.600000000000000 1.800000000000000
444 6.600000000000000 6.000000000000000
445 6.600000000000000 3.200000000000000
446 6.600000000000000 4.800000000000000
447 6.700000000000000 3.300000000000000
448 6.700000000000000 7.400000000000000
449 6.700000000000000 3.000000000000000
450 6.700000000000000 2.300000000000000
451 6.700000000000000 1.900000000000000
452 6.700000000000000 5.800000000000000
453 6.700000000000000 5.100000000000000
454 6.700000000000000 7.400000000000000
455 6.800000000000000 2.500000000000000
456 6.800000000000000 1.700000000000000
457 6.800000000000000 1.600000000000000
458 6.800000000000000 7.200000000000000
459 6.800000000000000 5.800000000000000
460 6.900000000000000 2.800000000000000
461 6.900000000000000 6.900000000000000
462 6.900000000000000 5.500000000000000
463 6.900000000000000 6.500000000000000
464 6.900000000000000 7.500000000000000
465 7.000000000000000 4.400000000000000
466 7.000000000000000 5.400000000000000
467 7.000000000000000 2.300000000000000
468 7.000000000000000 5.900000000000000
469 7.100000000000000 4.400000000000000
470 7.100000000000000 5.700000000000000
471 7.100000000000000 5.200000000000000
472 7.100000000000000 2.900000000000000
473 7.100000000000000 6.800000000000000
474 7.100000000000000 3.400000000000000
475 7.100000000000000 7.200000000000000
476 7.100000000000000 5.100000000000000
477 7.100000000000000 7.200000000000000
478 7.100000000000000 2.200000000000000
479 7.100000000000000 3.700000000000000
480 7.200000000000000 1.600000000000000
481 7.200000000000000 4.100000000000000
482 7.200000000000000 4.200000000000000
483 7.200000000000000 3.300000000000000
484 7.200000000000000 4.400000000000000
485 7.200000000000000 5.400000000000000
486 7.300000000000000 5.300000000000000
487 7.300000000000000 3.300000000000000
488 7.300000000000000 6.400000000000000
489 7.300000000000000 6.200000000000000
490 7.300000000000000 2.300000000000000
491 7.300000000000000 2.900000000000000
492 7.300000000000000 1.900000000000000
493 7.400000000000000 6.100000000000000
494 7.400000000000000 3.100000000000000
495 7.400000000000000 1.600000000000000
496 7.500000000000000 1.200000000000000
497 7.500000000000000 3.200000000000000
498 7.500000000000000 1.400000000000000
499 7.500000000000000 6.700000000000000
500 7.500000000000000 4.800000000000000
501 7.600000000000000 2.100000000000000
502 7.600000000000000 5.500000000000000
503 7.600000000000000 2.300000000000000
504 7.600000000000000 4.200000000000000
505 7.600000000000000 5.300000000000000
506 7.600000000000000 4.500000000000000
507 7.600000000000000 3.500000000000000
508 7.600000000000000 3.700000000000000
509 7.700000000000000 3.500000000000000
510 7.700000000000000 1.900000000000000
511 7.700000000000000 3.000000000000000
512 7.700000000000000 6.700000000000000
513 7.700000000000000 2.700000000000000
514 7.700000000000000 3.800000000000000
515 7.700000000000000 2.900000000000000
516 7.700000000000000 2.500000000000000
517 7.700000000000000 5.000000000000000
518 7.700000000000000 2.600000000000000
519 7.800000000000000 2.400000000000000
520 7.800000000000000 4.900000000000000
521 7.800000000000000 3.700000000000000
522 7.900000000000000 2.300000000000000
523 7.900000000000000 5.200000000000000
524 7.900000000000000 4.000000000000000
525 7.900000000000000 6.400000000000000
526 7.900000000000000 4.000000000000000
527 7.900000000000000 5.900000000000000
528 7.900000000000000 5.400000000000000
529 7.900000000000000 0.900000000000000
530 7.900000000000000 3.900000000000000
531 7.900000000000000 4.100000000000000
532 7.900000000000000 4.300000000000000
533 8.000000000000000 2.200000000000000
534 8.000000000000000 6.500000000000000
535 8.000000000000000 4.200000000000000
536 8.000000000000000 3.900000000000000
537 8.100000000000000 4.200000000000000
538 8.100000000000000 6.000000000000000
539 8.100000000000000 2.800000000000000
540 8.100000000000000 6.400000000000000
541 8.100000000000000 3.600000000000000
542 8.100000000000000 6.300000000000000
543 8.100000000000000 3.700000000000000
544 8.100000000000000 1.300000000000000
545 8.199999999999999 1.900000000000000
546 8.199999999999999 0.900000000000000
547 8.199999999999999 6.200000000000000
548 8.199999999999999 0.900000000000000
549 8.199999999999999 1.400000000000000
550 8.199999999999999 2.200000000000000
551 8.199999999999999 2.100000000000000
552 8.199999999999999 2.200000000000000
553 8.199999999999999 2.800000000000000
554 8.300000000000001 3.500000000000000
555 8.300000000000001 1.400000000000000
556 8.300000000000001 5.000000000000000
557 8.400000000000000 3.900000000000000
558 8.400000000000000 5.400000000000000
559 8.400000000000000 6.300000000000000
560 8.400000000000000 1.000000000000000
561 8.500000000000000 6.100000000000000
562 8.500000000000000 0.500000000000000
563 8.500000000000000 5.600000000000000
564 8.500000000000000 6.000000000000000
565 8.500000000000000 3.000000000000000
566 8.600000000000000 3.500000000000000
567 8.600000000000000 3.900000000000000
568 8.600000000000000 5.700000000000000
569 8.600000000000000 3.500000000000000
570 8.600000000000000 5.100000000000000
571 8.600000000000000 0.700000000000000
572 8.600000000000000 1.800000000000000
573 8.600000000000000 0.300000000000000
574 8.600000000000000 2.900000000000000
575 8.600000000000000 5.600000000000000
576 8.699999999999999 3.900000000000000
577 8.699999999999999 2.700000000000000
578 8.699999999999999 3.400000000000000
579 8.699999999999999 2.000000000000000
580 8.800000000000001 2.200000000000000
581 8.800000000000001 2.700000000000000
582 8.800000000000001 5.400000000000000
583 8.800000000000001 4.900000000000000
584 8.800000000000001 2.200000000000000
585 8.800000000000001 6.000000000000000
586 8.900000000000000 4.500000000000000
587 8.900000000000000 5.200000000000000
588 8.900000000000000 5.700000000000000
589 8.900000000000000 6.000000000000000
590 8.900000000000000 4.900000000000000
591 9.000000000000000 5.700000000000000
592 9.000000000000000 6.200000000000000
593 9.100000000000000 5.500000000000000
594 9.100000000000000 5.200000000000000
595 9.100000000000000 5.100000000000000
596 9.199999999999999 5.100000000000000
597 9.199999999999999 4.400000000000000
598 9.300000000000001 4.400000000000000
599 9.300000000000001 4.300000000000000
600 9.300000000000001 4.300000000000000
601 9.400000000000000 4.600000000000000
602 9.400000000000000 5.000000000000000
603 9.500000000000000 4.600000000000000
604 9.500000000000000 5.000000000000000
605 9.699999999999999 4.400000000000000
606 9.699999999999999 4.900000000000000
