324
0 2.080000000000000 3.930000000000000
1 3.880000000000000 9.480000000000000
2 3.053051156271898 6.930241065171687
3 3.346860202260558 7.836152290303389
4 2.265379027751909 4.501585335568387
5 2.867593093637555 6.358412038715796
6 2.262508361204013 4.492734113712374
7 3.027932960893855 6.852793296089386
8 3.077530120481928 7.005717871485944
9 2.345972684380432 4.750082443506332
10 3.340967831821419 7.817984148116041
11 3.639323273891175 8.737913427831124
12 2.283863397548161 4.558578809106830
13 4.740000000000000 6.580000000000000
14 3.637583732057416 5.481728154117350
15 2.607247199961764 4.455265067631080
16 3.829388592462987 5.672811943619141
17 2.236320618578905 4.085732947080488
18 4.733624140138891 6.573648109536865
19 2.763269041493274 4.610700360886157
20 3.209168895858316 5.054923900009225
21 4.642403676130414 6.482770579603607
22 4.292143557627790 6.133827228463775
23 3.751279549301145 5.594996543476705
24 2.910142843354889 4.757022005597915
25 3.893514046328240 5.736696324349563
26 5.310000000000000 2.130000000000000
27 8.630000000000001 5.030000000000000
28 7.747347174163783 4.259008073817762
29 7.251618177653055 3.825991781684898
30 5.826899063767669 2.581508218351277
31 6.878013182719636 3.499650069243055
32 5.865616701181630 2.615327841393593
33 5.578855969076963 2.364844069374456
34 7.241006793300635 3.816722801377060
35 8.165980210265925 4.624681508967223
36 5.911403781979978 2.655322580645161
37 9.560000000000000 2.290000000000000
38 9.080000000000000 1.930000000000000
39 9.220414610069103 2.035310957551826
40 2.240000000000000 1.780000000000000
41 7.460000000000000 4.570000000000000
42 4.586959231368477 3.034409244352116
43 6.307355591212047 3.953931436682301
44 6.273924665856622 3.936063183475091
45 6.269275840871169 3.933578466672521
46 5.593843974310540 3.572571779372875
47 4.882759141069576 3.192509196088911
48 3.390169139996424 2.394745574825675
49 5.692000000000000 3.625034482758621
50 6.833281827229635 4.235029942139978
51 2.287717474219523 1.805504167255262
52 5.203322277501382 3.363844665561084
53 4.322329998733696 2.892969482081803
54 7.175703817971462 4.418048592364057
55 5.960000000000000 6.610000000000000
56 8.369999999999999 3.440000000000000
57 8.171281325771151 3.701385144110144
58 6.794236106446071 5.512685287371765
59 6.038373901042084 6.506910677882404
60 7.485819293698364 4.603009476753604
61 6.055600889607764 6.484251112009705
62 6.197375827887639 6.297767064562731
63 7.394509445908736 4.723114131315064
64 1.000000000000000 1.530000000000000
65 6.770000000000000 3.950000000000000
66 6.664120114294702 3.905592838231054
67 6.199569307442630 3.710755238130185
68 1.226602304546129 1.625039441421427
69 6.440252688412547 3.811700434308209
70 5.623238962523633 3.469036098666757
71 4.868858439649667 3.152640801378197
72 3.294883055800254 2.492498612657992
73 2.101604819185055 1.992024898167736
74 5.680136490607906 3.492899533322554
75 2.409653398379406 2.121223782335903
76 5.154146266634283 3.272293581499994
77 4.318011254851229 2.921609573091850
78 5.800000000000000 2.500000000000000
79 5.380000000000000 0.150000000000000
80 5.393975862068966 0.228198275862069
81 5.393876948430955 0.227644830506535
82 5.544866519541539 1.072467430768136
83 3.360000000000000 6.760000000000000
84 5.080000000000000 8.039999999999999
85 3.885720534069981 7.151233885819520
86 3.936565619223659 7.189072088724584
87 3.555595667870036 6.905559566787003
88 4.717737925412676 7.770409618911758
89 3.946652960526316 7.196578947368421
90 4.540524551203156 7.638529898569790
91 3.700945901095254 7.013727182210421
92 2.600000000000000 6.810000000000000
93 6.820000000000000 7.930000000000000
94 3.932094871618681 7.163541766875100
95 5.548405763688761 7.592515273775216
96 6.505447254637593 7.846516806918034
97 2.808289466171850 6.865280616614330
98 4.723007272119363 7.373452167007982
99 4.650134395221503 7.354111498257839
100 3.969244251199068 7.173401317853781
101 4.405613588139561 7.289214980738461
102 3.688118987341772 7.098789873417721
103 3.210000000000000 3.040000000000000
104 4.350000000000000 9.550000000000001
105 4.253552886892484 8.999236222517608
106 3.438120601062222 4.342688695539532
107 4.173791780102994 8.543758323219732
108 4.323079273646869 9.396268483720277
109 3.688617573413432 5.773158248176703
110 4.131843421377907 8.304211116815942
111 4.299113924050633 9.259413724183879
112 3.892823639774859 6.939282363977487
113 3.987582568950943 7.480405722693548
114 3.445168781422073 4.382937514962892
115 3.699983071569641 5.838061224489795
116 3.939216262800365 7.204208658623138
117 3.808651600516193 6.458615718737212
118 4.207229432725570 8.734704918459178
119 3.579558009481364 5.150370738354104
120 3.545956088843503 4.958486086290528
121 3.795756929637526 6.384980361351139
122 3.509841873883775 4.752254911388928
123 9.980000000000000 0.170000000000000
124 2.100000000000000 0.270000000000000
125 5.387028813173530 0.228286436381047
126 5.429946761313223 0.227741792369122
127 0.980000000000000 4.800000000000000
128 4.870000000000000 9.789999999999999
129 3.774930108250496 8.385270241688939
130 4.532248552448804 9.356740431033298
131 2.435170032507178 6.666657702367819
132 3.698589748476417 8.287342633649695
133 1.009157057195572 4.837401983394834
134 4.410624485827538 9.200723954827613
135 2.399436076952547 6.620819029304166
136 2.440427685411998 6.673402095168603
137 4.693927369115658 9.564138193287180
138 1.231321675491006 5.122389501465326
139 3.336372428189911 7.822698821765464
140 4.048036229596899 8.735604315087024
141 3.539639285409009 8.083444738866568
142 4.720000000000000 9.570000000000000
143 5.010616081018873 8.876271290471077
144 4.833160388259764 9.299875202218628
145 5.232313833410534 8.347057300890985
146 5.005958029197080 8.887390510948906
147 5.744487678339818 7.124448767833981
148 5.307052883792572 8.168647954817731
149 5.071967551848167 8.729819392362440
150 5.014749328851736 8.866404827902308
151 1.170000000000000 4.650000000000000
152 9.510000000000000 3.520000000000000
153 6.280999963836321 3.957502402981410
154 2.802533934944504 4.428805354138215
155 6.225086332245218 3.965078230762938
156 4.028660943877795 4.262675435661642
157 5.452694722432025 4.069730810989427
158 5.200527985920828 4.103897287279312
159 9.492066942735791 3.522429778742033
160 1.195151463647417 4.646592187779187
161 2.263097764775617 4.501894427554383
162 3.652722989679308 4.313611873101006
163 5.728570302098960 4.032351985447024
164 2.815649109225551 4.427028358102533
165 7.228983004853700 3.829058657615746
166 3.276096928910206 4.364641543205212
167 2.152333215182852 4.516902094345729
168 4.117604262801519 4.250624362474134
169 8.563608121986798 3.648228156133683
170 2.919765519674994 4.412921458365378
171 6.795392291343212 3.887806560045824
172 7.790000000000000 8.529999999999999
173 6.272375486182190 3.931368935516889
174 7.762131518884066 8.445554300940159
175 5.852873126379385 2.660213543752610
176 7.380123477962614 7.288012347796261
177 6.489116727477004 4.588127571199164
178 6.974572366847870 6.059131342760127
179 7.246414781489512 6.882854840392843
180 7.253819797128410 6.905293154112719
181 9.830000000000000 3.930000000000000
182 9.740000000000000 3.640000000000000
183 5.020000000000000 8.880000000000001
184 3.510000000000000 8.279999999999999
185 4.704672069025826 8.754704133387746
186 4.648072602358184 8.732214279082722
187 7.150000000000000 2.720000000000000
188 7.498808247600934 2.577223567044177
189 5.150000000000000 9.240000000000000
190 4.697093957387356 9.325588543485853
191 0.420000000000000 0.190000000000000
192 2.910000000000000 4.620000000000000
193 2.292299555184877 3.521038967658234
194 2.188052890753237 3.335572010456561
195 2.882406047633240 4.570907144986046
196 2.678828640386159 4.208719227674973
197 2.733350800556210 4.305720500587955
198 1.210000000000000 7.540000000000000
199 4.603408475565063 5.121064606363405
200 5.293964792023680 4.628812899205483
201 5.365714788312372 4.577667094989529
202 7.903095355822186 2.768937109763346
203 2.403823233392504 6.689002752308520
204 2.431928092843278 6.668968665711462
205 5.752759418789514 4.301768698931490
206 3.668357705150258 5.787600161894162
207 3.791707094918505 5.699672579098753
208 4.435896250273526 5.240472939766902
209 3.912030665627154 5.613901901630453
210 4.401479535899298 5.265006328285253
211 6.639126748966421 3.669936332693568
212 8.390000000000001 8.470000000000001
213 6.699890490588601 8.404196555986031
214 5.682711358037632 8.364593270087530
215 4.710353074448321 8.326735058226472
216 4.807785401037256 8.330528529958418
217 4.750000000000000 5.340000000000000
218 3.987823368503322 4.201684251660805
219 4.099772019853622 4.368880289391773
220 6.540000000000000 0.240000000000000
221 5.334171136842884 4.487197218008953
222 6.068940015984808 1.899177943697955
223 5.664838616940647 3.322512871442385
224 4.819061533756923 6.301527708878393
225 5.013429979788580 5.616918848966892
226 5.870466339258551 2.598246338389326
227 4.460000000000000 1.980000000000000
228 6.810000000000000 8.720000000000001
229 6.272083013066871 7.177208301306688
230 5.104568629998322 3.828677687739868
231 5.920353270994872 6.168417466598060
232 5.664381371060578 5.434268272743957
233 6.033963313856574 6.494260738465242
234 5.907288856162731 6.130947612994387
235 5.670000000000000 1.710000000000000
236 8.148745295922424 2.885424673496383
237 8.756814500291917 3.173771986624914
238 3.580000000000000 2.200000000000000
239 0.490000000000000 5.370000000000000
240 2.205702600415090 3.609877914784520
241 2.265238868969274 3.548800254164208
242 2.763562709105706 3.037574825933629
243 1.517611347378599 4.315783828093800
244 4.700778611632271 9.048011257035647
245 2.530000000000000 8.650000000000000
246 2.050000000000000 1.190000000000000
247 2.401513407993424 6.653104215897805
248 2.280474612329551 4.771959599955100
249 2.194511423550088 3.435948374340948
250 2.266388747454175 4.553041783350306
251 2.231921615751487 4.017365111471029
252 9.039999999999999 6.590000000000000
253 7.938915254237288 5.182284059214761
254 9.199999999999999 7.470000000000000
255 2.726573938506587 6.822657393850658
256 4.727662395050817 7.022766239505081
257 4.423402163225172 6.992340216322517
258 4.170386440677967 6.967038644067796
259 4.862383062530775 7.036238306253077
260 4.285635060192073 6.978563506019207
261 3.714855355746677 6.921485535574668
262 7.093115403665180 7.259311540366518
263 8.032844243792322 7.353284424379232
264 6.690000000000000 8.890000000000001
265 0.210000000000000 5.510000000000000
266 4.716540261219841 7.860633654772077
267 3.777045426172954 7.370588509330954
268 6.368860998114893 8.722492310745114
269 4.603540507531550 7.801692425224791
270 3.656606562961281 7.307767003519928
271 4.690000000000000 9.859999999999999
272 4.721747220186701 7.468376079268486
273 4.736106606215842 6.386635665073213
274 4.726650058580502 7.099028920268854
275 4.704974874371859 8.731892797319933
276 4.713541891716718 8.086510824007261
277 4.748347627484798 5.464478729478524
278 5.400000000000000 3.730000000000000
279 2.901768709594804 4.564439779279944
280 3.301674059964296 4.430866505429440
281 2.609962341383545 4.661906672124437
282 4.132258893617021 4.153441021276596
283 3.079825456554839 4.504966649949097
284 5.838408676797099 5.255724227774580
285 5.386969540569564 0.227626262205832
286 5.952972432192086 6.531727434415296
287 5.468553786515298 1.136305967049702
288 5.917517208785342 6.136829601298810
289 4.314731744080984 6.818946974011570
290 4.005871023641540 6.326132442133927
291 4.543396965828460 7.183802511652763
292 4.078272829201444 6.441655911299361
293 3.050298208077026 4.801431699652314
294 3.843659626511124 6.067309845242015
295 2.743155942745659 4.311359114527999
296 4.249740671909725 6.885624837368954
297 3.623356698489150 7.528266104756169
298 5.316483886760569 5.791195157399844
299 6.954924027829167 4.110230615723359
300 2.550000000000000 0.220000000000000
301 9.990000000000000 0.240000000000000
302 9.951536949631127 0.239896604703309
303 4.670000000000000 5.880000000000000
304 4.027932216748768 6.311312709359606
305 3.781948227045975 6.476553862747742
306 8.140000000000001 5.520000000000000
307 4.530000000000000 7.190000000000000
308 7.722799563695220 5.712998539786422
309 6.313885224958937 6.364767776819551
310 8.009401402894726 5.580415417497454
311 1.500000000000000 8.750000000000000
312 4.962237299318231 8.730439337291989
313 3.499800786516369 4.943861295727570
314 3.868941633194319 5.899650221974516
315 3.401804190821066 4.690126002496297
316 1.310000000000000 4.250000000000000
317 3.989662666519872 5.099079158868215
318 4.264230177175452 5.186078748000361
319 3.999500132162471 5.033841228817293
320 7.240416314419281 6.897585253198220
321 7.861028737630805 5.373549682273718
322 9.539999999999999 8.220000000000001
323 8.920000000000000 6.850000000000000
572
0 6
6 4
4 12
12 9
9 5
5 7
7 2
2 8
8 10
10 3
3 11
11 1
0 17
17 15
15 19
19 24
24 20
20 14
14 23
23 16
16 25
25 22
22 21
21 18
18 13
26 33
33 30
30 32
32 36
36 31
31 34
34 29
29 28
28 35
35 27
38 39
39 37
40 51
51 48
48 53
53 42
42 47
47 52
52 46
46 49
49 45
45 44
44 43
43 50
50 54
54 41
55 59
59 61
61 62
62 58
58 63
63 60
60 28
28 57
57 56
64 68
68 73
73 75
75 72
72 77
77 42
42 71
71 76
76 70
70 74
74 67
67 69
69 66
66 65
79 81
81 80
80 82
82 78
83 87
87 91
91 85
85 86
86 89
89 90
90 88
88 84
92 97
97 2
2 102
102 85
85 94
94 100
100 101
101 99
99 98
98 95
95 96
96 93
103 106
106 114
114 122
122 120
120 119
119 14
14 109
109 115
115 121
121 117
117 112
112 94
94 86
86 116
116 113
113 110
110 107
107 118
118 105
105 111
111 108
108 104
124 125
125 80
80 126
126 123
127 133
133 138
138 135
135 131
131 136
136 139
139 3
3 141
141 132
132 129
129 140
140 105
105 134
134 130
130 137
137 128
142 144
144 146
146 143
143 150
150 149
149 145
145 148
148 95
95 147
147 55
151 160
160 167
167 161
161 4
4 15
15 154
154 164
164 170
170 166
166 106
106 162
162 156
156 168
168 158
158 157
157 163
163 155
155 153
153 43
43 66
66 171
171 165
165 29
29 57
57 169
169 159
159 152
78 30
30 175
175 67
67 173
173 44
44 153
153 177
177 58
58 178
178 179
179 180
180 176
176 174
174 172
182 181
184 129
129 107
107 186
186 185
185 143
143 183
187 188
188 38
1 108
108 130
130 190
190 144
144 189
191 68
68 194
194 193
193 196
196 197
197 154
154 195
195 192
198 203
203 204
204 131
131 5
5 206
206 109
109 207
207 16
16 209
209 210
210 208
208 199
199 200
200 201
201 205
205 155
155 45
45 173
173 69
69 211
211 31
31 202
202 38
184 132
132 110
110 215
215 216
216 145
145 214
214 213
213 174
174 212
103 218
218 156
156 219
219 199
199 217
13 224
224 225
225 200
200 221
221 157
157 46
46 70
70 223
223 175
175 32
32 226
226 222
222 220
227 71
71 47
47 230
230 158
158 221
221 201
201 232
232 234
234 231
231 233
233 59
59 229
229 96
96 213
213 228
235 222
222 188
188 202
202 236
236 237
237 159
159 182
239 133
133 160
160 243
243 240
240 241
241 193
193 242
242 72
72 48
48 238
1 111
111 134
134 244
244 146
146 183
246 73
73 194
194 249
249 240
240 251
251 17
17 6
6 161
161 250
250 248
248 135
135 247
247 203
203 245
41 60
60 253
253 252
92 255
255 7
7 87
87 261
261 112
112 258
258 260
260 257
257 256
256 259
259 147
147 229
229 262
262 176
176 263
263 254
265 247
247 204
204 136
136 255
255 97
97 8
8 270
270 267
267 113
113 269
269 266
266 148
148 214
214 268
268 264
271 137
137 190
190 244
244 185
185 275
275 215
215 276
276 266
266 88
88 272
272 98
98 274
274 256
256 18
18 273
273 277
277 217
239 138
138 248
248 9
9 281
281 19
19 195
195 279
279 283
283 280
280 114
114 162
162 218
218 282
282 230
230 278
79 285
285 125
125 287
287 33
33 223
223 74
74 49
49 163
163 205
205 284
284 288
288 231
231 286
286 55
64 249
249 241
241 196
196 295
295 164
164 279
279 293
293 20
20 206
206 115
115 294
294 290
290 292
292 289
289 257
257 291
291 99
99 272
272 84
245 139
139 10
10 297
297 267
267 116
116 89
89 100
100 258
258 296
296 289
289 21
21 273
273 224
224 298
298 232
232 284
284 177
177 50
50 299
299 165
165 34
34 236
236 38
300 285
285 81
81 126
126 302
302 301
83 305
305 117
117 290
290 304
304 22
22 303
307 291
291 274
274 259
259 286
286 233
233 61
61 309
309 178
178 308
308 310
310 306
227 287
287 82
82 220
311 11
11 140
140 118
118 186
186 275
275 312
312 149
149 268
268 228
246 51
51 75
75 242
242 166
166 280
280 315
315 313
313 119
119 23
23 207
207 314
314 304
304 292
292 296
296 260
260 101
101 90
90 269
269 276
276 216
216 312
312 150
150 183
316 243
243 167
167 250
250 12
12 281
281 24
24 293
293 313
313 120
120 317
317 318
318 208
208 217
227 76
76 52
52 278
184 141
141 297
297 270
270 102
102 91
91 261
261 305
305 121
121 294
294 314
314 25
25 209
209 317
317 319
319 219
219 168
168 282
282 77
77 53
53 227
93 262
262 320
320 179
179 308
308 321
321 253
253 35
35 169
169 237
237 39
39 302
302 123
0 251
251 197
197 295
295 170
170 283
283 315
315 122
122 319
319 318
318 210
210 277
277 225
225 298
298 234
234 288
288 62
62 309
309 320
320 180
180 263
263 322
78 226
226 36
36 211
211 171
171 299
299 54
54 63
63 321
321 310
310 323
516
0 1.000000000000000 5.000000000000000
1 1.100000000000000 2.100000000000000
2 1.200000000000000 1.800000000000000
3 1.200000000000000 3.900000000000000
4 1.200000000000000 3.400000000000000
5 1.200000000000000 2.500000000000000
6 1.300000000000000 2.300000000000000
7 1.300000000000000 3.500000000000000
8 1.300000000000000 5.200000000000000
9 1.300000000000000 4.800000000000000
10 1.400000000000000 3.500000000000000
11 1.400000000000000 4.100000000000000
12 1.400000000000000 3.700000000000000
13 1.400000000000000 2.300000000000000
14 1.500000000000000 4.400000000000000
15 1.500000000000000 1.800000000000000
16 1.500000000000000 5.400000000000000
17 1.500000000000000 2.500000000000000
18 1.600000000000000 3.400000000000000
19 1.800000000000000 2.300000000000000
20 1.800000000000000 2.700000000000000
21 1.800000000000000 5.200000000000000
22 1.800000000000000 3.400000000000000
23 1.800000000000000 4.300000000000000
24 1.800000000000000 5.300000000000000
25 1.900000000000000 4.300000000000000
26 1.900000000000000 5.700000000000000
27 1.900000000000000 3.400000000000000
28 1.900000000000000 5.400000000000000
29 2.000000000000000 5.700000000000000
30 2.000000000000000 4.800000000000000
31 2.000000000000000 3.100000000000000
32 2.000000000000000 2.500000000000000
33 2.000000000000000 6.000000000000000
34 2.000000000000000 4.600000000000000
35 2.100000000000000 2.800000000000000
36 2.100000000000000 5.200000000000000
37 2.100000000000000 1.800000000000000
38 2.200000000000000 4.400000000000000
39 2.200000000000000 5.600000000000000
40 2.200000000000000 2.800000000000000
41 2.300000000000000 3.800000000000000
42 2.400000000000000 4.300000000000000
43 2.400000000000000 2.500000000000000
44 2.400000000000000 5.500000000000000
45 2.400000000000000 4.200000000000000
46 2.500000000000000 4.900000000000000
47 2.500000000000000 8.000000000000000
48 2.600000000000000 8.000000000000000
49 2.600000000000000 7.000000000000000
50 2.600000000000000 5.500000000000000
51 2.600000000000000 5.700000000000000
52 2.600000000000000 2.300000000000000
53 2.600000000000000 5.600000000000000
54 2.600000000000000 5.100000000000000
55 2.600000000000000 2.300000000000000
56 2.700000000000000 3.700000000000000
57 2.700000000000000 2.100000000000000
58 2.700000000000000 4.600000000000000
59 2.700000000000000 3.800000000000000
60 2.700000000000000 3.000000000000000
61 2.800000000000000 6.100000000000000
62 2.800000000000000 4.700000000000000
63 2.800000000000000 2.200000000000000
64 2.800000000000000 6.200000000000000
65 2.800000000000000 5.400000000000000
66 2.800000000000000 7.100000000000000
67 2.800000000000000 4.600000000000000
68 2.800000000000000 2.500000000000000
69 2.800000000000000 2.200000000000000
70 2.800000000000000 5.400000000000000
71 2.900000000000000 7.200000000000000
72 2.900000000000000 5.500000000000000
73 2.900000000000000 3.300000000000000
74 2.900000000000000 3.000000000000000
75 3.000000000000000 3.800000000000000
76 3.000000000000000 4.000000000000000
77 3.000000000000000 6.700000000000000
78 3.000000000000000 4.700000000000000
79 3.100000000000000 6.900000000000000
80 3.100000000000000 2.300000000000000
81 3.100000000000000 4.200000000000000
82 3.100000000000000 6.300000000000000
83 3.200000000000000 5.200000000000000
84 3.200000000000000 4.300000000000000
85 3.200000000000000 2.500000000000000
86 3.200000000000000 6.000000000000000
87 3.200000000000000 4.400000000000000
88 3.200000000000000 5.800000000000000
89 3.200000000000000 3.900000000000000
90 3.200000000000000 3.600000000000000
91 3.200000000000000 7.700000000000000
92 3.200000000000000 6.300000000000000
93 3.200000000000000 7.600000000000000
94 3.300000000000000 7.400000000000000
95 3.300000000000000 2.700000000000000
96 3.300000000000000 5.700000000000000
97 3.300000000000000 3.700000000000000
98 3.300000000000000 2.500000000000000
99 3.300000000000000 6.500000000000000
100 3.300000000000000 6.300000000000000
101 3.300000000000000 3.600000000000000
102 3.300000000000000 5.500000000000000
103 3.400000000000000 4.100000000000000
104 3.400000000000000 4.200000000000000
105 3.400000000000000 6.300000000000000
106 3.400000000000000 4.000000000000000
107 3.400000000000000 6.200000000000000
108 3.500000000000000 2.600000000000000
109 3.500000000000000 3.800000000000000
110 3.500000000000000 5.600000000000000
111 3.500000000000000 7.700000000000000
112 3.500000000000000 7.700000000000000
113 3.600000000000000 7.000000000000000
114 3.600000000000000 4.500000000000000
115 3.600000000000000 3.900000000000000
116 3.600000000000000 5.000000000000000
117 3.600000000000000 7.400000000000000
118 3.700000000000000 5.700000000000000
119 3.700000000000000 8.699999999999999
120 3.700000000000000 4.900000000000000
121 3.700000000000000 2.600000000000000
122 3.700000000000000 7.300000000000000
123 3.800000000000000 2.700000000000000
124 3.800000000000000 4.300000000000000
125 3.800000000000000 4.600000000000000
126 3.800000000000000 4.200000000000000
127 3.900000000000000 4.700000000000000
128 3.900000000000000 2.800000000000000
129 3.900000000000000 4.200000000000000
130 4.000000000000000 4.800000000000000
131 4.000000000000000 8.100000000000000
132 4.000000000000000 3.600000000000000
133 4.000000000000000 9.400000000000000
134 4.000000000000000 8.400000000000000
135 4.000000000000000 4.800000000000000
136 4.000000000000000 5.100000000000000
137 4.000000000000000 9.100000000000000
138 4.100000000000000 7.400000000000000
139 4.100000000000000 3.500000000000000
140 4.100000000000000 4.400000000000000
141 4.100000000000000 6.500000000000000
142 4.100000000000000 9.199999999999999
143 4.100000000000000 7.000000000000000
144 4.100000000000000 3.800000000000000
145 4.200000000000000 4.700000000000000
146 4.200000000000000 9.100000000000000
147 4.200000000000000 7.200000000000000
148 4.200000000000000 3.900000000000000
149 4.200000000000000 4.000000000000000
150 4.200000000000000 4.400000000000000
151 4.200000000000000 3.400000000000000
152 4.300000000000000 8.600000000000000
153 4.300000000000000 8.800000000000001
154 4.300000000000000 5.700000000000000
155 4.300000000000000 2.900000000000000
156 4.300000000000000 3.900000000000000
157 4.300000000000000 8.400000000000000
158 4.400000000000000 2.800000000000000
159 4.400000000000000 2.600000000000000
160 4.400000000000000 7.600000000000000
161 4.400000000000000 2.900000000000000
162 4.400000000000000 6.400000000000000
163 4.400000000000000 7.800000000000000
164 4.400000000000000 3.200000000000000
165 4.400000000000000 5.800000000000000
166 4.400000000000000 9.199999999999999
167 4.400000000000000 7.900000000000000
168 4.400000000000000 2.500000000000000
169 4.500000000000000 4.200000000000000
170 4.500000000000000 5.000000000000000
171 4.500000000000000 8.900000000000000
172 4.500000000000000 8.900000000000000
173 4.500000000000000 4.600000000000000
174 4.500000000000000 2.800000000000000
175 4.500000000000000 6.500000000000000
176 4.600000000000000 9.100000000000000
177 4.600000000000000 4.500000000000000
178 4.600000000000000 9.300000000000001
179 4.600000000000000 7.800000000000000
180 4.600000000000000 5.900000000000000
181 4.600000000000000 8.199999999999999
182 4.600000000000000 4.900000000000000
183 4.600000000000000 7.900000000000000
184 4.600000000000000 3.600000000000000
185 4.600000000000000 3.200000000000000
186 4.700000000000000 5.800000000000000
187 4.700000000000000 2.200000000000000
188 4.700000000000000 2.600000000000000
189 4.700000000000000 3.600000000000000
190 4.800000000000000 4.200000000000000
191 4.800000000000000 6.700000000000000
192 4.800000000000000 3.600000000000000
193 4.800000000000000 8.000000000000000
194 4.800000000000000 2.300000000000000
195 4.800000000000000 7.700000000000000
196 4.800000000000000 6.900000000000000
197 4.800000000000000 4.200000000000000
198 4.800000000000000 4.500000000000000
199 4.800000000000000 8.199999999999999
200 4.800000000000000 4.100000000000000
201 4.800000000000000 8.900000000000000
202 4.900000000000000 4.200000000000000
203 4.900000000000000 8.600000000000000
204 4.900000000000000 5.000000000000000
205 5.000000000000000 3.200000000000000
206 5.000000000000000 5.600000000000000
207 5.000000000000000 3.200000000000000
208 5.000000000000000 2.400000000000000
209 5.100000000000000 5.800000000000000
210 5.100000000000000 5.500000000000000
211 5.100000000000000 7.900000000000000
212 5.100000000000000 8.600000000000000
213 5.100000000000000 6.800000000000000
214 5.100000000000000 4.300000000000000
215 5.100000000000000 5.000000000000000
216 5.100000000000000 2.500000000000000
217 5.200000000000000 3.300000000000000
218 5.200000000000000 8.300000000000001
219 5.200000000000000 2.700000000000000
220 5.200000000000000 7.100000000000000
221 5.200000000000000 8.000000000000000
222 5.300000000000000 2.000000000000000
223 5.300000000000000 8.100000000000000
224 5.300000000000000 4.300000000000000
225 5.300000000000000 6.600000000000000
226 5.300000000000000 1.700000000000000
227 5.300000000000000 7.000000000000000
228 5.300000000000000 5.100000000000000
229 5.300000000000000 3.700000000000000
230 5.300000000000000 6.900000000000000
231 5.300000000000000 5.100000000000000
232 5.300000000000000 7.900000000000000
233 5.400000000000000 2.600000000000000
234 5.400000000000000 3.100000000000000
235 5.400000000000000 1.700000000000000
236 5.400000000000000 7.000000000000000
237 5.400000000000000 2.400000000000000
238 5.400000000000000 5.900000000000000
239 5.400000000000000 7.900000000000000
240 5.400000000000000 8.000000000000000
241 5.400000000000000 5.800000000000000
242 5.400000000000000 5.200000000000000
243 5.400000000000000 6.700000000000000
244 5.500000000000000 4.000000000000000
245 5.500000000000000 5.700000000000000
246 5.500000000000000 6.100000000000000
247 5.500000000000000 4.400000000000000
248 5.500000000000000 4.500000000000000
249 5.500000000000000 6.300000000000000
250 5.500000000000000 5.300000000000000
251 5.500000000000000 8.600000000000000
252 5.500000000000000 0.800000000000000
253 5.500000000000000 1.000000000000000
254 5.600000000000000 3.500000000000000
255 5.600000000000000 1.100000000000000
256 5.600000000000000 3.600000000000000
257 5.600000000000000 8.699999999999999
258 5.600000000000000 5.500000000000000
259 5.600000000000000 0.500000000000000
260 5.600000000000000 4.300000000000000
261 5.600000000000000 5.500000000000000
262 5.700000000000000 0.600000000000000
263 5.700000000000000 8.600000000000000
264 5.700000000000000 7.800000000000000
265 5.700000000000000 1.000000000000000
266 5.700000000000000 0.700000000000000
267 5.700000000000000 7.300000000000000
268 5.700000000000000 6.600000000000000
269 5.700000000000000 6.900000000000000
270 5.700000000000000 4.500000000000000
271 5.700000000000000 7.300000000000000
272 5.800000000000000 5.200000000000000
273 5.800000000000000 3.400000000000000
274 5.800000000000000 3.300000000000000
275 5.800000000000000 8.500000000000000
276 5.800000000000000 2.100000000000000
277 5.800000000000000 1.800000000000000
278 5.800000000000000 2.100000000000000
279 5.800000000000000 8.600000000000000
280 5.800000000000000 5.000000000000000
281 5.800000000000000 7.100000000000000
282 5.800000000000000 2.200000000000000
283 5.800000000000000 6.400000000000000
284 5.800000000000000 7.400000000000000
285 5.800000000000000 5.900000000000000
286 5.800000000000000 4.600000000000000
287 5.800000000000000 0.900000000000000
288 5.800000000000000 1.100000000000000
289 5.800000000000000 5.200000000000000
290 5.800000000000000 7.400000000000000
291 5.900000000000000 3.700000000000000
292 5.900000000000000 3.300000000000000
293 5.900000000000000 2.800000000000000
294 5.900000000000000 4.100000000000000
295 5.900000000000000 4.600000000000000
296 5.900000000000000 3.200000000000000
297 5.900000000000000 4.900000000000000
298 5.900000000000000 3.800000000000000
299 5.900000000000000 2.900000000000000
300 5.900000000000000 2.300000000000000
301 5.900000000000000 4.000000000000000
302 5.900000000000000 7.500000000000000
303 6.000000000000000 5.300000000000000
304 6.000000000000000 3.100000000000000
305 6.000000000000000 6.900000000000000
306 6.000000000000000 6.500000000000000
307 6.000000000000000 3.500000000000000
308 6.000000000000000 5.600000000000000
309 6.100000000000000 8.699999999999999
310 6.100000000000000 5.300000000000000
311 6.100000000000000 4.400000000000000
312 6.100000000000000 3.700000000000000
313 6.100000000000000 3.900000000000000
314 6.100000000000000 0.400000000000000
315 6.100000000000000 7.200000000000000
316 6.100000000000000 8.000000000000000
317 6.200000000000000 2.400000000000000
318 6.200000000000000 0.600000000000000
319 6.200000000000000 3.600000000000000
320 6.200000000000000 7.600000000000000
321 6.200000000000000 8.500000000000000
322 6.200000000000000 4.000000000000000
323 6.300000000000000 6.600000000000000
324 6.300000000000000 6.300000000000000
325 6.300000000000000 8.100000000000000
326 6.300000000000000 1.400000000000000
327 6.400000000000000 8.100000000000000
328 6.400000000000000 5.300000000000000
329 6.400000000000000 6.800000000000000
330 6.400000000000000 8.500000000000000
331 6.500000000000000 8.199999999999999
332 6.500000000000000 1.300000000000000
333 6.500000000000000 5.800000000000000
334 6.500000000000000 2.600000000000000
335 6.500000000000000 4.600000000000000
336 6.600000000000000 0.800000000000000
337 6.600000000000000 5.900000000000000
338 6.600000000000000 8.300000000000001
339 6.600000000000000 6.000000000000000
340 6.600000000000000 6.800000000000000
341 6.600000000000000 6.100000000000000
342 6.600000000000000 5.200000000000000
343 6.600000000000000 2.900000000000000
344 6.600000000000000 1.200000000000000
345 6.600000000000000 6.000000000000000
346 6.700000000000000 3.800000000000000
347 6.700000000000000 2.000000000000000
348 6.700000000000000 5.500000000000000
349 6.700000000000000 0.500000000000000
350 6.700000000000000 3.600000000000000
351 6.700000000000000 4.600000000000000
352 6.700000000000000 4.900000000000000
353 6.700000000000000 8.500000000000000
354 6.700000000000000 4.300000000000000
355 6.700000000000000 6.900000000000000
356 6.700000000000000 7.000000000000000
357 6.800000000000000 7.200000000000000
358 6.800000000000000 1.800000000000000
359 6.800000000000000 2.300000000000000
360 6.800000000000000 7.900000000000000
361 6.800000000000000 3.400000000000000
362 6.800000000000000 0.500000000000000
363 6.800000000000000 7.500000000000000
364 6.800000000000000 6.500000000000000
365 6.900000000000000 2.200000000000000
366 6.900000000000000 0.800000000000000
367 6.900000000000000 4.400000000000000
368 6.900000000000000 8.300000000000001
369 6.900000000000000 3.000000000000000
370 6.900000000000000 3.600000000000000
371 6.900000000000000 4.500000000000000
372 7.000000000000000 7.400000000000000
373 7.000000000000000 4.500000000000000
374 7.000000000000000 4.800000000000000
375 7.000000000000000 4.200000000000000
376 7.000000000000000 6.500000000000000
377 7.000000000000000 4.400000000000000
378 7.000000000000000 5.800000000000000
379 7.000000000000000 2.900000000000000
380 7.000000000000000 1.100000000000000
381 7.000000000000000 4.000000000000000
382 7.000000000000000 4.800000000000000
383 7.000000000000000 2.300000000000000
384 7.100000000000000 1.000000000000000
385 7.100000000000000 4.700000000000000
386 7.100000000000000 6.900000000000000
387 7.100000000000000 5.300000000000000
388 7.100000000000000 2.400000000000000
389 7.100000000000000 3.700000000000000
390 7.100000000000000 3.100000000000000
391 7.200000000000000 3.200000000000000
392 7.200000000000000 8.000000000000000
393 7.200000000000000 2.000000000000000
394 7.200000000000000 2.100000000000000
395 7.200000000000000 5.800000000000000
396 7.200000000000000 4.300000000000000
397 7.200000000000000 7.000000000000000
398 7.200000000000000 6.300000000000000
399 7.200000000000000 5.800000000000000
400 7.300000000000000 6.700000000000000
401 7.300000000000000 6.200000000000000
402 7.300000000000000 6.100000000000000
403 7.300000000000000 8.100000000000000
404 7.300000000000000 8.300000000000001
405 7.300000000000000 7.500000000000000
406 7.300000000000000 4.200000000000000
407 7.300000000000000 7.000000000000000
408 7.300000000000000 7.800000000000000
409 7.300000000000000 0.300000000000000
410 7.300000000000000 1.600000000000000
411 7.300000000000000 3.300000000000000
412 7.300000000000000 3.600000000000000
413 7.300000000000000 5.300000000000000
414 7.400000000000000 8.199999999999999
415 7.400000000000000 3.700000000000000
416 7.400000000000000 5.100000000000000
417 7.400000000000000 0.800000000000000
418 7.500000000000000 4.600000000000000
419 7.500000000000000 5.800000000000000
420 7.500000000000000 4.400000000000000
421 7.500000000000000 4.500000000000000
422 7.500000000000000 8.000000000000000
423 7.500000000000000 5.100000000000000
424 7.500000000000000 4.100000000000000
425 7.600000000000000 7.100000000000000
426 7.600000000000000 2.800000000000000
427 7.600000000000000 4.800000000000000
428 7.600000000000000 6.200000000000000
429 7.600000000000000 1.900000000000000
430 7.600000000000000 5.700000000000000
431 7.600000000000000 3.200000000000000
432 7.600000000000000 6.300000000000000
433 7.600000000000000 1.900000000000000
434 7.600000000000000 2.200000000000000
435 7.700000000000000 6.300000000000000
436 7.700000000000000 4.300000000000000
437 7.700000000000000 1.200000000000000
438 7.700000000000000 1.500000000000000
439 7.700000000000000 3.900000000000000
440 7.700000000000000 8.400000000000000
441 7.700000000000000 1.900000000000000
442 7.700000000000000 4.100000000000000
443 7.800000000000000 5.200000000000000
444 7.800000000000000 2.300000000000000
445 7.800000000000000 7.300000000000000
446 7.800000000000000 6.500000000000000
447 7.800000000000000 3.400000000000000
448 7.800000000000000 1.000000000000000
449 7.900000000000000 6.100000000000000
450 7.900000000000000 3.900000000000000
451 7.900000000000000 3.100000000000000
452 7.900000000000000 1.000000000000000
453 8.000000000000000 3.000000000000000
454 8.000000000000000 5.700000000000000
455 8.000000000000000 6.500000000000000
456 8.000000000000000 4.200000000000000
457 8.000000000000000 2.900000000000000
458 8.000000000000000 5.300000000000000
459 8.000000000000000 5.400000000000000
460 8.100000000000000 2.000000000000000
461 8.100000000000000 1.000000000000000
462 8.100000000000000 0.200000000000000
463 8.100000000000000 3.900000000000000
464 8.199999999999999 4.500000000000000
465 8.199999999999999 3.900000000000000
466 8.199999999999999 4.300000000000000
467 8.300000000000001 0.500000000000000
468 8.300000000000001 3.500000000000000
469 8.300000000000001 2.200000000000000
470 8.300000000000001 2.300000000000000
471 8.300000000000001 0.200000000000000
472 8.300000000000001 1.500000000000000
473 8.500000000000000 2.600000000000000
474 8.500000000000000 1.700000000000000
475 8.500000000000000 3.400000000000000
476 8.500000000000000 2.200000000000000
477 8.600000000000000 1.800000000000000
478 8.600000000000000 0.200000000000000
479 8.699999999999999 3.300000000000000
480 8.699999999999999 0.400000000000000
481 8.699999999999999 0.800000000000000
482 8.800000000000001 2.500000000000000
483 8.800000000000001 0.500000000000000
484 8.800000000000001 0.200000000000000
485 8.800000000000001 0.500000000000000
486 8.900000000000000 0.400000000000000
487 8.900000000000000 3.000000000000000
488 8.900000000000000 1.900000000000000
489 8.900000000000000 0.700000000000000
490 8.900000000000000 2.200000000000000
491 9.000000000000000 1.700000000000000
492 9.000000000000000 2.200000000000000
493 9.000000000000000 3.500000000000000
494 9.000000000000000 3.300000000000000
495 9.000000000000000 0.600000000000000
496 9.000000000000000 1.300000000000000
497 9.100000000000000 2.600000000000000
498 9.100000000000000 0.900000000000000
499 9.100000000000000 3.100000000000000
500 9.199999999999999 3.300000000000000
501 9.300000000000001 1.600000000000000
502 9.300000000000001 0.700000000000000
503 9.300000000000001 3.300000000000000
504 9.300000000000001 3.300000000000000
505 9.300000000000001 1.400000000000000
506 9.300000000000001 2.200000000000000
507 9.300000000000001 2.100000000000000
508 9.400000000000000 2.900000000000000
509 9.400000000000000 1.000000000000000
510 9.400000000000000 0.200000000000000
511 9.400000000000000 3.000000000000000
512 9.500000000000000 0.900000000000000
513 9.500000000000000 1.300000000000000
514 9.699999999999999 0.400000000000000
515 9.699999999999999 0.600000000000000
