316
0 8.680000000000000 5.080000000000000
1 7.770000000000000 7.430000000000000
2 8.593955139339931 5.302203761045234
3 8.562481616493926 5.383481539823379
4 8.207968126992842 6.298983408315186
5 2.450000000000000 2.500000000000000
6 5.350000000000000 7.950000000000000
7 4.599511491507938 6.539599182316642
8 2.523979971224661 2.639031325232553
9 4.019761297592219 5.450068645475032
10 4.301348139960623 5.979257711305308
11 3.623368311319350 4.705123205755330
12 4.951679248075784 7.201431690349320
13 2.496383772441129 2.587169503380741
14 4.606130692626161 6.552038715452613
15 4.216186238332972 5.819212068591275
16 5.205804191159376 7.679011324765034
17 4.697717344753747 6.724158458244111
18 2.850583971533585 3.252821601675184
19 3.328811130793551 4.151558849249949
20 4.813518270129659 6.941784335243669
21 2.530169252468265 2.650662905500705
22 3.570000000000000 1.220000000000000
23 9.260000000000000 0.900000000000000
24 8.084127960944752 0.966129886203459
25 8.607259325769325 0.936709493102604
26 6.870018701946387 1.034410196024105
27 5.128744856164450 1.132337723379152
28 5.653972584431584 1.102799432861493
29 6.252610960840967 1.069132599741808
30 6.350000000000000 6.920000000000000
31 0.920000000000000 5.740000000000000
32 5.282103480856543 6.687934089762564
33 4.483248901067725 6.514334015333318
34 3.808247262107569 6.367648576295936
35 3.995816242301098 6.408409422820497
36 4.530516562346157 6.524605809128631
37 4.418311017118026 6.500222283646274
38 6.278816293536710 6.904530980915896
39 4.556563008918184 6.530265994571539
40 4.959526063905265 6.617834393261181
41 4.027596110663596 6.415315545227080
42 6.118039422421663 6.869592360673584
43 1.947141021667182 5.963209282793237
44 5.039190095618666 6.635146282289139
45 5.790000000000000 8.310000000000000
46 4.141078589892790 3.043850091144090
47 4.164166668834733 3.117586343260478
48 4.890510239547796 5.437305224501743
49 4.828402990365095 5.238953694454291
50 4.454604083860184 4.045154484039959
51 3.928163469249275 2.363864413052865
52 4.198085677125670 3.225913266135588
53 5.340564428617280 6.874640449953385
54 4.267841455665989 3.448691856158499
55 5.007143430693565 5.809795911539362
56 5.226238613823515 6.509518816220144
57 4.220537816219029 3.297618521167978
58 3.900513826368236 2.275559922950807
59 3.683384456800811 1.582115224647636
60 5.718771808772795 8.082518974864467
61 4.228367605365837 3.322624469389093
62 4.150548499923243 3.074094083088196
63 5.198005589334944 6.419351183957097
64 8.670000000000000 7.800000000000000
65 9.609999999999999 8.750000000000000
66 8.829408385656214 7.961104219546174
67 8.359999999999999 4.100000000000000
68 0.930000000000000 2.240000000000000
69 2.373353979282686 2.601324145553943
70 3.862581225913527 2.974132043095445
71 7.082983643361129 3.780316228351507
72 6.050827436765158 3.521929883227886
73 5.338277191367986 3.343552567421865
74 2.521558798868044 2.638425217482444
75 2.385742592311198 2.604425467254217
76 8.254290139000805 4.073536966156325
77 3.739565068639611 2.943336612068597
78 4.782567935526584 3.204438271881487
79 3.052079824240207 2.771233980227024
80 3.301027239301177 2.833554598263821
81 3.357110318775000 2.847594238616622
82 7.131001348858122 3.792336811423433
83 4.168398399221783 3.050689235875171
84 7.131312731451922 3.792414761843953
85 7.285206341209577 3.830939945444120
86 2.130000000000000 2.150000000000000
87 5.500000000000000 8.400000000000000
88 3.910262446901751 5.451673677488411
89 4.240682032590693 6.064469645012414
90 3.542389684665502 4.769417070967177
91 4.878043084622238 7.246519073854298
92 4.774469320451486 7.054431232291332
93 2.375857502640344 2.605967178487286
94 4.471752488439533 6.493012775295870
95 4.109126369778753 5.820486590835968
96 5.083822173384728 7.628156849749125
97 4.614589318262585 6.757917875116069
98 2.766727399855074 3.330874257891459
99 3.258763947930320 4.243404947941988
100 4.755925589133025 7.020040039193294
101 2.379045060145928 2.611878820745415
102 8.500000000000000 5.180000000000000
103 6.773035143769969 4.358539479689640
104 5.788589331275352 3.890270906399422
105 5.076374020486330 3.551493450874974
106 2.912596680043779 2.522255563662897
107 7.735839264320175 4.816513810186834
108 3.542431520186939 2.821847332208230
109 4.564401553807448 3.307964946316573
110 3.390994839991796 2.749813872084010
111 3.354532913355990 2.732470129900887
112 6.921391042977596 4.429107513378668
113 4.129833767748757 3.101255308677980
114 6.729804218736730 4.337975947060015
115 7.635927901510292 4.768989252994691
116 8.970000000000001 0.260000000000000
117 7.590000000000000 1.360000000000000
118 7.994845277421964 1.037297242634666
119 7.430000000000000 3.710000000000000
120 7.475005529840658 3.048981280465326
121 7.575909087277172 1.566960280616525
122 7.560219784555893 1.797396914335319
123 7.556587799609093 1.850741693241436
124 7.574732471915102 1.584241818746947
125 7.500902292310193 2.668622581694034
126 7.454266027132476 3.353592726491749
127 9.539999999999999 1.440000000000000
128 8.570000000000000 5.400000000000000
129 8.574087860288685 5.383311415728667
130 9.241433298608984 2.658890863410748
131 6.590000000000000 4.700000000000000
132 8.356678624813155 1.404179372197309
133 7.217666033125169 3.529060005430358
134 6.689685696647610 4.514031725581770
135 6.929526582278483 4.066597468354427
136 7.190963346851277 3.578875100832072
137 2.660000000000000 5.470000000000000
138 8.800000000000001 5.380000000000000
139 3.448080978754029 5.458448324415658
140 4.685043670647004 5.440316949453057
141 3.975371844221312 5.450719305214997
142 3.746016144349477 5.454081196581196
143 7.327576872654944 5.401582749423625
144 7.977852873312620 5.392051016514961
145 3.319114916944998 5.460338706429145
146 6.597753054777860 5.412280492682410
147 8.488126267546519 5.384571439075051
148 5.931982277801930 5.422039347719515
149 7.869474635683412 5.393639622603989
150 0.450000000000000 4.370000000000000
151 3.540000000000000 5.990000000000000
152 2.387517668232299 5.385785961985865
153 5.160000000000000 9.779999999999999
154 1.410000000000000 9.369999999999999
155 1.852858467225606 9.418419192416666
156 2.700000000000000 3.570000000000000
157 3.885677033346266 6.563111535398500
158 3.263002970070825 4.991239204934887
159 4.297267869765895 7.602127427335857
160 3.728596884394644 6.166579939874283
161 3.593926731539783 5.826619919862622
162 4.154023374464132 7.240522420903357
163 4.053166148757928 6.985919424303550
164 3.597448681017081 5.835510694762631
165 3.066581617171731 4.495395057982295
166 4.307858940857766 7.628863423872653
167 1.890000000000000 4.270000000000000
168 2.506150379328476 5.230234357395027
169 1.510000000000000 9.900000000000000
170 7.269399883268109 1.810316611330649
171 4.270788772428495 6.022181559779712
172 2.256214338047557 8.851863413334517
173 2.817588939331408 8.063353693768056
174 4.186860391464617 6.140067805409896
175 7.243421631419939 1.846805800604230
176 7.481911781737562 1.511821280256779
177 5.632303062421925 4.109791422190257
178 4.063312102972806 6.313604381679644
179 7.039264291742126 2.133566274428000
180 4.416993589022607 5.816821504892588
181 3.575199489258662 6.999209927916286
182 4.008869935643810 6.390074136447675
183 5.689268617064730 4.029777304320262
184 6.784419648122784 2.491522402143326
185 8.289999999999999 1.000000000000000
186 3.599665211683973 4.723942540634572
187 3.385878814849349 4.893680585723519
188 7.218557161830812 1.850683745402534
189 7.564347799132052 1.576139491630502
190 4.923428040011130 3.672926582797557
191 6.599321407274894 2.342332737030412
192 3.079302378753264 5.137090296087551
193 4.934270139893872 3.664318379160637
194 6.699038953336401 2.263160902057955
195 4.897538252353661 7.234582193077572
196 4.927546061955862 7.292630087062160
197 2.495160802935463 2.587360241744010
198 4.526650271544217 6.517126754790451
199 4.166171663491427 5.819807480196530
200 5.105714503073458 7.637283792830625
201 4.644787276341948 6.745654075546720
202 2.842878249945379 3.259993991697619
203 3.313887538248732 4.171126713333613
204 4.773961848305214 6.995532755737954
205 2.527535667963684 2.649987029831388
206 5.150000000000000 7.080000000000000
207 4.892302302533016 7.237788162352778
208 4.590588816439439 7.422527168543766
209 4.717279554198491 7.344954497562956
210 4.352362398490689 7.568393076859979
211 3.920000000000000 7.040000000000000
212 3.843462202681394 7.111049030977032
213 3.210000000000000 4.620000000000000
214 4.390836820083682 6.457470378915263
215 3.982452990846519 5.821994607251828
216 5.164889245808442 7.661953826421548
217 4.590265393774893 6.767796150126353
218 4.754026433335373 7.022620571498501
219 7.800000000000000 1.760000000000000
220 1.260000000000000 2.780000000000000
221 7.687819628647215 1.777496021220159
222 3.027278629644979 2.504369388037022
223 2.605663895753763 2.570125814423725
224 3.780981151270242 2.386819453471614
225 3.348305246639830 2.454301016579109
226 1.323293420367626 2.770128549116976
227 4.795361320723631 2.228613371997232
228 2.363512396694214 2.607892561983471
229 6.581942743254095 1.949972232703490
230 7.110000000000000 2.100000000000000
231 7.766289860607218 1.733698682451785
232 5.640000000000000 7.820000000000000
233 9.449999999999999 2.360000000000000
234 6.074664151240026 7.197095468301694
235 7.059776399973616 5.785359804762219
236 7.079704690795861 5.756801151772860
237 5.952696725272275 7.371883433074379
238 7.629476158185124 4.968939678821318
239 7.682354058662638 4.893161900184250
240 0.210000000000000 6.160000000000000
241 1.190000000000000 7.160000000000000
242 1.102496186533013 7.070710394421442
243 5.980000000000000 0.340000000000000
244 7.029988086683559 1.159221474225634
245 2.290000000000000 2.050000000000000
246 4.432663542053671 3.370478694521449
247 3.404758821102481 2.737002529284087
248 3.353933128024637 2.705679718433788
249 4.818635538689987 3.608345157564759
250 4.086982152244111 3.157442489173697
251 6.502883016493640 4.646311626443755
252 1.050000000000000 4.990000000000000
253 4.853732741141256 6.660798493772328
254 8.096504022839346 8.085193355826629
255 3.898396687146940 6.241164899961740
256 6.018372258760766 7.172369123007066
257 2.277990872637852 5.529397859943730
258 4.979616712296154 6.716093322223545
259 9.028936063998405 8.494766308485280
260 3.380000000000000 3.870000000000000
261 4.408122157338193 3.382124338206810
262 4.379422746950020 3.395743093270366
263 3.636300807062796 3.748377365013097
264 6.709153653212301 2.290213950084243
265 7.510000000000000 5.780000000000000
266 3.310000000000000 5.830000000000000
267 7.007861004879334 5.785977845180009
268 3.590879676634547 5.826656194325779
269 6.472643061516452 5.792349487362900
270 5.652263005195330 5.802115916604818
271 1.970000000000000 6.330000000000000
272 5.520000000000000 7.810000000000000
273 4.857330512963110 7.533732157517015
274 4.490440674271598 7.380775267020272
275 4.358825702067387 6.861786941955166
276 6.392473445376039 6.035895063668246
277 8.263730660555355 5.275952177154375
278 5.091322299590608 6.564310157808181
279 7.883245761385130 5.430472245376345
280 4.470000000000000 3.410000000000000
281 3.264952826557408 2.867132213944179
282 3.358491136406046 2.909270759470051
283 3.588311652366459 3.012803764184890
284 4.041565826755128 3.216992525914439
285 3.121050847457626 2.802305084745762
286 1.880000000000000 1.810000000000000
287 0.560000000000000 0.410000000000000
288 1.790000000000000 4.240000000000000
289 4.796662593554300 1.441435772109363
290 3.355657582524950 2.782705352781074
291 2.158975509586693 3.896562174847709
292 3.272622320965149 2.859993543731723
293 9.330000000000000 9.300000000000001
294 6.690000000000000 6.700000000000000
295 3.329779072872285 1.626798588295390
296 5.459598109651161 1.357663889420056
297 6.319845063186754 1.248958736165168
298 3.320000000000000 1.190000000000000
299 3.358316583625863 2.901474068621900
300 2.790000000000000 1.130000000000000
301 2.831711590204460 4.803357416993322
302 4.616639266363041 7.209299317460905
303 6.865432605967174 4.599102462175480
304 7.130702944721888 3.793243327019114
305 7.196443328965548 3.593532008218299
306 8.520000000000000 5.400000000000000
307 3.190000000000000 2.820000000000000
308 4.033093458106033 3.228101523811175
309 6.623730881621487 4.482106130315842
310 7.728631173652266 5.016935915201285
311 0.920000000000000 7.310000000000000
312 5.740000000000000 0.990000000000000
313 4.020000000000000 8.020000000000000
314 7.223810944261777 3.666730167338959
315 1.660000000000000 5.950000000000000
554
1 4
4 3
3 2
2 0
5 13
13 8
8 21
21 18
18 19
19 11
11 9
9 15
15 10
10 7
7 14
14 17
17 20
20 12
12 16
16 6
22 27
27 28
28 29
29 26
26 24
24 25
25 23
31 43
43 34
34 35
35 41
41 37
37 33
33 36
36 39
39 7
7 40
40 44
44 32
32 42
42 38
38 30
22 59
59 58
58 51
51 46
46 62
62 47
47 52
52 57
57 61
61 54
54 50
50 49
49 48
48 55
55 63
63 56
56 32
32 53
53 60
60 45
64 66
66 65
68 69
69 75
75 74
74 8
8 79
79 80
80 81
81 77
77 70
70 46
46 83
83 78
78 73
73 72
72 71
71 82
82 84
84 85
85 76
76 67
86 69
69 93
93 101
101 98
98 99
99 90
90 88
88 95
95 89
89 94
94 33
33 97
97 100
100 92
92 91
91 96
96 87
86 106
106 111
111 110
110 108
108 70
70 113
113 47
47 109
109 105
105 104
104 114
114 103
103 112
112 115
115 107
107 102
117 118
118 24
24 116
119 126
126 120
120 125
125 123
123 122
122 124
124 121
121 117
128 129
129 2
2 130
130 127
131 134
134 103
103 135
135 71
71 136
136 133
133 120
120 132
132 25
25 116
137 145
145 139
139 142
142 88
88 141
141 9
9 140
140 48
48 148
148 146
146 143
143 149
149 144
144 147
147 3
3 129
129 138
150 152
152 151
154 155
155 153
156 165
165 158
158 139
139 161
161 164
164 160
160 34
34 157
157 163
163 162
162 159
159 166
166 153
167 168
168 137
169 155
155 172
172 173
173 181
181 157
157 35
35 182
182 178
178 174
174 89
89 171
171 10
10 180
180 140
140 49
49 177
177 183
183 104
104 72
72 184
184 179
179 175
175 170
170 176
176 117
137 192
192 158
158 187
187 90
90 186
186 11
11 50
50 190
190 193
193 105
105 73
73 191
191 194
194 188
188 170
170 189
189 121
121 185
5 197
197 74
74 205
205 202
202 203
203 186
186 141
141 199
199 171
171 198
198 36
36 201
201 204
204 195
195 196
196 200
200 87
154 172
172 159
159 210
210 208
208 209
209 91
91 207
207 195
195 12
12 206
154 173
173 212
212 211
213 187
187 142
142 215
215 174
174 214
214 37
37 217
217 218
218 92
92 207
207 196
196 216
216 6
220 226
226 228
228 93
93 75
75 197
197 13
13 223
223 106
106 222
222 225
225 224
224 51
51 227
227 229
229 188
188 175
175 122
122 221
221 219
230 123
123 221
221 231
231 132
132 23
232 237
237 234
234 38
38 235
235 236
236 143
143 238
238 239
239 107
107 76
76 130
130 233
240 242
242 241
243 26
26 244
244 176
176 189
189 124
124 231
231 219
245 222
222 248
248 247
247 108
108 77
77 250
250 52
52 246
246 249
249 190
190 177
177 251
251 131
252 257
257 160
160 255
255 178
178 214
214 94
94 198
198 39
39 14
14 253
253 258
258 53
53 256
256 234
234 254
254 259
259 65
260 263
263 54
54 262
262 261
261 246
246 109
109 78
78 191
191 264
264 179
179 230
266 268
268 161
161 215
215 95
95 199
199 15
15 180
180 55
55 270
270 269
269 267
267 235
235 265
271 181
181 212
212 162
162 274
274 208
208 273
273 96
96 200
200 216
216 16
16 272
211 163
163 275
275 217
217 97
97 201
201 17
17 253
253 40
40 278
278 56
56 276
276 267
267 236
236 279
279 144
144 277
277 102
5 223
223 79
79 285
285 281
281 282
282 283
283 284
284 57
57 261
261 280
287 286
288 291
291 98
98 202
202 18
18 281
281 292
292 80
80 290
290 110
110 247
247 224
224 58
58 289
289 27
27 243
294 254
254 293
286 295
295 59
59 289
289 296
296 297
297 244
244 118
118 185
298 295
295 225
225 248
248 111
111 290
290 81
81 299
299 282
282 260
300 243
68 226
226 291
291 301
301 192
192 145
145 268
268 164
164 255
255 182
182 41
41 275
275 302
302 209
209 273
273 87
153 60
60 237
237 256
256 42
42 276
276 269
269 146
146 303
303 112
112 304
304 82
82 305
305 133
133 125
125 219
307 292
292 299
299 283
283 308
308 61
61 262
262 249
249 193
193 183
183 309
309 134
134 303
303 238
238 310
310 277
277 147
147 306
311 242
242 43
43 257
257 152
152 168
168 301
301 165
165 99
99 203
203 19
19 263
263 308
308 284
284 250
250 113
113 62
62 83
83 227
227 296
296 28
28 312
313 166
166 210
210 274
274 302
302 218
218 100
100 204
204 20
20 258
258 44
44 278
278 63
63 270
270 148
148 251
251 309
309 114
114 135
135 304
304 84
84 314
314 126
126 23
31 315
68 228
228 101
101 205
205 21
21 285
285 307
243 29
29 297
297 229
229 194
194 264
264 184
184 136
136 305
305 314
314 85
85 115
115 239
239 310
310 149
149 279
279 4
4 66
66 259
259 293
597
0 1.100000000000000 2.300000000000000
1 1.500000000000000 7.000000000000000
2 1.500000000000000 2.800000000000000
3 1.500000000000000 5.100000000000000
4 1.500000000000000 8.300000000000001
5 1.500000000000000 3.400000000000000
6 1.500000000000000 8.000000000000000
7 1.500000000000000 6.100000000000000
8 1.500000000000000 3.900000000000000
9 1.500000000000000 6.800000000000000
10 1.600000000000000 4.900000000000000
11 1.600000000000000 3.700000000000000
12 1.600000000000000 9.000000000000000
13 1.600000000000000 9.199999999999999
14 1.600000000000000 8.000000000000000
15 1.600000000000000 4.900000000000000
16 1.700000000000000 5.600000000000000
17 1.700000000000000 8.400000000000000
18 1.700000000000000 9.000000000000000
19 1.700000000000000 3.200000000000000
20 1.700000000000000 9.100000000000000
21 1.700000000000000 3.300000000000000
22 1.800000000000000 3.100000000000000
23 1.800000000000000 2.700000000000000
24 1.800000000000000 5.600000000000000
25 1.800000000000000 6.600000000000000
26 1.800000000000000 4.200000000000000
27 1.800000000000000 7.800000000000000
28 1.900000000000000 8.000000000000000
29 1.900000000000000 8.600000000000000
30 1.900000000000000 4.500000000000000
31 1.900000000000000 3.100000000000000
32 1.900000000000000 7.200000000000000
33 2.000000000000000 3.600000000000000
34 2.000000000000000 6.800000000000000
35 2.000000000000000 9.000000000000000
36 2.000000000000000 5.800000000000000
37 2.000000000000000 6.400000000000000
38 2.100000000000000 3.900000000000000
39 2.100000000000000 7.700000000000000
40 2.100000000000000 5.900000000000000
41 2.100000000000000 8.100000000000000
42 2.100000000000000 7.400000000000000
43 2.100000000000000 5.200000000000000
44 2.200000000000000 5.000000000000000
45 2.200000000000000 6.200000000000000
46 2.200000000000000 2.400000000000000
47 2.200000000000000 3.500000000000000
48 2.200000000000000 8.800000000000001
49 2.200000000000000 6.600000000000000
50 2.200000000000000 7.400000000000000
51 2.200000000000000 5.000000000000000
52 2.200000000000000 6.200000000000000
53 2.200000000000000 6.500000000000000
54 2.300000000000000 4.100000000000000
55 2.300000000000000 9.000000000000000
56 2.300000000000000 8.199999999999999
57 2.300000000000000 3.500000000000000
58 2.300000000000000 4.500000000000000
59 2.300000000000000 4.700000000000000
60 2.300000000000000 8.900000000000000
61 2.400000000000000 8.600000000000000
62 2.400000000000000 4.900000000000000
63 2.400000000000000 8.500000000000000
64 2.400000000000000 5.200000000000000
65 2.500000000000000 9.000000000000000
66 2.500000000000000 7.000000000000000
67 2.500000000000000 8.800000000000001
68 2.500000000000000 3.800000000000000
69 2.500000000000000 8.400000000000000
70 2.500000000000000 8.400000000000000
71 2.500000000000000 3.100000000000000
72 2.500000000000000 8.199999999999999
73 2.500000000000000 6.800000000000000
74 2.600000000000000 8.600000000000000
75 2.600000000000000 2.500000000000000
76 2.600000000000000 7.600000000000000
77 2.600000000000000 5.600000000000000
78 2.600000000000000 5.900000000000000
79 2.600000000000000 9.300000000000001
80 2.600000000000000 9.199999999999999
81 2.700000000000000 4.500000000000000
82 2.700000000000000 9.199999999999999
83 2.700000000000000 8.300000000000001
84 2.700000000000000 5.600000000000000
85 2.700000000000000 5.900000000000000
86 2.700000000000000 8.000000000000000
87 2.700000000000000 7.400000000000000
88 2.700000000000000 6.100000000000000
89 2.700000000000000 6.600000000000000
90 2.700000000000000 6.200000000000000
91 2.700000000000000 8.600000000000000
92 2.800000000000000 3.500000000000000
93 2.800000000000000 7.000000000000000
94 2.800000000000000 3.100000000000000
95 2.800000000000000 4.300000000000000
96 2.900000000000000 6.000000000000000
97 2.900000000000000 7.300000000000000
98 2.900000000000000 6.600000000000000
99 2.900000000000000 5.400000000000000
100 2.900000000000000 9.300000000000001
101 2.900000000000000 8.800000000000001
102 3.000000000000000 5.400000000000000
103 3.000000000000000 2.600000000000000
104 3.000000000000000 9.100000000000000
105 3.000000000000000 7.600000000000000
106 3.000000000000000 6.700000000000000
107 3.000000000000000 2.900000000000000
108 3.100000000000000 4.200000000000000
109 3.100000000000000 3.900000000000000
110 3.100000000000000 9.400000000000000
111 3.100000000000000 8.000000000000000
112 3.100000000000000 3.700000000000000
113 3.100000000000000 3.800000000000000
114 3.100000000000000 4.100000000000000
115 3.100000000000000 5.700000000000000
116 3.100000000000000 3.400000000000000
117 3.100000000000000 4.000000000000000
118 3.200000000000000 9.000000000000000
119 3.200000000000000 4.600000000000000
120 3.200000000000000 3.100000000000000
121 3.200000000000000 7.500000000000000
122 3.200000000000000 9.400000000000000
123 3.200000000000000 7.800000000000000
124 3.200000000000000 3.600000000000000
125 3.200000000000000 5.900000000000000
126 3.300000000000000 7.900000000000000
127 3.300000000000000 8.199999999999999
128 3.300000000000000 4.600000000000000
129 3.300000000000000 6.600000000000000
130 3.300000000000000 8.199999999999999
131 3.300000000000000 3.600000000000000
132 3.300000000000000 8.600000000000000
133 3.300000000000000 5.400000000000000
134 3.300000000000000 4.700000000000000
135 3.300000000000000 6.000000000000000
136 3.300000000000000 3.700000000000000
137 3.300000000000000 7.900000000000000
138 3.400000000000000 5.100000000000000
139 3.400000000000000 6.000000000000000
140 3.400000000000000 8.199999999999999
141 3.400000000000000 3.600000000000000
142 3.400000000000000 7.600000000000000
143 3.400000000000000 4.800000000000000
144 3.400000000000000 6.600000000000000
145 3.400000000000000 8.699999999999999
146 3.400000000000000 7.000000000000000
147 3.400000000000000 3.100000000000000
148 3.400000000000000 6.800000000000000
149 3.500000000000000 2.100000000000000
150 3.500000000000000 8.100000000000000
151 3.500000000000000 6.600000000000000
152 3.500000000000000 9.100000000000000
153 3.600000000000000 3.900000000000000
154 3.600000000000000 8.400000000000000
155 3.600000000000000 8.800000000000001
156 3.600000000000000 6.400000000000000
157 3.600000000000000 8.199999999999999
158 3.600000000000000 9.500000000000000
159 3.600000000000000 5.400000000000000
160 3.600000000000000 6.700000000000000
161 3.600000000000000 4.100000000000000
162 3.600000000000000 3.600000000000000
163 3.600000000000000 5.400000000000000
164 3.700000000000000 4.200000000000000
165 3.700000000000000 5.400000000000000
166 3.700000000000000 9.000000000000000
167 3.700000000000000 4.300000000000000
168 3.700000000000000 6.700000000000000
169 3.700000000000000 2.100000000000000
170 3.800000000000000 1.300000000000000
171 3.800000000000000 6.000000000000000
172 3.800000000000000 5.000000000000000
173 3.800000000000000 3.800000000000000
174 3.800000000000000 6.400000000000000
175 3.800000000000000 2.800000000000000
176 3.800000000000000 7.600000000000000
177 3.800000000000000 5.000000000000000
178 3.900000000000000 2.900000000000000
179 3.900000000000000 2.800000000000000
180 3.900000000000000 2.700000000000000
181 3.900000000000000 7.300000000000000
182 3.900000000000000 5.100000000000000
183 3.900000000000000 2.500000000000000
184 3.900000000000000 8.100000000000000
185 4.000000000000000 8.400000000000000
186 4.000000000000000 1.200000000000000
187 4.000000000000000 3.100000000000000
188 4.000000000000000 5.900000000000000
189 4.000000000000000 1.700000000000000
190 4.000000000000000 6.600000000000000
191 4.100000000000000 1.200000000000000
192 4.100000000000000 8.500000000000000
193 4.100000000000000 3.600000000000000
194 4.100000000000000 7.200000000000000
195 4.100000000000000 6.800000000000000
196 4.100000000000000 4.600000000000000
197 4.100000000000000 2.500000000000000
198 4.100000000000000 3.000000000000000
199 4.100000000000000 5.900000000000000
200 4.200000000000000 3.100000000000000
201 4.200000000000000 3.500000000000000
202 4.200000000000000 4.700000000000000
203 4.200000000000000 8.800000000000001
204 4.200000000000000 3.200000000000000
205 4.200000000000000 9.300000000000001
206 4.200000000000000 4.200000000000000
207 4.200000000000000 8.699999999999999
208 4.200000000000000 5.600000000000000
209 4.300000000000000 7.100000000000000
210 4.300000000000000 3.500000000000000
211 4.300000000000000 4.100000000000000
212 4.300000000000000 6.200000000000000
213 4.300000000000000 8.500000000000000
214 4.300000000000000 6.100000000000000
215 4.300000000000000 4.400000000000000
216 4.300000000000000 9.199999999999999
217 4.300000000000000 8.500000000000000
218 4.300000000000000 6.000000000000000
219 4.400000000000000 7.300000000000000
220 4.400000000000000 4.200000000000000
221 4.400000000000000 5.900000000000000
222 4.400000000000000 1.600000000000000
223 4.400000000000000 7.600000000000000
224 4.400000000000000 5.500000000000000
225 4.400000000000000 8.600000000000000
226 4.400000000000000 5.100000000000000
227 4.400000000000000 2.300000000000000
228 4.400000000000000 3.400000000000000
229 4.500000000000000 3.300000000000000
230 4.500000000000000 1.900000000000000
231 4.500000000000000 5.300000000000000
232 4.500000000000000 9.600000000000000
233 4.500000000000000 4.900000000000000
234 4.500000000000000 6.600000000000000
235 4.500000000000000 7.200000000000000
236 4.500000000000000 8.600000000000000
237 4.500000000000000 4.200000000000000
238 4.600000000000000 3.700000000000000
239 4.600000000000000 4.400000000000000
240 4.600000000000000 3.200000000000000
241 4.600000000000000 7.100000000000000
242 4.600000000000000 9.600000000000000
243 4.600000000000000 4.900000000000000
244 4.600000000000000 3.300000000000000
245 4.600000000000000 6.400000000000000
246 4.600000000000000 6.800000000000000
247 4.600000000000000 2.400000000000000
248 4.600000000000000 5.700000000000000
249 4.700000000000000 3.200000000000000
250 4.700000000000000 2.100000000000000
251 4.700000000000000 5.700000000000000
252 4.700000000000000 7.200000000000000
253 4.700000000000000 5.300000000000000
254 4.700000000000000 3.100000000000000
255 4.700000000000000 4.500000000000000
256 4.700000000000000 7.700000000000000
257 4.700000000000000 4.700000000000000
258 4.800000000000000 6.700000000000000
259 4.800000000000000 5.800000000000000
260 4.800000000000000 3.800000000000000
261 4.800000000000000 5.000000000000000
262 4.800000000000000 7.900000000000000
263 4.800000000000000 6.100000000000000
264 4.800000000000000 6.200000000000000
265 4.800000000000000 2.700000000000000
266 4.800000000000000 6.100000000000000
267 4.900000000000000 5.400000000000000
268 4.900000000000000 4.500000000000000
269 4.900000000000000 6.300000000000000
270 4.900000000000000 5.000000000000000
271 4.900000000000000 6.400000000000000
272 4.900000000000000 3.900000000000000
273 4.900000000000000 2.800000000000000
274 4.900000000000000 7.100000000000000
275 4.900000000000000 4.600000000000000
276 4.900000000000000 2.100000000000000
277 4.900000000000000 2.400000000000000
278 5.000000000000000 6.500000000000000
279 5.000000000000000 8.500000000000000
280 5.000000000000000 7.300000000000000
281 5.000000000000000 5.300000000000000
282 5.000000000000000 8.300000000000001
283 5.000000000000000 7.600000000000000
284 5.000000000000000 1.800000000000000
285 5.000000000000000 8.000000000000000
286 5.000000000000000 8.600000000000000
287 5.000000000000000 1.200000000000000
288 5.100000000000000 8.100000000000000
289 5.100000000000000 4.400000000000000
290 5.100000000000000 8.000000000000000
291 5.100000000000000 4.800000000000000
292 5.100000000000000 3.300000000000000
293 5.100000000000000 3.200000000000000
294 5.100000000000000 2.700000000000000
295 5.100000000000000 4.800000000000000
296 5.100000000000000 4.200000000000000
297 5.100000000000000 3.600000000000000
298 5.100000000000000 5.800000000000000
299 5.100000000000000 9.199999999999999
300 5.100000000000000 9.300000000000001
301 5.100000000000000 7.800000000000000
302 5.100000000000000 9.100000000000000
303 5.200000000000000 9.500000000000000
304 5.200000000000000 8.500000000000000
305 5.200000000000000 6.000000000000000
306 5.200000000000000 3.400000000000000
307 5.200000000000000 2.900000000000000
308 5.200000000000000 1.600000000000000
309 5.200000000000000 7.500000000000000
310 5.200000000000000 9.199999999999999
311 5.300000000000000 1.800000000000000
312 5.300000000000000 2.200000000000000
313 5.300000000000000 5.200000000000000
314 5.300000000000000 9.199999999999999
315 5.300000000000000 6.400000000000000
316 5.300000000000000 4.500000000000000
317 5.400000000000000 8.000000000000000
318 5.400000000000000 1.300000000000000
319 5.400000000000000 6.700000000000000
320 5.400000000000000 3.400000000000000
321 5.400000000000000 1.700000000000000
322 5.500000000000000 7.900000000000000
323 5.500000000000000 2.600000000000000
324 5.500000000000000 8.100000000000000
325 5.500000000000000 1.800000000000000
326 5.500000000000000 5.700000000000000
327 5.600000000000000 6.100000000000000
328 5.600000000000000 3.500000000000000
329 5.600000000000000 1.200000000000000
330 5.600000000000000 2.600000000000000
331 5.700000000000000 1.200000000000000
332 5.700000000000000 5.800000000000000
333 5.700000000000000 7.000000000000000
334 5.700000000000000 0.800000000000000
335 5.700000000000000 6.000000000000000
336 5.700000000000000 1.600000000000000
337 5.800000000000000 7.200000000000000
338 5.800000000000000 3.500000000000000
339 5.800000000000000 7.500000000000000
340 5.800000000000000 2.600000000000000
341 5.800000000000000 3.200000000000000
342 5.800000000000000 7.800000000000000
343 5.800000000000000 4.900000000000000
344 5.800000000000000 3.400000000000000
345 5.800000000000000 3.100000000000000
346 5.800000000000000 4.800000000000000
347 5.900000000000000 2.500000000000000
348 5.900000000000000 6.100000000000000
349 5.900000000000000 0.900000000000000
350 5.900000000000000 3.700000000000000
351 5.900000000000000 3.100000000000000
352 6.000000000000000 1.700000000000000
353 6.000000000000000 1.200000000000000
354 6.000000000000000 4.100000000000000
355 6.000000000000000 6.800000000000000
356 6.100000000000000 2.600000000000000
357 6.100000000000000 1.200000000000000
358 6.100000000000000 3.400000000000000
359 6.100000000000000 2.700000000000000
360 6.100000000000000 5.600000000000000
361 6.100000000000000 5.000000000000000
362 6.100000000000000 0.700000000000000
363 6.100000000000000 3.700000000000000
364 6.200000000000000 6.300000000000000
365 6.200000000000000 2.400000000000000
366 6.200000000000000 6.000000000000000
367 6.200000000000000 5.300000000000000
368 6.200000000000000 2.200000000000000
369 6.200000000000000 5.200000000000000
370 6.200000000000000 2.900000000000000
371 6.200000000000000 0.900000000000000
372 6.200000000000000 3.800000000000000
373 6.300000000000000 1.500000000000000
374 6.300000000000000 4.300000000000000
375 6.300000000000000 3.400000000000000
376 6.300000000000000 1.600000000000000
377 6.300000000000000 2.400000000000000
378 6.300000000000000 5.600000000000000
379 6.400000000000000 1.000000000000000
380 6.400000000000000 6.000000000000000
381 6.400000000000000 7.100000000000000
382 6.400000000000000 5.900000000000000
383 6.400000000000000 4.300000000000000
384 6.400000000000000 3.200000000000000
385 6.400000000000000 7.300000000000000
386 6.400000000000000 2.600000000000000
387 6.500000000000000 2.400000000000000
388 6.500000000000000 7.100000000000000
389 6.500000000000000 0.900000000000000
390 6.500000000000000 1.900000000000000
391 6.500000000000000 1.900000000000000
392 6.500000000000000 4.000000000000000
393 6.500000000000000 6.400000000000000
394 6.600000000000000 5.900000000000000
395 6.600000000000000 6.700000000000000
396 6.600000000000000 6.100000000000000
397 6.600000000000000 1.200000000000000
398 6.600000000000000 1.800000000000000
399 6.600000000000000 5.000000000000000
400 6.600000000000000 5.000000000000000
401 6.600000000000000 2.300000000000000
402 6.600000000000000 7.000000000000000
403 6.600000000000000 2.300000000000000
404 6.600000000000000 1.200000000000000
405 6.700000000000000 5.900000000000000
406 6.700000000000000 2.000000000000000
407 6.700000000000000 2.500000000000000
408 6.700000000000000 1.300000000000000
409 6.700000000000000 6.900000000000000
410 6.800000000000000 7.300000000000000
411 6.800000000000000 7.300000000000000
412 6.800000000000000 5.300000000000000
413 6.800000000000000 1.300000000000000
414 6.800000000000000 3.000000000000000
415 6.800000000000000 7.200000000000000
416 6.900000000000000 5.100000000000000
417 6.900000000000000 1.300000000000000
418 6.900000000000000 2.600000000000000
419 7.000000000000000 4.900000000000000
420 7.000000000000000 2.500000000000000
421 7.000000000000000 3.200000000000000
422 7.100000000000000 2.600000000000000
423 7.100000000000000 5.800000000000000
424 7.100000000000000 1.400000000000000
425 7.100000000000000 2.400000000000000
426 7.100000000000000 2.400000000000000
427 7.100000000000000 7.300000000000000
428 7.100000000000000 5.700000000000000
429 7.200000000000000 5.800000000000000
430 7.200000000000000 1.600000000000000
431 7.200000000000000 3.600000000000000
432 7.200000000000000 6.400000000000000
433 7.200000000000000 3.800000000000000
434 7.200000000000000 2.000000000000000
435 7.200000000000000 3.900000000000000
436 7.200000000000000 5.700000000000000
437 7.200000000000000 6.900000000000000
438 7.300000000000000 4.900000000000000
439 7.300000000000000 1.400000000000000
440 7.300000000000000 6.100000000000000
441 7.300000000000000 6.000000000000000
442 7.300000000000000 2.900000000000000
443 7.300000000000000 1.800000000000000
444 7.300000000000000 3.100000000000000
445 7.300000000000000 3.000000000000000
446 7.400000000000000 4.500000000000000
447 7.400000000000000 5.800000000000000
448 7.400000000000000 3.400000000000000
449 7.400000000000000 5.300000000000000
450 7.400000000000000 5.200000000000000
451 7.400000000000000 2.000000000000000
452 7.400000000000000 5.600000000000000
453 7.400000000000000 3.100000000000000
454 7.400000000000000 4.500000000000000
455 7.500000000000000 7.100000000000000
456 7.500000000000000 7.600000000000000
457 7.500000000000000 5.000000000000000
458 7.500000000000000 5.100000000000000
459 7.500000000000000 7.300000000000000
460 7.500000000000000 5.900000000000000
461 7.600000000000000 1.000000000000000
462 7.600000000000000 2.200000000000000
463 7.600000000000000 3.500000000000000
464 7.600000000000000 6.100000000000000
465 7.600000000000000 5.400000000000000
466 7.600000000000000 6.400000000000000
467 7.600000000000000 1.100000000000000
468 7.700000000000000 4.300000000000000
469 7.700000000000000 7.600000000000000
470 7.700000000000000 6.300000000000000
471 7.700000000000000 1.700000000000000
472 7.800000000000000 7.200000000000000
473 7.800000000000000 5.400000000000000
474 7.800000000000000 7.800000000000000
475 7.800000000000000 3.400000000000000
476 7.800000000000000 5.600000000000000
477 7.800000000000000 5.300000000000000
478 7.800000000000000 3.400000000000000
479 7.800000000000000 2.900000000000000
480 7.900000000000000 7.900000000000000
481 7.900000000000000 2.400000000000000
482 7.900000000000000 1.400000000000000
483 7.900000000000000 1.000000000000000
484 7.900000000000000 5.900000000000000
485 7.900000000000000 3.000000000000000
486 7.900000000000000 2.200000000000000
487 8.000000000000000 1.800000000000000
488 8.000000000000000 7.100000000000000
489 8.000000000000000 1.500000000000000
490 8.000000000000000 5.700000000000000
491 8.000000000000000 2.500000000000000
492 8.000000000000000 1.300000000000000
493 8.000000000000000 7.200000000000000
494 8.000000000000000 6.800000000000000
495 8.000000000000000 5.900000000000000
496 8.000000000000000 3.700000000000000
497 8.000000000000000 4.400000000000000
498 8.000000000000000 1.800000000000000
499 8.000000000000000 3.900000000000000
500 8.000000000000000 7.300000000000000
501 8.000000000000000 2.700000000000000
502 8.100000000000000 1.100000000000000
503 8.100000000000000 4.700000000000000
504 8.100000000000000 7.700000000000000
505 8.100000000000000 5.700000000000000
506 8.100000000000000 2.300000000000000
507 8.100000000000000 1.400000000000000
508 8.100000000000000 1.500000000000000
509 8.100000000000000 7.200000000000000
510 8.100000000000000 3.000000000000000
511 8.199999999999999 7.800000000000000
512 8.199999999999999 7.900000000000000
513 8.199999999999999 6.900000000000000
514 8.199999999999999 7.800000000000000
515 8.199999999999999 7.900000000000000
516 8.199999999999999 0.900000000000000
517 8.300000000000001 3.000000000000000
518 8.300000000000001 3.500000000000000
519 8.300000000000001 4.800000000000000
520 8.300000000000001 1.000000000000000
521 8.300000000000001 3.000000000000000
522 8.300000000000001 2.200000000000000
523 8.300000000000001 5.300000000000000
524 8.400000000000000 2.900000000000000
525 8.400000000000000 1.200000000000000
526 8.400000000000000 4.100000000000000
527 8.400000000000000 5.700000000000000
528 8.400000000000000 3.200000000000000
529 8.400000000000000 1.800000000000000
530 8.400000000000000 2.700000000000000
531 8.400000000000000 6.100000000000000
532 8.500000000000000 5.700000000000000
533 8.500000000000000 7.200000000000000
534 8.500000000000000 8.100000000000000
535 8.500000000000000 3.400000000000000
536 8.500000000000000 1.000000000000000
537 8.500000000000000 1.700000000000000
538 8.500000000000000 1.600000000000000
539 8.600000000000000 6.200000000000000
540 8.600000000000000 7.500000000000000
541 8.600000000000000 1.200000000000000
542 8.600000000000000 1.400000000000000
543 8.600000000000000 4.600000000000000
544 8.600000000000000 1.100000000000000
545 8.699999999999999 3.800000000000000
546 8.699999999999999 3.200000000000000
547 8.699999999999999 7.800000000000000
548 8.699999999999999 7.900000000000000
549 8.699999999999999 7.400000000000000
550 8.699999999999999 0.700000000000000
551 8.699999999999999 2.800000000000000
552 8.699999999999999 8.000000000000000
553 8.699999999999999 3.500000000000000
554 8.800000000000001 6.600000000000000
555 8.800000000000001 1.300000000000000
556 8.800000000000001 2.100000000000000
557 8.800000000000001 7.100000000000000
558 8.800000000000001 5.200000000000000
559 8.800000000000001 7.200000000000000
560 8.800000000000001 6.200000000000000
561 8.900000000000000 7.200000000000000
562 8.900000000000000 3.600000000000000
563 8.900000000000000 4.900000000000000
564 8.900000000000000 7.500000000000000
565 8.900000000000000 2.800000000000000
566 8.900000000000000 1.900000000000000
567 8.900000000000000 2.500000000000000
568 8.900000000000000 7.900000000000000
569 8.900000000000000 1.600000000000000
570 9.000000000000000 4.600000000000000
571 9.000000000000000 6.500000000000000
572 9.000000000000000 7.400000000000000
573 9.000000000000000 7.400000000000000
574 9.000000000000000 3.500000000000000
575 9.000000000000000 4.600000000000000
576 9.000000000000000 1.300000000000000
577 9.000000000000000 6.900000000000000
578 9.000000000000000 5.100000000000000
579 9.000000000000000 2.800000000000000
580 9.000000000000000 5.200000000000000
581 9.100000000000000 3.400000000000000
582 9.100000000000000 7.600000000000000
583 9.100000000000000 5.200000000000000
584 9.100000000000000 5.500000000000000
585 9.100000000000000 1.400000000000000
586 9.100000000000000 6.700000000000000
587 9.199999999999999 8.199999999999999
588 9.199999999999999 5.500000000000000
589 9.199999999999999 7.500000000000000
590 9.199999999999999 4.300000000000000
591 9.199999999999999 8.000000000000000
592 9.199999999999999 8.000000000000000
593 9.199999999999999 5.700000000000000
594 9.199999999999999 6.800000000000000
595 9.199999999999999 8.699999999999999
596 9.199999999999999 5.600000000000000
