58
0 8.648999999999999 0.771000000000000
1 2.414000000000000 4.831000000000000
2 4.837276619260463 3.253052433969931
3 5.417870003102490 2.874991625886751
4 4.284732420919279 3.612848656145586
5 2.936982892655809 4.490453000131101
6 4.689849195154583 3.349051686876086
7 3.344000000000000 6.513000000000000
8 5.212000000000000 2.435000000000000
9 3.736473576166992 5.656197407061566
10 3.952629421986500 5.184311144078722
11 4.586407863547540 3.800719878186900
12 3.424301639714940 6.337694814369632
13 4.777354500220670 3.383867424036460
14 0.761000000000000 9.849000000000000
15 5.278000000000000 3.484000000000000
16 4.054717400853185 5.207753319364507
17 4.910155834186980 4.002336974850535
18 3.377836020388535 6.161561153470660
19 5.223179997597181 3.561248021982276
20 3.282000000000000 2.676000000000000
21 8.476000000000001 6.223000000000000
22 7.022809532887702 6.305117154221077
23 7.575020279248731 6.273912727789920
24 3.747608962647095 6.490192790497339
25 3.468689902751082 6.505954000039397
26 6.804834855653057 5.839255050984668
27 7.297767755146030 5.952445845457484
28 4.572468174065982 5.326642972335837
29 7.498217752736380 5.998474614287206
30 4.746656682668272 5.366641389355697
31 3.066339418297085 4.980794864775576
32 7.033710580161088 5.891811139489316
33 8.411000000000000 9.272000000000000
34 6.371027347305525 4.912108463122187
35 5.944861691617810 4.001294274958103
36 5.986910727855745 4.091162752844554
37 5.950324529790780 4.012969618686955
38 5.856949635924861 3.813405958367700
39 2.395000000000000 2.436000000000000
40 5.538551567366246 4.393676333763521
41 5.585697740933229 4.423037057213310
42 7.183200327842237 5.417896833010779
43 6.957000000000000 6.135000000000000
44 7.461000000000000 5.865000000000000
45 6.057000000000000 3.893000000000000
46 5.915306858265895 4.029835986488520
47 3.444854450618447 6.415602778982553
48 4.272000000000000 9.551000000000000
49 3.329000000000000 7.606000000000000
50 9.243000000000000 0.615000000000000
51 9.082136752703516 1.791168306178207
52 9.968999999999999 3.880000000000000
53 5.926671929976402 4.039569861227445
54 5.494002304713770 3.669000097752038
55 7.258235881930159 5.180018161540558
56 3.529300789685695 6.735707042415408
57 2.326000000000000 0.737000000000000
100
1 5
5 4
4 6
6 2
2 3
3 0
7 12
12 9
9 10
10 11
11 13
13 2
2 8
14 18
18 9
9 16
16 17
17 19
19 15
20 0
7 25
25 24
24 22
22 23
23 21
1 31
31 10
10 16
16 28
28 30
30 26
26 32
32 27
27 29
29 21
8 3
3 38
38 35
35 37
37 36
36 34
34 26
26 22
22 33
39 4
4 11
11 17
17 40
40 41
41 34
34 42
42 21
43 27
27 44
7 47
47 28
28 40
40 46
46 35
35 45
44 29
29 23
23 33
49 48
21 51
51 50
0 51
51 52
15 54
54 46
46 53
53 36
36 55
55 21
14 56
56 24
24 30
30 41
41 53
53 37
37 45
39 5
5 31
31 18
18 12
12 47
47 25
25 56
56 48
57 0
39 6
6 13
13 19
19 54
54 38
38 45
43 32
32 42
42 55
55 0
36
0 2.600000000000000 3.900000000000000
1 2.800000000000000 4.800000000000000
2 3.100000000000000 5.500000000000000
3 3.300000000000000 6.500000000000000
4 3.400000000000000 3.400000000000000
5 3.500000000000000 3.700000000000000
6 4.300000000000000 6.000000000000000
7 4.800000000000000 5.200000000000000
8 4.900000000000000 3.400000000000000
9 4.900000000000000 5.300000000000000
10 5.100000000000000 4.800000000000000
11 5.500000000000000 3.600000000000000
12 5.700000000000000 4.900000000000000
13 5.800000000000000 3.400000000000000
14 5.800000000000000 5.200000000000000
15 5.800000000000000 3.500000000000000
16 5.900000000000000 5.700000000000000
17 6.200000000000000 3.000000000000000
18 6.400000000000000 2.800000000000000
19 6.500000000000000 4.900000000000000
20 7.200000000000000 3.300000000000000
21 7.300000000000000 3.200000000000000
22 7.500000000000000 4.000000000000000
23 7.800000000000000 2.300000000000000
24 7.900000000000000 3.700000000000000
25 8.100000000000000 5.100000000000000
26 8.100000000000000 5.400000000000000
27 8.199999999999999 1.200000000000000
28 8.199999999999999 1.600000000000000
29 8.300000000000001 1.400000000000000
30 8.400000000000000 1.400000000000000
31 8.600000000000000 1.700000000000000
32 8.600000000000000 2.700000000000000
33 8.699999999999999 4.100000000000000
34 8.800000000000001 3.300000000000000
35 8.900000000000000 2.600000000000000
