55
0 8.462999999999999 4.062000000000000
1 4.443000000000000 1.165000000000000
2 8.361163861546745 3.988612116144508
3 2.326000000000000 0.185000000000000
4 6.716000000000000 8.904999999999999
5 6.081660148985168 7.644990090922701
6 5.088065672895073 5.671381017686796
7 5.607285943000948 6.702725153295729
8 5.363512517214808 6.218510056973376
9 4.749528609571636 4.998933821290354
10 5.358949261706972 6.209445913914528
11 4.946000000000000 6.509000000000000
12 8.388000000000000 9.952000000000000
13 6.455912036481683 8.019350709356896
14 5.230427658851614 6.793510293267317
15 5.600601143819768 7.163791324279914
16 4.684860598527822 5.878677261484714
17 4.437143376300234 5.280752180046826
18 4.876184654144404 6.340483875118020
19 2.568000000000000 6.967000000000000
20 9.685000000000000 3.308000000000000
21 5.677406010871467 5.368388703979388
22 5.818366404402590 5.295917988800186
23 6.550486404889382 4.919519635311191
24 8.353262630042440 3.992674306122624
25 4.966556170385044 5.733851619019408
26 5.052593366357478 3.240782074618071
27 6.038736655775242 6.598788700264132
28 4.571863925775975 1.603806328863200
29 5.831449585282109 5.892936555250121
30 5.882653479854659 6.067295615519161
31 0.878000000000000 7.771000000000000
32 1.289000000000000 7.743000000000000
33 5.782000000000000 5.285000000000000
34 9.839000000000000 6.503000000000000
35 6.770170169480319 5.581670265325863
36 7.277103036765076 5.733862582888801
37 6.426930990061702 5.478622367733585
38 6.289000000000000 5.957000000000000
39 6.988999551655711 5.410975614742055
40 1.323667921061207 7.721966140153639
41 9.151000000000000 7.834000000000000
42 6.810953470811683 5.211433567507481
43 6.756000000000000 6.426000000000000
44 5.426102130466333 6.746372323792911
45 3.089957646109915 7.309149401879138
46 1.420571081470441 7.711304533693695
47 5.265000000000000 6.361000000000000
48 6.632000000000000 9.631000000000000
49 5.238562979518534 6.305445376490802
50 5.387792520128787 6.201616918750315
51 4.656685935183009 5.082691846100804
52 5.211876368159031 6.249366263950384
53 3.023000000000000 7.535000000000000
54 4.847000000000000 4.911000000000000
92
1 2
2 0
3 9
9 6
6 10
10 8
8 7
7 5
5 4
11 14
14 15
15 5
5 13
13 12
3 17
17 16
16 18
18 11
19 16
16 25
25 6
6 21
21 22
22 23
23 24
24 2
2 20
1 28
28 26
26 21
21 29
29 30
30 27
27 13
13 4
31 32
33 22
22 37
37 35
35 36
36 34
38 35
35 39
39 20
32 40
40 19
3 26
26 23
23 42
42 39
39 36
36 41
32 46
46 45
45 14
14 44
44 7
7 27
27 43
47 44
44 15
15 48
3 28
28 24
24 0
11 49
49 8
8 50
50 29
29 37
37 42
42 0
3 51
51 25
25 52
52 49
49 47
19 45
45 48
31 40
40 46
46 53
19 17
17 51
51 9
9 54
19 18
18 52
52 10
10 50
50 30
30 38
33
0 2.700000000000000 5.400000000000000
1 2.700000000000000 5.000000000000000
2 2.700000000000000 2.000000000000000
3 3.100000000000000 7.300000000000000
4 3.300000000000000 1.600000000000000
5 3.400000000000000 6.800000000000000
6 3.600000000000000 1.000000000000000
7 3.600000000000000 6.900000000000000
8 3.800000000000000 2.300000000000000
9 3.800000000000000 7.400000000000000
10 4.000000000000000 2.500000000000000
11 4.400000000000000 6.400000000000000
12 4.500000000000000 3.800000000000000
13 4.800000000000000 4.100000000000000
14 4.800000000000000 5.000000000000000
15 4.800000000000000 7.100000000000000
16 4.900000000000000 5.500000000000000
17 5.100000000000000 1.700000000000000
18 5.200000000000000 7.900000000000000
19 5.200000000000000 3.600000000000000
20 5.300000000000000 6.900000000000000
21 5.300000000000000 6.200000000000000
22 5.400000000000000 2.100000000000000
23 5.700000000000000 7.300000000000000
24 5.700000000000000 3.600000000000000
25 5.900000000000000 5.300000000000000
26 5.900000000000000 4.800000000000000
27 6.000000000000000 5.000000000000000
28 6.000000000000000 5.100000000000000
29 6.500000000000000 5.900000000000000
30 6.600000000000000 9.500000000000000
31 6.600000000000000 4.300000000000000
32 6.600000000000000 8.000000000000000
