321
0 8.820000000000000 7.120000000000000
1 3.550000000000000 5.210000000000000
2 7.288244086157779 6.564847477146368
3 4.877688670840213 5.691192668179280
4 4.927225640370255 5.709146294707246
5 6.318165725047081 6.213263099590119
6 6.822994232433955 6.396227511185741
7 6.977969420095600 6.452394989066907
8 3.697241539882593 5.263364580868265
9 6.165759682224431 6.158026753899177
10 6.443237245694323 6.258592626048607
11 4.161988861374214 5.431802414653653
12 3.846736328302512 5.317545803995787
13 7.913201336844238 6.791350010127608
14 4.476429193688896 5.545764660331270
15 4.588900826171390 5.586527623906519
16 8.369999999999999 3.860000000000000
17 0.960000000000000 0.400000000000000
18 6.785138427686880 3.119970170013037
19 7.615625056944959 3.507754749936513
20 6.660596131604204 3.061816817186308
21 5.443939071345984 2.493715139926735
22 1.885806188093538 0.832292767989695
23 1.915128394875009 0.845984378713567
24 7.531495384522413 3.468471529075243
25 4.866969432866556 2.224306914671833
26 7.436167360112289 3.423959388122607
27 3.578294707209939 1.622577555593305
28 4.206165583878809 1.915753430529107
29 5.491536785716950 2.515940253519656
30 6.397153570502924 2.938805850734159
31 4.760197248896963 2.174451077082793
32 6.610552862012726 3.038449784421597
33 5.955088602374406 2.732389549826646
34 9.650000000000000 0.220000000000000
35 5.570000000000000 4.350000000000000
36 6.328258830363435 3.582448782009563
37 6.302896080297655 3.608122350090855
38 6.191668787863361 3.720712722089294
39 5.891670815512517 4.024387140179731
40 5.997707825364106 3.917050657168197
41 7.167386247077752 2.733037941070806
42 6.503320053219561 3.405242201030200
43 6.960000000000000 9.630000000000001
44 7.670000000000000 3.000000000000000
45 7.432990700071160 5.213199519053813
46 7.242974231113990 6.987578658752457
47 7.608869741828765 3.570836072782093
48 7.194698340238967 7.438380287627673
49 7.221426716929351 7.188789953180855
50 7.621649454271735 3.451498757997743
51 7.489584529914728 4.684724741782185
52 7.632783998645518 3.347524068986217
53 7.211531126968504 7.281195250984252
54 7.427371159302870 5.265674949045025
55 4.970000000000000 4.890000000000000
56 4.440000000000000 9.490000000000000
57 4.864599961627015 5.804792785878742
58 4.644558419795343 7.714587299889471
59 4.670228776573278 7.491787976911166
60 4.585644747058472 8.225913516096279
61 4.942674608360559 5.127163776493257
62 4.935827792876935 5.186588967483202
63 4.474326241134753 9.192074133547436
64 4.640515853760562 7.749673722078141
65 4.940859025443537 5.142921665961757
66 1.530000000000000 5.720000000000000
67 2.240000000000000 6.140000000000000
68 1.786696855051929 5.871848843833535
69 1.826658895286540 5.895488360592037
70 1.974103974693990 5.982709393480952
71 4.330000000000000 2.580000000000000
72 7.340000000000000 4.090000000000000
73 6.321820834201674 3.579219089582899
74 4.862611085580180 2.847190278812648
75 6.491390929641142 3.664285815202034
76 4.496189281981303 2.663370702920853
77 6.633974347278732 3.735814373551789
78 4.877783056988837 2.854801467127290
79 6.571419455056887 3.704433015659768
80 4.880499571183534 2.856164236706690
81 6.221453237231984 3.528868567515048
82 5.432265248091943 3.132963629441473
83 0.410000000000000 9.420000000000000
84 1.704642557393236 7.099547765983708
85 2.048681818181818 6.482909090909091
86 2.910000000000000 8.789999999999999
87 7.860000000000000 1.230000000000000
88 5.602534975614965 4.677764764515326
89 4.653315882613184 6.127481197463500
90 5.321321202766482 5.107254890320283
91 5.391007359526498 5.000825123632257
92 3.635830285031328 7.681459201043062
93 6.234449719464825 3.712658610271903
94 5.355208286833188 5.055500071018404
95 6.077691616883371 3.952070985123579
96 6.068336088837452 3.966359427957346
97 6.951090356211990 2.618152910512597
98 4.533377582878524 6.310659691603709
99 6.485886024969794 3.328646798227950
100 3.861900428265525 7.336188436830835
101 6.984493142516400 2.567137745974953
102 7.803641367716045 1.316075002033677
103 9.710000000000001 2.540000000000000
104 9.036211334064154 6.007361898860874
105 9.257315324302004 4.869545859209919
106 8.150000000000000 4.570000000000000
107 2.710000000000000 9.449999999999999
108 6.547160665835595 6.007841167412187
109 4.672678045555623 7.689362341486868
110 7.204384359637407 5.418272853854679
111 6.255398837823561 6.269568689599453
112 6.367952175071204 6.168601725303772
113 4.273815024063612 8.047165934295878
114 4.638320218953130 7.720183332997927
115 7.002691729323308 5.599203007518797
116 7.357675021607607 5.280762112969647
117 0.800000000000000 3.480000000000000
118 1.860000000000000 4.470000000000000
119 1.546639465875371 4.177333086053412
120 4.830000000000000 3.590000000000000
121 8.310000000000000 8.490000000000000
122 6.950850880962612 6.576255550780690
123 5.072475462795877 3.931416599913735
124 5.814179143798024 4.975769484083425
125 5.301457797311353 4.253834254834951
126 7.371960562220048 7.169197343355815
127 5.069514170040486 3.927246963562753
128 6.207597163144182 5.529720143507612
129 5.479618082618862 4.504692127825409
130 5.464321100528303 4.483153273732380
131 4.832025592943189 3.592852127994719
132 4.680000000000000 8.279999999999999
133 4.650000000000000 5.860000000000000
134 4.130000000000000 0.030000000000000
135 4.970000000000000 2.100000000000000
136 4.693714337634018 1.419153189169543
137 4.421684897508962 0.748794926004229
138 7.620000000000000 3.520000000000000
139 6.210000000000000 9.960000000000001
140 6.854718468903749 7.015328411531813
141 6.900682556996362 6.805393143931511
142 7.360064201817548 4.707224496663115
143 6.721627874805464 7.623203181739582
144 7.085304260950799 5.962156425160889
145 7.228362776533399 5.308754410726888
146 2.530000000000000 5.160000000000000
147 2.190000000000000 6.590000000000000
148 2.434199391775750 5.562926087531403
149 2.485137243081328 5.348687477628530
150 2.198679245283019 6.553496115427302
151 2.472842196189570 5.400398998379161
152 2.428548387096774 5.586693548387097
153 2.308566566052277 6.091322972191895
154 2.870000000000000 4.790000000000000
155 0.170000000000000 3.540000000000000
156 2.188307724396858 4.474401724257804
157 2.747994906515933 4.733516160424043
158 9.430000000000000 0.070000000000000
159 2.720000000000000 4.150000000000000
160 4.167298882448131 3.269973257766263
161 3.950670275543972 3.401693781785483
162 4.018628323061578 3.360372047974480
163 3.790389311558819 3.499152251690018
164 4.650239486048742 2.976322339332509
165 6.037412349555208 2.132855084026044
166 4.300940652689288 3.188712688081625
167 4.576782497748438 3.020987691383961
168 6.192276519666271 2.038690283123938
169 4.877335919562980 2.838236877523553
170 4.094140301562811 3.580219832261415
171 4.117978388471203 3.479128685927676
172 3.187620434901576 7.424535563102577
173 3.962027976715864 4.140473950593835
174 3.540336682699176 5.928757401146087
175 3.677534046826423 5.346938949569427
176 4.238340083682008 2.968705941422595
177 3.797420041140170 4.838533529238907
178 4.295022731152745 2.728329529000399
179 3.836604999746806 4.672360278851510
180 4.273469148739444 2.819732684049395
181 4.173508365035143 3.243640451980597
182 3.273722543352601 7.059398843930636
183 3.211725924213789 7.322310432500782
184 3.927793937047411 4.285651637335978
185 8.080000000000000 8.539999999999999
186 1.450000000000000 0.290000000000000
187 4.467851836406883 4.045245497791369
188 5.026650513336294 4.740583217952402
189 5.288975538042562 5.067005760007712
190 3.912646828719272 3.354379537999093
191 4.794014727600364 4.451104299050225
192 1.696985517520763 0.597334919991899
193 2.277704139366594 1.319948589709562
194 3.001306220951020 2.220358419735430
195 7.119827267932490 7.345214926160337
196 4.354180693069306 3.903799504950493
197 3.931175456396648 3.377435522665512
198 5.741852310742164 5.630540205674637
199 5.209127439724456 4.967647266625453
200 5.144110866462954 4.886744290847567
201 4.381619057350875 3.937942265934346
202 4.574747476829074 4.025120890670322
203 5.114524732369592 4.670335685922835
204 5.426401267431201 5.043132710340501
205 3.963368007058096 3.294317442839123
206 4.897472044351046 4.410884950973553
207 1.710035037699879 0.600829053810350
208 2.359291887508902 1.376908670200145
209 3.035378259078335 2.185058560414335
210 7.266580866331600 7.242764300862845
211 4.342548669672265 3.747565465205914
212 4.000762061867299 3.339015875701435
213 5.890837196194475 5.598289359882608
214 5.272504677223369 4.859174687060003
215 5.217833677111639 4.793824511999334
216 4.454865985642826 3.881822315199878
217 2.290000000000000 6.910000000000000
218 2.303324101715642 6.917637665000180
219 3.148439530041494 7.402076215965208
220 9.170000000000000 3.160000000000000
221 0.990000000000000 4.700000000000000
222 3.113979590914022 4.300130981661663
223 7.124634146341465 3.545068877094639
224 5.817405005884076 3.791173140701531
225 3.061886375995648 4.309938261731871
226 4.366137413232334 4.064394667924475
227 6.559368553657192 3.651488071805370
228 5.070321547884188 3.931822104677060
229 6.047745901843858 3.747808228748223
230 4.167852889482226 4.101724517139044
231 1.800000000000000 7.320000000000000
232 5.190000000000000 4.610000000000000
233 4.432122535020690 5.215854846635379
234 1.990479232393816 7.167728991213203
235 4.641166403580635 5.048743081503387
236 4.450757450129250 5.200957908598742
237 1.975849300880373 7.179424305195926
238 2.551274764312065 6.719423418499796
239 1.981107232236022 5.641635450593440
240 4.845050983800390 5.144122563237092
241 4.451614464388735 5.212468786397727
242 6.820981993265774 4.800871708118484
243 5.135497752087348 5.093667308927425
244 4.955069762773112 5.125010539699535
245 2.209846325263721 5.601899807544822
246 2.461206235308673 5.558234566373871
247 3.253298423689813 5.420635470204942
248 0.910000000000000 6.910000000000000
249 6.340000000000000 0.480000000000000
250 2.103063062553072 5.497219983017265
251 4.387066677005977 2.792589551906366
252 5.282713451445186 1.731998620111869
253 3.093290958154311 4.324629675703090
254 4.280815766847519 2.918407848834337
255 3.859983420471615 3.416741548133982
256 4.785930107526881 2.320270609318997
257 1.491925368248773 6.220906055646481
258 1.656890446993870 6.025560667740224
259 6.058536225451705 3.959517702086012
260 4.012820600774244 4.754795903366492
261 4.406155012245294 4.601885948784837
262 6.583066775066842 3.755604847834651
263 5.138337819650068 4.317247644683714
264 5.800047262170009 4.060006076564715
265 2.597190579134680 5.305126400776493
266 2.876068456472972 5.196711773644981
267 4.620000000000000 1.380000000000000
268 3.978283869506117 1.208174369430600
269 2.000000000000000 7.170000000000000
270 1.980926353305483 7.165450322806812
271 6.890000000000000 4.540000000000000
272 3.229212432872824 1.984239371347975
273 4.265109078114004 2.707445460942998
274 4.653525862658530 2.978616706813881
275 6.737346973890926 4.433426049225705
276 4.937038126484897 3.176549383414414
277 5.943496625631634 3.879203377759691
278 5.166390199330988 3.336670392113034
279 6.112833148606019 2.172914655980902
280 6.237954159592530 2.239372373291770
281 6.946114474959353 2.615509983421034
282 6.450925682091355 2.352491673766556
283 5.050000000000000 5.240000000000000
284 4.432144489308389 4.950960297573452
285 3.541362870214302 4.534242716108837
286 4.914229680308225 5.176485129414578
287 3.579841968543725 4.552243667687837
288 3.603123655175571 4.563135100489859
289 2.681286950919037 4.067514810196813
290 2.770000000000000 2.460000000000000
291 4.990000000000000 0.160000000000000
292 3.890000000000000 9.600000000000000
293 9.720000000000001 5.530000000000000
294 1.140000000000000 9.480000000000000
295 4.170000000000000 1.430000000000000
296 4.299837264141628 3.173892665431665
297 4.488852582055423 5.712627817803231
298 4.358066247589785 3.955987835274568
299 2.550000000000000 4.140000000000000
300 6.210548012997684 2.118965040711137
301 4.880039257134229 2.853555790427299
302 8.161841102929094 1.041631391058867
303 7.210000000000000 6.510000000000000
304 5.990000000000000 1.150000000000000
305 6.950283486177121 5.368950398286365
306 6.462350201761287 3.225243509377458
307 6.291503229552479 2.474637139673185
308 4.989245971062228 3.472393836019291
309 5.190000000000000 5.750000000000000
310 9.440000000000000 4.830000000000000
311 0.470000000000000 5.740000000000000
312 3.870000000000000 7.340000000000000
313 3.380466240333135 7.109631171921476
314 1.436172326297036 6.194669330022134
315 1.627532874139010 6.284721352536005
316 3.710000000000000 4.470000000000000
317 3.664623263645292 4.487286375754175
318 2.920000000000000 7.690000000000000
319 7.490000000000000 1.930000000000000
320 0.620000000000000 6.820000000000000
560
1 8
8 12
12 11
11 14
14 15
15 3
3 4
4 9
9 5
5 10
10 6
6 7
7 2
2 13
13 0
17 22
22 23
23 27
27 28
28 31
31 25
25 21
21 29
29 33
33 30
30 32
32 20
20 18
18 26
26 24
24 19
19 16
35 39
39 40
40 38
38 37
37 36
36 42
42 18
18 41
41 34
43 48
48 53
53 49
49 46
46 2
2 54
54 45
45 51
51 47
47 19
19 50
50 52
52 44
56 63
63 60
60 64
64 58
58 59
59 57
57 3
3 62
62 65
65 61
61 55
66 68
68 69
69 70
70 67
71 76
76 74
74 78
78 80
80 82
82 81
81 73
73 36
36 75
75 79
79 77
77 72
83 84
84 85
85 67
86 92
92 100
100 98
98 89
89 57
57 4
4 90
90 94
94 91
91 88
88 96
96 95
95 93
93 37
37 73
73 99
99 20
20 97
97 101
101 102
102 87
0 104
104 105
105 103
107 113
113 114
114 58
58 109
109 111
111 5
5 112
112 108
108 115
115 110
110 116
116 45
45 106
117 119
119 118
120 131
131 127
127 123
123 125
125 130
130 129
129 88
88 124
124 128
128 108
108 6
6 122
122 46
46 126
126 121
133 89
89 59
59 109
109 132
134 137
137 136
136 135
139 143
143 140
140 141
141 122
122 7
7 144
144 110
110 145
145 142
142 47
47 138
147 150
150 153
153 152
152 148
148 151
151 149
149 146
155 119
119 156
156 157
157 154
159 163
163 161
161 162
162 160
160 166
166 167
167 164
164 74
74 169
169 21
21 165
165 168
168 158
107 172
172 183
183 182
182 174
174 175
175 8
8 177
177 179
179 184
184 173
173 170
170 171
171 160
160 181
181 176
176 180
180 178
178 71
186 192
192 22
22 193
193 194
194 190
190 197
197 161
161 170
170 196
196 201
201 187
187 191
191 188
188 200
200 199
199 189
189 90
90 198
198 9
9 111
111 140
140 195
195 48
48 185
186 207
207 23
23 208
208 209
209 205
205 212
212 162
162 171
171 211
211 216
216 202
202 206
206 203
203 215
215 214
214 91
91 204
204 213
213 112
112 10
10 141
141 49
49 210
210 121
217 218
218 219
219 172
172 92
92 113
113 60
60 132
221 156
156 225
225 222
222 173
173 230
230 226
226 187
187 202
202 228
228 123
123 224
224 229
229 38
38 93
93 75
75 227
227 223
223 24
24 50
50 220
231 237
237 234
234 218
218 238
238 174
174 11
11 233
233 236
236 235
235 188
188 203
203 232
66 239
239 245
245 148
148 246
246 247
247 175
175 12
12 233
233 241
241 240
240 61
61 244
244 243
243 189
189 94
94 204
204 124
124 242
242 142
142 51
51 106
248 257
257 258
258 68
68 239
239 250
250 157
157 253
253 222
222 163
163 255
255 190
190 205
205 176
176 254
254 251
251 76
76 256
256 25
25 252
252 249
66 250
250 149
149 265
265 266
266 177
177 260
260 261
261 191
191 206
206 263
263 125
125 264
264 39
39 259
259 95
95 262
262 77
77 223
223 26
26 52
52 103
17 192
192 207
207 268
268 267
248 84
84 270
270 234
234 269
17 193
193 208
208 272
272 273
273 178
178 251
251 164
164 274
274 276
276 278
278 224
224 277
277 40
40 259
259 96
96 275
275 271
267 136
136 252
252 165
165 279
279 280
280 282
282 281
281 97
97 41
41 44
159 225
225 253
253 285
285 287
287 288
288 179
179 260
260 284
284 235
235 240
240 286
286 62
62 283
17 289
289 159
290 194
194 209
209 272
272 27
27 268
268 137
137 291
292 63
63 143
143 195
195 53
53 210
210 126
126 13
13 104
104 293
294 107
295 28
28 273
273 180
180 254
254 296
296 166
166 211
211 196
196 298
298 226
226 261
261 284
284 236
236 241
241 14
14 297
297 98
98 114
114 64
64 132
299 289
289 255
255 197
197 212
212 181
181 296
296 167
167 274
274 78
78 301
301 29
29 279
279 300
300 302
302 34
294 237
237 270
270 147
304 168
168 300
300 280
280 307
307 30
30 306
306 99
99 42
42 227
227 79
79 262
262 275
275 242
242 305
305 115
115 144
144 303
267 31
31 256
256 169
169 301
301 80
80 276
276 308
308 127
127 228
228 263
263 232
309 198
198 213
213 128
128 305
305 145
145 116
116 54
54 105
105 310
283 243
243 199
199 214
214 129
129 35
311 314
314 257
257 315
315 85
85 150
150 238
238 182
182 313
313 100
100 312
154 285
285 317
317 316
318 219
219 183
183 313
313 297
297 15
15 286
286 65
65 244
244 200
200 215
215 130
130 264
264 277
277 229
229 81
81 306
306 32
32 281
281 101
101 319
320 314
314 258
258 69
69 245
245 151
151 265
265 287
287 317
317 184
184 230
230 298
298 201
201 216
216 131
131 308
308 278
278 82
82 33
33 307
307 282
282 102
102 302
302 158
248 315
315 70
70 152
152 246
246 266
266 288
288 316
67 153
153 247
247 1
617
0 1.000000000000000 6.400000000000000
1 1.000000000000000 3.800000000000000
2 1.000000000000000 5.600000000000000
3 1.000000000000000 3.700000000000000
4 1.000000000000000 5.600000000000000
5 1.000000000000000 3.000000000000000
6 1.000000000000000 3.400000000000000
7 1.000000000000000 4.600000000000000
8 1.100000000000000 3.500000000000000
9 1.100000000000000 2.600000000000000
10 1.100000000000000 1.900000000000000
11 1.100000000000000 1.200000000000000
12 1.200000000000000 3.300000000000000
13 1.200000000000000 7.700000000000000
14 1.200000000000000 1.500000000000000
15 1.200000000000000 7.700000000000000
16 1.200000000000000 6.000000000000000
17 1.200000000000000 4.200000000000000
18 1.200000000000000 1.900000000000000
19 1.200000000000000 2.800000000000000
20 1.200000000000000 6.200000000000000
21 1.200000000000000 4.700000000000000
22 1.200000000000000 3.500000000000000
23 1.300000000000000 5.900000000000000
24 1.300000000000000 3.400000000000000
25 1.300000000000000 4.400000000000000
26 1.300000000000000 6.700000000000000
27 1.300000000000000 1.700000000000000
28 1.300000000000000 8.300000000000001
29 1.300000000000000 9.100000000000000
30 1.300000000000000 6.400000000000000
31 1.400000000000000 5.000000000000000
32 1.400000000000000 7.400000000000000
33 1.400000000000000 3.400000000000000
34 1.400000000000000 3.200000000000000
35 1.400000000000000 9.400000000000000
36 1.400000000000000 5.800000000000000
37 1.400000000000000 3.100000000000000
38 1.400000000000000 5.800000000000000
39 1.500000000000000 6.600000000000000
40 1.500000000000000 1.000000000000000
41 1.500000000000000 1.700000000000000
42 1.500000000000000 7.200000000000000
43 1.500000000000000 3.200000000000000
44 1.500000000000000 6.900000000000000
45 1.500000000000000 6.100000000000000
46 1.500000000000000 3.500000000000000
47 1.500000000000000 0.500000000000000
48 1.500000000000000 1.400000000000000
49 1.500000000000000 4.800000000000000
50 1.500000000000000 5.500000000000000
51 1.500000000000000 7.300000000000000
52 1.500000000000000 9.199999999999999
53 1.500000000000000 9.400000000000000
54 1.500000000000000 1.700000000000000
55 1.500000000000000 7.400000000000000
56 1.500000000000000 3.400000000000000
57 1.600000000000000 4.600000000000000
58 1.600000000000000 8.500000000000000
59 1.600000000000000 3.600000000000000
60 1.600000000000000 9.400000000000000
61 1.600000000000000 3.300000000000000
62 1.600000000000000 9.199999999999999
63 1.600000000000000 5.100000000000000
64 1.600000000000000 6.800000000000000
65 1.600000000000000 5.700000000000000
66 1.700000000000000 2.300000000000000
67 1.700000000000000 2.200000000000000
68 1.700000000000000 0.700000000000000
69 1.700000000000000 9.300000000000001
70 1.700000000000000 8.699999999999999
71 1.700000000000000 7.800000000000000
72 1.700000000000000 8.300000000000001
73 1.700000000000000 7.300000000000000
74 1.700000000000000 2.200000000000000
75 1.800000000000000 9.199999999999999
76 1.800000000000000 6.200000000000000
77 1.800000000000000 4.800000000000000
78 1.800000000000000 7.900000000000000
79 1.800000000000000 1.200000000000000
80 1.800000000000000 0.900000000000000
81 1.800000000000000 7.000000000000000
82 1.900000000000000 8.199999999999999
83 1.900000000000000 1.100000000000000
84 1.900000000000000 2.100000000000000
85 1.900000000000000 7.800000000000000
86 1.900000000000000 3.300000000000000
87 1.900000000000000 8.699999999999999
88 1.900000000000000 9.400000000000000
89 1.900000000000000 4.400000000000000
90 1.900000000000000 2.600000000000000
91 1.900000000000000 5.600000000000000
92 1.900000000000000 0.900000000000000
93 1.900000000000000 3.400000000000000
94 2.000000000000000 5.400000000000000
95 2.000000000000000 2.500000000000000
96 2.000000000000000 2.300000000000000
97 2.000000000000000 6.100000000000000
98 2.000000000000000 4.600000000000000
99 2.000000000000000 1.500000000000000
100 2.100000000000000 6.600000000000000
101 2.100000000000000 6.600000000000000
102 2.200000000000000 7.300000000000000
103 2.200000000000000 1.200000000000000
104 2.200000000000000 1.200000000000000
105 2.200000000000000 3.400000000000000
106 2.200000000000000 5.200000000000000
107 2.200000000000000 9.199999999999999
108 2.200000000000000 4.600000000000000
109 2.200000000000000 8.900000000000000
110 2.200000000000000 5.300000000000000
111 2.200000000000000 2.500000000000000
112 2.200000000000000 8.100000000000000
113 2.200000000000000 3.000000000000000
114 2.200000000000000 2.100000000000000
115 2.200000000000000 1.800000000000000
116 2.200000000000000 1.900000000000000
117 2.200000000000000 5.700000000000000
118 2.300000000000000 1.700000000000000
119 2.300000000000000 5.400000000000000
120 2.300000000000000 4.300000000000000
121 2.300000000000000 6.300000000000000
122 2.300000000000000 6.100000000000000
123 2.300000000000000 3.600000000000000
124 2.300000000000000 4.700000000000000
125 2.300000000000000 6.000000000000000
126 2.300000000000000 7.100000000000000
127 2.300000000000000 8.900000000000000
128 2.300000000000000 4.000000000000000
129 2.400000000000000 4.900000000000000
130 2.400000000000000 5.300000000000000
131 2.400000000000000 4.700000000000000
132 2.400000000000000 5.100000000000000
133 2.400000000000000 0.900000000000000
134 2.400000000000000 3.800000000000000
135 2.400000000000000 1.400000000000000
136 2.400000000000000 3.000000000000000
137 2.400000000000000 4.000000000000000
138 2.400000000000000 2.600000000000000
139 2.400000000000000 6.700000000000000
140 2.400000000000000 2.600000000000000
141 2.400000000000000 7.700000000000000
142 2.500000000000000 6.100000000000000
143 2.500000000000000 2.500000000000000
144 2.500000000000000 8.100000000000000
145 2.500000000000000 2.000000000000000
146 2.500000000000000 6.900000000000000
147 2.500000000000000 4.400000000000000
148 2.500000000000000 4.200000000000000
149 2.500000000000000 3.600000000000000
150 2.500000000000000 7.700000000000000
151 2.600000000000000 3.300000000000000
152 2.600000000000000 4.100000000000000
153 2.600000000000000 1.400000000000000
154 2.600000000000000 8.300000000000001
155 2.600000000000000 8.000000000000000
156 2.600000000000000 7.800000000000000
157 2.600000000000000 7.900000000000000
158 2.600000000000000 4.500000000000000
159 2.700000000000000 6.500000000000000
160 2.700000000000000 1.000000000000000
161 2.700000000000000 2.400000000000000
162 2.700000000000000 3.400000000000000
163 2.700000000000000 8.199999999999999
164 2.700000000000000 2.200000000000000
165 2.700000000000000 4.300000000000000
166 2.700000000000000 6.400000000000000
167 2.700000000000000 1.500000000000000
168 2.700000000000000 2.000000000000000
169 2.700000000000000 7.200000000000000
170 2.700000000000000 8.800000000000001
171 2.800000000000000 2.700000000000000
172 2.800000000000000 3.400000000000000
173 2.800000000000000 7.000000000000000
174 2.800000000000000 5.800000000000000
175 2.800000000000000 8.699999999999999
176 2.800000000000000 7.700000000000000
177 2.800000000000000 2.400000000000000
178 2.800000000000000 2.000000000000000
179 2.800000000000000 4.800000000000000
180 2.800000000000000 4.900000000000000
181 2.800000000000000 4.000000000000000
182 2.800000000000000 7.700000000000000
183 2.800000000000000 3.500000000000000
184 2.800000000000000 8.500000000000000
185 2.800000000000000 7.500000000000000
186 2.800000000000000 6.500000000000000
187 2.900000000000000 2.800000000000000
188 2.900000000000000 7.300000000000000
189 2.900000000000000 6.700000000000000
190 2.900000000000000 5.300000000000000
191 2.900000000000000 1.300000000000000
192 2.900000000000000 9.000000000000000
193 3.000000000000000 5.600000000000000
194 3.000000000000000 3.200000000000000
195 3.000000000000000 6.700000000000000
196 3.000000000000000 3.800000000000000
197 3.000000000000000 7.900000000000000
198 3.000000000000000 1.500000000000000
199 3.100000000000000 5.800000000000000
200 3.100000000000000 1.400000000000000
201 3.100000000000000 2.600000000000000
202 3.100000000000000 5.900000000000000
203 3.100000000000000 2.400000000000000
204 3.100000000000000 1.600000000000000
205 3.100000000000000 1.600000000000000
206 3.100000000000000 7.200000000000000
207 3.200000000000000 8.000000000000000
208 3.200000000000000 4.900000000000000
209 3.200000000000000 1.800000000000000
210 3.200000000000000 5.100000000000000
211 3.200000000000000 4.700000000000000
212 3.200000000000000 5.700000000000000
213 3.200000000000000 7.500000000000000
214 3.200000000000000 3.600000000000000
215 3.200000000000000 7.300000000000000
216 3.300000000000000 7.200000000000000
217 3.300000000000000 1.700000000000000
218 3.300000000000000 5.200000000000000
219 3.300000000000000 1.400000000000000
220 3.300000000000000 1.500000000000000
221 3.300000000000000 4.100000000000000
222 3.300000000000000 8.000000000000000
223 3.300000000000000 3.700000000000000
224 3.300000000000000 6.000000000000000
225 3.400000000000000 3.400000000000000
226 3.400000000000000 5.900000000000000
227 3.400000000000000 1.300000000000000
228 3.400000000000000 3.400000000000000
229 3.400000000000000 3.500000000000000
230 3.400000000000000 7.500000000000000
231 3.400000000000000 4.000000000000000
232 3.400000000000000 3.300000000000000
233 3.500000000000000 8.600000000000000
234 3.500000000000000 4.300000000000000
235 3.500000000000000 4.500000000000000
236 3.500000000000000 7.800000000000000
237 3.600000000000000 8.100000000000000
238 3.600000000000000 3.000000000000000
239 3.600000000000000 8.600000000000000
240 3.600000000000000 7.800000000000000
241 3.600000000000000 2.400000000000000
242 3.700000000000000 2.100000000000000
243 3.700000000000000 2.600000000000000
244 3.700000000000000 4.700000000000000
245 3.700000000000000 7.900000000000000
246 3.700000000000000 3.000000000000000
247 3.800000000000000 6.400000000000000
248 3.800000000000000 5.000000000000000
249 3.800000000000000 2.500000000000000
250 3.800000000000000 1.700000000000000
251 3.800000000000000 1.600000000000000
252 3.900000000000000 7.800000000000000
253 3.900000000000000 7.400000000000000
254 3.900000000000000 5.300000000000000
255 3.900000000000000 6.400000000000000
256 3.900000000000000 7.100000000000000
257 3.900000000000000 7.400000000000000
258 4.000000000000000 4.900000000000000
259 4.000000000000000 6.200000000000000
260 4.000000000000000 4.600000000000000
261 4.000000000000000 7.200000000000000
262 4.000000000000000 6.200000000000000
263 4.000000000000000 7.100000000000000
264 4.000000000000000 5.800000000000000
265 4.000000000000000 2.300000000000000
266 4.100000000000000 6.700000000000000
267 4.100000000000000 7.400000000000000
268 4.100000000000000 2.300000000000000
269 4.100000000000000 1.400000000000000
270 4.200000000000000 4.200000000000000
271 4.200000000000000 4.700000000000000
272 4.200000000000000 5.200000000000000
273 4.200000000000000 3.100000000000000
274 4.300000000000000 1.100000000000000
275 4.300000000000000 4.900000000000000
276 4.300000000000000 1.100000000000000
277 4.300000000000000 2.400000000000000
278 4.300000000000000 1.800000000000000
279 4.300000000000000 2.900000000000000
280 4.300000000000000 5.400000000000000
281 4.400000000000000 7.100000000000000
282 4.400000000000000 1.200000000000000
283 4.400000000000000 1.800000000000000
284 4.400000000000000 4.700000000000000
285 4.400000000000000 6.800000000000000
286 4.500000000000000 4.400000000000000
287 4.500000000000000 6.000000000000000
288 4.500000000000000 5.200000000000000
289 4.500000000000000 5.700000000000000
290 4.500000000000000 8.000000000000000
291 4.500000000000000 7.900000000000000
292 4.500000000000000 1.700000000000000
293 4.500000000000000 2.800000000000000
294 4.500000000000000 1.200000000000000
295 4.500000000000000 6.200000000000000
296 4.500000000000000 1.800000000000000
297 4.500000000000000 2.400000000000000
298 4.600000000000000 4.300000000000000
299 4.600000000000000 1.300000000000000
300 4.600000000000000 6.600000000000000
301 4.600000000000000 3.100000000000000
302 4.600000000000000 4.100000000000000
303 4.600000000000000 2.400000000000000
304 4.600000000000000 3.400000000000000
305 4.700000000000000 8.300000000000001
306 4.700000000000000 2.900000000000000
307 4.700000000000000 7.200000000000000
308 4.700000000000000 4.800000000000000
309 4.700000000000000 2.000000000000000
310 4.700000000000000 5.300000000000000
311 4.800000000000000 8.900000000000000
312 4.800000000000000 8.900000000000000
313 4.800000000000000 5.000000000000000
314 4.800000000000000 7.100000000000000
315 4.800000000000000 3.400000000000000
316 4.800000000000000 6.500000000000000
317 4.800000000000000 8.699999999999999
318 4.800000000000000 5.300000000000000
319 4.800000000000000 4.300000000000000
320 4.900000000000000 2.400000000000000
321 4.900000000000000 4.300000000000000
322 4.900000000000000 7.600000000000000
323 4.900000000000000 3.400000000000000
324 4.900000000000000 5.900000000000000
325 4.900000000000000 6.900000000000000
326 5.000000000000000 3.700000000000000
327 5.000000000000000 4.600000000000000
328 5.000000000000000 6.800000000000000
329 5.000000000000000 5.300000000000000
330 5.000000000000000 3.900000000000000
331 5.000000000000000 2.800000000000000
332 5.000000000000000 6.800000000000000
333 5.000000000000000 4.800000000000000
334 5.000000000000000 7.500000000000000
335 5.100000000000000 7.600000000000000
336 5.100000000000000 4.000000000000000
337 5.100000000000000 6.900000000000000
338 5.100000000000000 8.300000000000001
339 5.100000000000000 7.100000000000000
340 5.200000000000000 8.600000000000000
341 5.200000000000000 8.400000000000000
342 5.200000000000000 6.200000000000000
343 5.200000000000000 1.900000000000000
344 5.200000000000000 2.000000000000000
345 5.200000000000000 5.900000000000000
346 5.200000000000000 2.000000000000000
347 5.200000000000000 6.000000000000000
348 5.200000000000000 3.100000000000000
349 5.200000000000000 3.700000000000000
350 5.300000000000000 6.200000000000000
351 5.300000000000000 2.900000000000000
352 5.300000000000000 6.500000000000000
353 5.300000000000000 2.400000000000000
354 5.300000000000000 8.400000000000000
355 5.300000000000000 5.100000000000000
356 5.400000000000000 3.800000000000000
357 5.400000000000000 2.700000000000000
358 5.500000000000000 5.800000000000000
359 5.500000000000000 5.300000000000000
360 5.500000000000000 3.800000000000000
361 5.500000000000000 3.900000000000000
362 5.500000000000000 3.800000000000000
363 5.500000000000000 4.700000000000000
364 5.500000000000000 7.300000000000000
365 5.500000000000000 4.500000000000000
366 5.500000000000000 4.700000000000000
367 5.500000000000000 7.400000000000000
368 5.500000000000000 2.000000000000000
369 5.600000000000000 2.400000000000000
370 5.600000000000000 6.700000000000000
371 5.600000000000000 3.300000000000000
372 5.600000000000000 6.300000000000000
373 5.600000000000000 2.500000000000000
374 5.700000000000000 3.300000000000000
375 5.700000000000000 2.600000000000000
376 5.700000000000000 3.100000000000000
377 5.700000000000000 4.900000000000000
378 5.700000000000000 8.000000000000000
379 5.800000000000000 6.200000000000000
380 5.900000000000000 3.800000000000000
381 5.900000000000000 8.000000000000000
382 5.900000000000000 4.300000000000000
383 5.900000000000000 6.200000000000000
384 5.900000000000000 8.000000000000000
385 6.000000000000000 3.600000000000000
386 6.000000000000000 2.400000000000000
387 6.000000000000000 5.700000000000000
388 6.000000000000000 4.500000000000000
389 6.000000000000000 4.600000000000000
390 6.000000000000000 2.600000000000000
391 6.000000000000000 7.800000000000000
392 6.100000000000000 5.900000000000000
393 6.100000000000000 3.900000000000000
394 6.100000000000000 5.400000000000000
395 6.200000000000000 5.600000000000000
396 6.200000000000000 5.300000000000000
397 6.200000000000000 7.800000000000000
398 6.200000000000000 3.700000000000000
399 6.200000000000000 2.600000000000000
400 6.200000000000000 3.700000000000000
401 6.200000000000000 7.500000000000000
402 6.300000000000000 6.700000000000000
403 6.300000000000000 5.800000000000000
404 6.300000000000000 7.200000000000000
405 6.400000000000000 7.400000000000000
406 6.400000000000000 3.200000000000000
407 6.400000000000000 5.200000000000000
408 6.400000000000000 2.100000000000000
409 6.400000000000000 6.900000000000000
410 6.400000000000000 2.400000000000000
411 6.500000000000000 3.800000000000000
412 6.500000000000000 3.000000000000000
413 6.500000000000000 3.600000000000000
414 6.600000000000000 7.500000000000000
415 6.600000000000000 6.900000000000000
416 6.600000000000000 4.000000000000000
417 6.700000000000000 5.800000000000000
418 6.700000000000000 6.900000000000000
419 6.700000000000000 7.300000000000000
420 6.700000000000000 7.300000000000000
421 6.700000000000000 2.300000000000000
422 6.700000000000000 4.000000000000000
423 6.700000000000000 6.000000000000000
424 6.700000000000000 2.600000000000000
425 6.700000000000000 3.100000000000000
426 6.700000000000000 4.300000000000000
427 6.700000000000000 4.300000000000000
428 6.800000000000000 2.000000000000000
429 6.800000000000000 5.800000000000000
430 6.800000000000000 7.000000000000000
431 6.800000000000000 5.100000000000000
432 6.800000000000000 5.500000000000000
433 6.800000000000000 4.500000000000000
434 6.900000000000000 6.100000000000000
435 6.900000000000000 6.600000000000000
436 6.900000000000000 6.000000000000000
437 6.900000000000000 4.300000000000000
438 6.900000000000000 5.800000000000000
439 7.000000000000000 3.700000000000000
440 7.000000000000000 5.400000000000000
441 7.000000000000000 2.500000000000000
442 7.000000000000000 3.000000000000000
443 7.000000000000000 4.800000000000000
444 7.000000000000000 7.300000000000000
445 7.000000000000000 4.100000000000000
446 7.100000000000000 4.100000000000000
447 7.100000000000000 1.600000000000000
448 7.100000000000000 4.300000000000000
449 7.100000000000000 5.300000000000000
450 7.100000000000000 5.500000000000000
451 7.100000000000000 7.100000000000000
452 7.100000000000000 5.300000000000000
453 7.200000000000000 5.900000000000000
454 7.200000000000000 4.600000000000000
455 7.200000000000000 6.400000000000000
456 7.200000000000000 5.000000000000000
457 7.300000000000000 6.100000000000000
458 7.300000000000000 4.200000000000000
459 7.400000000000000 3.900000000000000
460 7.400000000000000 6.700000000000000
461 7.400000000000000 5.500000000000000
462 7.400000000000000 5.100000000000000
463 7.400000000000000 3.100000000000000
464 7.400000000000000 5.000000000000000
465 7.400000000000000 3.500000000000000
466 7.500000000000000 2.800000000000000
467 7.500000000000000 2.600000000000000
468 7.500000000000000 7.300000000000000
469 7.500000000000000 2.300000000000000
470 7.500000000000000 6.000000000000000
471 7.500000000000000 4.800000000000000
472 7.500000000000000 4.000000000000000
473 7.500000000000000 3.100000000000000
474 7.600000000000000 6.000000000000000
475 7.600000000000000 2.100000000000000
476 7.600000000000000 6.200000000000000
477 7.600000000000000 6.000000000000000
478 7.600000000000000 2.000000000000000
479 7.600000000000000 3.800000000000000
480 7.600000000000000 7.100000000000000
481 7.600000000000000 1.400000000000000
482 7.700000000000000 7.400000000000000
483 7.700000000000000 2.200000000000000
484 7.700000000000000 2.200000000000000
485 7.700000000000000 6.300000000000000
486 7.700000000000000 6.900000000000000
487 7.700000000000000 1.800000000000000
488 7.700000000000000 2.900000000000000
489 7.700000000000000 2.200000000000000
490 7.700000000000000 4.200000000000000
491 7.800000000000000 2.500000000000000
492 7.800000000000000 2.600000000000000
493 7.900000000000000 3.900000000000000
494 7.900000000000000 4.900000000000000
495 7.900000000000000 2.500000000000000
496 7.900000000000000 4.000000000000000
497 8.000000000000000 5.900000000000000
498 8.000000000000000 3.600000000000000
499 8.000000000000000 2.700000000000000
500 8.000000000000000 3.100000000000000
501 8.000000000000000 5.600000000000000
502 8.000000000000000 4.200000000000000
503 8.000000000000000 4.800000000000000
504 8.000000000000000 4.200000000000000
505 8.000000000000000 7.400000000000000
506 8.100000000000000 4.700000000000000
507 8.100000000000000 2.500000000000000
508 8.100000000000000 1.400000000000000
509 8.100000000000000 6.600000000000000
510 8.199999999999999 4.600000000000000
511 8.199999999999999 2.200000000000000
512 8.199999999999999 3.300000000000000
513 8.199999999999999 1.900000000000000
514 8.199999999999999 2.100000000000000
515 8.199999999999999 4.100000000000000
516 8.300000000000001 1.100000000000000
517 8.300000000000001 6.400000000000000
518 8.300000000000001 3.900000000000000
519 8.300000000000001 8.199999999999999
520 8.300000000000001 4.200000000000000
521 8.300000000000001 2.100000000000000
522 8.300000000000001 6.400000000000000
523 8.300000000000001 6.600000000000000
524 8.300000000000001 1.800000000000000
525 8.300000000000001 1.100000000000000
526 8.400000000000000 4.400000000000000
527 8.400000000000000 6.100000000000000
528 8.400000000000000 1.300000000000000
529 8.400000000000000 1.700000000000000
530 8.500000000000000 6.500000000000000
531 8.500000000000000 4.500000000000000
532 8.500000000000000 1.500000000000000
533 8.500000000000000 6.300000000000000
534 8.500000000000000 7.000000000000000
535 8.500000000000000 6.300000000000000
536 8.500000000000000 5.900000000000000
537 8.500000000000000 5.500000000000000
538 8.600000000000000 6.800000000000000
539 8.600000000000000 6.900000000000000
540 8.600000000000000 3.600000000000000
541 8.600000000000000 1.700000000000000
542 8.600000000000000 6.000000000000000
543 8.600000000000000 2.900000000000000
544 8.600000000000000 6.200000000000000
545 8.699999999999999 4.100000000000000
546 8.699999999999999 1.300000000000000
547 8.699999999999999 3.600000000000000
548 8.699999999999999 4.300000000000000
549 8.699999999999999 4.200000000000000
550 8.699999999999999 6.900000000000000
551 8.800000000000001 7.000000000000000
552 8.800000000000001 4.900000000000000
553 8.800000000000001 1.700000000000000
554 8.800000000000001 1.100000000000000
555 8.800000000000001 5.800000000000000
556 8.800000000000001 2.100000000000000
557 8.800000000000001 6.000000000000000
558 8.800000000000001 5.200000000000000
559 8.800000000000001 6.600000000000000
560 8.900000000000000 4.200000000000000
561 8.900000000000000 0.600000000000000
562 8.900000000000000 1.300000000000000
563 8.900000000000000 3.300000000000000
564 8.900000000000000 6.300000000000000
565 8.900000000000000 3.100000000000000
566 9.000000000000000 5.400000000000000
567 9.000000000000000 5.300000000000000
568 9.000000000000000 4.000000000000000
569 9.000000000000000 3.300000000000000
570 9.000000000000000 3.300000000000000
571 9.100000000000000 3.900000000000000
572 9.100000000000000 0.700000000000000
573 9.100000000000000 3.800000000000000
574 9.100000000000000 0.300000000000000
575 9.100000000000000 4.000000000000000
576 9.100000000000000 5.300000000000000
577 9.100000000000000 0.700000000000000
578 9.100000000000000 5.000000000000000
579 9.100000000000000 1.900000000000000
580 9.100000000000000 1.700000000000000
581 9.100000000000000 4.700000000000000
582 9.100000000000000 5.100000000000000
583 9.100000000000000 0.900000000000000
584 9.100000000000000 2.800000000000000
585 9.199999999999999 3.000000000000000
586 9.199999999999999 0.700000000000000
587 9.199999999999999 1.400000000000000
588 9.199999999999999 2.300000000000000
589 9.199999999999999 4.100000000000000
590 9.199999999999999 1.000000000000000
591 9.199999999999999 1.000000000000000
592 9.199999999999999 0.900000000000000
593 9.199999999999999 1.900000000000000
594 9.199999999999999 3.600000000000000
595 9.199999999999999 1.700000000000000
596 9.300000000000001 3.900000000000000
597 9.300000000000001 2.400000000000000
598 9.300000000000001 3.800000000000000
599 9.400000000000000 0.600000000000000
600 9.400000000000000 0.600000000000000
601 9.400000000000000 3.800000000000000
602 9.400000000000000 1.000000000000000
603 9.400000000000000 2.900000000000000
604 9.400000000000000 2.300000000000000
605 9.500000000000000 3.600000000000000
606 9.500000000000000 1.400000000000000
607 9.500000000000000 2.300000000000000
608 9.500000000000000 1.000000000000000
609 9.500000000000000 1.000000000000000
610 9.500000000000000 3.000000000000000
611 9.500000000000000 0.800000000000000
612 9.600000000000000 2.900000000000000
613 9.600000000000000 2.300000000000000
614 9.600000000000000 2.600000000000000
615 9.600000000000000 2.900000000000000
616 9.600000000000000 1.700000000000000
