277
0 0.630000000000000 6.180000000000000
1 4.270000000000000 4.890000000000000
2 1.811363202378587 5.761330073882314
3 2.370274336283186 5.563254424778761
4 4.081804142024200 4.956695784832083
5 1.102564531184009 6.012525207355117
6 1.134773279756685 6.001110568437878
7 2.674897696149509 5.455297245045916
8 3.245676692602486 5.253015677621646
9 3.038494957162997 5.326439973972454
10 1.460000000000000 2.670000000000000
11 9.020000000000000 0.370000000000000
12 5.351102628294491 1.486198935836332
13 5.239932514862797 1.520020531192535
14 2.384161790074866 2.388839667040715
15 2.675791695435198 2.300116283134794
16 2.452385060780885 2.368083910079889
17 5.833074003221474 1.339567432882356
18 1.649182809191436 2.612444383447050
19 6.480000000000000 1.860000000000000
20 5.860000000000000 1.700000000000000
21 6.035124547731701 1.745193431672697
22 6.009982014388489 1.738705035971223
23 7.770000000000000 6.460000000000000
24 1.140000000000000 7.930000000000000
25 3.976465188946392 7.301100478468899
26 7.622487357576013 6.492706422980884
27 5.199426920178612 7.029946067471710
28 6.128716013664250 6.823904594255437
29 6.479813385554659 6.746059475601003
30 1.900440192510859 7.761395613425194
31 6.862701614202404 6.661165705448336
32 3.601541113739326 7.384228440845127
33 6.755576979283836 6.684917321335258
34 4.360260126203663 7.216005673375658
35 3.367258254865038 7.436173509102321
36 8.150000000000000 2.040000000000000
37 5.292916118736979 3.612915860163418
38 6.095541527236673 3.171044957079811
39 1.801183173949141 5.535226284554595
40 2.266857373086220 5.278857775987108
41 4.610345736614955 3.988692639682725
42 3.893052480600199 4.383585469456806
43 7.429874861699288 2.436451871351722
44 7.062540800856150 2.638680995273344
45 1.143271311233764 5.897427762166518
46 4.159111747851002 4.237111351582028
47 1.179637620958778 5.877406948035992
48 6.554982373678026 2.918108108108108
49 6.563948490722792 2.913171974522293
50 6.605518563127974 2.890286322958802
51 2.522521703268377 5.138106402721931
52 3.957440290609537 4.348137925116559
53 2.380000000000000 9.170000000000000
54 5.310000000000000 5.740000000000000
55 5.232228648051590 5.831042913714350
56 5.298305023733478 5.753690706004836
57 4.220197624439617 7.015775477191847
58 4.152526751944476 7.094994280146911
59 5.690000000000000 9.330000000000000
60 9.150000000000000 4.250000000000000
61 7.732907897211442 6.330586093111526
62 7.096907417241990 7.264367144627368
63 8.004426942370362 5.931939633745250
64 9.130714910866461 4.278314523930168
65 6.930283110844458 7.509006299685016
66 8.498266237109998 5.206880784821157
67 8.890000000000001 1.780000000000000
68 4.010000000000000 7.150000000000000
69 6.792627953316254 4.087968830059778
70 8.238993023628558 2.496374480146445
71 5.232961952437657 5.804240638403644
72 6.651307981172792 4.243478717438956
73 5.287299543966504 5.744447018217187
74 5.853161096387471 5.121767400081820
75 7.671177755458260 3.121203986309251
76 5.301466932415293 5.728857084616779
77 5.745295946788611 5.240463271669091
78 6.668481112885831 4.224581234385878
79 7.057126972713543 3.796911507485302
80 4.181826281385824 6.960920669868468
81 0.200000000000000 7.740000000000000
82 1.920000000000000 6.200000000000000
83 1.834558071778572 6.276500331081976
84 0.626734219077467 7.357924013151570
85 0.650361971745589 7.336768932274298
86 7.950000000000000 3.720000000000000
87 5.266644816775916 4.573131946840266
88 6.602108751784684 4.148541510981500
89 4.794745184590689 4.723165253812199
90 5.183785488172685 4.599475809466837
91 4.582901548869502 4.790517714082251
92 4.815022394744701 4.716718423409972
93 6.660929308060149 4.129840410209138
94 7.146125248587844 3.975579744334843
95 8.539999999999999 4.040000000000000
96 8.486948529411764 3.767941176470587
97 2.860000000000000 7.650000000000000
98 1.310000000000000 8.330000000000000
99 5.380000000000000 0.430000000000000
100 5.180000000000000 7.740000000000000
101 5.344648806064682 1.722086138335870
102 5.318099321995502 2.692469781064419
103 5.235781768239962 5.701176370829407
104 5.257769049830311 4.897541228702122
105 5.268146802567257 4.518234366166739
106 5.237316387753094 5.645086027624387
107 5.275746531897056 4.240464259162594
108 5.241650834500246 5.486661999016008
109 5.309431878368695 3.009264845624202
110 5.320201496390863 2.615635306913942
111 5.210220154724524 6.635453344818624
112 9.080000000000000 8.930000000000000
113 5.100000000000000 1.250000000000000
114 7.368272818146101 5.626968654111071
115 5.589725278849474 2.194997523006021
116 7.410379567645488 5.708219869225465
117 6.285813616424205 3.538203159331129
118 6.170453471534181 3.315598658638822
119 6.673382821241071 4.286075393751615
120 5.870424236403690 2.736647772758880
121 5.614088984082169 2.242010903957552
122 7.263342606451873 5.424490255665926
123 7.398248243324634 5.684810680586228
124 8.670000000000000 4.370000000000000
125 6.335157954819148 6.624560943340823
126 7.319552211232864 5.674014053909813
127 6.822289614220440 6.154178796583701
128 7.773705381982958 5.235476464962015
129 7.063036856228109 5.921709396708101
130 7.234851503436152 5.755802416452770
131 1.900000000000000 7.730000000000000
132 1.710000000000000 3.510000000000000
133 1.722204192021636 3.781061528059500
134 1.741352979496444 4.206366176184176
135 1.746248618558389 4.315100896402112
136 1.765005308789140 4.731696858369322
137 1.867370469472148 7.005280953539285
138 1.260000000000000 2.510000000000000
139 2.780000000000000 6.690000000000000
140 1.610867579908676 3.474885844748858
141 1.808165544894744 4.017455248460547
142 1.831211987659762 4.080832966064346
143 1.516074498567335 3.214204871060172
144 1.306644067796610 2.638271186440678
145 2.022404513888889 4.606612413194444
146 2.569879518072289 6.112168674698795
147 3.190000000000000 6.590000000000000
148 4.309164458072040 4.540294307126490
149 3.271149112901682 6.441378590977818
150 4.343345461819082 4.477693142960558
151 4.910204147668775 3.439513752022356
152 3.432535211267604 6.145806298464949
153 3.264795041116371 6.453015823573387
154 3.205958980369176 6.560771755054205
155 5.085782881002088 3.117948206704042
156 5.450497589799411 2.449987560255013
157 3.511054764273409 6.002000824982408
158 4.596948885685775 5.164609874879527
159 4.478212647117495 5.064881308597647
160 5.076500277595518 5.567393164550082
161 6.897427745664740 7.096820809248555
162 6.667454928075982 6.903662767032633
163 5.960183283384310 6.309613402260418
164 1.150000000000000 8.630000000000001
165 8.609999999999999 6.160000000000000
166 2.370000000000000 3.810000000000000
167 4.982084291892887 4.793717641978892
168 4.424565735882288 4.583754724250541
169 4.805036451617022 4.727040971362180
170 5.929385938713338 5.150473871150055
171 6.767441785290984 5.466087851832342
172 3.097715591925350 4.084059557856502
173 3.921215143496845 4.394191600515639
174 7.183467535108911 5.622764215946465
175 7.375019256923045 5.694903085539929
176 8.070000000000000 1.820000000000000
177 7.148837182824916 2.707096144942277
178 4.753744390419843 5.013613020468465
179 3.253157894736840 6.458704453441297
180 6.590389849575407 3.244890840127826
181 6.719986789364594 3.120086686573447
182 3.187364428711664 6.522064729154891
183 3.598133582966866 6.126486741846998
184 6.320000000000000 2.050000000000000
185 9.650000000000000 4.690000000000000
186 6.928273110175128 2.532234537796497
187 6.506959581881533 2.198220209059234
188 6.686119213947874 2.340256674120837
189 2.020000000000000 2.920000000000000
190 0.420000000000000 5.090000000000000
191 0.685042956043039 4.730535490866628
192 1.679080621823174 3.382371906652320
193 1.393074391046741 3.770267857142857
194 5.810000000000000 0.130000000000000
195 2.000000000000000 1.010000000000000
196 2.949371562551470 0.790722578728269
197 3.031320960258220 0.771794633851120
198 2.003836564567321 1.009113864351905
199 0.000000000000000 9.130000000000001
200 3.130000000000000 0.280000000000000
201 2.497762430541708 2.067636578180794
202 2.717686482694852 1.445806590463437
203 1.882797412705370 3.806435430529546
204 1.512089754743955 4.854602450644089
205 2.930139821608065 0.845099865421284
206 0.840000000000000 0.650000000000000
207 0.768722390645301 2.526977046340407
208 1.550000000000000 0.830000000000000
209 2.540913654937499 2.123985650463596
210 3.413858976115450 3.263922226789058
211 4.653917436231495 4.883253886142724
212 3.332329704712861 3.157457140994720
213 5.150222986265605 5.531355016639394
214 2.062794561537048 1.499633323709284
215 1.932864967668314 1.329964625332825
216 3.785833291639565 3.749665282433582
217 4.102708015007639 4.163456477044551
218 3.090000000000000 0.610000000000000
219 2.788998707368002 1.439945311723178
220 1.910109737122267 3.863289656866758
221 1.558820315783154 4.831893498228973
222 3.009860734687070 0.830966517950214
223 3.210000000000000 3.240000000000000
224 5.170000000000000 3.470000000000000
225 4.518622196883314 3.393562808817940
226 4.692267095781949 3.413939506137678
227 5.990000000000000 0.930000000000000
228 7.370000000000000 0.190000000000000
229 7.056072139853950 0.358338127904404
230 3.019205853758379 6.573068106227294
231 6.563629456897849 2.909169550173010
232 6.597489683247826 2.874167967878653
233 3.147939054909465 6.439995583689092
234 7.493589743589744 1.947862287525209
235 3.536483890655616 6.038353731007678
236 5.270000000000000 1.850000000000000
237 9.779999999999999 4.650000000000000
238 9.340000000000000 0.690000000000000
239 5.610000000000000 0.370000000000000
240 8.090000000000000 0.350000000000000
241 6.810000000000000 4.720000000000000
242 6.711797476679186 4.768004707429777
243 3.175227250339841 6.496799582340078
244 3.683403076979132 6.248386088920872
245 1.450000000000000 1.550000000000000
246 4.960658630545545 1.261452715297626
247 1.892233652671510 1.513652028547547
248 7.030000000000000 8.760000000000000
249 6.553857347483561 2.786573995702847
250 6.524540181458329 2.418776821931766
251 6.846587167750743 6.459002649963864
252 6.805407494997271 5.942384937238494
253 8.029999999999999 5.750000000000000
254 6.400641523229764 2.478986001351829
255 6.023397152237528 1.721650132039112
256 7.533639311706713 4.753532505011213
257 7.890906473717625 5.470763184972744
258 4.800000000000000 1.580000000000000
259 3.710000000000000 7.610000000000000
260 1.541996909008951 3.097013973855367
261 1.323273273273273 2.641711711711712
262 2.220865614324946 4.510169237982540
263 2.830987071812777 5.780217986222516
264 3.581730795012736 7.342990634516308
265 1.110000000000000 5.050000000000000
266 2.070000000000000 0.710000000000000
267 2.003789145020926 1.009328240217896
268 0.300000000000000 2.430000000000000
269 8.230000000000000 1.590000000000000
270 4.825658080794076 3.244357168602879
271 6.300000000000000 1.370000000000000
272 3.108830722587165 5.426990399191511
273 7.107600146939150 5.811089900739542
274 4.440000000000000 7.330000000000000
275 3.020000000000000 5.300000000000000
276 4.246923018595254 7.053981498414341
468
0 5
5 6
6 2
2 3
3 7
7 9
9 8
8 4
4 1
10 18
18 14
14 16
16 15
15 13
13 12
12 17
17 11
20 22
22 21
21 19
24 30
30 35
35 32
32 25
25 34
34 27
27 28
28 29
29 33
33 31
31 26
26 23
0 45
45 47
47 39
39 40
40 51
51 42
42 52
52 46
46 41
41 37
37 38
38 48
48 49
49 50
50 44
44 43
43 36
53 25
25 58
58 57
57 55
55 56
56 54
59 65
65 62
62 26
26 61
61 63
63 66
66 64
64 60
68 80
80 71
71 73
73 76
76 77
77 74
74 72
72 78
78 69
69 79
79 75
75 70
70 67
81 84
84 85
85 83
83 82
1 91
91 89
89 92
92 90
90 87
87 88
88 93
93 69
69 94
94 86
36 70
70 96
96 95
98 97
100 27
27 111
111 55
55 71
71 103
103 106
106 108
108 104
104 87
87 105
105 107
107 37
37 109
109 102
102 110
110 101
101 12
12 99
113 13
13 101
101 115
115 121
121 120
120 38
38 118
118 117
117 88
88 72
72 119
119 122
122 114
114 123
123 116
116 61
61 112
100 28
28 125
125 127
127 129
129 130
130 126
126 114
114 128
128 124
132 133
133 134
134 135
135 136
136 39
39 2
2 83
83 137
137 131
138 144
144 143
143 140
140 133
133 141
141 142
142 145
145 40
40 3
3 146
146 139
147 154
154 153
153 149
149 152
152 157
157 4
4 148
148 150
150 41
41 151
151 155
155 102
102 156
156 115
115 20
1 159
159 158
158 160
160 103
103 73
73 56
56 163
163 125
125 29
29 162
162 161
161 62
62 112
24 164
166 172
172 42
42 173
173 148
148 168
168 89
89 169
169 167
167 104
104 74
74 170
170 171
171 174
174 126
126 175
175 116
116 63
63 165
98 30
30 182
182 179
179 149
149 183
183 158
158 178
178 167
167 90
90 105
105 117
117 180
180 181
181 177
177 43
43 176
184 187
187 188
188 186
186 44
44 177
177 75
75 96
96 64
64 185
190 191
191 193
193 140
140 192
192 189
195 198
198 196
196 197
197 194
199 84
84 5
5 45
45 204
204 134
134 141
141 203
203 14
14 201
201 202
202 205
205 196
196 200
0 191
191 207
207 206
208 215
215 214
214 201
201 209
209 15
15 212
212 210
210 216
216 217
217 46
46 150
150 168
168 91
91 211
211 178
178 213
213 106
106 76
76 54
199 85
85 6
6 47
47 221
221 135
135 142
142 220
220 16
16 209
209 219
219 222
222 197
197 218
223 210
210 225
225 226
226 151
151 224
227 229
229 228
131 230
230 233
233 152
152 235
235 159
159 211
211 169
169 92
92 107
107 118
118 48
48 231
231 232
232 186
186 234
234 11
223 212
212 236
238 237
239 229
229 240
176 238
139 230
230 243
243 179
179 153
153 244
244 160
160 213
213 108
108 77
77 170
170 242
242 241
245 247
247 214
214 202
202 219
219 246
246 113
19 187
187 250
250 249
249 231
231 49
49 180
180 93
93 78
78 119
119 242
242 171
171 252
252 127
127 251
251 31
31 161
161 65
65 248
99 17
17 255
255 21
21 254
254 249
249 232
232 50
50 181
181 79
79 94
94 256
256 128
128 257
257 253
258 246
246 99
138 261
261 260
260 192
192 203
203 220
220 262
262 51
51 7
7 263
263 233
233 243
243 182
182 154
154 264
264 32
32 259
265 193
193 143
143 260
260 18
18 247
247 215
215 267
267 198
198 266
268 207
207 144
144 261
261 10
265 204
204 221
221 136
136 145
145 262
262 172
172 216
216 225
225 270
270 155
155 109
109 120
120 254
254 250
250 188
188 234
234 269
24 137
137 146
146 263
263 272
272 8
8 173
173 52
52 217
217 226
226 270
270 110
110 156
156 121
121 22
22 255
255 271
59 162
162 33
33 251
251 129
129 273
273 174
174 122
122 256
256 86
195 267
267 205
205 222
222 239
275 9
9 272
272 157
157 235
235 183
183 244
244 80
80 57
57 276
276 34
34 274
98 35
35 264
264 58
58 276
276 111
111 163
163 252
252 273
273 130
130 175
175 123
123 257
257 66
66 237
605
0 0.400000000000000 8.000000000000000
1 0.700000000000000 7.200000000000000
2 0.800000000000000 3.400000000000000
3 0.800000000000000 3.600000000000000
4 0.800000000000000 5.600000000000000
5 0.800000000000000 2.900000000000000
6 0.800000000000000 3.800000000000000
7 0.800000000000000 4.200000000000000
8 0.900000000000000 5.900000000000000
9 0.900000000000000 4.800000000000000
10 0.900000000000000 6.000000000000000
11 0.900000000000000 3.600000000000000
12 0.900000000000000 6.900000000000000
13 0.900000000000000 5.600000000000000
14 0.900000000000000 3.700000000000000
15 0.900000000000000 6.300000000000000
16 1.000000000000000 6.300000000000000
17 1.000000000000000 6.700000000000000
18 1.000000000000000 4.200000000000000
19 1.000000000000000 4.300000000000000
20 1.100000000000000 6.600000000000000
21 1.100000000000000 3.500000000000000
22 1.100000000000000 5.400000000000000
23 1.200000000000000 7.000000000000000
24 1.200000000000000 5.000000000000000
25 1.200000000000000 7.100000000000000
26 1.200000000000000 4.500000000000000
27 1.200000000000000 2.900000000000000
28 1.200000000000000 3.200000000000000
29 1.200000000000000 6.900000000000000
30 1.200000000000000 7.300000000000000
31 1.200000000000000 5.800000000000000
32 1.200000000000000 6.600000000000000
33 1.300000000000000 3.600000000000000
34 1.300000000000000 4.600000000000000
35 1.300000000000000 6.800000000000000
36 1.300000000000000 6.500000000000000
37 1.400000000000000 3.700000000000000
38 1.400000000000000 3.700000000000000
39 1.400000000000000 4.400000000000000
40 1.400000000000000 4.500000000000000
41 1.400000000000000 8.199999999999999
42 1.400000000000000 6.300000000000000
43 1.400000000000000 5.300000000000000
44 1.500000000000000 2.800000000000000
45 1.500000000000000 6.500000000000000
46 1.500000000000000 6.300000000000000
47 1.500000000000000 6.500000000000000
48 1.500000000000000 4.700000000000000
49 1.600000000000000 3.200000000000000
50 1.600000000000000 3.600000000000000
51 1.600000000000000 4.400000000000000
52 1.600000000000000 3.200000000000000
53 1.700000000000000 3.700000000000000
54 1.700000000000000 2.700000000000000
55 1.700000000000000 7.100000000000000
56 1.700000000000000 6.800000000000000
57 1.700000000000000 4.300000000000000
58 1.700000000000000 6.800000000000000
59 1.700000000000000 4.700000000000000
60 1.700000000000000 6.300000000000000
61 1.700000000000000 7.200000000000000
62 1.700000000000000 4.100000000000000
63 1.800000000000000 6.300000000000000
64 1.800000000000000 3.300000000000000
65 1.800000000000000 3.800000000000000
66 1.800000000000000 7.100000000000000
67 1.800000000000000 2.600000000000000
68 1.800000000000000 3.100000000000000
69 1.900000000000000 2.400000000000000
70 1.900000000000000 3.800000000000000
71 1.900000000000000 6.900000000000000
72 1.900000000000000 2.000000000000000
73 1.900000000000000 7.300000000000000
74 2.000000000000000 5.000000000000000
75 2.000000000000000 6.500000000000000
76 2.000000000000000 1.500000000000000
77 2.000000000000000 7.500000000000000
78 2.000000000000000 1.300000000000000
79 2.000000000000000 4.800000000000000
80 2.100000000000000 7.200000000000000
81 2.100000000000000 3.100000000000000
82 2.100000000000000 5.300000000000000
83 2.100000000000000 7.200000000000000
84 2.200000000000000 3.900000000000000
85 2.200000000000000 6.600000000000000
86 2.200000000000000 3.400000000000000
87 2.200000000000000 4.600000000000000
88 2.200000000000000 2.400000000000000
89 2.200000000000000 7.300000000000000
90 2.200000000000000 7.900000000000000
91 2.200000000000000 5.200000000000000
92 2.300000000000000 5.900000000000000
93 2.300000000000000 2.000000000000000
94 2.300000000000000 1.000000000000000
95 2.300000000000000 4.700000000000000
96 2.300000000000000 1.200000000000000
97 2.300000000000000 2.200000000000000
98 2.300000000000000 7.400000000000000
99 2.300000000000000 2.500000000000000
100 2.400000000000000 6.900000000000000
101 2.400000000000000 6.400000000000000
102 2.400000000000000 7.800000000000000
103 2.400000000000000 1.500000000000000
104 2.400000000000000 2.900000000000000
105 2.400000000000000 4.200000000000000
106 2.500000000000000 7.400000000000000
107 2.500000000000000 5.300000000000000
108 2.500000000000000 7.000000000000000
109 2.500000000000000 5.300000000000000
110 2.500000000000000 1.000000000000000
111 2.500000000000000 5.700000000000000
112 2.500000000000000 3.700000000000000
113 2.500000000000000 4.000000000000000
114 2.500000000000000 6.600000000000000
115 2.600000000000000 3.700000000000000
116 2.600000000000000 6.000000000000000
117 2.600000000000000 2.100000000000000
118 2.600000000000000 3.800000000000000
119 2.600000000000000 7.200000000000000
120 2.600000000000000 1.100000000000000
121 2.700000000000000 5.500000000000000
122 2.700000000000000 1.800000000000000
123 2.700000000000000 1.500000000000000
124 2.700000000000000 1.800000000000000
125 2.700000000000000 5.700000000000000
126 2.700000000000000 5.400000000000000
127 2.700000000000000 3.800000000000000
128 2.700000000000000 4.200000000000000
129 2.800000000000000 3.300000000000000
130 2.800000000000000 5.900000000000000
131 2.800000000000000 3.300000000000000
132 2.800000000000000 7.400000000000000
133 2.800000000000000 0.900000000000000
134 2.800000000000000 3.300000000000000
135 2.900000000000000 1.500000000000000
136 2.900000000000000 6.500000000000000
137 2.900000000000000 6.200000000000000
138 2.900000000000000 6.300000000000000
139 2.900000000000000 7.500000000000000
140 2.900000000000000 1.300000000000000
141 2.900000000000000 4.900000000000000
142 3.000000000000000 3.500000000000000
143 3.000000000000000 7.200000000000000
144 3.000000000000000 2.900000000000000
145 3.000000000000000 1.300000000000000
146 3.000000000000000 1.800000000000000
147 3.000000000000000 1.900000000000000
148 3.000000000000000 5.600000000000000
149 3.100000000000000 5.600000000000000
150 3.100000000000000 7.500000000000000
151 3.100000000000000 3.200000000000000
152 3.200000000000000 4.200000000000000
153 3.300000000000000 5.300000000000000
154 3.300000000000000 5.900000000000000
155 3.300000000000000 5.100000000000000
156 3.300000000000000 6.000000000000000
157 3.300000000000000 5.800000000000000
158 3.300000000000000 5.200000000000000
159 3.300000000000000 2.900000000000000
160 3.300000000000000 5.200000000000000
161 3.300000000000000 4.000000000000000
162 3.300000000000000 6.900000000000000
163 3.300000000000000 1.600000000000000
164 3.300000000000000 6.000000000000000
165 3.300000000000000 6.300000000000000
166 3.400000000000000 2.400000000000000
167 3.400000000000000 5.900000000000000
168 3.400000000000000 5.800000000000000
169 3.400000000000000 2.800000000000000
170 3.500000000000000 2.000000000000000
171 3.500000000000000 6.500000000000000
172 3.500000000000000 1.800000000000000
173 3.500000000000000 1.600000000000000
174 3.500000000000000 6.800000000000000
175 3.500000000000000 4.700000000000000
176 3.500000000000000 2.300000000000000
177 3.500000000000000 7.400000000000000
178 3.600000000000000 3.000000000000000
179 3.600000000000000 2.700000000000000
180 3.600000000000000 1.400000000000000
181 3.600000000000000 1.400000000000000
182 3.700000000000000 2.100000000000000
183 3.700000000000000 3.500000000000000
184 3.700000000000000 5.800000000000000
185 3.700000000000000 5.400000000000000
186 3.700000000000000 2.000000000000000
187 3.700000000000000 3.500000000000000
188 3.700000000000000 6.600000000000000
189 3.700000000000000 4.600000000000000
190 3.700000000000000 6.300000000000000
191 3.700000000000000 6.300000000000000
192 3.700000000000000 4.100000000000000
193 3.700000000000000 6.900000000000000
194 3.700000000000000 5.000000000000000
195 3.700000000000000 7.200000000000000
196 3.800000000000000 3.700000000000000
197 3.800000000000000 6.400000000000000
198 3.800000000000000 7.200000000000000
199 3.800000000000000 6.200000000000000
200 3.800000000000000 2.500000000000000
201 3.800000000000000 1.800000000000000
202 3.900000000000000 6.300000000000000
203 3.900000000000000 4.300000000000000
204 3.900000000000000 5.700000000000000
205 3.900000000000000 3.500000000000000
206 3.900000000000000 6.500000000000000
207 3.900000000000000 5.100000000000000
208 4.000000000000000 5.800000000000000
209 4.000000000000000 4.200000000000000
210 4.000000000000000 5.100000000000000
211 4.000000000000000 3.800000000000000
212 4.000000000000000 3.700000000000000
213 4.000000000000000 4.800000000000000
214 4.100000000000000 5.400000000000000
215 4.100000000000000 7.100000000000000
216 4.100000000000000 6.700000000000000
217 4.100000000000000 4.200000000000000
218 4.100000000000000 3.500000000000000
219 4.100000000000000 1.900000000000000
220 4.200000000000000 2.900000000000000
221 4.200000000000000 3.800000000000000
222 4.200000000000000 6.700000000000000
223 4.200000000000000 2.200000000000000
224 4.200000000000000 2.000000000000000
225 4.200000000000000 5.400000000000000
226 4.200000000000000 2.900000000000000
227 4.300000000000000 5.100000000000000
228 4.300000000000000 2.300000000000000
229 4.300000000000000 2.200000000000000
230 4.300000000000000 5.600000000000000
231 4.400000000000000 6.400000000000000
232 4.400000000000000 4.000000000000000
233 4.400000000000000 5.800000000000000
234 4.400000000000000 6.500000000000000
235 4.400000000000000 4.300000000000000
236 4.400000000000000 1.700000000000000
237 4.500000000000000 3.000000000000000
238 4.500000000000000 4.400000000000000
239 4.500000000000000 1.300000000000000
240 4.500000000000000 2.800000000000000
241 4.600000000000000 5.500000000000000
242 4.600000000000000 3.400000000000000
243 4.600000000000000 2.800000000000000
244 4.600000000000000 3.800000000000000
245 4.600000000000000 6.000000000000000
246 4.600000000000000 4.200000000000000
247 4.600000000000000 2.400000000000000
248 4.700000000000000 6.900000000000000
249 4.700000000000000 5.000000000000000
250 4.700000000000000 2.000000000000000
251 4.700000000000000 6.900000000000000
252 4.700000000000000 2.200000000000000
253 4.800000000000000 6.700000000000000
254 4.800000000000000 4.600000000000000
255 4.800000000000000 5.700000000000000
256 4.800000000000000 3.100000000000000
257 4.800000000000000 3.100000000000000
258 4.900000000000000 6.600000000000000
259 4.900000000000000 5.100000000000000
260 4.900000000000000 1.700000000000000
261 5.000000000000000 1.200000000000000
262 5.000000000000000 3.900000000000000
263 5.000000000000000 3.500000000000000
264 5.000000000000000 5.100000000000000
265 5.100000000000000 2.000000000000000
266 5.100000000000000 4.600000000000000
267 5.100000000000000 5.800000000000000
268 5.100000000000000 6.500000000000000
269 5.200000000000000 1.200000000000000
270 5.200000000000000 7.400000000000000
271 5.200000000000000 6.500000000000000
272 5.200000000000000 2.600000000000000
273 5.200000000000000 1.000000000000000
274 5.200000000000000 2.400000000000000
275 5.200000000000000 5.000000000000000
276 5.200000000000000 3.000000000000000
277 5.200000000000000 1.600000000000000
278 5.300000000000000 4.500000000000000
279 5.300000000000000 6.000000000000000
280 5.300000000000000 3.800000000000000
281 5.300000000000000 7.000000000000000
282 5.300000000000000 2.400000000000000
283 5.300000000000000 6.800000000000000
284 5.300000000000000 1.900000000000000
285 5.300000000000000 6.200000000000000
286 5.300000000000000 4.200000000000000
287 5.300000000000000 1.500000000000000
288 5.400000000000000 2.100000000000000
289 5.400000000000000 0.900000000000000
290 5.400000000000000 1.200000000000000
291 5.400000000000000 2.800000000000000
292 5.500000000000000 3.000000000000000
293 5.500000000000000 5.300000000000000
294 5.500000000000000 2.500000000000000
295 5.500000000000000 1.800000000000000
296 5.500000000000000 6.900000000000000
297 5.600000000000000 1.400000000000000
298 5.600000000000000 5.100000000000000
299 5.600000000000000 4.300000000000000
300 5.600000000000000 1.400000000000000
301 5.600000000000000 2.200000000000000
302 5.600000000000000 1.500000000000000
303 5.600000000000000 3.000000000000000
304 5.600000000000000 5.300000000000000
305 5.600000000000000 6.300000000000000
306 5.600000000000000 3.700000000000000
307 5.600000000000000 6.200000000000000
308 5.700000000000000 1.700000000000000
309 5.700000000000000 8.000000000000000
310 5.700000000000000 8.400000000000000
311 5.700000000000000 1.500000000000000
312 5.700000000000000 9.100000000000000
313 5.700000000000000 2.400000000000000
314 5.700000000000000 2.700000000000000
315 5.700000000000000 6.300000000000000
316 5.700000000000000 1.100000000000000
317 5.800000000000000 5.400000000000000
318 5.800000000000000 5.000000000000000
319 5.800000000000000 1.900000000000000
320 5.800000000000000 5.200000000000000
321 5.800000000000000 6.400000000000000
322 5.800000000000000 3.400000000000000
323 5.800000000000000 4.600000000000000
324 5.800000000000000 7.900000000000000
325 5.900000000000000 7.300000000000000
326 5.900000000000000 6.700000000000000
327 5.900000000000000 5.400000000000000
328 5.900000000000000 6.900000000000000
329 5.900000000000000 7.400000000000000
330 5.900000000000000 6.600000000000000
331 5.900000000000000 8.400000000000000
332 6.000000000000000 4.000000000000000
333 6.000000000000000 8.199999999999999
334 6.000000000000000 5.300000000000000
335 6.000000000000000 3.300000000000000
336 6.000000000000000 7.300000000000000
337 6.000000000000000 1.700000000000000
338 6.000000000000000 5.900000000000000
339 6.000000000000000 4.200000000000000
340 6.000000000000000 8.300000000000001
341 6.000000000000000 4.000000000000000
342 6.000000000000000 4.900000000000000
343 6.000000000000000 2.600000000000000
344 6.000000000000000 7.800000000000000
345 6.100000000000000 6.900000000000000
346 6.100000000000000 1.300000000000000
347 6.100000000000000 8.600000000000000
348 6.100000000000000 7.500000000000000
349 6.100000000000000 3.300000000000000
350 6.100000000000000 5.800000000000000
351 6.100000000000000 6.700000000000000
352 6.100000000000000 4.000000000000000
353 6.100000000000000 2.700000000000000
354 6.200000000000000 8.100000000000000
355 6.200000000000000 7.800000000000000
356 6.200000000000000 8.199999999999999
357 6.200000000000000 6.500000000000000
358 6.200000000000000 8.100000000000000
359 6.200000000000000 2.900000000000000
360 6.200000000000000 1.500000000000000
361 6.300000000000000 2.200000000000000
362 6.300000000000000 3.500000000000000
363 6.300000000000000 7.700000000000000
364 6.300000000000000 2.300000000000000
365 6.300000000000000 2.400000000000000
366 6.300000000000000 6.300000000000000
367 6.300000000000000 7.500000000000000
368 6.400000000000000 5.900000000000000
369 6.400000000000000 5.100000000000000
370 6.400000000000000 6.000000000000000
371 6.400000000000000 3.600000000000000
372 6.400000000000000 5.300000000000000
373 6.400000000000000 4.900000000000000
374 6.500000000000000 3.900000000000000
375 6.500000000000000 4.600000000000000
376 6.500000000000000 4.000000000000000
377 6.500000000000000 5.100000000000000
378 6.500000000000000 5.500000000000000
379 6.500000000000000 7.700000000000000
380 6.600000000000000 6.700000000000000
381 6.600000000000000 5.600000000000000
382 6.600000000000000 6.700000000000000
383 6.600000000000000 4.800000000000000
384 6.600000000000000 3.700000000000000
385 6.600000000000000 3.300000000000000
386 6.600000000000000 7.300000000000000
387 6.700000000000000 5.700000000000000
388 6.700000000000000 5.200000000000000
389 6.700000000000000 1.200000000000000
390 6.700000000000000 6.500000000000000
391 6.700000000000000 3.300000000000000
392 6.700000000000000 4.000000000000000
393 6.700000000000000 1.900000000000000
394 6.700000000000000 7.300000000000000
395 6.700000000000000 4.700000000000000
396 6.700000000000000 4.500000000000000
397 6.700000000000000 5.400000000000000
398 6.800000000000000 2.400000000000000
399 6.800000000000000 7.600000000000000
400 6.800000000000000 5.100000000000000
401 6.800000000000000 2.800000000000000
402 6.800000000000000 3.500000000000000
403 6.800000000000000 5.400000000000000
404 6.800000000000000 6.700000000000000
405 6.900000000000000 2.400000000000000
406 6.900000000000000 4.400000000000000
407 6.900000000000000 2.700000000000000
408 6.900000000000000 7.300000000000000
409 6.900000000000000 6.300000000000000
410 6.900000000000000 1.800000000000000
411 6.900000000000000 1.100000000000000
412 6.900000000000000 3.200000000000000
413 6.900000000000000 2.200000000000000
414 6.900000000000000 5.200000000000000
415 6.900000000000000 6.400000000000000
416 6.900000000000000 4.800000000000000
417 7.000000000000000 7.400000000000000
418 7.000000000000000 7.200000000000000
419 7.000000000000000 6.200000000000000
420 7.000000000000000 5.500000000000000
421 7.000000000000000 3.100000000000000
422 7.100000000000000 6.300000000000000
423 7.100000000000000 4.600000000000000
424 7.100000000000000 7.000000000000000
425 7.100000000000000 1.200000000000000
426 7.100000000000000 6.700000000000000
427 7.100000000000000 5.100000000000000
428 7.100000000000000 5.600000000000000
429 7.200000000000000 3.700000000000000
430 7.200000000000000 3.300000000000000
431 7.200000000000000 7.200000000000000
432 7.200000000000000 6.900000000000000
433 7.200000000000000 3.100000000000000
434 7.300000000000000 2.500000000000000
435 7.300000000000000 2.600000000000000
436 7.300000000000000 6.400000000000000
437 7.300000000000000 0.900000000000000
438 7.300000000000000 6.400000000000000
439 7.300000000000000 6.000000000000000
440 7.400000000000000 7.500000000000000
441 7.400000000000000 7.500000000000000
442 7.400000000000000 6.000000000000000
443 7.400000000000000 6.700000000000000
444 7.400000000000000 1.800000000000000
445 7.400000000000000 0.900000000000000
446 7.400000000000000 5.500000000000000
447 7.500000000000000 3.400000000000000
448 7.500000000000000 5.900000000000000
449 7.500000000000000 1.200000000000000
450 7.500000000000000 4.400000000000000
451 7.500000000000000 3.400000000000000
452 7.500000000000000 6.400000000000000
453 7.500000000000000 7.000000000000000
454 7.500000000000000 4.400000000000000
455 7.500000000000000 4.000000000000000
456 7.500000000000000 6.200000000000000
457 7.500000000000000 4.100000000000000
458 7.600000000000000 4.200000000000000
459 7.600000000000000 5.200000000000000
460 7.600000000000000 1.600000000000000
461 7.600000000000000 1.500000000000000
462 7.600000000000000 7.100000000000000
463 7.600000000000000 0.900000000000000
464 7.600000000000000 5.200000000000000
465 7.600000000000000 3.700000000000000
466 7.600000000000000 5.700000000000000
467 7.700000000000000 5.900000000000000
468 7.700000000000000 2.300000000000000
469 7.700000000000000 7.200000000000000
470 7.700000000000000 6.100000000000000
471 7.700000000000000 3.200000000000000
472 7.700000000000000 7.600000000000000
473 7.700000000000000 0.800000000000000
474 7.700000000000000 6.200000000000000
475 7.800000000000000 3.500000000000000
476 7.800000000000000 7.200000000000000
477 7.800000000000000 7.400000000000000
478 7.800000000000000 2.000000000000000
479 7.800000000000000 2.400000000000000
480 7.800000000000000 5.500000000000000
481 7.800000000000000 1.700000000000000
482 7.800000000000000 7.300000000000000
483 7.900000000000000 6.500000000000000
484 7.900000000000000 4.500000000000000
485 7.900000000000000 7.900000000000000
486 7.900000000000000 2.700000000000000
487 7.900000000000000 4.300000000000000
488 7.900000000000000 2.200000000000000
489 7.900000000000000 1.700000000000000
490 7.900000000000000 2.100000000000000
491 7.900000000000000 5.800000000000000
492 7.900000000000000 7.700000000000000
493 7.900000000000000 3.700000000000000
494 7.900000000000000 5.200000000000000
495 7.900000000000000 6.500000000000000
496 8.000000000000000 4.700000000000000
497 8.000000000000000 0.700000000000000
498 8.000000000000000 3.600000000000000
499 8.000000000000000 5.900000000000000
500 8.000000000000000 1.300000000000000
501 8.000000000000000 3.600000000000000
502 8.000000000000000 4.300000000000000
503 8.000000000000000 1.900000000000000
504 8.000000000000000 6.900000000000000
505 8.000000000000000 4.000000000000000
506 8.000000000000000 2.200000000000000
507 8.000000000000000 2.900000000000000
508 8.100000000000000 2.900000000000000
509 8.100000000000000 7.900000000000000
510 8.100000000000000 3.600000000000000
511 8.100000000000000 5.700000000000000
512 8.100000000000000 5.100000000000000
513 8.199999999999999 7.600000000000000
514 8.199999999999999 6.100000000000000
515 8.199999999999999 6.800000000000000
516 8.199999999999999 7.700000000000000
517 8.199999999999999 8.000000000000000
518 8.300000000000001 2.800000000000000
519 8.300000000000001 4.000000000000000
520 8.300000000000001 0.600000000000000
521 8.300000000000001 3.500000000000000
522 8.300000000000001 4.000000000000000
523 8.300000000000001 4.800000000000000
524 8.300000000000001 7.800000000000000
525 8.300000000000001 4.100000000000000
526 8.400000000000000 7.100000000000000
527 8.400000000000000 2.900000000000000
528 8.400000000000000 4.500000000000000
529 8.400000000000000 5.300000000000000
530 8.400000000000000 2.400000000000000
531 8.400000000000000 6.400000000000000
532 8.400000000000000 5.500000000000000
533 8.400000000000000 6.600000000000000
534 8.400000000000000 8.199999999999999
535 8.400000000000000 6.600000000000000
536 8.400000000000000 5.200000000000000
537 8.400000000000000 5.900000000000000
538 8.400000000000000 1.000000000000000
539 8.500000000000000 5.700000000000000
540 8.500000000000000 8.000000000000000
541 8.500000000000000 2.400000000000000
542 8.500000000000000 6.600000000000000
543 8.500000000000000 3.900000000000000
544 8.500000000000000 6.900000000000000
545 8.500000000000000 5.800000000000000
546 8.500000000000000 7.200000000000000
547 8.600000000000000 6.700000000000000
548 8.600000000000000 6.000000000000000
549 8.600000000000000 8.199999999999999
550 8.600000000000000 3.900000000000000
551 8.699999999999999 1.000000000000000
552 8.699999999999999 1.700000000000000
553 8.699999999999999 6.900000000000000
554 8.699999999999999 2.900000000000000
555 8.699999999999999 5.200000000000000
556 8.699999999999999 5.200000000000000
557 8.800000000000001 4.200000000000000
558 8.800000000000001 5.200000000000000
559 8.800000000000001 1.200000000000000
560 8.800000000000001 4.300000000000000
561 8.800000000000001 1.200000000000000
562 8.800000000000001 5.000000000000000
563 8.800000000000001 7.100000000000000
564 8.900000000000000 7.200000000000000
565 8.900000000000000 6.900000000000000
566 8.900000000000000 4.800000000000000
567 8.900000000000000 5.500000000000000
568 8.900000000000000 4.300000000000000
569 8.900000000000000 0.900000000000000
570 8.900000000000000 7.200000000000000
571 8.900000000000000 8.000000000000000
572 8.900000000000000 2.300000000000000
573 8.900000000000000 1.400000000000000
574 8.900000000000000 2.600000000000000
575 9.000000000000000 2.100000000000000
576 9.000000000000000 6.800000000000000
577 9.000000000000000 8.600000000000000
578 9.000000000000000 3.000000000000000
579 9.000000000000000 5.400000000000000
580 9.000000000000000 8.800000000000001
581 9.000000000000000 4.400000000000000
582 9.000000000000000 1.400000000000000
583 9.000000000000000 7.400000000000000
584 9.100000000000000 1.800000000000000
585 9.199999999999999 4.800000000000000
586 9.199999999999999 2.800000000000000
587 9.199999999999999 4.000000000000000
588 9.199999999999999 4.700000000000000
589 9.199999999999999 3.600000000000000
590 9.199999999999999 4.000000000000000
591 9.199999999999999 0.900000000000000
592 9.199999999999999 2.700000000000000
593 9.300000000000001 1.600000000000000
594 9.300000000000001 4.200000000000000
595 9.300000000000001 3.000000000000000
596 9.400000000000000 1.800000000000000
597 9.400000000000000 2.400000000000000
598 9.500000000000000 4.000000000000000
599 9.500000000000000 4.500000000000000
600 9.500000000000000 3.000000000000000
601 9.600000000000000 3.300000000000000
602 9.600000000000000 3.900000000000000
603 9.600000000000000 4.500000000000000
604 9.699999999999999 4.100000000000000
