272
0 4.930000000000000 4.060000000000000
1 9.080000000000000 7.440000000000000
2 6.813682055795594 5.594179602069665
3 8.365938945420906 6.858427382053653
4 6.574298529322023 5.399211814242998
5 5.930559063477872 4.874913164953062
6 7.433896671905966 6.099318253263172
7 8.541651545984795 7.001537885645448
8 7.575507351853139 6.214654180545448
9 7.853581848830938 6.441134132300862
10 6.268635697830805 5.150262327389909
11 7.358003330274208 6.037506326825741
12 2.360000000000000 8.109999999999999
13 8.910000000000000 4.410000000000000
14 8.698659549228944 4.529383155397390
15 6.510821797192193 5.765260969525022
16 3.219480829581116 7.624491745122118
17 4.433780688212738 6.938551366963797
18 3.439077028117438 7.500445037551981
19 3.938876239356118 7.218115712119444
20 5.390796676037705 6.397946915826029
21 4.571310090237899 6.860863002461034
22 5.600794515219294 6.279322182242536
23 3.499376576651089 7.466382697158926
24 7.719577270917469 5.082452533985553
25 3.013047415490184 7.741102986669667
26 5.681237664765601 6.233881013796530
27 6.094723337406180 6.000308954442310
28 4.087706579954093 7.134043611323642
29 5.816894949744750 6.157250181060218
30 6.410000000000000 3.550000000000000
31 8.724814814814813 4.346296296296297
32 6.867669648701724 3.707438359153393
33 7.851480001272116 4.045869120437608
34 9.180000000000000 1.160000000000000
35 8.020000000000000 9.279999999999999
36 8.166556200888280 8.254106593782030
37 8.297102783256628 7.340280517203595
38 8.261128064460825 7.592103548774216
39 9.071240875912409 1.921313868613139
40 8.181749663526244 8.147752355316285
41 8.677741935483871 4.675806451612904
42 8.342876737720111 7.019862835959222
43 8.448371715861175 6.281397988971780
44 8.722401471361009 4.363189700472938
45 8.478500080554213 6.070499436120508
46 8.172718481375357 8.210970630372492
47 8.910697340043134 3.045118619698059
48 8.330000000000000 1.850000000000000
49 7.690000000000000 3.740000000000000
50 8.244900740908319 2.101308749505118
51 8.011041407007340 2.791924594931450
52 6.210000000000000 7.500000000000000
53 7.410000000000000 0.580000000000000
54 6.347325521130720 6.708089494812850
55 7.103058942484981 2.350026765003271
56 6.218990459763919 7.448155015361397
57 6.897409228019216 3.535940118422522
58 6.259962016652501 7.211885703970576
59 6.322305411415863 6.852372127501853
60 7.210254529121126 1.731865548734840
61 6.835597593794523 3.892387209118252
62 6.663705649397882 4.883630755138878
63 6.468155256970542 6.011304684803210
64 6.919885973278416 3.406324220761135
65 6.800899267619162 4.092480890062832
66 6.319345734718202 6.869439596458369
67 7.405968280467446 0.603249582637730
68 3.960000000000000 7.640000000000000
69 2.050000000000000 7.600000000000000
70 3.286493926599546 7.625895160766483
71 3.430781046396842 7.628916880552813
72 2.621119333663611 7.611960614317562
73 2.560000000000000 4.640000000000000
74 0.150000000000000 8.510000000000000
75 1.672199694762572 6.065637834551388
76 1.349630535994717 6.583622334315537
77 0.916119446731895 7.279758398816417
78 0.609673996309064 7.771851300532747
79 0.327316589278176 8.225263402279444
80 1.791783802268475 5.873608583079253
81 2.144358368270266 5.307441126470568
82 0.990000000000000 5.850000000000000
83 4.208941186412034 6.867481409498057
84 5.376066240042563 7.236400248289316
85 5.515605681019411 7.280507542850963
86 1.982165987731618 6.163615685777235
87 5.153870192307693 7.166165865384615
88 2.747883185840708 6.405652731156545
89 3.878829383546933 6.763135724684375
90 2.107489038217056 6.203229293689299
91 3.188159200296187 6.544820436875231
92 1.469031929347826 6.001418138586956
93 1.502700771649042 6.012060588739640
94 0.630000000000000 9.810000000000000
95 5.410000000000000 5.880000000000000
96 3.818382970877367 7.188588896328859
97 4.952771042340983 6.255922553054379
98 1.887694753577108 8.775953895071542
99 4.324144215391645 6.772764274793062
100 3.478123456518310 7.468342011691012
101 3.211042244224423 7.687929702970296
102 5.292403970543640 5.976684601624163
103 3.974731813206182 7.060042672405796
104 2.174944661284288 8.539783991872961
105 9.170000000000000 8.500000000000000
106 1.090000000000000 6.520000000000000
107 6.670639817425158 7.887533024567056
108 4.554907383912712 7.369073839127125
109 1.537126930168242 6.629568232887761
110 7.341712217795485 8.051978984063744
111 4.473033440663341 7.349010669865521
112 2.158953523374623 6.781946531718038
113 3.400252123171636 7.086126139094040
114 2.084421603529363 6.763682521656948
115 4.381733502069657 7.326637665111129
116 7.114316346097971 7.996255738276483
117 9.900000000000000 7.860000000000000
118 3.670000000000000 5.840000000000000
119 8.777784968139752 7.496135736058154
120 5.560054512641329 6.452826663809869
121 6.779515112508955 6.848221593461973
122 7.537791410437373 7.094083250254172
123 7.466541780291805 7.070981444011147
124 6.579383664902894 6.783331461172367
125 4.734995636594427 6.185311586825160
126 5.805974677241527 6.532563217982004
127 3.971611476986828 5.937793769424300
128 6.163451852550329 6.648470745128678
129 0.520000000000000 9.029999999999999
130 7.184108373333334 7.792157440000000
131 7.379389534306425 7.755884420613643
132 5.554533374592715 8.094847188597848
133 6.905919326804051 7.843830405418406
134 6.995094094917203 7.827266400593651
135 1.600631359092943 8.829275249888109
136 2.890000000000000 3.230000000000000
137 3.840000000000000 2.030000000000000
138 3.006209687461088 3.083208815838625
139 3.062329478635829 3.012320658565268
140 3.815319988310929 2.061174751607247
141 5.470000000000000 7.120000000000000
142 5.859540034071549 7.320034071550255
143 5.741935096840541 7.259642347026224
144 3.660000000000000 3.100000000000000
145 9.720000000000001 1.780000000000000
146 6.492174852992044 2.483090626080941
147 4.077346667930610 3.009092805005214
148 5.236196664646600 2.756670033443315
149 5.358844592981619 2.729954643112915
150 8.654952474114541 2.011990550192872
151 2.100000000000000 5.980000000000000
152 5.395283680783402 7.154556559487154
153 6.246678149967016 7.458023895037748
154 5.700757884028484 7.263438453713123
155 2.142926573751143 5.995300560941001
156 7.366501342765442 7.857168795441147
157 5.310123828300647 7.124202552661616
158 2.943510885136088 6.280657345197022
159 4.023397202907711 6.665567319848293
160 6.182989258813565 7.435322904131568
161 2.116435711310763 5.985858273338490
162 2.595493773530267 6.156611642050392
163 6.898505200975984 7.690358289456787
164 7.040000000000000 0.150000000000000
165 5.340000000000000 7.390000000000000
166 5.362393005112038 7.294632142934613
167 5.408622256841400 7.097749917922506
168 6.607081863643480 1.993721945424238
169 6.198585133086462 3.733437433208241
170 5.790066192959230 5.473247507632453
171 5.636575442467109 6.126937527375370
172 5.669250347981706 5.987780870948498
173 6.334907578703740 3.152864194226424
174 6.117066994010374 4.080608801979347
175 5.676263203430278 5.957914357155761
176 6.926606153640793 0.632924380965094
177 6.479429309249220 7.191653123859227
178 7.616822678706336 5.889969601036082
179 6.914963438954133 6.693208508752493
180 7.484648672405107 6.041235408247490
181 6.516630988381347 7.149077868852459
182 7.450000000000000 3.520000000000000
183 7.198959660297239 3.527241548260657
184 4.200000000000000 2.480000000000000
185 3.690000000000000 4.680000000000000
186 3.783204336985096 4.277942075750566
187 3.818535972817255 4.125531097651056
188 4.034604071009404 3.193472634861394
189 3.958266451137023 3.522772171565781
190 9.859999999999999 6.880000000000000
191 7.462721494375842 7.101003908328988
192 4.316480891467339 7.391054258405060
193 2.732001392556153 7.537126632184323
194 6.095989446782780 7.227002253305557
195 4.459892096559362 7.377833251021416
196 6.542561774146483 7.185832973446162
197 5.510000000000000 2.470000000000000
198 0.190000000000000 8.039999999999999
199 5.309659923667649 2.679754553603608
200 3.868069375735015 4.189089018262399
201 4.668036767122229 3.351529174272404
202 0.264325268305074 7.962182002921191
203 2.246372010607856 5.886993966337263
204 3.607797056568268 4.461592179495253
205 2.114836608744344 6.024710543100376
206 2.222320921327398 5.912175275978645
207 5.290143728283772 2.700187863432215
208 4.190321187905421 3.851693793865941
209 7.160000000000000 9.480000000000000
210 8.080000000000000 2.250000000000000
211 7.535829628100982 6.526469335684670
212 7.839146228426539 4.142796487474051
213 7.597152938275689 6.044548104637789
214 7.351756785466755 7.973041783777571
215 7.312972339579235 8.277836940045797
216 9.310000000000000 6.050000000000000
217 2.044264422970611 8.001278331822302
218 0.380660810771765 8.448053974399723
219 5.978135695212305 6.944801985783595
220 9.159052332865901 6.090538347287105
221 4.432505910165485 7.359894700981759
222 6.309694064252447 6.855759017678928
223 8.850000000000000 1.020000000000000
224 5.990000000000000 1.220000000000000
225 5.120000000000000 4.890000000000000
226 4.648904633850184 5.191004138614994
227 0.270623420387531 7.988486049853807
228 3.501771634194037 5.923959300667095
229 2.081636599206740 6.831347811865875
230 2.863205051853372 6.331968374576444
231 4.984105842801360 4.976828923970734
232 5.310000000000000 2.680000000000000
233 4.160000000000000 1.850000000000000
234 1.710000000000000 1.420000000000000
235 5.030000000000000 5.680000000000000
236 3.166345421374388 3.288684185257497
237 2.274545081859970 2.144386159254058
238 7.782389407544961 4.128634309311219
239 7.700060678574482 4.108091331225252
240 7.810000000000000 4.110000000000000
241 5.457354457004390 5.697793699799506
242 5.054499305233904 5.969679481241315
243 3.702812069291680 6.881929303029484
244 5.481331300354569 5.681611797291566
245 0.180000000000000 7.610000000000000
246 5.577329865702525 5.985074265581275
247 5.406009389671362 5.574848171598398
248 9.820000000000000 6.110000000000000
249 2.120657177342874 5.883292283817570
250 2.180935918922338 5.885067195800658
251 1.576530757453277 5.867270441329315
252 9.668285119382478 6.105532744172078
253 5.697929852271323 5.988625341063482
254 1.619319093045763 5.868530347020600
255 2.320000000000000 1.040000000000000
256 2.487868347281197 1.486015170878509
257 1.870000000000000 5.560000000000000
258 1.867826575268193 5.503762635064483
259 4.220000000000000 1.100000000000000
260 5.309277818717760 0.733044706460329
261 2.122168479458626 5.846573239820060
262 2.304905483819394 1.406740837573238
263 2.150812712259214 5.150624472516863
264 6.570000000000000 8.760000000000000
265 1.990000000000000 5.760000000000000
266 1.320000000000000 0.980000000000000
267 7.032703055794538 7.880574514864735
268 8.600000000000000 1.790000000000000
269 0.270000000000000 9.500000000000000
270 4.960000000000000 8.170000000000000
271 9.720000000000001 0.460000000000000
474
0 5
5 10
10 4
4 2
2 11
11 6
6 8
8 9
9 3
3 7
7 1
12 25
25 16
16 18
18 23
23 19
19 28
28 17
17 21
21 20
20 22
22 26
26 29
29 27
27 15
15 2
2 24
24 14
14 13
30 32
32 33
33 31
31 13
35 36
36 46
46 40
40 38
38 37
37 42
42 3
3 43
43 45
45 41
41 14
14 44
44 31
31 47
47 39
39 34
49 51
51 50
50 48
52 56
56 58
58 66
66 59
59 54
54 63
63 15
15 4
4 62
62 65
65 61
61 32
32 57
57 64
64 55
55 60
60 67
67 53
69 72
72 16
16 70
70 71
71 68
74 79
79 78
78 77
77 76
76 75
75 80
80 81
81 73
82 92
92 93
93 75
75 86
86 90
90 88
88 91
91 89
89 83
83 17
17 87
87 84
84 85
85 52
94 98
98 104
104 101
101 70
70 18
18 100
100 96
96 103
103 83
83 99
99 97
97 102
102 95
106 76
76 109
109 114
114 112
112 113
113 96
96 19
19 115
115 111
111 108
108 107
107 116
116 110
110 36
36 105
118 127
127 125
125 97
97 20
20 120
120 126
126 128
128 54
54 124
124 121
121 123
123 122
122 37
37 119
119 117
129 135
135 98
98 132
132 107
107 133
133 134
134 130
130 131
131 38
38 119
119 1
136 138
138 139
139 140
140 137
141 143
143 142
142 52
144 147
147 148
148 149
149 146
146 55
55 50
50 150
150 39
39 145
151 161
161 155
155 162
162 158
158 159
159 99
99 21
21 157
157 152
152 154
154 142
142 160
160 56
56 153
153 163
163 130
130 156
156 40
40 105
165 166
166 84
84 152
152 167
167 120
120 22
22 171
171 172
172 175
175 170
170 5
5 174
174 169
169 173
173 146
146 168
168 176
176 164
52 153
153 177
177 181
181 121
121 179
179 6
6 180
180 178
178 41
41 13
30 57
57 183
183 182
185 186
186 187
187 189
189 188
188 147
147 184
69 193
193 100
100 23
23 192
192 195
195 108
108 166
166 85
85 154
154 143
143 194
194 58
58 177
177 196
196 191
191 122
122 42
42 7
7 190
198 202
202 77
77 109
109 86
86 205
205 155
155 206
206 203
203 204
204 186
186 200
200 208
208 201
201 148
148 207
207 199
199 197
209 215
215 110
110 214
214 156
156 131
131 191
191 123
123 211
211 8
8 213
213 178
178 24
24 212
212 33
33 51
51 210
74 218
218 217
217 25
25 101
101 71
71 192
192 221
221 111
111 87
87 157
157 167
167 219
219 222
222 59
59 124
124 179
179 211
211 9
9 43
43 220
220 216
197 168
168 60
60 223
197 224
198 227
227 78
78 229
229 112
112 88
88 230
230 158
158 228
228 226
226 231
231 225
233 199
199 232
234 237
237 138
138 236
236 187
187 200
200 226
226 235
144 188
188 201
201 169
169 61
61 239
239 238
238 212
212 44
44 13
129 217
217 72
72 193
193 113
113 243
243 89
89 159
159 125
125 242
242 241
241 244
244 170
170 10
10 62
62 238
238 240
245 202
202 227
227 79
79 218
218 129
225 247
247 241
241 246
246 171
171 26
26 126
126 219
219 194
194 160
160 52
82 251
251 254
254 80
80 249
249 250
250 203
203 228
228 127
127 242
242 102
102 246
246 172
172 253
253 27
27 63
63 11
11 180
180 213
213 45
45 220
220 252
252 248
255 256
256 139
139 236
236 204
204 185
234 258
258 257
259 260
260 164
69 229
229 114
114 90
90 205
205 161
161 249
249 261
261 81
81 263
263 237
237 262
262 255
265 261
261 250
250 206
206 162
162 230
230 91
91 243
243 103
103 28
28 115
115 221
221 195
195 132
132 264
266 262
262 256
256 140
140 207
207 149
149 173
173 64
64 183
183 49
165 133
133 267
267 214
214 46
46 105
245 92
92 251
251 258
258 263
263 73
268 150
150 47
47 252
252 190
0 174
174 65
65 239
239 240
144 189
189 208
208 231
231 247
247 244
244 175
175 253
253 29
29 128
128 222
222 66
66 181
181 196
196 163
163 134
134 267
267 116
116 215
215 35
269 135
135 104
104 68
68 270
266 260
260 176
176 67
67 271
106 93
93 254
254 257
638
0 0.300000000000000 8.400000000000000
1 0.400000000000000 8.500000000000000
2 0.500000000000000 7.600000000000000
3 0.500000000000000 8.400000000000000
4 0.500000000000000 7.800000000000000
5 0.600000000000000 7.900000000000000
6 0.600000000000000 8.900000000000000
7 0.600000000000000 7.600000000000000
8 0.600000000000000 7.300000000000000
9 0.700000000000000 8.600000000000000
10 0.700000000000000 8.300000000000001
11 0.700000000000000 8.699999999999999
12 0.900000000000000 7.500000000000000
13 0.900000000000000 8.100000000000000
14 0.900000000000000 8.100000000000000
15 0.900000000000000 7.800000000000000
16 0.900000000000000 8.699999999999999
17 1.000000000000000 8.600000000000000
18 1.000000000000000 6.300000000000000
19 1.000000000000000 6.900000000000000
20 1.000000000000000 6.300000000000000
21 1.100000000000000 8.500000000000000
22 1.100000000000000 8.000000000000000
23 1.200000000000000 8.400000000000000
24 1.200000000000000 8.600000000000000
25 1.200000000000000 8.500000000000000
26 1.200000000000000 8.000000000000000
27 1.200000000000000 8.800000000000001
28 1.300000000000000 6.600000000000000
29 1.300000000000000 7.400000000000000
30 1.300000000000000 5.900000000000000
31 1.300000000000000 6.900000000000000
32 1.400000000000000 8.300000000000001
33 1.400000000000000 1.000000000000000
34 1.400000000000000 6.600000000000000
35 1.400000000000000 1.200000000000000
36 1.400000000000000 8.699999999999999
37 1.400000000000000 8.699999999999999
38 1.400000000000000 8.800000000000001
39 1.400000000000000 8.600000000000000
40 1.400000000000000 8.300000000000001
41 1.500000000000000 2.300000000000000
42 1.500000000000000 8.300000000000001
43 1.500000000000000 5.000000000000000
44 1.500000000000000 1.900000000000000
45 1.500000000000000 7.900000000000000
46 1.600000000000000 7.400000000000000
47 1.600000000000000 1.400000000000000
48 1.600000000000000 5.100000000000000
49 1.600000000000000 3.100000000000000
50 1.600000000000000 7.100000000000000
51 1.600000000000000 5.100000000000000
52 1.600000000000000 3.900000000000000
53 1.600000000000000 7.900000000000000
54 1.700000000000000 2.600000000000000
55 1.700000000000000 4.400000000000000
56 1.700000000000000 5.400000000000000
57 1.700000000000000 8.699999999999999
58 1.700000000000000 2.700000000000000
59 1.700000000000000 4.500000000000000
60 1.700000000000000 2.700000000000000
61 1.700000000000000 5.300000000000000
62 1.800000000000000 5.700000000000000
63 1.800000000000000 4.500000000000000
64 1.800000000000000 4.700000000000000
65 1.800000000000000 6.700000000000000
66 1.800000000000000 7.500000000000000
67 1.800000000000000 3.400000000000000
68 1.800000000000000 1.700000000000000
69 1.800000000000000 1.700000000000000
70 1.900000000000000 5.400000000000000
71 1.900000000000000 6.400000000000000
72 1.900000000000000 2.500000000000000
73 1.900000000000000 1.400000000000000
74 1.900000000000000 2.800000000000000
75 2.000000000000000 1.300000000000000
76 2.000000000000000 5.900000000000000
77 2.000000000000000 8.699999999999999
78 2.000000000000000 6.400000000000000
79 2.000000000000000 6.000000000000000
80 2.000000000000000 5.900000000000000
81 2.000000000000000 3.500000000000000
82 2.000000000000000 1.400000000000000
83 2.000000000000000 7.200000000000000
84 2.000000000000000 6.900000000000000
85 2.000000000000000 1.600000000000000
86 2.000000000000000 8.100000000000000
87 2.000000000000000 6.600000000000000
88 2.100000000000000 1.600000000000000
89 2.100000000000000 5.700000000000000
90 2.100000000000000 8.699999999999999
91 2.100000000000000 6.800000000000000
92 2.100000000000000 1.500000000000000
93 2.100000000000000 2.800000000000000
94 2.100000000000000 8.300000000000001
95 2.100000000000000 4.800000000000000
96 2.200000000000000 5.900000000000000
97 2.200000000000000 7.600000000000000
98 2.200000000000000 8.699999999999999
99 2.200000000000000 6.300000000000000
100 2.200000000000000 4.500000000000000
101 2.200000000000000 6.100000000000000
102 2.300000000000000 2.700000000000000
103 2.300000000000000 4.500000000000000
104 2.300000000000000 1.100000000000000
105 2.300000000000000 5.600000000000000
106 2.300000000000000 2.700000000000000
107 2.300000000000000 3.100000000000000
108 2.300000000000000 4.600000000000000
109 2.300000000000000 1.300000000000000
110 2.400000000000000 3.900000000000000
111 2.400000000000000 8.100000000000000
112 2.400000000000000 4.600000000000000
113 2.400000000000000 4.000000000000000
114 2.400000000000000 4.600000000000000
115 2.400000000000000 3.000000000000000
116 2.400000000000000 2.900000000000000
117 2.400000000000000 4.000000000000000
118 2.500000000000000 1.600000000000000
119 2.500000000000000 4.900000000000000
120 2.500000000000000 3.100000000000000
121 2.500000000000000 3.300000000000000
122 2.500000000000000 1.000000000000000
123 2.500000000000000 5.200000000000000
124 2.600000000000000 4.100000000000000
125 2.600000000000000 4.800000000000000
126 2.600000000000000 6.600000000000000
127 2.600000000000000 1.000000000000000
128 2.600000000000000 6.900000000000000
129 2.600000000000000 1.000000000000000
130 2.600000000000000 4.200000000000000
131 2.600000000000000 3.400000000000000
132 2.700000000000000 1.700000000000000
133 2.700000000000000 4.800000000000000
134 2.700000000000000 7.700000000000000
135 2.700000000000000 7.300000000000000
136 2.700000000000000 8.400000000000000
137 2.700000000000000 5.800000000000000
138 2.700000000000000 0.900000000000000
139 2.800000000000000 4.900000000000000
140 2.800000000000000 7.800000000000000
141 2.800000000000000 2.800000000000000
142 2.800000000000000 6.400000000000000
143 2.800000000000000 5.900000000000000
144 2.800000000000000 1.600000000000000
145 2.800000000000000 1.300000000000000
146 2.800000000000000 4.900000000000000
147 2.900000000000000 3.300000000000000
148 2.900000000000000 3.000000000000000
149 2.900000000000000 5.700000000000000
150 2.900000000000000 0.900000000000000
151 2.900000000000000 5.000000000000000
152 2.900000000000000 5.900000000000000
153 2.900000000000000 2.800000000000000
154 3.000000000000000 5.900000000000000
155 3.000000000000000 0.900000000000000
156 3.000000000000000 8.000000000000000
157 3.000000000000000 5.100000000000000
158 3.000000000000000 6.900000000000000
159 3.100000000000000 4.300000000000000
160 3.100000000000000 0.900000000000000
161 3.100000000000000 4.700000000000000
162 3.100000000000000 4.800000000000000
163 3.100000000000000 5.800000000000000
164 3.100000000000000 3.900000000000000
165 3.100000000000000 4.400000000000000
166 3.100000000000000 5.800000000000000
167 3.100000000000000 5.600000000000000
168 3.100000000000000 8.500000000000000
169 3.100000000000000 6.800000000000000
170 3.200000000000000 3.200000000000000
171 3.200000000000000 8.000000000000000
172 3.200000000000000 6.400000000000000
173 3.200000000000000 5.700000000000000
174 3.200000000000000 6.500000000000000
175 3.200000000000000 6.000000000000000
176 3.200000000000000 2.400000000000000
177 3.300000000000000 4.400000000000000
178 3.300000000000000 3.800000000000000
179 3.300000000000000 4.600000000000000
180 3.300000000000000 7.200000000000000
181 3.300000000000000 6.600000000000000
182 3.300000000000000 7.200000000000000
183 3.300000000000000 4.300000000000000
184 3.300000000000000 4.000000000000000
185 3.400000000000000 5.000000000000000
186 3.400000000000000 4.800000000000000
187 3.400000000000000 1.500000000000000
188 3.400000000000000 6.200000000000000
189 3.400000000000000 6.800000000000000
190 3.400000000000000 8.300000000000001
191 3.400000000000000 4.100000000000000
192 3.400000000000000 2.800000000000000
193 3.400000000000000 4.700000000000000
194 3.500000000000000 1.300000000000000
195 3.500000000000000 4.400000000000000
196 3.500000000000000 5.100000000000000
197 3.500000000000000 2.200000000000000
198 3.500000000000000 5.600000000000000
199 3.500000000000000 6.800000000000000
200 3.500000000000000 6.000000000000000
201 3.500000000000000 3.300000000000000
202 3.600000000000000 5.700000000000000
203 3.600000000000000 1.000000000000000
204 3.600000000000000 7.900000000000000
205 3.600000000000000 3.000000000000000
206 3.600000000000000 8.199999999999999
207 3.600000000000000 7.300000000000000
208 3.600000000000000 4.200000000000000
209 3.600000000000000 0.900000000000000
210 3.600000000000000 2.500000000000000
211 3.600000000000000 5.600000000000000
212 3.700000000000000 6.100000000000000
213 3.700000000000000 4.800000000000000
214 3.700000000000000 2.400000000000000
215 3.700000000000000 6.400000000000000
216 3.700000000000000 8.400000000000000
217 3.700000000000000 2.100000000000000
218 3.800000000000000 6.000000000000000
219 3.800000000000000 2.200000000000000
220 3.800000000000000 5.100000000000000
221 3.800000000000000 3.900000000000000
222 3.800000000000000 2.400000000000000
223 3.800000000000000 8.100000000000000
224 3.800000000000000 3.300000000000000
225 3.900000000000000 4.700000000000000
226 3.900000000000000 4.300000000000000
227 3.900000000000000 4.200000000000000
228 3.900000000000000 3.500000000000000
229 3.900000000000000 5.700000000000000
230 4.000000000000000 2.200000000000000
231 4.000000000000000 4.600000000000000
232 4.000000000000000 5.600000000000000
233 4.000000000000000 6.300000000000000
234 4.000000000000000 8.100000000000000
235 4.000000000000000 5.100000000000000
236 4.100000000000000 2.600000000000000
237 4.100000000000000 2.700000000000000
238 4.100000000000000 1.500000000000000
239 4.100000000000000 2.900000000000000
240 4.100000000000000 6.800000000000000
241 4.100000000000000 2.400000000000000
242 4.100000000000000 5.100000000000000
243 4.200000000000000 4.900000000000000
244 4.200000000000000 4.000000000000000
245 4.200000000000000 5.000000000000000
246 4.200000000000000 2.700000000000000
247 4.200000000000000 1.100000000000000
248 4.200000000000000 5.900000000000000
249 4.200000000000000 7.300000000000000
250 4.200000000000000 4.900000000000000
251 4.200000000000000 4.100000000000000
252 4.200000000000000 1.300000000000000
253 4.300000000000000 7.600000000000000
254 4.300000000000000 6.000000000000000
255 4.300000000000000 2.000000000000000
256 4.300000000000000 8.100000000000000
257 4.300000000000000 4.900000000000000
258 4.400000000000000 8.199999999999999
259 4.400000000000000 5.400000000000000
260 4.400000000000000 5.600000000000000
261 4.400000000000000 4.000000000000000
262 4.400000000000000 6.600000000000000
263 4.400000000000000 7.400000000000000
264 4.400000000000000 2.000000000000000
265 4.400000000000000 7.000000000000000
266 4.400000000000000 5.700000000000000
267 4.400000000000000 4.300000000000000
268 4.400000000000000 5.400000000000000
269 4.400000000000000 1.500000000000000
270 4.400000000000000 0.800000000000000
271 4.400000000000000 5.200000000000000
272 4.500000000000000 7.700000000000000
273 4.500000000000000 4.000000000000000
274 4.500000000000000 2.000000000000000
275 4.500000000000000 5.500000000000000
276 4.500000000000000 6.800000000000000
277 4.500000000000000 2.700000000000000
278 4.500000000000000 3.900000000000000
279 4.500000000000000 5.900000000000000
280 4.500000000000000 5.000000000000000
281 4.600000000000000 4.100000000000000
282 4.600000000000000 5.000000000000000
283 4.600000000000000 7.600000000000000
284 4.600000000000000 6.400000000000000
285 4.600000000000000 7.400000000000000
286 4.600000000000000 5.100000000000000
287 4.600000000000000 3.200000000000000
288 4.600000000000000 6.600000000000000
289 4.700000000000000 3.200000000000000
290 4.700000000000000 7.100000000000000
291 4.700000000000000 6.800000000000000
292 4.700000000000000 4.500000000000000
293 4.700000000000000 4.500000000000000
294 4.700000000000000 5.000000000000000
295 4.800000000000000 1.900000000000000
296 4.800000000000000 2.700000000000000
297 4.800000000000000 6.800000000000000
298 4.800000000000000 5.200000000000000
299 4.800000000000000 8.000000000000000
300 4.800000000000000 6.400000000000000
301 4.800000000000000 2.700000000000000
302 4.900000000000000 7.300000000000000
303 4.900000000000000 6.700000000000000
304 4.900000000000000 7.200000000000000
305 4.900000000000000 0.900000000000000
306 4.900000000000000 5.500000000000000
307 4.900000000000000 1.700000000000000
308 4.900000000000000 1.200000000000000
309 4.900000000000000 3.700000000000000
310 4.900000000000000 5.500000000000000
311 5.000000000000000 5.200000000000000
312 5.000000000000000 7.500000000000000
313 5.000000000000000 2.400000000000000
314 5.000000000000000 2.200000000000000
315 5.000000000000000 4.900000000000000
316 5.000000000000000 4.600000000000000
317 5.000000000000000 1.200000000000000
318 5.000000000000000 7.200000000000000
319 5.000000000000000 3.200000000000000
320 5.000000000000000 1.400000000000000
321 5.100000000000000 4.900000000000000
322 5.100000000000000 6.100000000000000
323 5.100000000000000 3.900000000000000
324 5.100000000000000 1.600000000000000
325 5.100000000000000 4.700000000000000
326 5.100000000000000 7.300000000000000
327 5.100000000000000 8.000000000000000
328 5.100000000000000 3.800000000000000
329 5.100000000000000 6.300000000000000
330 5.200000000000000 6.700000000000000
331 5.200000000000000 8.100000000000000
332 5.200000000000000 7.600000000000000
333 5.200000000000000 4.500000000000000
334 5.200000000000000 2.000000000000000
335 5.200000000000000 4.200000000000000
336 5.200000000000000 7.100000000000000
337 5.300000000000000 7.000000000000000
338 5.300000000000000 7.500000000000000
339 5.300000000000000 1.800000000000000
340 5.300000000000000 5.600000000000000
341 5.300000000000000 3.200000000000000
342 5.300000000000000 1.100000000000000
343 5.300000000000000 1.100000000000000
344 5.300000000000000 6.000000000000000
345 5.300000000000000 4.400000000000000
346 5.300000000000000 7.700000000000000
347 5.300000000000000 4.400000000000000
348 5.400000000000000 5.900000000000000
349 5.400000000000000 5.900000000000000
350 5.400000000000000 2.100000000000000
351 5.400000000000000 2.300000000000000
352 5.400000000000000 1.200000000000000
353 5.400000000000000 8.000000000000000
354 5.400000000000000 6.300000000000000
355 5.400000000000000 6.900000000000000
356 5.500000000000000 3.600000000000000
357 5.500000000000000 6.800000000000000
358 5.500000000000000 7.700000000000000
359 5.600000000000000 3.100000000000000
360 5.600000000000000 2.700000000000000
361 5.600000000000000 1.400000000000000
362 5.600000000000000 4.300000000000000
363 5.600000000000000 7.700000000000000
364 5.600000000000000 5.300000000000000
365 5.600000000000000 2.400000000000000
366 5.600000000000000 2.500000000000000
367 5.600000000000000 2.100000000000000
368 5.600000000000000 5.300000000000000
369 5.700000000000000 6.500000000000000
370 5.700000000000000 7.700000000000000
371 5.700000000000000 6.400000000000000
372 5.700000000000000 4.900000000000000
373 5.700000000000000 6.100000000000000
374 5.700000000000000 4.700000000000000
375 5.700000000000000 7.900000000000000
376 5.700000000000000 2.500000000000000
377 5.700000000000000 3.100000000000000
378 5.700000000000000 2.300000000000000
379 5.800000000000000 6.800000000000000
380 5.800000000000000 7.400000000000000
381 5.800000000000000 1.100000000000000
382 5.800000000000000 2.600000000000000
383 5.800000000000000 6.800000000000000
384 5.900000000000000 1.500000000000000
385 5.900000000000000 1.600000000000000
386 5.900000000000000 4.700000000000000
387 5.900000000000000 5.900000000000000
388 5.900000000000000 5.500000000000000
389 5.900000000000000 3.000000000000000
390 5.900000000000000 4.300000000000000
391 5.900000000000000 0.700000000000000
392 6.000000000000000 5.600000000000000
393 6.000000000000000 3.200000000000000
394 6.000000000000000 2.600000000000000
395 6.000000000000000 2.500000000000000
396 6.000000000000000 7.000000000000000
397 6.000000000000000 1.800000000000000
398 6.000000000000000 5.400000000000000
399 6.000000000000000 1.600000000000000
400 6.000000000000000 2.900000000000000
401 6.000000000000000 6.200000000000000
402 6.000000000000000 3.500000000000000
403 6.100000000000000 3.600000000000000
404 6.100000000000000 7.000000000000000
405 6.100000000000000 2.500000000000000
406 6.100000000000000 6.300000000000000
407 6.100000000000000 5.700000000000000
408 6.100000000000000 1.100000000000000
409 6.100000000000000 1.500000000000000
410 6.100000000000000 7.400000000000000
411 6.100000000000000 1.900000000000000
412 6.100000000000000 3.400000000000000
413 6.100000000000000 7.100000000000000
414 6.200000000000000 6.400000000000000
415 6.200000000000000 1.400000000000000
416 6.200000000000000 6.100000000000000
417 6.200000000000000 0.800000000000000
418 6.200000000000000 3.100000000000000
419 6.200000000000000 3.000000000000000
420 6.200000000000000 7.600000000000000
421 6.200000000000000 3.000000000000000
422 6.200000000000000 6.500000000000000
423 6.200000000000000 5.900000000000000
424 6.300000000000000 5.000000000000000
425 6.300000000000000 5.900000000000000
426 6.300000000000000 7.000000000000000
427 6.300000000000000 1.100000000000000
428 6.300000000000000 0.600000000000000
429 6.300000000000000 2.000000000000000
430 6.300000000000000 4.000000000000000
431 6.300000000000000 1.000000000000000
432 6.300000000000000 4.400000000000000
433 6.400000000000000 6.100000000000000
434 6.400000000000000 4.100000000000000
435 6.400000000000000 0.500000000000000
436 6.400000000000000 7.000000000000000
437 6.400000000000000 1.600000000000000
438 6.400000000000000 5.000000000000000
439 6.500000000000000 2.500000000000000
440 6.500000000000000 1.500000000000000
441 6.500000000000000 7.700000000000000
442 6.500000000000000 4.100000000000000
443 6.600000000000000 6.100000000000000
444 6.600000000000000 1.000000000000000
445 6.600000000000000 7.600000000000000
446 6.600000000000000 2.500000000000000
447 6.600000000000000 3.000000000000000
448 6.600000000000000 5.800000000000000
449 6.600000000000000 7.000000000000000
450 6.600000000000000 3.100000000000000
451 6.700000000000000 1.800000000000000
452 6.700000000000000 0.300000000000000
453 6.700000000000000 4.800000000000000
454 6.700000000000000 4.800000000000000
455 6.700000000000000 7.200000000000000
456 6.700000000000000 3.100000000000000
457 6.700000000000000 7.400000000000000
458 6.700000000000000 5.700000000000000
459 6.700000000000000 4.900000000000000
460 6.700000000000000 5.700000000000000
461 6.800000000000000 4.000000000000000
462 6.800000000000000 6.000000000000000
463 6.800000000000000 6.300000000000000
464 6.800000000000000 3.200000000000000
465 6.800000000000000 6.400000000000000
466 6.800000000000000 7.400000000000000
467 6.800000000000000 5.700000000000000
468 6.900000000000000 3.600000000000000
469 6.900000000000000 6.600000000000000
470 6.900000000000000 7.500000000000000
471 6.900000000000000 2.400000000000000
472 6.900000000000000 3.600000000000000
473 6.900000000000000 7.500000000000000
474 7.000000000000000 3.000000000000000
475 7.000000000000000 7.700000000000000
476 7.000000000000000 1.000000000000000
477 7.000000000000000 5.900000000000000
478 7.000000000000000 2.300000000000000
479 7.100000000000000 2.900000000000000
480 7.100000000000000 3.600000000000000
481 7.100000000000000 4.500000000000000
482 7.200000000000000 4.700000000000000
483 7.200000000000000 3.100000000000000
484 7.200000000000000 7.700000000000000
485 7.200000000000000 5.800000000000000
486 7.200000000000000 3.200000000000000
487 7.300000000000000 0.800000000000000
488 7.300000000000000 5.200000000000000
489 7.300000000000000 1.500000000000000
490 7.300000000000000 4.200000000000000
491 7.300000000000000 6.100000000000000
492 7.300000000000000 2.900000000000000
493 7.300000000000000 0.800000000000000
494 7.300000000000000 4.100000000000000
495 7.300000000000000 6.900000000000000
496 7.400000000000000 5.500000000000000
497 7.400000000000000 6.500000000000000
498 7.400000000000000 3.300000000000000
499 7.400000000000000 3.500000000000000
500 7.400000000000000 6.600000000000000
501 7.400000000000000 4.500000000000000
502 7.400000000000000 7.900000000000000
503 7.400000000000000 3.600000000000000
504 7.500000000000000 8.500000000000000
505 7.500000000000000 4.400000000000000
506 7.500000000000000 6.600000000000000
507 7.500000000000000 7.300000000000000
508 7.500000000000000 3.300000000000000
509 7.600000000000000 6.400000000000000
510 7.600000000000000 7.200000000000000
511 7.600000000000000 5.300000000000000
512 7.600000000000000 4.300000000000000
513 7.600000000000000 2.500000000000000
514 7.600000000000000 7.900000000000000
515 7.700000000000000 8.699999999999999
516 7.700000000000000 8.800000000000001
517 7.700000000000000 3.600000000000000
518 7.700000000000000 5.900000000000000
519 7.700000000000000 5.200000000000000
520 7.700000000000000 2.500000000000000
521 7.700000000000000 4.700000000000000
522 7.700000000000000 7.200000000000000
523 7.700000000000000 4.300000000000000
524 7.700000000000000 2.700000000000000
525 7.800000000000000 5.400000000000000
526 7.800000000000000 4.100000000000000
527 7.800000000000000 3.500000000000000
528 7.800000000000000 8.500000000000000
529 7.800000000000000 7.800000000000000
530 7.800000000000000 8.000000000000000
531 7.800000000000000 3.600000000000000
532 7.800000000000000 8.199999999999999
533 7.900000000000000 4.900000000000000
534 7.900000000000000 4.200000000000000
535 7.900000000000000 4.800000000000000
536 7.900000000000000 2.300000000000000
537 7.900000000000000 5.800000000000000
538 7.900000000000000 7.600000000000000
539 8.000000000000000 5.700000000000000
540 8.000000000000000 8.600000000000000
541 8.000000000000000 6.300000000000000
542 8.000000000000000 8.000000000000000
543 8.000000000000000 6.700000000000000
544 8.000000000000000 5.200000000000000
545 8.000000000000000 4.400000000000000
546 8.000000000000000 6.000000000000000
547 8.100000000000000 6.000000000000000
548 8.100000000000000 4.700000000000000
549 8.100000000000000 8.300000000000001
550 8.100000000000000 6.600000000000000
551 8.100000000000000 2.600000000000000
552 8.100000000000000 3.600000000000000
553 8.100000000000000 6.000000000000000
554 8.100000000000000 7.900000000000000
555 8.100000000000000 5.800000000000000
556 8.100000000000000 2.200000000000000
557 8.100000000000000 7.200000000000000
558 8.100000000000000 8.500000000000000
559 8.199999999999999 3.200000000000000
560 8.199999999999999 7.300000000000000
561 8.199999999999999 6.400000000000000
562 8.199999999999999 7.500000000000000
563 8.300000000000001 2.500000000000000
564 8.300000000000001 5.100000000000000
565 8.300000000000001 7.100000000000000
566 8.300000000000001 7.300000000000000
567 8.300000000000001 4.100000000000000
568 8.300000000000001 7.200000000000000
569 8.400000000000000 6.800000000000000
570 8.400000000000000 2.400000000000000
571 8.400000000000000 4.100000000000000
572 8.400000000000000 7.400000000000000
573 8.400000000000000 7.000000000000000
574 8.400000000000000 3.000000000000000
575 8.400000000000000 8.000000000000000
576 8.400000000000000 5.300000000000000
577 8.400000000000000 5.000000000000000
578 8.500000000000000 8.100000000000000
579 8.500000000000000 3.200000000000000
580 8.500000000000000 4.100000000000000
581 8.500000000000000 3.500000000000000
582 8.500000000000000 6.300000000000000
583 8.500000000000000 2.200000000000000
584 8.600000000000000 8.300000000000001
585 8.600000000000000 5.800000000000000
586 8.600000000000000 8.300000000000001
587 8.600000000000000 3.400000000000000
588 8.699999999999999 6.000000000000000
589 8.699999999999999 6.300000000000000
590 8.699999999999999 4.700000000000000
591 8.699999999999999 7.000000000000000
592 8.699999999999999 3.100000000000000
593 8.699999999999999 7.300000000000000
594 8.699999999999999 7.600000000000000
595 8.699999999999999 5.600000000000000
596 8.800000000000001 5.200000000000000
597 8.800000000000001 4.200000000000000
598 8.800000000000001 7.300000000000000
599 8.800000000000001 2.400000000000000
600 8.900000000000000 8.100000000000000
601 8.900000000000000 7.100000000000000
602 8.900000000000000 4.900000000000000
603 8.900000000000000 4.100000000000000
604 8.900000000000000 4.900000000000000
605 8.900000000000000 5.500000000000000
606 8.900000000000000 7.000000000000000
607 8.900000000000000 4.000000000000000
608 8.900000000000000 3.800000000000000
609 8.900000000000000 5.400000000000000
610 9.000000000000000 2.300000000000000
611 9.000000000000000 4.400000000000000
612 9.000000000000000 7.800000000000000
613 9.000000000000000 2.700000000000000
614 9.000000000000000 8.100000000000000
615 9.000000000000000 5.300000000000000
616 9.000000000000000 7.600000000000000
617 9.000000000000000 5.800000000000000
618 9.100000000000000 4.900000000000000
619 9.100000000000000 7.600000000000000
620 9.100000000000000 4.400000000000000
621 9.100000000000000 6.400000000000000
622 9.100000000000000 4.300000000000000
623 9.100000000000000 6.600000000000000
624 9.100000000000000 4.300000000000000
625 9.199999999999999 4.900000000000000
626 9.199999999999999 6.000000000000000
627 9.199999999999999 5.700000000000000
628 9.300000000000001 6.600000000000000
629 9.300000000000001 4.900000000000000
630 9.400000000000000 6.000000000000000
631 9.400000000000000 6.800000000000000
632 9.400000000000000 6.600000000000000
633 9.500000000000000 6.100000000000000
634 9.500000000000000 6.600000000000000
635 9.500000000000000 6.100000000000000
636 9.600000000000000 5.900000000000000
637 9.600000000000000 6.300000000000000
