31
0 4.811000000000000 4.985000000000000
1 3.947000000000000 5.525000000000000
2 9.782999999999999 8.570000000000000
3 6.497361289768310 6.200930254187328
4 2.905000000000000 0.960000000000000
5 4.671811454058346 4.691068259488375
6 3.931606761828642 3.127939253074651
7 6.578000000000000 6.147000000000000
8 4.872000000000000 2.096000000000000
9 4.819682970297448 2.065785385997916
10 4.821000000000000 1.623000000000000
11 4.811571194972397 4.792964250280014
12 4.816680744119294 3.075133827093316
13 4.814765842979225 3.718923590384749
14 4.814082446131187 3.948681610694733
15 4.814195034170720 3.910829511803908
16 6.319000000000000 5.892000000000000
17 1.288000000000000 2.224000000000000
18 2.922008156728829 3.415322186221695
19 2.027000000000000 6.746000000000000
20 3.947544585407417 5.531172767635611
21 1.080000000000000 9.824000000000000
22 4.174000000000000 8.098000000000001
23 4.145405881690536 7.773891337399764
24 1.835000000000000 1.178000000000000
25 5.210000000000000 1.701000000000000
26 5.588000000000000 0.881000000000000
27 5.262484666604790 4.365715985850857
28 5.904119854977366 5.292647663956758
29 4.926571348144445 4.053301384685926
30 3.897000000000000 2.748000000000000
48
1 0
0 3
3 2
4 6
6 5
5 0
0 7
4 9
9 8
0 11
11 14
14 15
15 13
13 12
12 9
9 10
17 18
18 5
5 11
11 16
19 20
20 0
21 22
21 23
23 3
3 7
1 20
20 23
23 22
24 18
18 1
4 12
12 2
25 26
10 2
4 13
13 27
27 28
28 16
24 6
6 14
14 29
29 27
27 2
30 15
15 29
29 28
28 7
28
0 1.900000000000000 3.700000000000000
1 2.200000000000000 4.500000000000000
2 2.300000000000000 3.200000000000000
3 2.500000000000000 6.300000000000000
4 2.600000000000000 1.900000000000000
5 2.700000000000000 4.700000000000000
6 2.700000000000000 4.400000000000000
7 3.000000000000000 3.600000000000000
8 3.100000000000000 7.900000000000000
9 3.500000000000000 5.300000000000000
10 3.900000000000000 5.000000000000000
11 4.000000000000000 8.100000000000000
12 4.000000000000000 3.900000000000000
13 4.100000000000000 6.700000000000000
14 4.400000000000000 2.700000000000000
15 4.500000000000000 7.100000000000000
16 4.600000000000000 2.200000000000000
17 4.700000000000000 3.800000000000000
18 5.200000000000000 6.600000000000000
19 5.300000000000000 3.700000000000000
20 5.500000000000000 3.900000000000000
21 5.700000000000000 3.000000000000000
22 5.800000000000000 6.600000000000000
23 6.200000000000000 5.000000000000000
24 6.200000000000000 5.800000000000000
25 6.400000000000000 3.900000000000000
26 6.700000000000000 5.500000000000000
27 7.600000000000000 5.900000000000000
