34
0 8.910000000000000 5.852000000000000
1 0.293000000000000 9.054000000000000
2 4.893868863721278 7.344358349583900
3 1.727894404305816 8.520806094628384
4 1.397713507504455 8.643498357777734
5 5.912502195983212 6.965843329286499
6 1.739000000000000 0.087000000000000
7 2.632000000000000 0.912000000000000
8 4.321000000000000 9.654000000000000
9 1.345000000000000 8.941000000000001
10 1.728798189540520 9.032951649577416
11 5.775000000000000 1.122000000000000
12 1.680767068396781 7.046015982027861
13 4.518126231846919 2.940592252643240
14 4.898583114268528 2.390102651882897
15 5.295070299998355 1.816418529809020
16 5.677000000000000 4.187000000000000
17 4.853150082228091 7.508524705353262
18 4.485062935012892 8.992545674251121
19 2.872000000000000 0.323000000000000
20 2.745925757940205 1.034530987604000
21 1.801579600191773 6.364180750194697
22 2.247978096153336 3.844821065717454
23 2.776509814889843 0.861922341374807
24 5.915068560989398 7.074913842049406
25 6.023000000000000 8.970000000000001
26 5.959680664507468 8.970928241567430
27 2.436000000000000 5.233000000000000
28 4.788000000000000 2.180000000000000
29 3.256446144601499 0.695607771672748
30 4.046000000000000 0.422000000000000
31 5.983000000000000 9.962000000000000
32 5.804726613343932 2.385381067117095
33 5.849204365042822 4.275685514319919
59
1 4
4 3
3 2
2 5
5 0
6 7
9 10
10 8
1 12
12 13
13 14
14 15
15 11
1 8
8 18
18 17
17 2
2 16
9 3
3 16
9 4
4 12
12 21
21 22
22 20
20 23
23 19
7 20
20 13
13 16
9 17
17 24
24 0
1 10
10 18
18 26
26 25
1 21
21 27
6 22
22 27
19 29
29 28
30 14
14 16
11 32
32 33
33 5
5 24
24 26
26 31
30 15
15 32
32 0
16 33
33 0
7 23
23 29
29 30
47
0 1.500000000000000 7.100000000000000
1 1.700000000000000 7.000000000000000
2 1.800000000000000 4.800000000000000
3 1.800000000000000 5.900000000000000
4 1.800000000000000 5.600000000000000
5 1.800000000000000 3.300000000000000
6 2.000000000000000 7.900000000000000
7 2.000000000000000 4.600000000000000
8 2.100000000000000 3.200000000000000
9 2.100000000000000 5.600000000000000
10 2.300000000000000 3.900000000000000
11 2.300000000000000 3.800000000000000
12 2.500000000000000 7.800000000000000
13 2.500000000000000 6.700000000000000
14 2.700000000000000 9.400000000000000
15 2.700000000000000 8.100000000000000
16 2.800000000000000 1.000000000000000
17 2.900000000000000 3.400000000000000
18 2.900000000000000 5.500000000000000
19 3.100000000000000 6.300000000000000
20 3.300000000000000 1.800000000000000
21 3.400000000000000 4.900000000000000
22 3.400000000000000 5.300000000000000
23 3.500000000000000 8.699999999999999
24 3.600000000000000 9.300000000000001
25 3.800000000000000 4.900000000000000
26 3.900000000000000 4.400000000000000
27 4.000000000000000 8.699999999999999
28 4.000000000000000 4.900000000000000
29 4.200000000000000 4.600000000000000
30 4.300000000000000 2.800000000000000
31 4.500000000000000 3.500000000000000
32 4.500000000000000 5.300000000000000
33 4.700000000000000 1.600000000000000
34 4.900000000000000 5.300000000000000
35 5.000000000000000 2.900000000000000
36 5.400000000000000 6.100000000000000
37 5.400000000000000 6.000000000000000
38 5.600000000000000 1.500000000000000
39 5.600000000000000 8.699999999999999
40 5.800000000000000 6.900000000000000
41 5.900000000000000 3.600000000000000
42 5.900000000000000 8.199999999999999
43 6.200000000000000 5.800000000000000
44 6.600000000000000 4.400000000000000
45 8.300000000000001 5.300000000000000
46 8.500000000000000 5.400000000000000
