43
0 3.990000000000000 5.004000000000000
1 2.716000000000000 7.342000000000000
2 3.698290286689392 5.539335407943644
3 1.589000000000000 8.721000000000000
4 0.668000000000000 7.598000000000000
5 1.473000000000000 0.299000000000000
6 1.613000000000000 3.864000000000000
7 2.076000000000000 8.449000000000000
8 2.014059259706151 7.611824156890767
9 1.744588148048553 3.969718750573315
10 1.737133386816562 3.868962027454359
11 2.002052541515991 7.449544300755101
12 1.885431894891326 5.873328264285747
13 8.464000000000000 1.673000000000000
14 4.654000000000000 0.723000000000000
15 9.132999999999999 6.656000000000000
16 7.778000000000000 8.817000000000000
17 7.244000000000000 4.566000000000000
18 7.105000000000000 5.349000000000000
19 7.201956387870825 4.802835599260028
20 4.336029339550366 6.051698997371121
21 6.224670458068443 4.048343922374488
22 3.137327217846109 7.323208949886469
23 6.315434367561807 3.952067114183031
24 5.197643077332258 5.137751801502288
25 3.017792958338460 4.992619549497225
26 3.422583134833026 3.936335101991993
27 1.996173727461195 7.658495767623283
28 1.637613029223723 8.594146163872320
29 1.765219115412893 8.261162973875264
30 2.079553335496385 7.440919876900461
31 4.196006629961010 1.918116141459001
32 2.512790294567513 6.310404640799031
33 5.580296447072168 7.051351062830244
34 9.118000000000000 4.164000000000000
35 6.424062531477913 4.056314291731296
36 1.535000000000000 2.778000000000000
37 1.975373308045361 7.452513212501035
38 1.810643294066159 5.821223549229672
39 2.349000000000000 9.324999999999999
40 2.711000000000000 0.493000000000000
41 0.230000000000000 4.720000000000000
42 2.861000000000000 6.553000000000000
68
1 2
2 0
4 3
5 6
5 10
10 9
9 12
12 11
11 8
8 7
14 13
16 15
18 19
19 17
7 22
22 20
20 24
24 21
21 23
23 13
3 28
28 29
29 27
27 8
8 30
30 32
32 25
25 26
26 31
31 14
6 9
9 25
25 2
2 20
20 33
33 16
6 10
10 26
26 21
21 35
35 34
36 6
6 38
38 37
37 27
27 7
4 28
28 39
5 40
4 29
29 7
4 37
37 11
11 30
30 22
22 33
33 15
40 31
31 23
23 35
35 19
19 15
41 38
38 12
12 32
32 42
0 24
24 18
43
0 1.300000000000000 8.300000000000001
1 1.600000000000000 1.900000000000000
2 1.700000000000000 4.900000000000000
3 1.700000000000000 7.800000000000000
4 1.900000000000000 2.200000000000000
5 2.000000000000000 4.900000000000000
6 2.500000000000000 5.200000000000000
7 2.800000000000000 5.000000000000000
8 2.900000000000000 3.700000000000000
9 2.900000000000000 5.000000000000000
10 3.000000000000000 2.400000000000000
11 3.700000000000000 5.400000000000000
12 3.900000000000000 4.200000000000000
13 3.900000000000000 6.300000000000000
14 4.100000000000000 4.500000000000000
15 4.200000000000000 2.200000000000000
16 4.300000000000000 6.800000000000000
17 4.500000000000000 6.900000000000000
18 4.500000000000000 3.800000000000000
19 4.800000000000000 3.100000000000000
20 4.900000000000000 1.400000000000000
21 4.900000000000000 2.700000000000000
22 5.300000000000000 5.600000000000000
23 5.300000000000000 6.900000000000000
24 5.300000000000000 6.100000000000000
25 5.700000000000000 5.300000000000000
26 6.000000000000000 5.800000000000000
27 6.300000000000000 1.200000000000000
28 6.400000000000000 7.500000000000000
29 6.500000000000000 6.100000000000000
30 6.700000000000000 1.700000000000000
31 6.900000000000000 7.000000000000000
32 7.000000000000000 3.300000000000000
33 7.100000000000000 2.300000000000000
34 7.100000000000000 4.400000000000000
35 7.300000000000000 7.500000000000000
36 7.900000000000000 4.300000000000000
37 8.199999999999999 2.900000000000000
38 8.199999999999999 1.700000000000000
39 8.199999999999999 3.200000000000000
40 8.300000000000001 6.900000000000000
41 8.500000000000000 7.200000000000000
42 9.000000000000000 6.600000000000000
