58
0 6.120000000000000 1.531000000000000
1 7.327000000000000 9.600000000000000
2 6.371282321286824 3.210864996241407
3 6.199782095568418 2.064356859272218
4 7.026216114138166 7.589208637100964
5 6.788831031509282 6.002249041630817
6 6.166454071849340 1.841553360192477
7 6.276790577306095 2.579171639008180
8 2.863000000000000 8.894000000000000
9 7.833000000000000 0.843000000000000
10 4.515917693119492 6.216406368751504
11 4.536796100574437 6.182585029029219
12 4.991720305288140 5.445644431011104
13 4.536539691469814 6.183000391142159
14 0.400000000000000 8.577000000000000
15 3.391000000000000 5.956000000000000
16 3.212904878140617 6.112063963354545
17 2.631243018015291 6.621771664922074
18 3.773000000000000 1.659000000000000
19 3.663497427536889 2.529605617330337
20 3.314507770876308 5.304265140340567
21 3.364550301021882 4.906399529787563
22 3.479737293532373 3.990599649772835
23 3.462543322309204 4.127301168233964
24 2.467000000000000 3.016000000000000
25 4.835333450820005 2.053236470170351
26 3.860326549425824 2.449591588859199
27 7.104000000000000 1.049000000000000
28 2.685757524155512 6.010296145309862
29 3.505229693720479 5.090101262779273
30 4.713901932270711 3.732869071280741
31 4.080621883689792 4.443986643732584
32 4.020739724583699 4.511229020485370
33 1.514000000000000 1.099000000000000
34 4.943000000000000 0.564000000000000
35 4.261000000000000 6.077000000000000
36 4.237775794167698 6.123797273125604
37 8.827000000000000 8.574000000000000
38 4.533649866327973 6.226103529614750
39 4.357375559412815 6.129704724453306
40 4.408399530241685 6.157608109288981
41 2.398000000000000 9.238000000000000
42 2.804000000000000 4.684000000000000
43 6.344000000000000 6.747000000000000
44 8.855000000000000 2.543000000000000
45 0.033000000000000 0.556000000000000
46 3.040884117447918 4.483750286762051
47 4.467000000000000 7.148000000000000
48 4.616200687243234 5.084266124349885
49 4.764985608484876 3.026283096083134
50 4.568908274518940 5.738411597830444
51 4.536762873980959 6.183044617036471
52 4.096055139393115 4.583708208686023
53 3.995844729838508 3.676475443496982
54 3.547318879506852 4.055636249533161
55 4.817706895176538 5.278184014935173
56 4.348687662360645 6.145775592733020
57 6.000000000000000 6.473000000000000
96
0 6
6 3
3 7
7 2
2 5
5 4
4 1
8 10
10 13
13 11
11 12
12 2
2 9
14 17
17 16
16 15
8 16
16 20
20 21
21 23
23 22
22 19
19 18
24 19
19 26
26 25
25 0
14 28
28 20
20 29
29 32
32 31
31 30
30 3
3 27
33 34
8 36
36 35
35 39
39 40
40 10
10 38
38 4
4 37
41 17
17 28
28 42
43 5
5 44
8 15
1 37
45 46
46 21
21 29
29 35
47 38
38 51
51 11
11 50
50 48
48 30
30 49
49 25
25 34
18 26
26 53
53 31
31 52
52 35
24 22
22 54
54 32
32 52
52 48
48 55
55 12
12 43
42 46
46 23
23 54
54 53
53 49
49 6
6 27
8 56
56 39
39 50
50 55
55 7
7 27
15 36
36 56
56 40
40 13
13 51
51 57
22
0 2.700000000000000 4.700000000000000
1 3.300000000000000 7.300000000000000
2 3.400000000000000 2.900000000000000
3 3.600000000000000 5.800000000000000
4 3.900000000000000 3.900000000000000
5 3.900000000000000 6.400000000000000
6 3.900000000000000 6.200000000000000
7 4.000000000000000 3.000000000000000
8 4.600000000000000 3.500000000000000
9 5.300000000000000 3.500000000000000
10 5.800000000000000 4.000000000000000
11 6.000000000000000 5.700000000000000
12 6.100000000000000 2.500000000000000
13 6.500000000000000 7.000000000000000
14 6.700000000000000 3.200000000000000
15 6.800000000000000 6.700000000000000
16 6.900000000000000 1.500000000000000
17 7.000000000000000 2.900000000000000
18 7.000000000000000 6.700000000000000
19 7.700000000000000 9.100000000000000
20 7.800000000000000 8.800000000000001
21 8.400000000000000 8.500000000000000
