328
0 8.140000000000001 2.310000000000000
1 0.370000000000000 9.590000000000000
2 4.692437231325151 5.540148900380038
3 5.141120564962138 5.119760912107546
4 3.597000828500414 6.566503728251863
5 3.641051416319632 6.525231105430255
6 6.417738095238095 3.923650793650794
7 3.020726125127399 7.106436783664419
8 7.199687421855463 3.191013586730016
9 3.763752070948251 6.410268329922360
10 1.311772369670794 8.707618680668805
11 2.695675163066104 7.410989036406532
12 3.714301710253855 6.456600199401795
13 2.099546581855035 7.969523923306994
14 6.255033560631688 4.076094681930671
15 3.830530686088046 6.347700978800390
16 3.708514916019053 6.462022060666833
17 5.544570313333191 4.741753940660795
18 7.880564545788894 2.553074659801398
19 5.367564426237317 4.907597294336208
20 0.250000000000000 4.570000000000000
21 4.890000000000000 0.080000000000000
22 3.427211190600826 1.495500378060838
23 3.095227115030721 1.816752209808635
24 1.639190124442670 3.225719039063020
25 1.542949646472245 3.318848294685264
26 1.803348831089083 3.066867187157332
27 3.615423996695313 1.313372037680613
28 1.016948486272214 3.827845107034000
29 3.481929897767578 1.442550594617150
30 2.236916074315161 2.647316126363132
31 3.477989669320806 1.446363444989133
32 2.371975612760192 2.516622736790245
33 2.000000000000000 8.160000000000000
34 4.801010395569794 5.491284883699790
35 5.159614311592819 5.149618286185996
36 3.610191158900836 6.625860215053764
37 3.415814026299310 6.811056668753915
38 6.429665162669199 3.939553550225601
39 3.064108446632437 7.146150747101018
40 7.195120001211368 3.210252116109690
41 3.702189441086263 6.538207128606737
42 2.736439990305219 7.458343005979556
43 3.824348230509648 6.421818053993251
44 2.182444559687492 7.986172528636510
45 6.267104818799330 4.094435962544613
46 3.857065726525646 6.390645846877032
47 3.744839164963115 6.497571805369019
48 5.570478806997273 4.758159442844619
49 7.883975531884753 2.553932107243356
50 5.392632549089885 4.927605796062569
51 8.390000000000001 7.320000000000000
52 5.410000000000000 8.880000000000001
53 6.965765128593041 8.065572617246596
54 5.740673628129995 8.706895684603090
55 5.597627447103026 8.781778920308483
56 8.249832978901340 7.393376024467755
57 5.911376743673154 8.617534322103987
58 6.172604387227916 8.480784280511561
59 6.856943957968477 8.122539404553414
60 7.161063894542620 7.963335679366951
61 5.749116328399944 8.702476016005399
62 0.160000000000000 7.580000000000000
63 9.070000000000000 3.570000000000000
64 5.246934967283874 5.290593802602881
65 3.489255186486793 6.081648339190568
66 4.266126587340433 5.732012613329390
67 6.888760226557583 4.551680302076779
68 2.424661908373649 6.560775055827348
69 7.244975247827807 4.391363552885577
70 6.875202863961813 4.557781876039633
71 4.041468290441175 5.833121454021424
72 1.446934222088861 7.000807381529031
73 2.092468149353232 6.710280889011621
74 8.789921952418631 3.696050838473771
75 6.641328754125298 4.663038349714653
76 3.627654013379121 6.019361100600419
77 3.373216076698636 6.133872450329795
78 5.927567132446964 4.984271133432960
79 5.630904343952617 5.117786035998879
80 4.932971876311739 5.431894812120082
81 0.660000000000000 2.470000000000000
82 3.670000000000000 1.410000000000000
83 2.991322559635268 1.649002686640072
84 1.296133676434704 2.245979502650902
85 3.529775687321721 1.459381319414942
86 1.807342677724491 2.065952412495694
87 7.080000000000000 8.250000000000000
88 2.100000000000000 0.210000000000000
89 6.405625000000000 7.161250000000000
90 4.968371889228267 4.840865459717927
91 5.647900399889521 5.937935585363803
92 6.298263675668902 6.987919669152203
93 4.715429998523033 4.432501443398633
94 4.391944083224967 3.910247074122236
95 5.599994590351033 5.860593675988415
96 6.826824089595024 7.841258168743774
97 2.678624900744790 1.144165502407253
98 4.263773155166421 3.703320515569886
99 2.923329876863253 1.539231367465976
100 4.495539748953975 4.077497907949791
101 2.752908959791061 1.264093983277136
102 4.659794177386594 4.342679756262694
103 6.785288855109296 7.774201284152357
104 5.185590700101086 5.191556070042717
105 6.410102200941536 7.168478252122480
106 4.890000000000000 9.960000000000001
107 5.271755977695870 9.167122200170116
108 5.073248713550600 9.579406518010291
109 5.403519583675705 8.893459326211998
110 5.390000000000000 7.080000000000000
111 8.220739466895958 7.306459157351677
112 6.259881389438013 7.149590511155041
113 5.673542039355993 7.102683363148479
114 3.260000000000000 5.050000000000000
115 3.620000000000000 6.670000000000000
116 3.599536354056902 6.577913593256059
117 3.581878841088674 6.498454784899033
118 3.389908675799087 5.634589041095889
119 3.536336663639116 6.293514986376022
120 6.000000000000000 9.910000000000000
121 5.764405203055283 8.816994630567951
122 5.907770667503385 9.482116375466527
123 5.811809967448648 9.036921652261759
124 5.697187828042989 8.505150087478132
125 5.440218767990788 7.312982153137593
126 5.445327034181593 7.336681158580179
127 5.739295860717168 8.700503747261617
128 5.920869786125975 9.542887696289357
129 5.611259981811613 8.106501227093222
130 1.880000000000000 8.760000000000000
131 8.460000000000001 0.410000000000000
132 6.063430017519953 3.451240023359938
133 3.115022789938664 7.192759833436497
134 2.252330308112394 8.287513970708435
135 1.928625390653471 8.698294527058286
136 3.814103489585346 6.305628550450207
137 6.407708375998363 3.014351832889617
138 2.824827287893039 7.561017043479199
139 3.688776737787608 6.464667817549159
140 2.447799326253000 8.039464380818760
141 5.943745912309109 3.603118789091025
142 3.808740113855147 6.312434657949776
143 7.233188591178027 1.966819948885028
144 3.698548203166786 6.452267857683486
145 7.714810861123637 1.355642752221525
146 5.212281168973242 4.531345325087146
147 6.954626728486426 2.320314105948078
148 5.090224806253836 4.686234478386090
149 9.699999999999999 8.300000000000001
150 4.270000000000000 1.060000000000000
151 7.149284903518728 4.899046538024972
152 7.629017632241815 5.538690176322421
153 6.879562841530054 4.539417122040074
154 5.903750000000000 3.238333333333334
155 7.435368511001922 5.280491348002563
156 4.592372881355931 1.489830508474576
157 5.580620191186756 2.807493588249010
158 8.375964601769910 6.534619469026548
159 4.811110733695652 1.781480978260870
160 6.459604863221884 3.979473150962513
161 8.770459770114941 7.060613026819924
162 0.030000000000000 2.040000000000000
163 1.740000000000000 3.300000000000000
164 4.140000000000000 4.300000000000000
165 4.830000000000000 4.750000000000000
166 4.626511795543905 4.617290301441678
167 5.690000000000000 9.550000000000001
168 3.424722983169196 7.476272142680624
169 4.609530930568840 8.560894123939857
170 3.303987577514189 7.365745980886151
171 1.118537098227696 5.365094623009913
172 1.545512837509390 5.755965796102346
173 2.671057680777071 6.786335891593716
174 4.487388767245025 8.449080158250041
175 1.418007891850496 5.639242518642551
176 4.466966516474018 8.430384788978053
177 8.560000000000000 8.320000000000000
178 5.619381850065762 8.842776559988311
179 5.868412618928392 8.798504423301619
180 8.256294745656268 8.373992045216664
181 6.058766261528127 8.764663775728334
182 6.834931880108991 8.626678776869513
183 7.364957632082471 4.749810925846383
184 6.724381382094514 5.193060239056441
185 1.637083486575946 8.713236484001472
186 3.163990049954958 7.656687344743810
187 4.538007606787595 6.705930368636630
188 3.003051701418495 7.768049282466743
189 5.893941208034602 5.767686658348472
190 4.254840775146244 6.901868796967772
191 8.806500229449467 3.752329726288989
192 2.574138622138387 8.064837413187002
193 6.906996684514109 5.066698845887940
194 4.197471491601314 6.941565703512654
195 4.198077597892229 6.941146305826297
196 6.501192926791520 5.347496388587937
197 6.189188580972061 5.563389050867609
198 4.980000000000000 7.050000000000000
199 5.853438431840297 9.499052857905145
200 5.762578760162602 9.244289464769649
201 5.502527707293116 8.515126708684621
202 5.027864144523655 7.184207307193779
203 5.555474917698699 8.663586533939489
204 5.869855697151424 9.545085582208895
205 5.380126006827020 8.171921940711055
206 0.590000000000000 3.410000000000000
207 7.366697212405960 9.027338774187669
208 6.372665737006746 9.337198959785928
209 6.960000000000000 3.540000000000000
210 7.051755668964065 3.814120061030145
211 7.532332749366035 5.249844088731031
212 8.054783830701828 6.810666694221707
213 7.851146302790260 6.202299579585903
214 8.165217118013723 7.140586140066000
215 8.239528016851095 7.362589950342645
216 8.284445177790612 7.496779968649451
217 7.340000000000000 2.600000000000000
218 5.941024808597073 8.492653078939602
219 6.127809954751132 7.705891402714931
220 6.225252921402274 7.295449815911637
221 6.644261553766844 5.530534667466928
222 6.154012973585913 7.595521111259337
223 5.884744047789179 8.729714465372853
224 6.794838949772862 4.896284423684008
225 6.663340928113085 5.450170030069128
226 6.565208633891910 5.863515148152259
227 6.063060863377153 7.978622423956841
228 7.173818005808325 3.299978702807357
229 6.258518611760475 7.155330695918002
230 1.310000000000000 8.730000000000000
231 3.724617311875096 8.606247265303184
232 4.955780073800740 8.543148339483395
233 5.179967782839433 8.531658385384869
234 6.955972071603654 8.440635519572162
235 3.872396276135335 8.598673373213565
236 5.270000000000000 3.280000000000000
237 2.840000000000000 8.330000000000000
238 5.123098236775818 3.585289672544081
239 3.071912909221810 7.848041073427925
240 3.746328637060480 6.446477523804353
241 3.635966231121670 6.675831494994060
242 2.932921003975919 8.136892563753749
243 3.809914163090129 6.314334763948498
244 3.729137182747674 6.482204620215740
245 4.795007729806585 4.267123853694133
246 4.731219121623395 4.399688656708582
247 0.140000000000000 5.800000000000000
248 1.593170731707317 5.154146341463415
249 0.985398837035932 5.424267183539586
250 5.748945344685524 3.307135402361989
251 2.769900779588944 4.631155209071580
252 2.128869652072582 4.916057932412186
253 3.144817518248175 4.464525547445255
254 4.297615944806440 3.952170691197137
255 4.215988515176373 3.988449548810500
256 5.546108202443280 7.373490401396160
257 6.425543047738170 7.876024598707525
258 6.410000000000000 7.360000000000000
259 3.920000000000000 6.490000000000000
260 5.680812075824947 7.105223496372572
261 1.522382918558204 6.048048260997570
262 1.432928651154804 7.177668428440501
263 1.381639358487292 7.825344845148853
264 1.649199865891168 4.446615647002230
265 1.562542377063337 5.540918354758322
266 2.267691441962289 6.913826912107057
267 3.401600436013602 8.231018609938216
268 4.580635296026610 9.600630225341257
269 1.261888293051110 5.745447823177906
270 3.748327622831590 8.633790061866870
271 9.619999999999999 4.590000000000000
272 7.114458864050635 5.381920507028394
273 3.867834083490315 6.408073582490904
274 3.705739975106408 6.459306286937826
275 6.741647111421432 5.499754242795975
276 6.288790265725500 5.642887643285492
277 7.590000000000000 8.119999999999999
278 4.149074343445029 6.863238740049192
279 4.100252587157891 6.845407116216358
280 6.705251757433060 7.796855175888648
281 8.090000000000000 1.320000000000000
282 8.850000000000000 3.900000000000000
283 8.339393375511722 2.166624880026639
284 8.499028143143281 2.708542906986404
285 9.770000000000000 9.510000000000000
286 5.219834162360556 8.596178973294055
287 6.665837334368243 8.886583356433997
288 4.436805994642469 8.438921495281994
289 4.547565080108603 1.481737233368898
290 5.469747923711955 2.882917961756515
291 7.513802613269982 5.988690378415070
292 4.731703000552923 1.761519607636237
293 6.294698883946844 4.136362867356128
294 1.810000000000000 9.720000000000001
295 6.220000000000000 9.529999999999999
296 0.310000000000000 0.650000000000000
297 5.630000000000000 9.260000000000000
298 4.195888698855414 6.939004078410736
299 2.808365662135797 4.693407584772408
300 1.058836158192090 1.861932203389831
301 5.020573090130977 8.273690659027766
302 1.050000000000000 0.850000000000000
303 9.410000000000000 2.360000000000000
304 6.903838879995616 1.907332142200165
305 1.247582151311251 0.885687685224879
306 5.280000000000000 8.000000000000000
307 2.273296513322363 5.057405329669434
308 1.020000000000000 5.910000000000000
309 8.119999999999999 1.080000000000000
310 4.090631059898405 3.821105912773339
311 6.474266860679277 2.199562121537900
312 4.045118644956606 3.852067175332337
313 3.470613417253609 1.444509216244568
314 1.463896457765667 1.791825613079019
315 1.720000000000000 2.320000000000000
316 9.789999999999999 7.430000000000000
317 3.682717436250866 3.562811164713993
318 5.612898616835828 4.785020065927024
319 8.950903599451989 6.898676256902066
320 9.380000000000001 2.930000000000000
321 7.942516057571725 2.568647917449122
322 0.760000000000000 1.230000000000000
323 5.430912566913076 4.958159571756308
324 4.010000000000000 6.310000000000000
325 8.330000000000000 2.200000000000000
326 9.150000000000000 6.720000000000000
327 7.350000000000000 7.250000000000000
586
1 10
10 13
13 11
11 7
7 4
4 5
5 16
16 12
12 9
9 15
15 2
2 3
3 19
19 17
17 14
14 6
6 8
8 18
18 0
20 28
28 25
25 24
24 26
26 30
30 32
32 23
23 22
22 31
31 29
29 27
27 21
33 44
44 42
42 39
39 37
37 36
36 41
41 47
47 43
43 46
46 34
34 35
35 50
50 48
48 45
45 38
38 40
40 49
49 0
52 55
55 54
54 61
61 57
57 58
58 59
59 53
53 60
60 56
56 51
62 72
72 73
73 68
68 77
77 65
65 76
76 71
71 66
66 2
2 34
34 80
80 64
64 79
79 78
78 75
75 70
70 67
67 69
69 74
74 63
81 84
84 86
86 83
83 22
22 85
85 82
88 97
97 101
101 99
99 83
83 23
23 98
98 94
94 100
100 102
102 93
93 90
90 3
3 35
35 104
104 64
64 95
95 91
91 92
92 89
89 105
105 103
103 96
96 53
53 87
106 108
108 107
107 109
109 52
110 113
113 112
112 89
89 111
111 51
114 118
118 65
65 119
119 117
117 4
4 116
116 36
36 115
110 125
125 126
126 129
129 124
124 127
127 54
54 121
121 123
123 122
122 128
128 120
130 135
135 134
134 140
140 138
138 133
133 37
37 116
116 5
5 139
139 144
144 142
142 136
136 66
66 90
90 148
148 146
146 141
141 132
132 137
137 147
147 143
143 145
145 131
150 156
156 159
159 157
157 154
154 132
132 6
6 38
38 160
160 153
153 67
67 151
151 155
155 152
152 158
158 161
161 149
162 24
24 163
164 166
166 165
20 171
171 175
175 172
172 68
68 173
173 7
7 39
39 133
133 170
170 168
168 176
176 174
174 169
169 107
107 167
52 178
178 121
121 179
179 181
181 182
182 180
180 177
1 185
185 134
134 192
192 188
188 186
186 168
168 194
194 195
195 190
190 187
187 91
91 189
189 197
197 196
196 184
184 193
193 151
151 183
183 191
191 63
198 202
202 205
205 201
201 203
203 55
55 178
178 200
200 199
199 204
204 120
206 25
25 163
167 199
199 122
122 208
208 207
207 149
209 210
210 69
69 183
183 211
211 152
152 213
213 212
212 214
214 111
111 215
215 56
56 216
216 177
167 200
200 123
123 179
179 223
223 57
57 218
218 227
227 219
219 222
222 220
220 229
229 112
112 92
92 226
226 221
221 225
225 184
184 224
224 70
70 153
153 210
210 228
228 40
40 8
8 217
230 185
185 135
135 231
231 235
235 169
169 232
232 233
233 201
201 124
124 218
218 58
58 234
234 180
180 149
237 242
242 239
239 186
186 170
170 241
241 41
41 244
244 240
240 9
9 243
243 136
136 71
71 166
166 93
93 246
246 245
245 238
238 236
247 249
249 171
171 248
248 252
252 251
251 253
253 255
255 254
254 94
94 238
238 250
250 154
154 137
137 217
198 125
125 256
256 219
219 257
257 59
59 87
259 187
187 113
113 260
260 220
220 258
230 10
10 263
263 262
262 72
72 261
261 172
172 265
265 248
248 264
264 163
20 249
249 269
269 261
261 73
73 266
266 11
11 42
42 138
138 188
188 239
239 267
267 231
231 270
270 268
268 106
62 262
262 266
266 173
173 117
117 139
139 274
274 12
12 240
240 43
43 273
273 95
95 189
189 276
276 221
221 275
275 272
272 155
155 211
211 271
115 241
241 279
279 278
278 190
190 202
202 126
126 256
256 222
222 280
280 96
96 60
60 277
281 283
283 284
284 74
74 191
191 282
62 263
263 13
13 44
44 140
140 192
192 242
242 267
267 288
288 174
174 232
232 286
286 203
203 127
127 61
61 223
223 181
181 287
287 207
207 285
150 289
289 292
292 290
290 250
250 141
141 14
14 45
45 293
293 75
75 224
224 193
193 272
272 291
291 212
212 51
294 268
268 108
108 204
204 128
128 295
296 300
300 84
84 26
26 251
251 299
299 118
118 76
76 142
142 243
243 15
15 46
46 273
273 278
278 298
298 194
194 301
301 233
233 286
286 109
109 297
302 305
305 97
97 27
27 289
289 156
156 304
304 143
143 283
283 303
206 28
28 264
264 252
252 307
307 77
77 119
119 144
144 274
274 16
16 244
244 47
47 279
279 298
298 195
195 306
230 33
120 208
208 287
287 182
182 234
234 87
308 269
269 175
175 265
265 307
307 299
299 253
253 312
312 310
310 98
98 290
290 157
157 311
311 304
304 145
145 309
162 300
300 314
314 99
99 313
313 29
29 82
315 30
30 317
317 310
310 254
254 100
100 245
245 146
146 17
17 48
48 318
318 78
78 196
196 225
225 275
275 291
291 213
213 158
158 319
319 316
296 305
305 101
101 313
313 31
31 85
85 292
292 159
159 311
311 147
147 18
18 49
49 321
321 284
284 320
322 314
314 86
86 32
32 317
317 312
312 255
255 102
102 246
246 148
148 19
19 50
50 323
323 79
79 197
197 276
276 226
226 214
214 51
1 270
270 235
235 288
288 176
176 301
301 205
205 129
129 227
227 257
257 280
280 103
103 215
215 51
324 80
80 104
104 323
323 318
318 293
293 160
160 228
228 321
321 325
277 216
216 161
161 319
319 326
110 260
260 229
229 105
105 327
682
0 0.200000000000000 4.600000000000000
1 0.200000000000000 3.200000000000000
2 0.200000000000000 2.500000000000000
3 0.200000000000000 4.100000000000000
4 0.200000000000000 3.000000000000000
5 0.200000000000000 3.100000000000000
6 0.200000000000000 6.900000000000000
7 0.200000000000000 2.500000000000000
8 0.300000000000000 3.400000000000000
9 0.300000000000000 2.000000000000000
10 0.300000000000000 7.100000000000000
11 0.300000000000000 2.000000000000000
12 0.300000000000000 6.100000000000000
13 0.300000000000000 5.600000000000000
14 0.400000000000000 7.700000000000000
15 0.400000000000000 6.300000000000000
16 0.400000000000000 1.300000000000000
17 0.400000000000000 3.400000000000000
18 0.400000000000000 4.900000000000000
19 0.400000000000000 3.900000000000000
20 0.400000000000000 0.800000000000000
21 0.400000000000000 7.700000000000000
22 0.400000000000000 4.600000000000000
23 0.500000000000000 2.900000000000000
24 0.500000000000000 5.900000000000000
25 0.500000000000000 1.100000000000000
26 0.500000000000000 4.500000000000000
27 0.500000000000000 5.500000000000000
28 0.500000000000000 2.200000000000000
29 0.500000000000000 2.200000000000000
30 0.500000000000000 9.199999999999999
31 0.500000000000000 7.300000000000000
32 0.500000000000000 3.900000000000000
33 0.600000000000000 1.500000000000000
34 0.600000000000000 8.800000000000001
35 0.600000000000000 6.600000000000000
36 0.600000000000000 2.800000000000000
37 0.600000000000000 1.900000000000000
38 0.600000000000000 1.600000000000000
39 0.600000000000000 9.300000000000001
40 0.600000000000000 1.500000000000000
41 0.600000000000000 8.000000000000000
42 0.600000000000000 3.100000000000000
43 0.700000000000000 5.400000000000000
44 0.700000000000000 7.300000000000000
45 0.700000000000000 5.300000000000000
46 0.700000000000000 6.200000000000000
47 0.700000000000000 8.699999999999999
48 0.700000000000000 1.300000000000000
49 0.700000000000000 4.400000000000000
50 0.800000000000000 7.100000000000000
51 0.800000000000000 5.800000000000000
52 0.800000000000000 5.600000000000000
53 0.800000000000000 2.800000000000000
54 0.800000000000000 8.800000000000001
55 0.800000000000000 3.700000000000000
56 0.800000000000000 6.700000000000000
57 0.800000000000000 0.900000000000000
58 0.800000000000000 5.300000000000000
59 0.800000000000000 7.800000000000000
60 0.900000000000000 1.000000000000000
61 0.900000000000000 7.300000000000000
62 0.900000000000000 7.200000000000000
63 0.900000000000000 4.600000000000000
64 0.900000000000000 3.500000000000000
65 0.900000000000000 8.699999999999999
66 0.900000000000000 8.300000000000001
67 0.900000000000000 1.900000000000000
68 0.900000000000000 3.600000000000000
69 1.000000000000000 9.400000000000000
70 1.000000000000000 8.500000000000000
71 1.000000000000000 2.500000000000000
72 1.000000000000000 7.200000000000000
73 1.000000000000000 6.000000000000000
74 1.000000000000000 1.300000000000000
75 1.000000000000000 8.699999999999999
76 1.000000000000000 4.700000000000000
77 1.000000000000000 3.800000000000000
78 1.000000000000000 4.300000000000000
79 1.000000000000000 9.199999999999999
80 1.000000000000000 1.600000000000000
81 1.100000000000000 8.100000000000000
82 1.100000000000000 8.699999999999999
83 1.100000000000000 7.600000000000000
84 1.100000000000000 2.400000000000000
85 1.100000000000000 4.200000000000000
86 1.100000000000000 4.600000000000000
87 1.100000000000000 7.200000000000000
88 1.100000000000000 4.700000000000000
89 1.200000000000000 7.500000000000000
90 1.200000000000000 5.800000000000000
91 1.200000000000000 5.300000000000000
92 1.200000000000000 3.900000000000000
93 1.200000000000000 9.300000000000001
94 1.200000000000000 3.600000000000000
95 1.300000000000000 6.300000000000000
96 1.300000000000000 1.800000000000000
97 1.300000000000000 9.199999999999999
98 1.300000000000000 2.800000000000000
99 1.300000000000000 2.700000000000000
100 1.300000000000000 4.800000000000000
101 1.300000000000000 2.500000000000000
102 1.300000000000000 3.900000000000000
103 1.300000000000000 6.700000000000000
104 1.400000000000000 2.000000000000000
105 1.400000000000000 4.600000000000000
106 1.400000000000000 8.000000000000000
107 1.400000000000000 6.300000000000000
108 1.400000000000000 6.400000000000000
109 1.400000000000000 2.300000000000000
110 1.400000000000000 7.100000000000000
111 1.400000000000000 1.900000000000000
112 1.400000000000000 4.000000000000000
113 1.400000000000000 5.800000000000000
114 1.500000000000000 9.000000000000000
115 1.500000000000000 5.500000000000000
116 1.500000000000000 6.800000000000000
117 1.500000000000000 9.000000000000000
118 1.500000000000000 7.500000000000000
119 1.500000000000000 5.300000000000000
120 1.500000000000000 3.600000000000000
121 1.500000000000000 5.900000000000000
122 1.500000000000000 2.500000000000000
123 1.500000000000000 8.400000000000000
124 1.500000000000000 4.500000000000000
125 1.500000000000000 3.300000000000000
126 1.500000000000000 8.699999999999999
127 1.600000000000000 6.000000000000000
128 1.600000000000000 8.900000000000000
129 1.600000000000000 2.000000000000000
130 1.600000000000000 8.100000000000000
131 1.600000000000000 4.600000000000000
132 1.600000000000000 6.200000000000000
133 1.700000000000000 3.100000000000000
134 1.700000000000000 6.800000000000000
135 1.700000000000000 7.900000000000000
136 1.700000000000000 6.700000000000000
137 1.700000000000000 6.500000000000000
138 1.800000000000000 2.100000000000000
139 1.800000000000000 1.000000000000000
140 1.800000000000000 3.300000000000000
141 1.800000000000000 5.300000000000000
142 1.800000000000000 7.300000000000000
143 1.800000000000000 4.500000000000000
144 1.800000000000000 3.100000000000000
145 1.900000000000000 6.900000000000000
146 1.900000000000000 6.700000000000000
147 1.900000000000000 2.100000000000000
148 1.900000000000000 8.900000000000000
149 1.900000000000000 4.200000000000000
150 1.900000000000000 4.600000000000000
151 1.900000000000000 5.200000000000000
152 1.900000000000000 2.000000000000000
153 1.900000000000000 8.000000000000000
154 1.900000000000000 3.700000000000000
155 1.900000000000000 6.700000000000000
156 2.000000000000000 5.800000000000000
157 2.000000000000000 7.500000000000000
158 2.000000000000000 5.100000000000000
159 2.000000000000000 7.200000000000000
160 2.000000000000000 2.500000000000000
161 2.000000000000000 3.100000000000000
162 2.000000000000000 5.900000000000000
163 2.100000000000000 7.900000000000000
164 2.100000000000000 6.900000000000000
165 2.100000000000000 8.100000000000000
166 2.100000000000000 4.500000000000000
167 2.100000000000000 4.200000000000000
168 2.100000000000000 4.300000000000000
169 2.100000000000000 6.800000000000000
170 2.100000000000000 8.400000000000000
171 2.100000000000000 6.200000000000000
172 2.100000000000000 8.500000000000000
173 2.100000000000000 1.400000000000000
174 2.100000000000000 3.500000000000000
175 2.100000000000000 3.000000000000000
176 2.100000000000000 1.400000000000000
177 2.200000000000000 7.800000000000000
178 2.200000000000000 7.500000000000000
179 2.200000000000000 3.100000000000000
180 2.200000000000000 6.300000000000000
181 2.200000000000000 1.200000000000000
182 2.200000000000000 2.100000000000000
183 2.200000000000000 2.700000000000000
184 2.200000000000000 7.000000000000000
185 2.200000000000000 6.100000000000000
186 2.300000000000000 5.300000000000000
187 2.300000000000000 8.699999999999999
188 2.300000000000000 1.300000000000000
189 2.300000000000000 1.800000000000000
190 2.300000000000000 7.700000000000000
191 2.300000000000000 6.700000000000000
192 2.300000000000000 8.699999999999999
193 2.300000000000000 6.800000000000000
194 2.400000000000000 7.600000000000000
195 2.400000000000000 6.300000000000000
196 2.400000000000000 6.700000000000000
197 2.400000000000000 4.000000000000000
198 2.400000000000000 8.300000000000001
199 2.400000000000000 6.100000000000000
200 2.500000000000000 2.200000000000000
201 2.500000000000000 4.700000000000000
202 2.500000000000000 4.800000000000000
203 2.500000000000000 5.000000000000000
204 2.500000000000000 7.700000000000000
205 2.500000000000000 8.400000000000000
206 2.600000000000000 1.800000000000000
207 2.600000000000000 4.000000000000000
208 2.600000000000000 4.100000000000000
209 2.600000000000000 5.800000000000000
210 2.600000000000000 5.700000000000000
211 2.600000000000000 5.200000000000000
212 2.600000000000000 1.800000000000000
213 2.600000000000000 1.700000000000000
214 2.600000000000000 4.000000000000000
215 2.700000000000000 2.300000000000000
216 2.700000000000000 3.200000000000000
217 2.700000000000000 1.400000000000000
218 2.800000000000000 1.400000000000000
219 2.800000000000000 8.000000000000000
220 2.800000000000000 5.500000000000000
221 2.800000000000000 5.900000000000000
222 2.800000000000000 6.800000000000000
223 2.800000000000000 2.700000000000000
224 2.900000000000000 8.199999999999999
225 2.900000000000000 3.400000000000000
226 2.900000000000000 4.800000000000000
227 2.900000000000000 5.500000000000000
228 2.900000000000000 5.600000000000000
229 2.900000000000000 5.700000000000000
230 2.900000000000000 6.800000000000000
231 2.900000000000000 1.900000000000000
232 2.900000000000000 2.700000000000000
233 2.900000000000000 2.100000000000000
234 2.900000000000000 7.400000000000000
235 2.900000000000000 1.600000000000000
236 2.900000000000000 8.699999999999999
237 2.900000000000000 4.000000000000000
238 3.000000000000000 4.900000000000000
239 3.000000000000000 8.699999999999999
240 3.000000000000000 6.100000000000000
241 3.000000000000000 5.500000000000000
242 3.000000000000000 4.500000000000000
243 3.000000000000000 8.800000000000001
244 3.000000000000000 6.400000000000000
245 3.000000000000000 2.700000000000000
246 3.000000000000000 8.300000000000001
247 3.100000000000000 4.600000000000000
248 3.100000000000000 4.300000000000000
249 3.100000000000000 1.600000000000000
250 3.100000000000000 7.900000000000000
251 3.100000000000000 1.300000000000000
252 3.100000000000000 1.800000000000000
253 3.100000000000000 1.400000000000000
254 3.100000000000000 6.200000000000000
255 3.100000000000000 4.800000000000000
256 3.100000000000000 3.700000000000000
257 3.100000000000000 1.900000000000000
258 3.100000000000000 5.600000000000000
259 3.100000000000000 8.300000000000001
260 3.200000000000000 7.600000000000000
261 3.200000000000000 8.500000000000000
262 3.200000000000000 6.400000000000000
263 3.200000000000000 8.500000000000000
264 3.200000000000000 3.100000000000000
265 3.200000000000000 4.600000000000000
266 3.300000000000000 8.199999999999999
267 3.300000000000000 1.700000000000000
268 3.300000000000000 7.300000000000000
269 3.300000000000000 4.500000000000000
270 3.300000000000000 1.700000000000000
271 3.300000000000000 3.400000000000000
272 3.300000000000000 2.800000000000000
273 3.300000000000000 3.900000000000000
274 3.300000000000000 1.300000000000000
275 3.400000000000000 8.300000000000001
276 3.400000000000000 5.900000000000000
277 3.400000000000000 7.300000000000000
278 3.400000000000000 6.500000000000000
279 3.400000000000000 2.800000000000000
280 3.400000000000000 6.800000000000000
281 3.400000000000000 3.000000000000000
282 3.500000000000000 7.300000000000000
283 3.500000000000000 4.100000000000000
284 3.500000000000000 5.400000000000000
285 3.500000000000000 1.600000000000000
286 3.500000000000000 2.700000000000000
287 3.600000000000000 3.800000000000000
288 3.600000000000000 7.600000000000000
289 3.600000000000000 7.800000000000000
290 3.600000000000000 4.000000000000000
291 3.600000000000000 3.100000000000000
292 3.600000000000000 6.800000000000000
293 3.600000000000000 2.100000000000000
294 3.600000000000000 1.500000000000000
295 3.600000000000000 6.300000000000000
296 3.600000000000000 2.600000000000000
297 3.600000000000000 8.600000000000000
298 3.700000000000000 4.600000000000000
299 3.700000000000000 6.500000000000000
300 3.700000000000000 1.800000000000000
301 3.700000000000000 3.400000000000000
302 3.700000000000000 8.600000000000000
303 3.700000000000000 8.100000000000000
304 3.700000000000000 4.200000000000000
305 3.700000000000000 2.900000000000000
306 3.700000000000000 4.300000000000000
307 3.700000000000000 3.800000000000000
308 3.700000000000000 3.400000000000000
309 3.700000000000000 5.700000000000000
310 3.700000000000000 8.600000000000000
311 3.800000000000000 2.600000000000000
312 3.800000000000000 3.700000000000000
313 3.800000000000000 3.500000000000000
314 3.800000000000000 3.000000000000000
315 3.800000000000000 2.600000000000000
316 3.800000000000000 3.200000000000000
317 3.900000000000000 6.200000000000000
318 3.900000000000000 1.600000000000000
319 3.900000000000000 5.400000000000000
320 3.900000000000000 6.500000000000000
321 3.900000000000000 7.200000000000000
322 3.900000000000000 7.000000000000000
323 4.000000000000000 3.400000000000000
324 4.000000000000000 8.500000000000000
325 4.000000000000000 8.199999999999999
326 4.000000000000000 6.400000000000000
327 4.000000000000000 3.700000000000000
328 4.000000000000000 8.600000000000000
329 4.000000000000000 1.800000000000000
330 4.100000000000000 6.200000000000000
331 4.100000000000000 4.200000000000000
332 4.100000000000000 6.200000000000000
333 4.100000000000000 1.500000000000000
334 4.100000000000000 7.400000000000000
335 4.100000000000000 8.300000000000001
336 4.100000000000000 7.900000000000000
337 4.100000000000000 5.300000000000000
338 4.100000000000000 8.500000000000000
339 4.200000000000000 3.000000000000000
340 4.200000000000000 3.700000000000000
341 4.200000000000000 1.800000000000000
342 4.200000000000000 4.500000000000000
343 4.200000000000000 5.300000000000000
344 4.200000000000000 3.900000000000000
345 4.200000000000000 8.500000000000000
346 4.200000000000000 3.100000000000000
347 4.200000000000000 6.100000000000000
348 4.200000000000000 4.900000000000000
349 4.300000000000000 7.400000000000000
350 4.300000000000000 6.100000000000000
351 4.300000000000000 4.100000000000000
352 4.300000000000000 4.000000000000000
353 4.300000000000000 1.800000000000000
354 4.300000000000000 7.600000000000000
355 4.400000000000000 2.800000000000000
356 4.400000000000000 6.300000000000000
357 4.400000000000000 3.700000000000000
358 4.400000000000000 1.900000000000000
359 4.400000000000000 1.900000000000000
360 4.400000000000000 8.100000000000000
361 4.400000000000000 6.100000000000000
362 4.400000000000000 3.900000000000000
363 4.400000000000000 8.600000000000000
364 4.500000000000000 7.700000000000000
365 4.500000000000000 9.100000000000000
366 4.500000000000000 7.900000000000000
367 4.500000000000000 1.400000000000000
368 4.500000000000000 8.500000000000000
369 4.500000000000000 1.600000000000000
370 4.600000000000000 7.900000000000000
371 4.600000000000000 1.900000000000000
372 4.600000000000000 6.300000000000000
373 4.600000000000000 6.100000000000000
374 4.600000000000000 6.300000000000000
375 4.600000000000000 6.200000000000000
376 4.700000000000000 2.100000000000000
377 4.700000000000000 3.100000000000000
378 4.700000000000000 8.199999999999999
379 4.700000000000000 5.600000000000000
380 4.800000000000000 3.400000000000000
381 4.800000000000000 2.900000000000000
382 4.800000000000000 6.600000000000000
383 4.800000000000000 8.400000000000000
384 4.800000000000000 9.300000000000001
385 4.800000000000000 9.400000000000000
386 4.900000000000000 5.700000000000000
387 4.900000000000000 8.699999999999999
388 4.900000000000000 5.600000000000000
389 4.900000000000000 8.699999999999999
390 4.900000000000000 9.000000000000000
391 4.900000000000000 6.400000000000000
392 4.900000000000000 2.400000000000000
393 4.900000000000000 9.400000000000000
394 4.900000000000000 4.400000000000000
395 4.900000000000000 7.700000000000000
396 4.900000000000000 2.200000000000000
397 5.000000000000000 2.600000000000000
398 5.000000000000000 4.500000000000000
399 5.000000000000000 5.100000000000000
400 5.000000000000000 6.200000000000000
401 5.000000000000000 7.400000000000000
402 5.000000000000000 5.400000000000000
403 5.000000000000000 4.600000000000000
404 5.100000000000000 8.400000000000000
405 5.100000000000000 6.900000000000000
406 5.100000000000000 3.800000000000000
407 5.100000000000000 8.199999999999999
408 5.100000000000000 8.600000000000000
409 5.100000000000000 5.100000000000000
410 5.200000000000000 9.500000000000000
411 5.200000000000000 8.300000000000001
412 5.200000000000000 9.500000000000000
413 5.200000000000000 1.600000000000000
414 5.200000000000000 3.600000000000000
415 5.200000000000000 9.199999999999999
416 5.300000000000000 4.900000000000000
417 5.300000000000000 4.100000000000000
418 5.300000000000000 2.700000000000000
419 5.300000000000000 3.900000000000000
420 5.300000000000000 3.900000000000000
421 5.400000000000000 4.600000000000000
422 5.400000000000000 2.000000000000000
423 5.400000000000000 8.600000000000000
424 5.400000000000000 9.100000000000000
425 5.400000000000000 7.200000000000000
426 5.400000000000000 4.800000000000000
427 5.400000000000000 7.300000000000000
428 5.400000000000000 7.000000000000000
429 5.400000000000000 6.300000000000000
430 5.400000000000000 1.800000000000000
431 5.400000000000000 8.199999999999999
432 5.400000000000000 5.300000000000000
433 5.500000000000000 7.600000000000000
434 5.500000000000000 7.300000000000000
435 5.500000000000000 8.300000000000001
436 5.500000000000000 4.600000000000000
437 5.500000000000000 7.200000000000000
438 5.500000000000000 9.000000000000000
439 5.500000000000000 6.800000000000000
440 5.500000000000000 3.000000000000000
441 5.500000000000000 4.900000000000000
442 5.600000000000000 7.700000000000000
443 5.600000000000000 3.100000000000000
444 5.600000000000000 4.800000000000000
445 5.600000000000000 8.600000000000000
446 5.600000000000000 6.600000000000000
447 5.600000000000000 7.500000000000000
448 5.600000000000000 4.500000000000000
449 5.700000000000000 3.200000000000000
450 5.700000000000000 4.700000000000000
451 5.700000000000000 3.700000000000000
452 5.700000000000000 7.500000000000000
453 5.800000000000000 1.800000000000000
454 5.800000000000000 7.600000000000000
455 5.800000000000000 5.900000000000000
456 5.800000000000000 1.800000000000000
457 5.800000000000000 4.200000000000000
458 5.800000000000000 8.100000000000000
459 5.800000000000000 2.200000000000000
460 5.800000000000000 3.200000000000000
461 5.800000000000000 6.900000000000000
462 5.900000000000000 3.800000000000000
463 5.900000000000000 6.700000000000000
464 5.900000000000000 4.800000000000000
465 5.900000000000000 3.800000000000000
466 5.900000000000000 7.800000000000000
467 5.900000000000000 2.300000000000000
468 5.900000000000000 6.600000000000000
469 5.900000000000000 7.400000000000000
470 5.900000000000000 8.800000000000001
471 5.900000000000000 2.500000000000000
472 5.900000000000000 6.500000000000000
473 5.900000000000000 5.100000000000000
474 6.000000000000000 3.200000000000000
475 6.000000000000000 2.000000000000000
476 6.000000000000000 6.400000000000000
477 6.100000000000000 2.200000000000000
478 6.100000000000000 5.700000000000000
479 6.100000000000000 7.200000000000000
480 6.100000000000000 9.500000000000000
481 6.100000000000000 2.200000000000000
482 6.100000000000000 8.800000000000001
483 6.100000000000000 6.300000000000000
484 6.100000000000000 4.100000000000000
485 6.100000000000000 7.700000000000000
486 6.100000000000000 5.300000000000000
487 6.100000000000000 2.300000000000000
488 6.200000000000000 9.500000000000000
489 6.200000000000000 8.699999999999999
490 6.200000000000000 8.699999999999999
491 6.200000000000000 7.000000000000000
492 6.200000000000000 4.800000000000000
493 6.200000000000000 6.700000000000000
494 6.200000000000000 4.400000000000000
495 6.200000000000000 5.600000000000000
496 6.200000000000000 7.500000000000000
497 6.200000000000000 4.200000000000000
498 6.200000000000000 5.800000000000000
499 6.200000000000000 8.000000000000000
500 6.300000000000000 5.500000000000000
501 6.300000000000000 3.700000000000000
502 6.300000000000000 8.500000000000000
503 6.300000000000000 2.100000000000000
504 6.300000000000000 3.600000000000000
505 6.300000000000000 3.700000000000000
506 6.300000000000000 4.800000000000000
507 6.400000000000000 2.500000000000000
508 6.400000000000000 3.600000000000000
509 6.400000000000000 3.500000000000000
510 6.400000000000000 3.400000000000000
511 6.400000000000000 6.800000000000000
512 6.500000000000000 8.300000000000001
513 6.500000000000000 4.100000000000000
514 6.500000000000000 6.300000000000000
515 6.500000000000000 4.800000000000000
516 6.500000000000000 4.500000000000000
517 6.500000000000000 4.700000000000000
518 6.500000000000000 3.900000000000000
519 6.600000000000000 6.800000000000000
520 6.600000000000000 6.200000000000000
521 6.700000000000000 2.000000000000000
522 6.700000000000000 7.100000000000000
523 6.700000000000000 6.000000000000000
524 6.700000000000000 6.800000000000000
525 6.700000000000000 2.800000000000000
526 6.700000000000000 6.200000000000000
527 6.700000000000000 3.200000000000000
528 6.700000000000000 8.699999999999999
529 6.700000000000000 7.000000000000000
530 6.700000000000000 5.900000000000000
531 6.800000000000000 7.800000000000000
532 6.800000000000000 2.400000000000000
533 6.800000000000000 4.200000000000000
534 6.800000000000000 8.600000000000000
535 6.800000000000000 4.400000000000000
536 6.800000000000000 8.699999999999999
537 6.800000000000000 3.200000000000000
538 6.800000000000000 8.100000000000000
539 6.800000000000000 1.900000000000000
540 6.900000000000000 9.000000000000000
541 6.900000000000000 6.100000000000000
542 6.900000000000000 6.200000000000000
543 6.900000000000000 5.200000000000000
544 6.900000000000000 6.000000000000000
545 6.900000000000000 7.800000000000000
546 6.900000000000000 8.800000000000001
547 7.000000000000000 5.300000000000000
548 7.000000000000000 5.700000000000000
549 7.000000000000000 7.700000000000000
550 7.000000000000000 7.600000000000000
551 7.000000000000000 5.000000000000000
552 7.000000000000000 4.600000000000000
553 7.000000000000000 6.400000000000000
554 7.000000000000000 3.200000000000000
555 7.000000000000000 6.900000000000000
556 7.000000000000000 4.000000000000000
557 7.100000000000000 4.600000000000000
558 7.100000000000000 4.800000000000000
559 7.100000000000000 8.800000000000001
560 7.100000000000000 5.300000000000000
561 7.100000000000000 2.900000000000000
562 7.100000000000000 3.300000000000000
563 7.100000000000000 4.900000000000000
564 7.100000000000000 8.199999999999999
565 7.100000000000000 7.900000000000000
566 7.200000000000000 1.800000000000000
567 7.200000000000000 6.100000000000000
568 7.200000000000000 7.000000000000000
569 7.200000000000000 2.500000000000000
570 7.200000000000000 4.800000000000000
571 7.200000000000000 6.700000000000000
572 7.200000000000000 3.800000000000000
573 7.200000000000000 7.700000000000000
574 7.200000000000000 3.700000000000000
575 7.200000000000000 7.900000000000000
576 7.300000000000000 3.700000000000000
577 7.300000000000000 7.600000000000000
578 7.300000000000000 3.100000000000000
579 7.300000000000000 2.700000000000000
580 7.300000000000000 3.400000000000000
581 7.300000000000000 6.300000000000000
582 7.300000000000000 6.300000000000000
583 7.300000000000000 7.600000000000000
584 7.300000000000000 2.200000000000000
585 7.400000000000000 5.000000000000000
586 7.400000000000000 7.600000000000000
587 7.400000000000000 2.000000000000000
588 7.400000000000000 8.000000000000000
589 7.400000000000000 5.000000000000000
590 7.400000000000000 6.900000000000000
591 7.400000000000000 5.700000000000000
592 7.400000000000000 4.200000000000000
593 7.400000000000000 8.900000000000000
594 7.500000000000000 6.800000000000000
595 7.500000000000000 2.400000000000000
596 7.500000000000000 5.900000000000000
597 7.500000000000000 7.800000000000000
598 7.500000000000000 3.400000000000000
599 7.500000000000000 2.000000000000000
600 7.500000000000000 4.900000000000000
601 7.500000000000000 4.800000000000000
602 7.500000000000000 6.900000000000000
603 7.500000000000000 8.800000000000001
604 7.500000000000000 2.700000000000000
605 7.500000000000000 5.800000000000000
606 7.600000000000000 8.199999999999999
607 7.600000000000000 4.400000000000000
608 7.600000000000000 1.900000000000000
609 7.600000000000000 8.300000000000001
610 7.600000000000000 7.500000000000000
611 7.700000000000000 2.500000000000000
612 7.700000000000000 6.800000000000000
613 7.700000000000000 4.100000000000000
614 7.800000000000000 2.700000000000000
615 7.800000000000000 5.400000000000000
616 7.800000000000000 3.800000000000000
617 7.900000000000000 2.900000000000000
618 7.900000000000000 6.000000000000000
619 7.900000000000000 2.500000000000000
620 7.900000000000000 6.300000000000000
621 7.900000000000000 4.200000000000000
622 7.900000000000000 4.800000000000000
623 8.000000000000000 8.600000000000000
624 8.000000000000000 6.700000000000000
625 8.000000000000000 3.900000000000000
626 8.000000000000000 3.300000000000000
627 8.100000000000000 7.000000000000000
628 8.100000000000000 5.900000000000000
629 8.100000000000000 6.600000000000000
630 8.100000000000000 4.600000000000000
631 8.100000000000000 8.000000000000000
632 8.199999999999999 6.400000000000000
633 8.199999999999999 6.000000000000000
634 8.199999999999999 4.600000000000000
635 8.199999999999999 5.200000000000000
636 8.199999999999999 8.000000000000000
637 8.300000000000001 7.900000000000000
638 8.300000000000001 7.900000000000000
639 8.300000000000001 4.500000000000000
640 8.300000000000001 5.600000000000000
641 8.300000000000001 4.400000000000000
642 8.300000000000001 3.700000000000000
643 8.400000000000000 3.800000000000000
644 8.400000000000000 6.000000000000000
645 8.400000000000000 4.200000000000000
646 8.400000000000000 8.199999999999999
647 8.400000000000000 5.000000000000000
648 8.400000000000000 5.500000000000000
649 8.400000000000000 5.700000000000000
650 8.400000000000000 6.900000000000000
651 8.500000000000000 7.600000000000000
652 8.500000000000000 7.400000000000000
653 8.500000000000000 5.000000000000000
654 8.600000000000000 3.800000000000000
655 8.600000000000000 6.200000000000000
656 8.600000000000000 5.600000000000000
657 8.600000000000000 7.200000000000000
658 8.600000000000000 3.700000000000000
659 8.600000000000000 4.400000000000000
660 8.600000000000000 8.600000000000000
661 8.699999999999999 3.400000000000000
662 8.699999999999999 5.800000000000000
663 8.699999999999999 6.600000000000000
664 8.699999999999999 4.100000000000000
665 8.699999999999999 4.900000000000000
666 8.699999999999999 4.900000000000000
667 8.800000000000001 3.700000000000000
668 8.800000000000001 5.700000000000000
669 8.800000000000001 5.000000000000000
670 8.800000000000001 7.200000000000000
671 8.900000000000000 8.000000000000000
672 8.900000000000000 8.100000000000000
673 8.900000000000000 4.000000000000000
674 8.900000000000000 5.500000000000000
675 8.900000000000000 7.100000000000000
676 9.000000000000000 8.300000000000001
677 9.000000000000000 8.000000000000000
678 9.000000000000000 6.100000000000000
679 9.000000000000000 6.600000000000000
680 9.000000000000000 7.200000000000000
681 9.600000000000000 8.199999999999999
