346
0 5.370000000000000 1.520000000000000
1 1.030000000000000 2.010000000000000
2 1.867693126700579 1.915421743759612
3 2.457921340829759 1.848783074422446
4 1.843220373688252 1.918184796519068
5 1.082593624804040 2.004062010102770
6 2.668196044338188 1.825042382090849
7 3.773573254822964 1.700241729294181
8 1.810000000000000 1.860000000000000
9 6.890000000000000 6.740000000000000
10 5.060700727736513 4.982720384124840
11 2.873593677256302 2.881719910435188
12 6.092535677537690 5.973931910705498
13 6.671135576666963 6.529752286247003
14 3.557305557250046 3.538513999877997
15 4.956578809644805 4.882697754146978
16 5.456929780419033 5.363349867804111
17 4.899061676892861 4.827445075440385
18 5.443419403966633 5.350371395936451
19 5.214828988096155 5.130780602738039
20 4.832605283733475 4.763605075712472
21 4.845258773011178 4.775760396120973
22 5.888748131122666 5.778167496039096
23 6.875574131412984 6.726142078995149
24 7.870000000000000 3.200000000000000
25 5.640000000000000 4.370000000000000
26 6.972215502022287 3.671034915979338
27 6.582115606104233 3.875706161819752
28 5.734618265361681 4.320357232971674
29 5.865094533414419 4.251901074396919
30 6.591745566466364 3.870653671405540
31 5.914018167856618 4.226232620451909
32 7.146155293911673 3.579775025167419
33 4.670000000000000 0.570000000000000
34 9.800000000000001 7.480000000000000
35 6.953405665245377 3.645698469170673
36 7.447563019999768 4.311317830058167
37 6.188539033199056 2.615439516453308
38 9.141903456473862 6.593558067102220
39 9.091788566191465 6.526054384480119
40 6.389420795630957 2.886022943042867
41 6.967451754404483 3.664618250084790
42 9.279585679931468 6.779013069849210
43 7.041341539950549 3.764146206833975
44 7.235496213461675 4.025668388892822
45 7.922590790264394 4.951170050823969
46 6.860000000000000 9.800000000000001
47 0.950000000000000 8.660000000000000
48 5.267906135556933 9.492895599752099
49 5.040686164229472 9.449066366704162
50 1.538364852398523 8.773491697416974
51 3.550000000000000 6.140000000000000
52 2.120000000000000 6.290000000000000
53 2.799979108923179 6.218673520043023
54 3.139949759602398 6.183012262978769
55 2.217008966519510 6.279824234281170
56 3.460648360265063 6.149372549622545
57 8.250000000000000 0.250000000000000
58 9.880000000000001 1.910000000000000
59 4.080000000000000 6.020000000000000
60 4.733891761963727 5.328383713307597
61 4.381837642212255 5.700748647660115
62 4.119627239475339 5.978086573631852
63 4.283603641310035 5.804649994768233
64 4.145550289626119 5.950667962895451
65 5.365885377287161 4.659928927869348
66 5.436147217954712 4.585613519470978
67 5.344852921950581 4.682174794090731
68 4.340965517241379 5.743978779840849
69 0.150000000000000 1.470000000000000
70 9.880000000000001 9.660000000000000
71 0.211211953002127 1.521523730224812
72 3.409604847801579 4.213696166854566
73 5.995050191004656 6.389934333435573
74 5.873286450079242 6.287442551505547
75 2.917186841982124 3.799214823826680
76 4.523288619774884 5.151113442544326
77 5.332164515452804 5.831965815165308
78 8.801691296909691 8.752358861427581
79 4.350956117897706 5.006056588446270
80 5.276525400439698 5.785132891017587
81 5.070635400688797 5.611829797702080
82 4.355006379869552 5.009465801760701
83 4.367279104675742 5.019796080914113
84 7.038364113621450 7.268119433767694
85 3.671189138722477 4.433878627557768
86 5.645030235210570 6.095313219565731
87 6.715954963798210 6.996739070247413
88 8.144747110931871 8.199391453086539
89 3.320000000000000 8.840000000000000
90 3.494446669093557 6.792147797597378
91 3.523910392929400 6.446269300393995
92 3.542944497701557 6.222825461764328
93 3.437134464751958 7.464943239868317
94 9.550000000000001 6.720000000000000
95 9.650000000000000 3.350000000000000
96 9.649288800265870 3.373967431040214
97 1.500000000000000 7.190000000000000
98 3.090000000000000 7.780000000000000
99 2.966125649436158 7.734034046017191
100 4.620000000000000 7.300000000000000
101 9.949999999999999 9.830000000000000
102 4.659047697249838 7.318534835655176
103 5.665492290697127 7.796265571381563
104 5.025968124788064 7.492701567676135
105 4.905261457046948 7.435405532144236
106 5.290230703573740 7.618139527212301
107 4.937053705624590 7.450496411863079
108 4.683445352634493 7.330115711475660
109 4.890003882667316 7.428163193836456
110 5.649397905994832 7.788626022920624
111 6.117711416314723 8.010921178851078
112 6.927317592269448 8.395218294266735
113 4.897250475074583 7.431602945954727
114 0.060000000000000 1.370000000000000
115 4.910000000000000 6.230000000000000
116 3.755420015873300 5.073039438586441
117 4.573337342810279 5.892643193001641
118 3.496120698075735 4.813205483020221
119 4.096918638970227 5.415242182555733
120 3.851121329280398 5.168938074289223
121 4.656068183986516 5.975544613231849
122 4.891036149197816 6.210997048474512
123 3.916994933669993 5.234947500543539
124 3.926742365573393 5.244715030244678
125 3.426961088268453 4.743903276079315
126 2.390000000000000 1.680000000000000
127 4.720000000000000 7.470000000000000
128 4.017284877280942 5.723767999766805
129 4.020346570647093 5.731376242080116
130 2.998454756324157 3.191997012496509
131 3.933794025679981 5.516295025187592
132 4.306882476462137 6.443411819191319
133 3.800632290214637 5.185390970104184
134 3.892914635666331 5.414710618243802
135 4.673809433184254 7.355217432676752
136 4.601740251050172 7.176127061622532
137 3.837121256117612 5.276065267348057
138 4.261707139975797 6.331152077450585
139 3.841930551621535 5.288016263471540
140 4.536169098911281 7.013184155663655
141 3.556696646222107 4.579216129453217
142 4.596540696128090 7.163206279219589
143 4.667828716188608 7.340355479284137
144 6.220000000000000 5.430000000000000
145 5.210000000000000 9.740000000000000
146 6.009382119821583 6.328775310464333
147 5.616028418428956 8.007344075813073
148 5.590559188223262 8.116029602730439
149 5.881177695668605 6.875865476899318
150 5.672706075253934 7.765481995698558
151 5.470210220874433 8.629597968347717
152 5.558439221508896 8.253095995343227
153 5.589995762455354 8.118433924571706
154 3.050000000000000 5.430000000000000
155 4.015733704701645 5.723296902909389
156 3.736524510881512 5.638500036638089
157 5.260450569213577 6.101322024724123
158 3.597846421006933 5.596382987120624
159 9.038645938829248 7.248773951792587
160 9.177926259861536 7.291073901143133
161 4.522075654246407 5.877074828326687
162 5.166143105760633 6.072680498786562
163 8.279983201217913 7.018365268518033
164 4.951991483394329 6.007641857919760
165 3.356984636718608 5.523232371151577
166 3.372184002374675 5.527848474795271
167 8.239351942603991 7.006025404790842
168 3.233870149938430 5.485842045536856
169 5.568514245140676 6.194882104079761
170 6.942759255807835 6.612245403615713
171 5.190000000000000 7.780000000000000
172 2.335966413224965 2.781219279967987
173 3.907017454559268 5.532882642304990
174 4.933245171671062 7.330299235589552
175 4.684309901306388 6.894294265010005
176 5.091917401208280 7.608210359512727
177 3.723052554010104 5.210671928917105
178 3.800968714270866 5.347140469965541
179 4.783832404423004 7.068605868101828
180 4.685561832344576 6.896486996295825
181 3.777818537222189 5.306593414306319
182 4.354518194218331 6.316670920051041
183 3.784076467339459 5.317554049304615
184 3.444118115306871 4.722124036277123
185 4.832106283314489 7.153156567225376
186 5.088589276811748 7.602381218557854
187 7.290000000000000 0.540000000000000
188 7.080000000000000 2.310000000000000
189 7.640000000000000 6.070000000000000
190 5.341045883984345 4.644527131230399
191 5.604773389493119 4.808052101664599
192 5.382157314441537 4.670018387582484
193 5.642598829485475 4.831505870525295
194 7.295212582297002 5.856213606437456
195 5.215336612530741 4.566580749194523
196 5.233233116385739 4.577677525991158
197 6.228150429588850 5.194578762409973
198 6.302021268167293 5.240382580525894
199 7.363682437785952 5.898668530025590
200 8.480000000000000 2.700000000000000
201 1.910000000000000 6.770000000000000
202 5.708997752402004 4.416587389303477
203 3.668418883810216 5.680690280501129
204 5.208598011528492 4.726576269875043
205 3.986617412097420 5.483571861912253
206 5.830853306867499 4.341100006247988
207 6.590945197044335 3.870236384783798
208 3.065116505121456 6.054425544011517
209 5.949219308982596 4.267774339793125
210 6.703633858960081 3.800427731207378
211 2.065171546362937 6.673873943120676
212 7.193087333644453 3.497219870938673
213 3.492781564177266 5.789494525692318
214 3.235803029199254 5.948688230008985
215 6.750000000000000 5.400000000000000
216 6.818302593659943 5.293400576368876
217 6.600000000000000 1.070000000000000
218 4.510000000000000 8.920000000000000
219 4.961246186430958 7.225127960055970
220 4.908882132690640 7.421806343721757
221 5.666164349337765 4.577468831434708
222 5.189556253155665 6.367599719008627
223 5.498784403669725 5.206144703919931
224 5.944229879342983 3.533060022563435
225 4.579929954575110 8.657344428988218
226 5.796577801860381 4.087638399711008
227 5.741126622790396 4.295911967031288
228 4.903100313229620 7.443522746960516
229 5.059025526970125 6.857870628365799
230 4.547814955908107 8.777967749340363
231 4.904541321782390 7.438110346415423
232 4.765950808931001 7.958653660235234
233 4.882372330396906 7.521376653772388
234 6.380000000000000 8.920000000000000
235 3.371005172119222 5.325393836946223
236 2.731000756429651 4.560831599848713
237 4.798418013751293 7.030610127187067
238 4.685715702760683 6.895973663899234
239 3.482518214029779 5.458609575304562
240 4.218548342874235 6.337886074161467
241 3.490087538537439 5.467652043664187
242 3.163840300726306 5.077910485836014
243 5.531193243752610 7.905998257963957
244 4.865081031876331 7.110247118776313
245 5.911563679482154 8.360396484191497
246 6.057792035037870 8.535083839325303
247 4.750000000000000 7.260000000000000
248 5.456829341638922 7.979838470626141
249 6.009644805162070 8.542828451882844
250 5.069204703367193 7.585079636558000
251 5.820901934322988 8.350611785874944
252 5.607047200878158 8.132821075740946
253 8.779999999999999 8.890000000000001
254 9.117106109975511 6.750908502155390
255 9.106732271523775 6.816735222512767
256 8.908187831516816 8.076589941829660
257 9.260000000000000 8.020000000000000
258 8.670000000000000 2.780000000000000
259 9.124091351126067 6.812946915085748
260 8.755482151916139 3.539197417017907
261 7.070000000000000 4.120000000000000
262 3.648380932746635 5.235005218433310
263 5.750690997800001 4.549924077831343
264 6.093612356495779 4.438176072883216
265 4.380039290644580 4.996579236133234
266 4.470474134588041 4.967109175047180
267 6.786526067044480 4.212375833873566
268 3.156628642363086 5.395252855349343
269 9.520000000000000 9.550000000000001
270 2.240000000000000 4.200000000000000
271 5.082993116589932 6.289287523867602
272 4.906456542881527 6.159552541815408
273 3.758986266074131 5.316287983996785
274 3.770288261855316 5.324593708918399
275 6.557679770047216 7.373020160680303
276 3.263121712163079 4.951882027482482
277 5.346917022711940 6.483242592240231
278 6.513253619722597 7.340371822186249
279 7.765231036245407 8.260437643394633
280 4.100000000000000 8.850000000000000
281 6.108218809454433 3.618558524587355
282 4.335310511749507 8.237012428639996
283 5.887129232874316 4.194500336932423
284 5.874570004858018 4.227217322767983
285 4.721616914545766 7.230678194396451
286 4.708989796941244 7.263572033673436
287 4.482581162141123 7.853370076052434
288 4.676655588694787 7.347803152961226
289 4.837863647352728 2.956236602465952
290 6.579558622983536 3.864299794888852
291 6.891845111763377 4.027115827500564
292 1.660000000000000 3.640000000000000
293 4.301273153026577 8.178525699566794
294 2.894526411271522 5.761298903875010
295 3.312365700277126 6.479276273715626
296 2.899201799922375 5.769332670289153
297 2.780218486309626 5.564882469433442
298 4.651194805194805 8.779799524419243
299 4.641370905657636 8.762919020989179
300 2.752579390312325 5.517389938283150
301 4.009820601851852 7.677719907407408
302 8.400000000000000 7.160000000000000
303 3.570000000000000 1.460000000000000
304 5.902617782221719 4.212778749205755
305 8.264817605123989 7.000467981202223
306 6.431484367043486 4.836907017007841
307 6.526191775107104 4.948673523418321
308 7.350345810459313 5.921277664517201
309 5.290000000000000 4.880000000000000
310 4.884130137371390 6.234036432466875
311 4.620822514479402 7.112466065140148
312 4.603698298215414 7.169594753012443
313 4.407139760093884 7.825340464224605
314 0.430000000000000 7.030000000000000
315 0.711508170585892 6.885083831539790
316 7.151902258085507 3.569665907464047
317 3.293581241609602 5.555871484493982
318 2.441955593509822 5.994275547964702
319 2.977815421735197 5.718422975101371
320 0.680000000000000 6.890000000000000
321 0.714865612041162 6.884559975426201
322 3.990685969156336 6.373439068642274
323 1.884364746945900 6.702084933100640
324 3.753205624527211 6.410492739435471
325 3.300774083309647 5.564307281841907
326 2.430744941328653 6.008506421509748
327 2.985493410691090 5.725275916998407
328 5.930000000000000 7.510000000000000
329 6.484585666541246 7.388971636307297
330 7.760000000000000 2.500000000000000
331 6.100000000000000 5.420000000000000
332 3.030436493644068 5.247254131355932
333 4.879199122204243 7.415491321791945
334 3.690000000000000 4.410000000000000
335 2.790775355371212 5.551481512359832
336 4.673380350992291 8.757770214859766
337 5.284234715734073 8.151217641418985
338 5.442544931703810 7.994022286125090
339 0.980000000000000 9.180000000000000
340 3.370000000000000 7.440000000000000
341 2.955195844819262 7.741991309629491
342 5.900000000000000 8.380000000000001
343 9.279999999999999 2.650000000000000
344 0.750000000000000 3.730000000000000
345 5.310000000000000 7.800000000000000
612
1 5
5 4
4 2
2 3
3 6
6 7
7 0
8 2
2 11
11 14
14 20
20 21
21 17
17 15
15 10
10 19
19 18
18 16
16 22
22 12
12 13
13 23
23 9
25 28
28 29
29 31
31 27
27 30
30 26
26 32
32 24
33 37
37 40
40 35
35 41
41 26
26 43
43 44
44 36
36 45
45 39
39 38
38 42
42 34
47 50
50 49
49 48
48 46
52 55
55 53
53 54
54 56
56 51
57 58
59 62
62 64
64 63
63 68
68 61
61 60
60 10
10 67
67 65
65 66
66 25
69 71
71 75
75 72
72 85
85 79
79 82
82 83
83 76
76 60
60 81
81 80
80 77
77 86
86 74
74 73
73 87
87 84
84 88
88 78
78 70
89 93
93 90
90 91
91 92
92 51
94 96
96 95
97 99
99 98
100 102
102 108
108 109
109 113
113 105
105 107
107 104
104 106
106 110
110 103
103 111
111 112
112 101
114 71
71 125
125 118
118 116
116 120
120 123
123 124
124 119
119 61
61 117
117 121
121 122
122 115
126 3
3 11
11 130
130 72
72 141
141 116
116 133
133 137
137 139
139 134
134 131
131 128
128 129
129 62
62 138
138 132
132 140
140 142
142 136
136 102
102 143
143 135
135 127
145 48
48 151
151 152
152 153
153 148
148 147
147 103
103 150
150 149
149 73
73 146
146 12
12 144
154 168
168 165
165 166
166 158
158 156
156 155
155 128
128 63
63 161
161 117
117 164
164 162
162 157
157 169
169 74
74 146
146 13
13 170
170 167
167 163
163 159
159 160
160 34
8 4
4 172
172 75
75 184
184 118
118 177
177 181
181 183
183 178
178 173
173 155
155 129
129 64
64 182
182 175
175 180
180 179
179 185
185 174
174 104
104 186
186 176
176 171
188 187
114 5
5 172
172 130
130 14
14 195
195 196
196 190
190 65
65 192
192 191
191 193
193 197
197 198
198 194
194 199
199 189
201 211
211 53
53 208
208 214
214 213
213 203
203 156
156 173
173 131
131 205
205 119
119 76
76 15
15 204
204 190
190 66
66 202
202 206
206 209
209 27
27 207
207 210
210 35
35 212
212 200
215 216
216 36
36 200
218 230
230 225
225 232
232 233
233 228
228 231
231 105
105 220
220 174
174 219
219 229
229 222
222 157
157 77
77 16
16 223
223 191
191 221
221 202
202 28
28 227
227 226
226 224
224 37
37 217
114 236
236 242
242 235
235 239
239 241
241 158
158 203
203 240
240 132
132 175
175 238
238 237
237 244
244 219
219 106
106 243
243 147
147 245
245 246
246 234
247 220
220 107
107 250
250 176
176 248
248 148
148 252
252 251
251 249
249 234
253 78
78 256
256 159
159 255
255 254
254 38
38 96
96 58
258 260
260 39
39 254
254 259
259 160
160 257
154 268
268 235
235 262
262 177
177 133
133 120
120 79
79 265
265 266
266 17
17 204
204 67
67 192
192 221
221 263
263 264
264 267
267 261
270 236
236 276
276 262
262 273
273 274
274 178
178 134
134 205
205 68
68 161
161 121
121 272
272 271
271 222
222 277
277 149
149 278
278 275
275 279
279 269
280 282
282 287
287 135
135 288
288 108
108 286
286 285
285 179
179 237
237 271
271 162
162 80
80 18
18 223
223 193
193 263
263 206
206 29
29 284
284 283
283 281
281 40
40 187
126 6
6 289
289 224
224 281
281 290
290 207
207 30
30 291
291 261
292 300
300 297
297 294
294 296
296 208
208 54
54 295
295 90
90 301
301 293
293 282
282 225
225 299
299 298
298 49
49 145
303 7
7 289
289 226
226 283
283 304
304 31
31 209
209 264
264 306
306 307
307 216
216 194
194 308
308 305
305 163
163 302
280 293
293 313
313 136
136 312
312 311
311 180
180 238
238 310
310 122
122 272
272 164
164 81
81 19
19 309
314 315
315 318
318 294
294 319
319 317
317 165
165 239
239 273
273 181
181 137
137 123
123 82
82 265
265 20
20 195
195 227
227 284
284 304
304 290
290 210
210 41
41 316
316 24
320 315
315 321
321 323
323 211
211 295
295 91
91 324
324 322
322 240
240 138
138 182
182 310
310 115
314 321
321 326
326 296
296 327
327 325
325 166
166 241
241 274
274 183
183 139
139 124
124 83
83 266
266 21
21 196
196 25
328 329
329 275
275 84
84 167
167 305
305 255
255 259
259 42
42 94
331 197
197 306
306 267
267 291
291 43
43 32
32 316
316 212
212 330
292 332
332 268
268 168
168 317
317 325
325 213
213 322
322 140
140 311
311 285
285 333
333 109
109 228
228 171
97 323
323 55
55 326
326 318
318 297
297 335
335 332
332 242
242 276
276 125
125 184
184 141
141 85
85 334
218 298
298 336
336 337
337 338
338 248
248 243
243 110
110 150
150 328
339 50
50 341
341 99
99 340
247 185
185 244
244 229
229 277
277 169
169 86
86 22
22 198
198 307
307 44
44 24
342 245
245 111
111 329
329 278
278 87
87 23
23 170
170 308
308 199
199 45
45 260
260 343
280 230
230 299
299 336
336 151
151 249
249 246
246 112
112 279
279 88
88 256
256 257
344 300
300 335
335 319
319 327
327 214
214 56
56 92
92 324
324 142
142 312
312 286
286 333
333 113
113 231
231 250
250 186
186 345
340 93
93 301
301 313
313 287
287 232
232 337
337 152
152 251
251 342
314 341
341 98
100 143
143 288
288 233
233 338
338 153
153 252
252 342
542
0 0.500000000000000 6.600000000000000
1 0.500000000000000 4.700000000000000
2 0.500000000000000 2.500000000000000
3 0.500000000000000 6.600000000000000
4 0.500000000000000 6.600000000000000
5 0.600000000000000 5.800000000000000
6 0.600000000000000 3.200000000000000
7 0.600000000000000 2.100000000000000
8 0.600000000000000 4.600000000000000
9 0.700000000000000 2.800000000000000
10 0.700000000000000 7.100000000000000
11 0.700000000000000 5.300000000000000
12 0.700000000000000 4.300000000000000
13 0.700000000000000 6.300000000000000
14 0.700000000000000 4.500000000000000
15 0.800000000000000 5.800000000000000
16 0.800000000000000 6.200000000000000
17 0.800000000000000 1.900000000000000
18 0.900000000000000 1.900000000000000
19 0.900000000000000 1.900000000000000
20 0.900000000000000 2.200000000000000
21 0.900000000000000 4.100000000000000
22 1.000000000000000 3.600000000000000
23 1.000000000000000 4.000000000000000
24 1.000000000000000 4.900000000000000
25 1.000000000000000 7.000000000000000
26 1.000000000000000 6.100000000000000
27 1.000000000000000 2.300000000000000
28 1.000000000000000 4.900000000000000
29 1.100000000000000 6.000000000000000
30 1.100000000000000 2.500000000000000
31 1.100000000000000 3.300000000000000
32 1.100000000000000 5.700000000000000
33 1.200000000000000 3.000000000000000
34 1.200000000000000 6.500000000000000
35 1.200000000000000 4.900000000000000
36 1.200000000000000 2.300000000000000
37 1.200000000000000 3.600000000000000
38 1.200000000000000 2.800000000000000
39 1.300000000000000 3.600000000000000
40 1.300000000000000 2.100000000000000
41 1.300000000000000 6.400000000000000
42 1.300000000000000 6.100000000000000
43 1.400000000000000 2.300000000000000
44 1.400000000000000 2.600000000000000
45 1.400000000000000 3.100000000000000
46 1.400000000000000 2.600000000000000
47 1.400000000000000 2.500000000000000
48 1.400000000000000 4.100000000000000
49 1.500000000000000 5.700000000000000
50 1.500000000000000 6.200000000000000
51 1.600000000000000 3.600000000000000
52 1.600000000000000 8.699999999999999
53 1.600000000000000 6.400000000000000
54 1.600000000000000 8.500000000000000
55 1.600000000000000 3.900000000000000
56 1.600000000000000 6.100000000000000
57 1.700000000000000 2.600000000000000
58 1.700000000000000 2.200000000000000
59 1.700000000000000 7.700000000000000
60 1.700000000000000 2.300000000000000
61 1.700000000000000 8.000000000000000
62 1.700000000000000 8.500000000000000
63 1.700000000000000 5.500000000000000
64 1.700000000000000 6.600000000000000
65 1.700000000000000 5.300000000000000
66 1.800000000000000 6.900000000000000
67 1.800000000000000 8.500000000000000
68 1.800000000000000 8.100000000000000
69 1.800000000000000 2.200000000000000
70 1.800000000000000 6.800000000000000
71 1.800000000000000 7.900000000000000
72 1.900000000000000 7.100000000000000
73 1.900000000000000 4.300000000000000
74 1.900000000000000 7.200000000000000
75 1.900000000000000 3.100000000000000
76 1.900000000000000 7.700000000000000
77 1.900000000000000 8.600000000000000
78 1.900000000000000 3.100000000000000
79 1.900000000000000 7.100000000000000
80 1.900000000000000 4.300000000000000
81 1.900000000000000 6.800000000000000
82 1.900000000000000 2.800000000000000
83 1.900000000000000 6.400000000000000
84 2.000000000000000 7.100000000000000
85 2.000000000000000 6.700000000000000
86 2.000000000000000 3.400000000000000
87 2.000000000000000 5.900000000000000
88 2.000000000000000 8.500000000000000
89 2.000000000000000 2.000000000000000
90 2.000000000000000 4.300000000000000
91 2.000000000000000 5.500000000000000
92 2.000000000000000 7.900000000000000
93 2.100000000000000 4.300000000000000
94 2.100000000000000 6.200000000000000
95 2.100000000000000 8.100000000000000
96 2.100000000000000 3.600000000000000
97 2.100000000000000 4.300000000000000
98 2.200000000000000 1.900000000000000
99 2.200000000000000 8.699999999999999
100 2.200000000000000 5.300000000000000
101 2.200000000000000 6.000000000000000
102 2.200000000000000 1.900000000000000
103 2.200000000000000 6.800000000000000
104 2.200000000000000 8.800000000000001
105 2.200000000000000 3.100000000000000
106 2.200000000000000 6.400000000000000
107 2.200000000000000 7.900000000000000
108 2.200000000000000 8.500000000000000
109 2.200000000000000 8.500000000000000
110 2.300000000000000 6.000000000000000
111 2.300000000000000 5.600000000000000
112 2.300000000000000 2.600000000000000
113 2.300000000000000 7.700000000000000
114 2.300000000000000 8.900000000000000
115 2.300000000000000 8.699999999999999
116 2.300000000000000 8.800000000000001
117 2.300000000000000 2.500000000000000
118 2.300000000000000 8.000000000000000
119 2.400000000000000 6.500000000000000
120 2.400000000000000 2.200000000000000
121 2.400000000000000 3.500000000000000
122 2.400000000000000 5.600000000000000
123 2.400000000000000 7.200000000000000
124 2.400000000000000 3.500000000000000
125 2.400000000000000 6.800000000000000
126 2.500000000000000 7.700000000000000
127 2.500000000000000 8.900000000000000
128 2.500000000000000 6.600000000000000
129 2.500000000000000 8.699999999999999
130 2.500000000000000 2.500000000000000
131 2.500000000000000 2.500000000000000
132 2.500000000000000 4.200000000000000
133 2.600000000000000 8.100000000000000
134 2.600000000000000 6.200000000000000
135 2.600000000000000 3.300000000000000
136 2.600000000000000 7.100000000000000
137 2.600000000000000 8.000000000000000
138 2.600000000000000 5.900000000000000
139 2.600000000000000 6.200000000000000
140 2.600000000000000 6.100000000000000
141 2.600000000000000 8.699999999999999
142 2.600000000000000 2.700000000000000
143 2.600000000000000 4.500000000000000
144 2.600000000000000 5.200000000000000
145 2.700000000000000 8.600000000000000
146 2.700000000000000 2.900000000000000
147 2.700000000000000 8.900000000000000
148 2.700000000000000 6.100000000000000
149 2.700000000000000 4.700000000000000
150 2.700000000000000 5.100000000000000
151 2.700000000000000 5.400000000000000
152 2.700000000000000 6.800000000000000
153 2.700000000000000 6.700000000000000
154 2.700000000000000 8.400000000000000
155 2.700000000000000 2.200000000000000
156 2.800000000000000 9.000000000000000
157 2.800000000000000 2.800000000000000
158 2.800000000000000 3.800000000000000
159 2.800000000000000 4.600000000000000
160 2.800000000000000 6.900000000000000
161 2.800000000000000 7.000000000000000
162 2.800000000000000 7.400000000000000
163 2.800000000000000 6.900000000000000
164 2.900000000000000 3.700000000000000
165 2.900000000000000 8.199999999999999
166 2.900000000000000 4.200000000000000
167 2.900000000000000 4.200000000000000
168 2.900000000000000 5.000000000000000
169 3.000000000000000 4.100000000000000
170 3.000000000000000 6.800000000000000
171 3.000000000000000 8.300000000000001
172 3.000000000000000 7.100000000000000
173 3.000000000000000 3.800000000000000
174 3.000000000000000 6.200000000000000
175 3.000000000000000 8.300000000000001
176 3.000000000000000 2.800000000000000
177 3.000000000000000 4.400000000000000
178 3.000000000000000 8.699999999999999
179 3.000000000000000 8.100000000000000
180 3.000000000000000 6.900000000000000
181 3.000000000000000 7.400000000000000
182 3.100000000000000 3.300000000000000
183 3.100000000000000 8.500000000000000
184 3.100000000000000 5.800000000000000
185 3.100000000000000 6.200000000000000
186 3.100000000000000 7.200000000000000
187 3.100000000000000 5.700000000000000
188 3.200000000000000 5.100000000000000
189 3.200000000000000 8.900000000000000
190 3.200000000000000 7.900000000000000
191 3.200000000000000 2.800000000000000
192 3.200000000000000 5.100000000000000
193 3.200000000000000 2.400000000000000
194 3.200000000000000 6.700000000000000
195 3.200000000000000 6.800000000000000
196 3.200000000000000 3.100000000000000
197 3.200000000000000 4.500000000000000
198 3.300000000000000 5.300000000000000
199 3.300000000000000 6.900000000000000
200 3.300000000000000 4.900000000000000
201 3.300000000000000 7.400000000000000
202 3.300000000000000 4.900000000000000
203 3.300000000000000 4.500000000000000
204 3.300000000000000 3.900000000000000
205 3.300000000000000 2.100000000000000
206 3.400000000000000 7.400000000000000
207 3.400000000000000 9.100000000000000
208 3.400000000000000 8.100000000000000
209 3.400000000000000 8.300000000000001
210 3.400000000000000 1.800000000000000
211 3.400000000000000 7.900000000000000
212 3.500000000000000 5.200000000000000
213 3.500000000000000 5.200000000000000
214 3.500000000000000 4.300000000000000
215 3.500000000000000 7.200000000000000
216 3.500000000000000 3.600000000000000
217 3.600000000000000 5.200000000000000
218 3.600000000000000 8.500000000000000
219 3.600000000000000 7.800000000000000
220 3.600000000000000 4.900000000000000
221 3.600000000000000 1.900000000000000
222 3.600000000000000 7.500000000000000
223 3.600000000000000 6.600000000000000
224 3.700000000000000 8.000000000000000
225 3.700000000000000 8.400000000000000
226 3.700000000000000 5.300000000000000
227 3.700000000000000 7.600000000000000
228 3.700000000000000 4.600000000000000
229 3.700000000000000 8.300000000000001
230 3.700000000000000 8.600000000000000
231 3.700000000000000 8.600000000000000
232 3.700000000000000 2.500000000000000
233 3.800000000000000 8.300000000000001
234 3.800000000000000 2.500000000000000
235 3.800000000000000 3.300000000000000
236 3.800000000000000 1.900000000000000
237 3.800000000000000 6.500000000000000
238 3.800000000000000 7.000000000000000
239 3.800000000000000 8.900000000000000
240 3.900000000000000 7.600000000000000
241 3.900000000000000 3.800000000000000
242 3.900000000000000 7.200000000000000
243 3.900000000000000 3.900000000000000
244 3.900000000000000 3.300000000000000
245 3.900000000000000 4.200000000000000
246 3.900000000000000 6.100000000000000
247 4.000000000000000 7.600000000000000
248 4.000000000000000 5.700000000000000
249 4.000000000000000 5.900000000000000
250 4.000000000000000 4.800000000000000
251 4.000000000000000 8.600000000000000
252 4.000000000000000 8.699999999999999
253 4.000000000000000 6.200000000000000
254 4.000000000000000 8.800000000000001
255 4.000000000000000 3.900000000000000
256 4.000000000000000 3.300000000000000
257 4.000000000000000 4.600000000000000
258 4.000000000000000 7.000000000000000
259 4.100000000000000 3.800000000000000
260 4.100000000000000 4.100000000000000
261 4.100000000000000 5.800000000000000
262 4.100000000000000 7.000000000000000
263 4.100000000000000 4.800000000000000
264 4.100000000000000 7.700000000000000
265 4.100000000000000 4.300000000000000
266 4.100000000000000 5.800000000000000
267 4.200000000000000 6.600000000000000
268 4.300000000000000 6.500000000000000
269 4.300000000000000 7.100000000000000
270 4.300000000000000 6.800000000000000
271 4.300000000000000 7.500000000000000
272 4.300000000000000 9.100000000000000
273 4.400000000000000 2.500000000000000
274 4.400000000000000 4.500000000000000
275 4.400000000000000 8.300000000000001
276 4.400000000000000 7.600000000000000
277 4.400000000000000 5.000000000000000
278 4.400000000000000 8.500000000000000
279 4.400000000000000 6.000000000000000
280 4.400000000000000 2.600000000000000
281 4.400000000000000 7.200000000000000
282 4.400000000000000 9.000000000000000
283 4.400000000000000 8.300000000000001
284 4.400000000000000 8.699999999999999
285 4.400000000000000 7.900000000000000
286 4.500000000000000 9.000000000000000
287 4.500000000000000 6.400000000000000
288 4.500000000000000 9.199999999999999
289 4.500000000000000 8.500000000000000
290 4.500000000000000 9.199999999999999
291 4.500000000000000 2.800000000000000
292 4.500000000000000 7.100000000000000
293 4.600000000000000 8.500000000000000
294 4.600000000000000 5.200000000000000
295 4.700000000000000 5.300000000000000
296 4.700000000000000 8.000000000000000
297 4.700000000000000 9.000000000000000
298 4.700000000000000 5.400000000000000
299 4.700000000000000 8.500000000000000
300 4.700000000000000 4.800000000000000
301 4.700000000000000 6.200000000000000
302 4.700000000000000 3.300000000000000
303 4.700000000000000 2.800000000000000
304 4.700000000000000 9.199999999999999
305 4.800000000000000 8.000000000000000
306 4.800000000000000 5.200000000000000
307 4.800000000000000 3.400000000000000
308 4.800000000000000 4.300000000000000
309 4.800000000000000 4.300000000000000
310 4.800000000000000 4.000000000000000
311 4.800000000000000 5.500000000000000
312 4.800000000000000 6.300000000000000
313 4.800000000000000 8.300000000000001
314 4.800000000000000 6.500000000000000
315 4.900000000000000 7.700000000000000
316 4.900000000000000 6.200000000000000
317 4.900000000000000 3.600000000000000
318 4.900000000000000 9.000000000000000
319 4.900000000000000 3.200000000000000
320 5.000000000000000 8.400000000000000
321 5.000000000000000 6.900000000000000
322 5.000000000000000 8.900000000000000
323 5.000000000000000 7.500000000000000
324 5.100000000000000 3.900000000000000
325 5.100000000000000 7.400000000000000
326 5.100000000000000 7.300000000000000
327 5.100000000000000 6.500000000000000
328 5.100000000000000 9.100000000000000
329 5.100000000000000 9.300000000000001
330 5.100000000000000 3.500000000000000
331 5.200000000000000 9.199999999999999
332 5.200000000000000 4.400000000000000
333 5.200000000000000 8.500000000000000
334 5.200000000000000 3.500000000000000
335 5.300000000000000 4.000000000000000
336 5.300000000000000 4.300000000000000
337 5.300000000000000 6.700000000000000
338 5.300000000000000 7.500000000000000
339 5.300000000000000 7.400000000000000
340 5.400000000000000 7.300000000000000
341 5.400000000000000 3.400000000000000
342 5.400000000000000 8.100000000000000
343 5.400000000000000 7.400000000000000
344 5.400000000000000 4.700000000000000
345 5.400000000000000 8.300000000000001
346 5.400000000000000 6.500000000000000
347 5.400000000000000 7.600000000000000
348 5.500000000000000 4.800000000000000
349 5.500000000000000 6.400000000000000
350 5.600000000000000 8.100000000000000
351 5.600000000000000 5.500000000000000
352 5.600000000000000 6.100000000000000
353 5.600000000000000 8.400000000000000
354 5.600000000000000 5.100000000000000
355 5.700000000000000 3.900000000000000
356 5.700000000000000 5.300000000000000
357 5.700000000000000 5.300000000000000
358 5.800000000000000 7.600000000000000
359 5.800000000000000 5.400000000000000
360 5.800000000000000 4.500000000000000
361 5.800000000000000 4.300000000000000
362 5.800000000000000 7.500000000000000
363 5.800000000000000 7.100000000000000
364 5.800000000000000 4.100000000000000
365 5.900000000000000 8.100000000000000
366 5.900000000000000 4.600000000000000
367 5.900000000000000 8.300000000000001
368 5.900000000000000 5.600000000000000
369 5.900000000000000 4.300000000000000
370 5.900000000000000 7.800000000000000
371 5.900000000000000 8.000000000000000
372 6.000000000000000 6.700000000000000
373 6.000000000000000 3.500000000000000
374 6.000000000000000 5.100000000000000
375 6.000000000000000 5.500000000000000
376 6.000000000000000 6.500000000000000
377 6.000000000000000 7.000000000000000
378 6.000000000000000 6.500000000000000
379 6.000000000000000 3.600000000000000
380 6.100000000000000 3.700000000000000
381 6.100000000000000 7.800000000000000
382 6.100000000000000 7.000000000000000
383 6.100000000000000 6.700000000000000
384 6.100000000000000 8.500000000000000
385 6.100000000000000 5.400000000000000
386 6.100000000000000 5.900000000000000
387 6.200000000000000 6.700000000000000
388 6.200000000000000 7.800000000000000
389 6.200000000000000 7.400000000000000
390 6.200000000000000 7.900000000000000
391 6.200000000000000 7.500000000000000
392 6.200000000000000 6.300000000000000
393 6.200000000000000 4.200000000000000
394 6.200000000000000 8.000000000000000
395 6.300000000000000 4.300000000000000
396 6.300000000000000 6.700000000000000
397 6.300000000000000 8.100000000000000
398 6.400000000000000 6.500000000000000
399 6.400000000000000 7.000000000000000
400 6.400000000000000 3.600000000000000
401 6.400000000000000 8.100000000000000
402 6.500000000000000 4.200000000000000
403 6.500000000000000 5.900000000000000
404 6.500000000000000 7.300000000000000
405 6.500000000000000 8.300000000000001
406 6.500000000000000 4.100000000000000
407 6.500000000000000 3.300000000000000
408 6.500000000000000 7.900000000000000
409 6.600000000000000 8.199999999999999
410 6.600000000000000 7.600000000000000
411 6.600000000000000 4.400000000000000
412 6.600000000000000 3.200000000000000
413 6.700000000000000 5.100000000000000
414 6.700000000000000 6.200000000000000
415 6.700000000000000 4.100000000000000
416 6.700000000000000 6.300000000000000
417 6.700000000000000 5.400000000000000
418 6.700000000000000 4.900000000000000
419 6.700000000000000 3.400000000000000
420 6.700000000000000 6.800000000000000
421 6.700000000000000 5.900000000000000
422 6.800000000000000 4.400000000000000
423 6.800000000000000 5.200000000000000
424 6.800000000000000 8.199999999999999
425 6.900000000000000 6.000000000000000
426 6.900000000000000 7.600000000000000
427 6.900000000000000 3.600000000000000
428 6.900000000000000 6.100000000000000
429 7.000000000000000 5.200000000000000
430 7.000000000000000 5.800000000000000
431 7.100000000000000 8.199999999999999
432 7.100000000000000 5.200000000000000
433 7.100000000000000 4.100000000000000
434 7.100000000000000 4.700000000000000
435 7.200000000000000 7.900000000000000
436 7.200000000000000 4.100000000000000
437 7.200000000000000 7.000000000000000
438 7.200000000000000 6.500000000000000
439 7.300000000000000 6.900000000000000
440 7.300000000000000 6.800000000000000
441 7.300000000000000 5.900000000000000
442 7.300000000000000 5.400000000000000
443 7.300000000000000 5.100000000000000
444 7.300000000000000 5.400000000000000
445 7.400000000000000 6.000000000000000
446 7.400000000000000 5.200000000000000
447 7.400000000000000 5.500000000000000
448 7.400000000000000 7.500000000000000
449 7.500000000000000 7.500000000000000
450 7.500000000000000 5.800000000000000
451 7.500000000000000 7.000000000000000
452 7.600000000000000 5.400000000000000
453 7.600000000000000 4.500000000000000
454 7.600000000000000 5.800000000000000
455 7.600000000000000 4.300000000000000
456 7.700000000000000 4.700000000000000
457 7.700000000000000 6.000000000000000
458 7.700000000000000 6.300000000000000
459 7.700000000000000 6.100000000000000
460 7.700000000000000 4.600000000000000
461 7.700000000000000 7.400000000000000
462 7.700000000000000 6.200000000000000
463 7.700000000000000 4.900000000000000
464 7.700000000000000 8.000000000000000
465 7.700000000000000 4.900000000000000
466 7.800000000000000 4.300000000000000
467 7.900000000000000 5.400000000000000
468 7.900000000000000 4.700000000000000
469 7.900000000000000 3.500000000000000
470 7.900000000000000 7.300000000000000
471 7.900000000000000 4.600000000000000
472 7.900000000000000 7.700000000000000
473 8.000000000000000 6.300000000000000
474 8.000000000000000 7.200000000000000
475 8.000000000000000 7.800000000000000
476 8.000000000000000 5.000000000000000
477 8.000000000000000 5.500000000000000
478 8.000000000000000 3.600000000000000
479 8.000000000000000 6.200000000000000
480 8.100000000000000 8.199999999999999
481 8.100000000000000 5.400000000000000
482 8.100000000000000 6.400000000000000
483 8.100000000000000 7.700000000000000
484 8.100000000000000 4.800000000000000
485 8.199999999999999 4.100000000000000
486 8.199999999999999 7.900000000000000
487 8.199999999999999 7.400000000000000
488 8.199999999999999 4.400000000000000
489 8.199999999999999 5.700000000000000
490 8.199999999999999 4.800000000000000
491 8.199999999999999 4.600000000000000
492 8.300000000000001 3.600000000000000
493 8.300000000000001 3.900000000000000
494 8.300000000000001 7.600000000000000
495 8.300000000000001 7.800000000000000
496 8.300000000000001 3.500000000000000
497 8.400000000000000 4.900000000000000
498 8.400000000000000 4.700000000000000
499 8.400000000000000 7.000000000000000
500 8.400000000000000 4.700000000000000
501 8.400000000000000 5.600000000000000
502 8.500000000000000 5.000000000000000
503 8.500000000000000 4.700000000000000
504 8.500000000000000 6.500000000000000
505 8.500000000000000 6.400000000000000
506 8.600000000000000 7.000000000000000
507 8.600000000000000 7.100000000000000
508 8.600000000000000 8.000000000000000
509 8.699999999999999 5.400000000000000
510 8.699999999999999 4.100000000000000
511 8.699999999999999 5.400000000000000
512 8.699999999999999 7.200000000000000
513 8.699999999999999 4.700000000000000
514 8.699999999999999 4.500000000000000
515 8.800000000000001 5.000000000000000
516 8.800000000000001 6.300000000000000
517 8.800000000000001 6.200000000000000
518 8.800000000000001 5.500000000000000
519 8.800000000000001 6.100000000000000
520 8.800000000000001 6.100000000000000
521 8.800000000000001 6.500000000000000
522 8.800000000000001 4.500000000000000
523 8.900000000000000 6.400000000000000
524 8.900000000000000 7.900000000000000
525 8.900000000000000 6.200000000000000
526 9.000000000000000 6.100000000000000
527 9.000000000000000 7.900000000000000
528 9.100000000000000 7.100000000000000
529 9.100000000000000 6.800000000000000
530 9.199999999999999 6.700000000000000
531 9.199999999999999 7.100000000000000
532 9.300000000000001 6.900000000000000
533 9.400000000000000 5.400000000000000
534 9.400000000000000 5.500000000000000
535 9.400000000000000 7.300000000000000
536 9.400000000000000 7.200000000000000
537 9.500000000000000 6.300000000000000
538 9.500000000000000 4.500000000000000
539 9.600000000000000 7.000000000000000
540 9.600000000000000 4.900000000000000
541 9.600000000000000 5.600000000000000
