312
0 5.850000000000000 0.420000000000000
1 5.410000000000000 6.780000000000000
2 5.631530014641289 3.577884333821375
3 5.654108292245629 3.251525593904079
4 5.743222452651385 1.963420911675434
5 5.614041778459180 3.830668838635491
6 5.451611409463978 6.178525990475226
7 5.539885284810127 4.902567246835443
8 5.468109263657958 5.940057007125890
9 5.486363609308969 5.676198738170346
10 5.516334539761059 5.242982561635599
11 5.702350295628574 2.554209363186973
12 5.493232739584867 5.576908582364198
13 5.540371069567883 4.895545448973337
14 5.724259918588271 2.237515722224071
15 5.439595861935609 6.352205268385293
16 5.436387611450024 6.398579070858752
17 5.780410006568864 1.425891723231881
18 5.706166461829831 2.499048415368807
19 4.960000000000000 3.020000000000000
20 3.530000000000000 3.740000000000000
21 3.952820687308608 3.527111262334127
22 3.929668861385182 3.538768125736132
23 3.987948777590403 3.509424391702734
24 6.140000000000000 6.910000000000000
25 6.920000000000000 2.070000000000000
26 6.689613016710642 3.499580768103196
27 6.362912533169304 5.526799153154572
28 6.350319071791152 5.604943195552332
29 6.523735036159409 4.528874903831358
30 6.367120622568093 5.500687418936447
31 6.184380182675620 6.634615276730772
32 6.305222409049220 5.884773769489454
33 6.270751062022089 6.098672897196262
34 6.367950243902439 5.495539512195122
35 6.443723317141426 5.025357878250638
36 6.655192783345786 3.713162728982558
37 6.287359500553337 5.995615406822885
38 6.319553095982045 5.795850019803724
39 5.200000000000000 2.160000000000000
40 6.250000000000000 5.610000000000000
41 5.573488810023901 3.387177518649960
42 5.362685185185185 2.694537037037038
43 6.249387576552931 5.607987751531059
44 6.211968503937008 5.485039370078740
45 5.341979075850044 2.626502677793000
46 6.219370698131760 5.509360865290068
47 6.055067573614965 4.969507741877741
48 5.373809992347217 2.731089974855144
49 3.310000000000000 5.780000000000000
50 3.870000000000000 0.080000000000000
51 3.684520543746456 1.967915894009288
52 3.564408277646045 3.190487173959906
53 3.577674169002803 3.055459351221467
54 3.578680580294078 3.045215522006709
55 3.585193054603610 2.978927837070401
56 3.399712114865158 4.866858830836788
57 3.457872350139246 4.274870721796960
58 3.765259555777268 1.146108092981378
59 2.000000000000000 9.400000000000000
60 5.970000000000000 2.720000000000000
61 5.531540098438947 3.457761244944039
62 4.967627955997628 4.406610895197946
63 2.929391683263604 7.836187293652173
64 3.377513553935315 7.082168629650402
65 4.785234891875846 4.713509048430566
66 4.891654723444380 4.534444948965124
67 4.200646373820755 5.697149174528302
68 3.437944613781748 6.980486141042299
69 4.744977587728229 4.781246779338900
70 2.926967815153911 7.840265741756141
71 3.566184141182503 6.764707792670247
72 3.743682306705398 6.466045891991926
73 3.268639741527329 7.265361845490540
74 3.429646448486355 6.994448797005328
75 2.656106708044879 8.296021962282168
76 3.689573914580479 6.557089735668111
77 4.212905421682350 5.676521859738515
78 6.930000000000000 3.760000000000000
79 6.152699902881191 2.917924894787957
80 6.155245368865779 2.920682482937928
81 7.310000000000000 1.960000000000000
82 2.730000000000000 1.970000000000000
83 5.932762560999663 1.963007068644105
84 5.551607252934796 1.963839285473941
85 6.475643973449127 1.961821738049238
86 0.170000000000000 4.540000000000000
87 1.940000000000000 4.980000000000000
88 1.910066017360121 4.972558783976528
89 1.620000000000000 5.310000000000000
90 1.570000000000000 9.180000000000000
91 1.619852686223294 5.321402086317025
92 1.585590529807628 7.973292992889600
93 1.586676903067307 7.889207702590411
94 5.990000000000000 5.530000000000000
95 5.240000000000000 2.140000000000000
96 5.925036496350366 5.236364963503650
97 5.347393051227239 2.625416591547120
98 5.859788949063495 4.941446049766999
99 5.371178573932553 2.732927154175138
100 3.450000000000000 7.610000000000000
101 9.980000000000000 2.940000000000000
102 6.306611591583839 5.567063379372660
103 6.698329065595388 5.286922398724279
104 6.261230697239119 5.599518015910157
105 3.933009747015662 7.264570364691710
106 5.715014970969998 5.990150089673831
107 6.607887014082049 5.351603008305793
108 5.997168865397100 5.788364685849241
109 6.412404831415651 5.491404201728777
110 4.322526457945328 6.986003283521489
111 6.960277531106861 5.099587125533072
112 8.529035944976602 3.977672609028985
113 3.733373607801560 7.407342304987246
114 4.488370888936368 6.867397848187927
115 7.352761543943396 4.818897946368200
116 4.879101157680126 6.587962878044994
117 4.112600711909000 7.136133947225876
118 4.238639867411837 7.045995684408380
119 4.752605886071504 6.678427337219921
120 6.460000000000000 5.700000000000000
121 0.310000000000000 0.370000000000000
122 6.301111111111111 5.562296296296297
123 3.867025920873124 3.452755798090041
124 6.426563077439947 5.671021333781287
125 4.167828405235092 3.713451284537080
126 6.238029079159936 5.507625201938611
127 5.530076238881829 4.894066073697586
128 2.268963730569949 2.067768566493956
129 0.717211848036058 0.722916934964584
130 0.581010101010100 0.604875420875421
131 9.940000000000000 8.920000000000000
132 2.760000000000000 7.810000000000000
133 8.115580811101804 8.637951908122981
134 5.014479010729294 8.158533663218595
135 8.571661282292416 8.708460170382253
136 2.934454048800601 7.836969915622377
137 3.883309737854227 7.983659304877185
138 7.635972380983233 8.563806315165932
139 3.255924077184516 7.886667928366965
140 5.587576688729340 8.247132329316095
141 5.598539478157226 8.248827133809822
142 6.876596602871139 8.446409781223810
143 5.810000000000000 1.430000000000000
144 7.390000000000000 8.289999999999999
145 6.680251159814429 5.208432250839865
146 7.348178240446870 8.108419449028819
147 6.682822668150040 5.219597154119797
148 7.102604860071404 7.042195784866982
149 6.052739261906980 2.483918567520180
150 6.738440092930634 5.461075340192499
151 7.093643305452029 7.003286756582860
152 6.644738391590543 5.054243902728563
153 6.152236550057061 2.915913122399647
154 6.810841601119442 5.775426192202135
155 7.275364412344057 7.792278397898884
156 6.007731383284199 2.288504613499751
157 7.302809570601906 7.911439021727262
158 3.400000000000000 3.200000000000000
159 3.085446883351226 3.583496265503300
160 9.190000000000000 5.420000000000000
161 9.191964105156723 5.429165824064713
162 9.210718167701863 5.516684782608697
163 6.850000000000000 5.050000000000000
164 6.699200426439234 5.190746268656715
165 6.373154981549816 5.495055350553505
166 6.818673083952723 5.079238454977459
167 3.050000000000000 7.840000000000000
168 3.826765550239234 7.229684210526315
169 5.601945825475742 5.834899708554775
170 5.859667052692530 5.632404458598726
171 5.988992805755396 5.530791366906475
172 4.138366772923307 6.984854678417402
173 3.206020806241871 7.717412223667102
174 3.710848601735776 7.320761812921890
175 4.369438055230356 6.803298670890435
176 4.372065303955402 6.801234404035041
177 3.980665549036043 7.108762782900252
178 4.155158490069708 6.971661186373800
179 4.685921253292666 6.554633300984333
180 2.640000000000000 6.840000000000000
181 8.670000000000000 8.820000000000000
182 5.272310348089292 7.704340711312902
183 3.674113042324532 7.179559506434921
184 7.240246198406952 8.350528602461985
185 3.560960144927536 7.142404823707549
186 4.091307207837649 7.316548635409378
187 4.806057861738309 7.551242879973773
188 5.312314666399519 7.717476457623723
189 2.692592721314731 6.857269251774986
190 7.012551352054082 8.275763130525220
191 5.980000000000000 7.680000000000000
192 7.231040884850879 8.071740075054315
193 8.307470263025632 8.408803819735299
194 6.018457583547557 7.692042273636103
195 7.186267045706924 8.057719984009239
196 9.760000000000000 4.530000000000000
197 7.650000000000000 7.870000000000000
198 7.726154725829604 7.749451761009064
199 9.323733540464566 5.220582926468412
200 8.464358547238747 6.580920593470420
201 8.617555427194089 6.338419371171441
202 8.853129238133228 5.965520542481054
203 3.530000000000000 2.990000000000000
204 6.013079482885072 6.399409652666032
205 5.419074545902852 5.583807018985782
206 6.449960436927636 6.999272102517220
207 4.845040777891165 4.795625938555227
208 5.852278636800126 6.178620926176338
209 6.983393708293613 7.731706387035271
210 5.821204917151493 6.135954938057750
211 7.204323666571494 8.035055811613709
212 4.270000000000000 9.470000000000001
213 8.800000000000001 1.490000000000000
214 6.217856129063833 6.038677282576295
215 4.603633599159776 8.882274586910592
216 6.535000000000000 5.480000000000000
217 5.675298795161956 6.994440533025958
218 6.766736662766592 5.071775150358191
219 5.452457683823529 7.386995073529413
220 7.119859237286823 4.449718164779504
221 6.228167417175941 6.020513026696687
222 5.438692386694158 7.411243875095059
223 6.378562910825432 5.755577918678378
224 5.173492013333590 7.878418042736855
225 5.289206060150941 7.674577403972515
226 5.786673179723501 5.549611797235023
227 7.068160720880948 7.003127821543956
228 5.162092390253710 4.841186504898663
229 6.208963347034265 6.028590722414352
230 6.122396144729963 5.930402631084764
231 7.571562866753143 7.574107298282262
232 5.470000000000000 8.710000000000001
233 4.141027645971173 8.974262514201698
234 6.820000000000000 2.330000000000000
235 5.899144982279426 2.514730793828444
236 5.596842791425326 2.575375002328050
237 9.760000000000000 5.180000000000000
238 8.400148907368013 5.306497776058789
239 7.701378206866627 5.371499701686825
240 7.790954536698132 5.363167019842034
241 8.103096836629771 5.334130526825137
242 4.222901627309434 5.695078918389820
243 9.456460115926028 5.208236268285950
244 8.170000000000000 7.010000000000000
245 3.360000000000000 6.980000000000000
246 3.622621260602367 6.981637970440348
247 4.712955595540116 6.988438392487777
248 3.938486726891838 6.983608025323650
249 4.573355651887777 6.987567706768531
250 4.170198408522712 6.985053212527169
251 4.920297400554348 6.989731584618842
252 8.021725791968356 7.009075212839719
253 4.110000000000000 4.690000000000000
254 7.586619781547235 5.189593000104229
255 8.046500489868942 5.255678220000852
256 8.064212561952846 5.258223458705823
257 1.860000000000000 8.310000000000000
258 8.930000000000000 2.890000000000000
259 8.060000000000000 5.250000000000000
260 3.446865165147032 6.306075478533905
261 3.654239194201111 7.103169402710523
262 3.637153989462930 7.037498146998137
263 3.767283465855175 7.537683321880829
264 3.458681907250163 6.351496080992815
265 8.000000000000000 8.760000000000000
266 4.368438466150423 6.802759939611084
267 5.534222593420806 7.431062496070984
268 4.634241553267194 6.946015243267887
269 3.347574564723692 6.252562536798720
270 5.004136341943567 7.145371055300364
271 3.111946091041271 6.125569923907300
272 1.896776012122831 5.470650673200299
273 7.039278189066059 8.242216341999843
274 2.142828353703310 5.179817839640140
275 3.732169268693509 4.784078334702821
276 1.917453317169505 5.235935318616428
277 4.830000000000000 0.820000000000000
278 7.716008777039371 5.394691016442057
279 5.157692005868911 1.339433512238390
280 5.833269070470527 2.410309094092224
281 8.419495039248854 6.509806226597989
282 0.690000000000000 8.350000000000000
283 3.753154046418877 7.061563426879442
284 5.608341028537748 6.281226975784666
285 4.094756400038969 6.917877226577909
286 4.736243598049162 6.648052217916906
287 2.201435648112161 7.714253662259471
288 1.679795920421377 7.933667930351930
289 2.850000000000000 7.240000000000000
290 2.315952844136643 7.514440899540892
291 1.688313878978906 7.836977589969173
292 4.299001675873627 7.174804543479611
293 4.408904672365573 7.197604932029222
294 5.110701159174442 7.343199074980246
295 7.380386775551475 7.814066254135388
296 2.240000000000000 8.580000000000000
297 4.346723038794005 7.142236409543427
298 4.826185119947923 6.815020581646915
299 8.593481259507497 6.291423522549210
300 0.290000000000000 3.530000000000000
301 6.770000000000000 9.300000000000001
302 5.606890407255389 8.264329884238210
303 3.143373181104079 6.070735070211503
304 1.938430542163954 4.997815467328089
305 5.750000000000000 8.529999999999999
306 1.850000000000000 1.290000000000000
307 0.120000000000000 0.640000000000000
308 8.240000000000000 0.730000000000000
309 1.170000000000000 0.560000000000000
310 6.810000000000000 8.529999999999999
311 9.710000000000001 4.890000000000000
546
1 16
16 15
15 6
6 8
8 9
9 12
12 10
10 7
7 13
13 5
5 2
2 3
3 11
11 18
18 14
14 4
4 17
17 0
20 22
22 21
21 23
23 19
24 31
31 33
33 37
37 32
32 38
38 28
28 27
27 30
30 34
34 35
35 29
29 36
36 26
26 25
39 45
45 42
42 48
48 41
41 2
2 47
47 44
44 46
46 43
43 40
49 56
56 57
57 52
52 53
53 54
54 55
55 51
51 58
58 50
59 75
75 70
70 63
63 73
73 64
64 74
74 68
68 71
71 76
76 72
72 67
67 77
77 69
69 65
65 66
66 62
62 61
61 41
41 3
3 60
60 79
79 80
80 26
26 78
82 51
51 84
84 4
4 83
83 85
85 81
86 88
88 87
90 92
92 93
93 91
91 89
95 97
97 42
42 99
99 61
61 5
5 98
98 96
96 94
100 113
113 105
105 117
117 118
118 110
110 114
114 119
119 116
116 6
6 106
106 108
108 43
43 104
104 102
102 27
27 109
109 107
107 103
103 111
111 115
115 112
112 101
121 130
130 129
129 128
128 52
52 123
123 21
21 125
125 62
62 127
127 7
7 96
96 44
44 126
126 122
122 102
102 28
28 124
124 120
132 63
63 136
136 139
139 137
137 134
134 140
140 141
141 142
142 138
138 133
133 135
135 131
143 83
83 156
156 149
149 153
153 79
79 29
29 152
152 145
145 147
147 103
103 150
150 154
154 151
151 148
148 155
155 157
157 146
146 144
87 159
159 158
160 161
161 162
162 131
40 104
104 122
122 30
30 165
165 145
145 164
164 166
166 163
167 173
173 174
174 168
168 177
177 172
172 178
178 175
175 176
176 179
179 8
8 169
169 170
170 171
171 94
180 189
189 64
64 185
185 183
183 168
168 105
105 186
186 187
187 182
182 188
188 190
190 184
184 133
133 181
191 194
194 195
195 192
192 146
146 193
193 131
197 198
198 200
200 201
201 202
202 161
161 199
199 196
203 53
53 123
123 22
22 65
65 207
207 205
205 9
9 169
169 106
106 210
210 208
208 204
204 31
31 206
206 209
209 211
211 192
192 144
212 215
215 134
134 224
224 182
182 225
225 222
222 219
219 217
217 204
204 214
214 221
221 32
32 223
223 124
124 216
216 107
107 147
147 164
164 218
218 220
220 213
203 54
54 23
23 125
125 66
66 228
228 10
10 226
226 170
170 108
108 230
230 229
229 214
214 33
33 227
227 148
148 231
231 198
198 193
193 135
135 181
59 233
233 215
215 232
203 55
55 45
45 97
97 236
236 11
11 235
235 149
149 234
49 67
67 242
242 205
205 12
12 226
226 171
171 46
46 126
126 34
34 165
165 109
109 216
216 150
150 239
239 240
240 241
241 238
238 199
199 243
243 237
245 68
68 246
246 248
248 172
172 250
250 110
110 249
249 247
247 251
251 217
217 206
206 227
227 151
151 252
252 244
253 69
69 207
207 228
228 127
127 13
13 98
98 47
47 35
35 152
152 218
218 166
166 111
111 254
254 255
255 256
256 238
238 160
257 70
70 136
136 173
173 100
259 112
112 258
86 89
49 260
260 264
264 71
71 246
246 262
262 261
261 183
183 174
174 113
113 263
263 137
137 233
233 212
86 91
91 272
272 271
271 269
269 260
260 72
72 266
266 175
175 114
114 268
268 247
247 270
270 219
219 267
267 194
194 273
273 184
184 138
138 265
89 276
276 274
274 56
56 275
275 253
277 279
279 84
84 14
14 280
280 235
235 153
153 80
80 36
36 220
220 115
115 254
254 239
239 278
278 281
281 200
200 131
282 92
92 288
288 287
287 73
73 185
185 261
261 283
283 248
248 285
285 266
266 176
176 286
286 116
116 15
15 284
284 208
208 229
229 221
221 37
37 154
154 278
278 240
240 255
255 259
282 93
93 291
291 290
290 289
245 74
74 262
262 283
283 177
177 117
117 292
292 293
293 294
294 222
222 267
267 209
209 155
155 295
295 197
296 75
75 139
139 263
263 186
186 292
292 297
297 249
249 268
268 298
298 16
16 284
284 210
210 230
230 38
38 223
223 120
259 256
256 241
241 299
299 201
201 131
300 88
88 304
304 274
274 303
303 269
269 264
264 76
76 285
285 178
178 250
250 118
118 297
297 293
293 187
187 224
224 140
140 302
302 301
306 128
128 159
159 57
57 275
275 77
77 242
242 179
179 286
286 119
119 298
298 251
251 270
270 294
294 225
225 188
188 141
141 302
302 305
307 129
129 58
58 279
279 17
17 143
19 99
99 48
48 236
236 18
18 280
280 156
156 85
85 308
307 130
130 309
257 287
287 290
290 189
189 271
271 303
303 49
90 288
288 291
291 272
272 276
276 304
304 87
310 142
142 190
190 273
273 195
195 211
211 157
157 295
295 231
231 252
252 281
281 299
299 202
202 162
162 243
243 311
578
0 0.200000000000000 4.400000000000000
1 0.200000000000000 2.200000000000000
2 0.200000000000000 2.400000000000000
3 0.200000000000000 4.100000000000000
4 0.200000000000000 2.700000000000000
5 0.300000000000000 4.400000000000000
6 0.300000000000000 2.600000000000000
7 0.300000000000000 1.200000000000000
8 0.300000000000000 1.500000000000000
9 0.400000000000000 1.200000000000000
10 0.400000000000000 2.800000000000000
11 0.400000000000000 1.400000000000000
12 0.500000000000000 2.700000000000000
13 0.500000000000000 3.000000000000000
14 0.500000000000000 1.200000000000000
15 0.600000000000000 2.500000000000000
16 0.600000000000000 1.300000000000000
17 0.700000000000000 1.700000000000000
18 0.700000000000000 4.000000000000000
19 0.700000000000000 4.800000000000000
20 0.700000000000000 1.300000000000000
21 0.800000000000000 3.900000000000000
22 0.800000000000000 2.100000000000000
23 0.800000000000000 2.300000000000000
24 0.800000000000000 5.100000000000000
25 0.900000000000000 2.900000000000000
26 0.900000000000000 0.800000000000000
27 0.900000000000000 6.000000000000000
28 0.900000000000000 8.100000000000000
29 0.900000000000000 2.700000000000000
30 0.900000000000000 4.400000000000000
31 0.900000000000000 2.400000000000000
32 0.900000000000000 1.400000000000000
33 0.900000000000000 6.800000000000000
34 0.900000000000000 4.100000000000000
35 1.000000000000000 6.200000000000000
36 1.000000000000000 7.100000000000000
37 1.100000000000000 1.600000000000000
38 1.100000000000000 8.000000000000000
39 1.100000000000000 7.900000000000000
40 1.200000000000000 6.200000000000000
41 1.200000000000000 2.600000000000000
42 1.200000000000000 8.000000000000000
43 1.200000000000000 0.800000000000000
44 1.200000000000000 1.700000000000000
45 1.200000000000000 1.300000000000000
46 1.200000000000000 6.200000000000000
47 1.300000000000000 6.300000000000000
48 1.300000000000000 3.200000000000000
49 1.300000000000000 0.900000000000000
50 1.300000000000000 3.100000000000000
51 1.300000000000000 4.400000000000000
52 1.300000000000000 2.600000000000000
53 1.300000000000000 3.400000000000000
54 1.400000000000000 4.100000000000000
55 1.400000000000000 4.500000000000000
56 1.400000000000000 3.700000000000000
57 1.400000000000000 1.200000000000000
58 1.400000000000000 6.700000000000000
59 1.400000000000000 8.000000000000000
60 1.500000000000000 3.600000000000000
61 1.500000000000000 7.200000000000000
62 1.500000000000000 3.800000000000000
63 1.500000000000000 1.900000000000000
64 1.500000000000000 5.600000000000000
65 1.500000000000000 8.000000000000000
66 1.500000000000000 5.700000000000000
67 1.600000000000000 2.500000000000000
68 1.600000000000000 5.000000000000000
69 1.600000000000000 6.300000000000000
70 1.600000000000000 4.200000000000000
71 1.600000000000000 4.200000000000000
72 1.600000000000000 6.900000000000000
73 1.600000000000000 1.000000000000000
74 1.700000000000000 1.400000000000000
75 1.700000000000000 2.900000000000000
76 1.700000000000000 1.200000000000000
77 1.700000000000000 6.500000000000000
78 1.700000000000000 3.500000000000000
79 1.700000000000000 6.900000000000000
80 1.700000000000000 3.500000000000000
81 1.700000000000000 6.300000000000000
82 1.800000000000000 1.300000000000000
83 1.800000000000000 7.400000000000000
84 1.800000000000000 1.900000000000000
85 1.800000000000000 7.600000000000000
86 1.800000000000000 7.200000000000000
87 1.800000000000000 6.300000000000000
88 1.800000000000000 1.500000000000000
89 1.800000000000000 1.200000000000000
90 1.900000000000000 2.200000000000000
91 1.900000000000000 5.400000000000000
92 1.900000000000000 7.300000000000000
93 1.900000000000000 1.900000000000000
94 1.900000000000000 0.900000000000000
95 1.900000000000000 8.199999999999999
96 2.000000000000000 2.400000000000000
97 2.000000000000000 5.900000000000000
98 2.000000000000000 7.800000000000000
99 2.000000000000000 6.100000000000000
100 2.000000000000000 2.600000000000000
101 2.100000000000000 3.700000000000000
102 2.100000000000000 1.800000000000000
103 2.100000000000000 3.400000000000000
104 2.100000000000000 6.000000000000000
105 2.100000000000000 3.500000000000000
106 2.100000000000000 3.000000000000000
107 2.100000000000000 8.199999999999999
108 2.200000000000000 2.000000000000000
109 2.200000000000000 2.100000000000000
110 2.200000000000000 7.500000000000000
111 2.200000000000000 6.100000000000000
112 2.200000000000000 8.699999999999999
113 2.200000000000000 1.700000000000000
114 2.200000000000000 3.100000000000000
115 2.200000000000000 4.400000000000000
116 2.200000000000000 5.300000000000000
117 2.200000000000000 1.800000000000000
118 2.200000000000000 6.800000000000000
119 2.200000000000000 4.000000000000000
120 2.200000000000000 2.400000000000000
121 2.300000000000000 4.200000000000000
122 2.300000000000000 2.800000000000000
123 2.300000000000000 8.199999999999999
124 2.300000000000000 7.300000000000000
125 2.300000000000000 3.200000000000000
126 2.300000000000000 3.700000000000000
127 2.300000000000000 4.700000000000000
128 2.300000000000000 4.200000000000000
129 2.300000000000000 3.100000000000000
130 2.300000000000000 2.800000000000000
131 2.300000000000000 7.500000000000000
132 2.300000000000000 6.000000000000000
133 2.400000000000000 3.500000000000000
134 2.400000000000000 5.000000000000000
135 2.400000000000000 2.200000000000000
136 2.400000000000000 8.199999999999999
137 2.400000000000000 6.000000000000000
138 2.400000000000000 6.700000000000000
139 2.400000000000000 4.100000000000000
140 2.400000000000000 3.600000000000000
141 2.400000000000000 2.300000000000000
142 2.400000000000000 4.400000000000000
143 2.400000000000000 3.500000000000000
144 2.500000000000000 6.900000000000000
145 2.500000000000000 6.400000000000000
146 2.500000000000000 5.700000000000000
147 2.500000000000000 3.200000000000000
148 2.500000000000000 2.500000000000000
149 2.500000000000000 8.000000000000000
150 2.500000000000000 3.600000000000000
151 2.500000000000000 8.500000000000000
152 2.500000000000000 1.200000000000000
153 2.600000000000000 4.400000000000000
154 2.600000000000000 3.500000000000000
155 2.600000000000000 6.200000000000000
156 2.600000000000000 8.699999999999999
157 2.600000000000000 9.199999999999999
158 2.700000000000000 5.900000000000000
159 2.700000000000000 6.400000000000000
160 2.700000000000000 7.800000000000000
161 2.700000000000000 9.100000000000000
162 2.700000000000000 7.800000000000000
163 2.700000000000000 8.400000000000000
164 2.700000000000000 3.100000000000000
165 2.700000000000000 4.700000000000000
166 2.700000000000000 3.800000000000000
167 2.800000000000000 8.000000000000000
168 2.800000000000000 4.800000000000000
169 2.800000000000000 7.500000000000000
170 2.800000000000000 9.199999999999999
171 2.800000000000000 5.800000000000000
172 2.800000000000000 8.000000000000000
173 2.900000000000000 8.400000000000000
174 2.900000000000000 3.700000000000000
175 2.900000000000000 4.400000000000000
176 2.900000000000000 4.400000000000000
177 2.900000000000000 7.100000000000000
178 2.900000000000000 8.500000000000000
179 2.900000000000000 2.000000000000000
180 3.000000000000000 6.300000000000000
181 3.000000000000000 4.200000000000000
182 3.000000000000000 8.900000000000000
183 3.000000000000000 7.900000000000000
184 3.000000000000000 5.500000000000000
185 3.100000000000000 6.000000000000000
186 3.100000000000000 3.800000000000000
187 3.100000000000000 7.900000000000000
188 3.100000000000000 7.200000000000000
189 3.100000000000000 3.300000000000000
190 3.100000000000000 5.800000000000000
191 3.200000000000000 8.100000000000000
192 3.200000000000000 1.400000000000000
193 3.200000000000000 3.200000000000000
194 3.200000000000000 6.400000000000000
195 3.200000000000000 5.900000000000000
196 3.300000000000000 4.700000000000000
197 3.300000000000000 3.900000000000000
198 3.300000000000000 4.900000000000000
199 3.300000000000000 3.700000000000000
200 3.300000000000000 6.900000000000000
201 3.400000000000000 1.500000000000000
202 3.400000000000000 2.500000000000000
203 3.400000000000000 5.200000000000000
204 3.400000000000000 3.800000000000000
205 3.400000000000000 5.400000000000000
206 3.400000000000000 1.400000000000000
207 3.400000000000000 7.300000000000000
208 3.400000000000000 7.000000000000000
209 3.400000000000000 1.200000000000000
210 3.400000000000000 1.400000000000000
211 3.400000000000000 1.600000000000000
212 3.400000000000000 1.800000000000000
213 3.400000000000000 7.400000000000000
214 3.500000000000000 6.900000000000000
215 3.500000000000000 6.800000000000000
216 3.500000000000000 4.000000000000000
217 3.500000000000000 8.000000000000000
218 3.500000000000000 8.699999999999999
219 3.500000000000000 6.600000000000000
220 3.500000000000000 2.000000000000000
221 3.500000000000000 8.400000000000000
222 3.500000000000000 1.400000000000000
223 3.500000000000000 8.600000000000000
224 3.500000000000000 6.300000000000000
225 3.500000000000000 5.200000000000000
226 3.500000000000000 5.100000000000000
227 3.500000000000000 1.200000000000000
228 3.500000000000000 6.700000000000000
229 3.500000000000000 9.100000000000000
230 3.600000000000000 1.500000000000000
231 3.600000000000000 5.800000000000000
232 3.600000000000000 8.900000000000000
233 3.600000000000000 8.199999999999999
234 3.600000000000000 4.800000000000000
235 3.600000000000000 1.600000000000000
236 3.700000000000000 7.600000000000000
237 3.700000000000000 6.100000000000000
238 3.700000000000000 8.300000000000001
239 3.700000000000000 2.800000000000000
240 3.700000000000000 2.200000000000000
241 3.700000000000000 1.200000000000000
242 3.700000000000000 5.200000000000000
243 3.700000000000000 1.500000000000000
244 3.700000000000000 8.500000000000000
245 3.700000000000000 4.000000000000000
246 3.700000000000000 2.800000000000000
247 3.700000000000000 2.800000000000000
248 3.700000000000000 8.500000000000000
249 3.700000000000000 8.400000000000000
250 3.700000000000000 5.300000000000000
251 3.800000000000000 9.000000000000000
252 3.800000000000000 1.900000000000000
253 3.800000000000000 4.300000000000000
254 3.800000000000000 3.800000000000000
255 3.800000000000000 1.400000000000000
256 3.800000000000000 5.100000000000000
257 3.800000000000000 2.900000000000000
258 3.800000000000000 8.199999999999999
259 3.800000000000000 2.900000000000000
260 3.800000000000000 7.500000000000000
261 3.900000000000000 7.300000000000000
262 3.900000000000000 7.100000000000000
263 3.900000000000000 7.800000000000000
264 3.900000000000000 6.500000000000000
265 3.900000000000000 3.800000000000000
266 4.000000000000000 3.200000000000000
267 4.000000000000000 8.900000000000000
268 4.000000000000000 7.400000000000000
269 4.000000000000000 7.300000000000000
270 4.000000000000000 2.400000000000000
271 4.000000000000000 8.000000000000000
272 4.000000000000000 5.700000000000000
273 4.000000000000000 3.700000000000000
274 4.100000000000000 4.500000000000000
275 4.100000000000000 7.000000000000000
276 4.100000000000000 4.000000000000000
277 4.200000000000000 2.600000000000000
278 4.200000000000000 2.500000000000000
279 4.200000000000000 8.000000000000000
280 4.200000000000000 7.900000000000000
281 4.200000000000000 2.700000000000000
282 4.200000000000000 1.600000000000000
283 4.200000000000000 7.800000000000000
284 4.200000000000000 2.300000000000000
285 4.200000000000000 2.900000000000000
286 4.200000000000000 2.400000000000000
287 4.200000000000000 1.400000000000000
288 4.200000000000000 8.800000000000001
289 4.200000000000000 2.300000000000000
290 4.200000000000000 5.500000000000000
291 4.300000000000000 7.600000000000000
292 4.300000000000000 6.700000000000000
293 4.300000000000000 2.600000000000000
294 4.300000000000000 5.700000000000000
295 4.300000000000000 5.600000000000000
296 4.300000000000000 4.500000000000000
297 4.300000000000000 4.200000000000000
298 4.400000000000000 4.800000000000000
299 4.400000000000000 3.300000000000000
300 4.400000000000000 3.900000000000000
301 4.400000000000000 1.300000000000000
302 4.400000000000000 1.700000000000000
303 4.400000000000000 3.500000000000000
304 4.400000000000000 5.000000000000000
305 4.400000000000000 8.800000000000001
306 4.400000000000000 2.500000000000000
307 4.400000000000000 6.600000000000000
308 4.400000000000000 2.300000000000000
309 4.400000000000000 6.300000000000000
310 4.400000000000000 8.300000000000001
311 4.400000000000000 3.600000000000000
312 4.500000000000000 2.300000000000000
313 4.500000000000000 6.600000000000000
314 4.500000000000000 5.500000000000000
315 4.500000000000000 8.000000000000000
316 4.500000000000000 5.600000000000000
317 4.500000000000000 7.400000000000000
318 4.500000000000000 5.400000000000000
319 4.500000000000000 1.500000000000000
320 4.600000000000000 6.500000000000000
321 4.600000000000000 5.200000000000000
322 4.600000000000000 4.500000000000000
323 4.600000000000000 2.200000000000000
324 4.600000000000000 6.300000000000000
325 4.600000000000000 7.000000000000000
326 4.600000000000000 8.300000000000001
327 4.600000000000000 6.600000000000000
328 4.600000000000000 7.000000000000000
329 4.700000000000000 7.600000000000000
330 4.700000000000000 8.300000000000001
331 4.700000000000000 6.500000000000000
332 4.800000000000000 7.800000000000000
333 4.800000000000000 1.300000000000000
334 4.800000000000000 3.600000000000000
335 4.800000000000000 1.500000000000000
336 4.800000000000000 5.000000000000000
337 4.800000000000000 3.500000000000000
338 4.800000000000000 7.900000000000000
339 4.800000000000000 5.300000000000000
340 4.800000000000000 3.100000000000000
341 4.900000000000000 4.500000000000000
342 4.900000000000000 1.700000000000000
343 4.900000000000000 5.000000000000000
344 4.900000000000000 3.800000000000000
345 4.900000000000000 2.400000000000000
346 5.000000000000000 5.300000000000000
347 5.000000000000000 5.700000000000000
348 5.000000000000000 3.500000000000000
349 5.000000000000000 4.300000000000000
350 5.000000000000000 2.600000000000000
351 5.000000000000000 4.800000000000000
352 5.100000000000000 3.900000000000000
353 5.100000000000000 4.000000000000000
354 5.100000000000000 3.600000000000000
355 5.100000000000000 5.000000000000000
356 5.100000000000000 3.900000000000000
357 5.100000000000000 3.300000000000000
358 5.100000000000000 1.800000000000000
359 5.100000000000000 5.800000000000000
360 5.200000000000000 3.700000000000000
361 5.200000000000000 4.100000000000000
362 5.200000000000000 7.400000000000000
363 5.200000000000000 2.500000000000000
364 5.300000000000000 5.800000000000000
365 5.300000000000000 6.600000000000000
366 5.300000000000000 6.000000000000000
367 5.300000000000000 5.100000000000000
368 5.300000000000000 6.900000000000000
369 5.300000000000000 3.100000000000000
370 5.300000000000000 2.300000000000000
371 5.300000000000000 4.200000000000000
372 5.300000000000000 6.100000000000000
373 5.300000000000000 5.000000000000000
374 5.300000000000000 4.500000000000000
375 5.400000000000000 6.600000000000000
376 5.400000000000000 2.200000000000000
377 5.400000000000000 7.700000000000000
378 5.400000000000000 7.900000000000000
379 5.400000000000000 2.000000000000000
380 5.500000000000000 6.400000000000000
381 5.500000000000000 1.600000000000000
382 5.500000000000000 2.500000000000000
383 5.500000000000000 4.900000000000000
384 5.500000000000000 3.700000000000000
385 5.500000000000000 2.400000000000000
386 5.600000000000000 5.800000000000000
387 5.600000000000000 3.700000000000000
388 5.600000000000000 3.700000000000000
389 5.600000000000000 4.300000000000000
390 5.600000000000000 6.300000000000000
391 5.700000000000000 2.500000000000000
392 5.700000000000000 2.300000000000000
393 5.700000000000000 5.100000000000000
394 5.700000000000000 7.900000000000000
395 5.700000000000000 6.300000000000000
396 5.700000000000000 5.400000000000000
397 5.800000000000000 4.000000000000000
398 5.800000000000000 1.600000000000000
399 5.800000000000000 2.400000000000000
400 5.800000000000000 2.600000000000000
401 5.800000000000000 4.900000000000000
402 5.800000000000000 2.200000000000000
403 5.800000000000000 7.500000000000000
404 5.800000000000000 2.400000000000000
405 5.900000000000000 2.600000000000000
406 5.900000000000000 4.400000000000000
407 5.900000000000000 6.700000000000000
408 5.900000000000000 4.700000000000000
409 5.900000000000000 7.700000000000000
410 5.900000000000000 2.800000000000000
411 5.900000000000000 4.000000000000000
412 6.000000000000000 7.500000000000000
413 6.000000000000000 4.200000000000000
414 6.000000000000000 6.400000000000000
415 6.000000000000000 7.700000000000000
416 6.000000000000000 5.300000000000000
417 6.000000000000000 3.100000000000000
418 6.000000000000000 4.000000000000000
419 6.000000000000000 7.800000000000000
420 6.100000000000000 7.600000000000000
421 6.100000000000000 7.900000000000000
422 6.100000000000000 6.700000000000000
423 6.100000000000000 3.900000000000000
424 6.100000000000000 3.800000000000000
425 6.100000000000000 5.400000000000000
426 6.100000000000000 4.900000000000000
427 6.100000000000000 8.199999999999999
428 6.100000000000000 6.400000000000000
429 6.100000000000000 6.700000000000000
430 6.100000000000000 2.100000000000000
431 6.200000000000000 7.500000000000000
432 6.200000000000000 4.600000000000000
433 6.200000000000000 2.600000000000000
434 6.200000000000000 2.900000000000000
435 6.200000000000000 7.000000000000000
436 6.200000000000000 6.300000000000000
437 6.200000000000000 7.200000000000000
438 6.200000000000000 2.700000000000000
439 6.200000000000000 2.700000000000000
440 6.200000000000000 4.200000000000000
441 6.200000000000000 8.199999999999999
442 6.200000000000000 7.800000000000000
443 6.200000000000000 7.000000000000000
444 6.200000000000000 3.500000000000000
445 6.200000000000000 6.400000000000000
446 6.300000000000000 6.700000000000000
447 6.300000000000000 7.800000000000000
448 6.300000000000000 8.300000000000001
449 6.300000000000000 6.500000000000000
450 6.300000000000000 5.400000000000000
451 6.300000000000000 3.300000000000000
452 6.300000000000000 4.300000000000000
453 6.300000000000000 7.800000000000000
454 6.400000000000000 5.600000000000000
455 6.400000000000000 2.100000000000000
456 6.400000000000000 6.700000000000000
457 6.400000000000000 3.300000000000000
458 6.500000000000000 4.400000000000000
459 6.500000000000000 5.500000000000000
460 6.500000000000000 5.400000000000000
461 6.500000000000000 3.900000000000000
462 6.500000000000000 7.400000000000000
463 6.500000000000000 3.400000000000000
464 6.600000000000000 4.100000000000000
465 6.600000000000000 8.100000000000000
466 6.600000000000000 7.800000000000000
467 6.600000000000000 7.900000000000000
468 6.600000000000000 4.500000000000000
469 6.700000000000000 7.700000000000000
470 6.700000000000000 3.900000000000000
471 6.700000000000000 6.900000000000000
472 6.700000000000000 7.300000000000000
473 6.700000000000000 8.199999999999999
474 6.800000000000000 7.100000000000000
475 6.800000000000000 4.700000000000000
476 6.800000000000000 4.900000000000000
477 6.800000000000000 5.200000000000000
478 6.800000000000000 7.800000000000000
479 6.800000000000000 5.700000000000000
480 6.800000000000000 4.900000000000000
481 6.800000000000000 7.500000000000000
482 6.900000000000000 4.600000000000000
483 6.900000000000000 5.400000000000000
484 6.900000000000000 4.300000000000000
485 6.900000000000000 5.700000000000000
486 7.000000000000000 5.100000000000000
487 7.000000000000000 7.900000000000000
488 7.000000000000000 6.600000000000000
489 7.000000000000000 6.500000000000000
490 7.000000000000000 6.800000000000000
491 7.000000000000000 8.199999999999999
492 7.100000000000000 7.200000000000000
493 7.100000000000000 7.200000000000000
494 7.100000000000000 7.900000000000000
495 7.100000000000000 5.700000000000000
496 7.200000000000000 5.700000000000000
497 7.200000000000000 7.700000000000000
498 7.200000000000000 7.500000000000000
499 7.200000000000000 6.700000000000000
500 7.300000000000000 6.900000000000000
501 7.300000000000000 8.500000000000000
502 7.300000000000000 7.100000000000000
503 7.400000000000000 7.300000000000000
504 7.500000000000000 6.200000000000000
505 7.500000000000000 5.900000000000000
506 7.500000000000000 6.300000000000000
507 7.500000000000000 7.600000000000000
508 7.500000000000000 7.800000000000000
509 7.600000000000000 6.700000000000000
510 7.600000000000000 6.700000000000000
511 7.600000000000000 5.300000000000000
512 7.800000000000000 7.800000000000000
513 7.800000000000000 8.300000000000001
514 7.800000000000000 7.200000000000000
515 7.800000000000000 5.700000000000000
516 7.800000000000000 4.900000000000000
517 7.800000000000000 6.300000000000000
518 7.900000000000000 6.300000000000000
519 7.900000000000000 8.000000000000000
520 7.900000000000000 8.100000000000000
521 7.900000000000000 7.600000000000000
522 8.000000000000000 5.700000000000000
523 8.000000000000000 7.200000000000000
524 8.000000000000000 5.000000000000000
525 8.000000000000000 5.200000000000000
526 8.100000000000000 7.500000000000000
527 8.100000000000000 4.700000000000000
528 8.199999999999999 5.300000000000000
529 8.199999999999999 7.600000000000000
530 8.199999999999999 6.500000000000000
531 8.199999999999999 8.400000000000000
532 8.199999999999999 6.600000000000000
533 8.300000000000001 7.800000000000000
534 8.400000000000000 5.600000000000000
535 8.400000000000000 7.300000000000000
536 8.400000000000000 5.300000000000000
537 8.500000000000000 8.400000000000000
538 8.500000000000000 5.500000000000000
539 8.500000000000000 4.000000000000000
540 8.500000000000000 7.200000000000000
541 8.600000000000000 7.500000000000000
542 8.600000000000000 8.500000000000000
543 8.600000000000000 7.700000000000000
544 8.600000000000000 8.600000000000000
545 8.600000000000000 5.500000000000000
546 8.699999999999999 5.400000000000000
547 8.699999999999999 5.500000000000000
548 8.699999999999999 6.700000000000000
549 8.699999999999999 6.200000000000000
550 8.699999999999999 5.300000000000000
551 8.699999999999999 6.700000000000000
552 8.800000000000001 8.000000000000000
553 8.800000000000001 7.200000000000000
554 8.800000000000001 7.500000000000000
555 8.800000000000001 6.900000000000000
556 8.900000000000000 8.100000000000000
557 9.000000000000000 8.000000000000000
558 9.000000000000000 7.400000000000000
559 9.000000000000000 5.300000000000000
560 9.000000000000000 7.800000000000000
561 9.100000000000000 5.400000000000000
562 9.100000000000000 7.300000000000000
563 9.100000000000000 6.700000000000000
564 9.300000000000001 5.400000000000000
565 9.300000000000001 7.100000000000000
566 9.300000000000001 5.400000000000000
567 9.300000000000001 7.000000000000000
568 9.400000000000000 5.700000000000000
569 9.400000000000000 5.800000000000000
570 9.400000000000000 8.000000000000000
571 9.500000000000000 8.800000000000001
572 9.500000000000000 8.100000000000000
573 9.600000000000000 7.600000000000000
574 9.699999999999999 8.100000000000000
575 9.699999999999999 8.100000000000000
576 9.800000000000001 8.500000000000000
577 9.800000000000001 8.699999999999999
