57
0 2.109000000000000 9.436000000000000
1 6.867000000000000 4.145000000000000
2 5.870731010048751 5.252872893197154
3 4.374263792440258 6.916977148843757
4 5.572521343574122 5.584488560561017
5 6.211819257831085 4.873575306182373
6 4.934950624356017 6.293481136303554
7 5.989153143658419 5.121184892161265
8 2.251000000000000 2.566000000000000
9 2.650000000000000 1.069000000000000
10 2.506534806456442 1.607264147204778
11 2.471238614632511 1.739691212769753
12 2.361131392807892 2.152800263074148
13 2.551079082264629 1.440139383082333
14 9.445000000000000 7.906000000000000
15 6.238744105423610 5.526043581173488
16 2.852479612915745 3.012469437443714
17 2.344426414004984 2.635349047926968
18 8.531269505091803 7.227751342395083
19 6.455127298525264 5.686661631098819
20 4.853000000000000 7.898000000000000
21 2.959607428006444 4.018073330565088
22 3.462163768382729 5.047908229445317
23 4.729885516899881 7.645714671833268
24 2.340479529695699 2.749360819499412
25 9.826000000000001 3.012000000000000
26 2.427000000000000 1.592000000000000
27 2.786569725767267 1.661007840328358
28 7.215216111068384 2.510944029965820
29 3.203824610399822 1.741086490980909
30 5.520000000000000 7.106000000000000
31 6.075096320410057 5.885777130858069
32 6.438740945477858 5.086406874862703
33 6.268632212154778 5.460342999116333
34 2.389000000000000 3.676000000000000
35 3.196172095411661 4.159891434749338
36 3.080863596725280 4.090765166404186
37 3.552472230873041 4.373489730242767
38 8.574986614689264 7.384435853193819
39 7.150416517162308 6.530420616155975
40 6.749000000000000 0.840000000000000
41 1.824000000000000 3.922000000000000
42 2.307167495308968 3.711629727706184
43 3.907000000000000 6.533000000000000
44 3.291258124428483 4.477337427568333
45 3.051928702421061 3.678332918015178
46 4.151000000000000 6.057000000000000
47 2.341096442310111 2.731540357949787
48 1.106000000000000 1.571000000000000
49 1.191138211611602 1.644984734107898
50 2.391000000000000 1.290000000000000
51 2.342431326777920 2.692980184634981
52 2.380652945273554 1.588890453197268
53 8.463719938138761 6.985650001520561
54 4.333124197497692 3.111532987049153
55 8.944000000000001 8.707000000000001
56 1.175000000000000 1.508000000000000
98
0 3
3 6
6 4
4 2
2 7
7 5
5 1
8 12
12 11
11 10
10 13
13 9
8 17
17 16
16 2
2 15
15 19
19 18
18 14
8 24
24 21
21 22
22 3
3 23
23 20
26 10
10 27
27 29
29 28
28 25
30 31
31 15
15 33
33 32
32 1
34 21
21 36
36 35
35 37
37 4
4 31
31 39
39 38
38 14
40 25
41 42
42 34
26 11
11 16
16 45
45 35
35 44
44 22
22 43
0 23
23 30
8 47
47 36
36 44
44 46
48 49
49 8
0 42
42 24
24 47
47 51
51 17
17 12
12 52
52 50
50 13
13 27
27 54
54 5
5 32
32 53
53 14
8 51
51 45
45 37
37 6
6 30
40 28
28 53
53 18
18 38
38 55
56 49
49 0
9 29
29 54
54 7
7 33
33 19
19 39
39 55
56 52
52 26
46
0 1.600000000000000 4.900000000000000
1 1.600000000000000 4.000000000000000
2 1.900000000000000 3.700000000000000
3 1.900000000000000 7.200000000000000
4 2.100000000000000 7.100000000000000
5 2.300000000000000 8.699999999999999
6 2.500000000000000 8.500000000000000
7 2.600000000000000 3.200000000000000
8 2.600000000000000 8.600000000000000
9 2.700000000000000 4.700000000000000
10 2.700000000000000 3.700000000000000
11 2.700000000000000 4.200000000000000
12 2.900000000000000 8.000000000000000
13 2.900000000000000 2.200000000000000
14 2.900000000000000 5.500000000000000
15 2.900000000000000 7.400000000000000
16 3.200000000000000 6.400000000000000
17 3.300000000000000 5.200000000000000
18 3.400000000000000 7.400000000000000
19 3.700000000000000 7.800000000000000
20 4.400000000000000 6.100000000000000
21 4.800000000000000 5.700000000000000
22 4.900000000000000 2.200000000000000
23 4.900000000000000 3.500000000000000
24 4.900000000000000 2.300000000000000
25 5.100000000000000 4.100000000000000
26 5.100000000000000 3.300000000000000
27 5.400000000000000 3.600000000000000
28 5.500000000000000 5.600000000000000
29 5.700000000000000 6.300000000000000
30 5.700000000000000 4.900000000000000
31 5.900000000000000 3.600000000000000
32 6.200000000000000 4.000000000000000
33 6.300000000000000 5.200000000000000
34 6.300000000000000 5.200000000000000
35 6.400000000000000 6.000000000000000
36 6.700000000000000 4.900000000000000
37 7.000000000000000 3.700000000000000
38 7.600000000000000 3.900000000000000
39 7.600000000000000 5.500000000000000
40 7.800000000000000 2.200000000000000
41 8.100000000000000 7.100000000000000
42 8.300000000000001 2.900000000000000
43 8.400000000000000 2.100000000000000
44 8.400000000000000 2.800000000000000
45 8.900000000000000 8.000000000000000
