433
0 0.790000000000000 4.260000000000000
1 3.250000000000000 7.610000000000000
2 2.327897537261606 6.354291361718040
3 2.844560715725613 7.057877397431221
4 2.901254741163463 7.135082675974635
5 2.619750585297331 6.751733520628481
6 2.459169425714694 6.533055925261881
7 2.922656738831185 7.164227672798565
8 1.310000000000000 0.370000000000000
9 9.840000000000000 9.580000000000000
10 4.648066485556414 3.974172606327617
11 8.493049674652468 8.125672626441881
12 4.569150963438519 3.888966046104193
13 2.238480732505066 1.372497953853652
14 3.971227681251898 3.243377132981241
15 6.383109465269715 5.847530852887935
16 4.051526578607538 3.330077349235102
17 3.624988581774578 2.869536323346292
18 4.932202263228882 4.280959301798125
19 4.555819795024203 3.874572135073026
20 4.408867751246392 3.715905274206246
21 6.578780704172313 6.058800736861314
22 5.488804127502126 4.881932709764899
23 3.096074501519913 2.298457931887269
24 6.272890808118703 5.728525714275881
25 3.668876903035229 2.916923361893841
26 6.878114360632848 6.381996865349185
27 3.485911301245108 2.719371991145070
28 9.596368896744048 9.316946956507936
29 4.612754406293834 3.936045496127341
30 5.961468058336370 5.392276766386632
31 7.436067376413609 6.984429136784216
32 7.198010344736318 6.727394522276846
33 6.025065697551335 5.460944322912991
34 6.769997762035590 6.265261358540187
35 4.760000000000000 2.020000000000000
36 4.520000000000000 6.210000000000000
37 4.653739627018827 3.875129011629636
38 4.632923314087927 4.238547141548262
39 4.705647368341473 2.968906361038450
40 4.671747317125607 3.560744755182112
41 4.756880850181382 2.074455157250035
42 4.654349150084588 3.864487754773221
43 4.742727440487174 2.321550101494742
44 4.739770612421554 2.373171391473707
45 4.524601449400099 6.129666362556591
46 4.730946150546780 2.527231788370806
47 4.735559060156107 2.446698074774624
48 4.522658550942928 6.163586131454705
49 4.650540048101450 3.930988326895513
50 4.540324045797288 5.855176033789013
51 4.754155266352551 2.122039308261717
52 0.060000000000000 6.720000000000000
53 0.050000000000000 2.160000000000000
54 0.052869438280182 3.468463855763062
55 0.052971463431167 3.514987324611943
56 0.053057580392079 3.554256658788011
57 2.304518996565005 5.051772665764546
58 3.285600615195325 5.564670562903721
59 3.177311436737622 5.508058257811894
60 2.252317108618752 5.024482134532591
61 3.187607899751689 5.513441127216031
62 3.890488958990536 5.880899053627760
63 3.370207303855833 5.608901941694068
64 2.665085927172215 5.240272803749550
65 4.109629503166825 5.995463145087214
66 8.529999999999999 8.880000000000001
67 8.119999999999999 0.510000000000000
68 8.496794977924944 8.202131622516555
69 8.374952448645958 5.714760963821171
70 8.363126880198195 5.473346310387537
71 8.204753106159806 2.240203655018499
72 8.282021475725536 3.817609150787168
73 8.259697035337672 3.361863867747115
74 8.298338786558062 4.150721081685330
75 8.323833106995290 4.671178306220926
76 8.178073016882021 1.695539393420780
77 8.518591402480828 8.647097655523245
78 8.282643838807360 3.830314465408805
79 8.318574769998440 4.563831280212071
80 2.790000000000000 4.180000000000000
81 6.030000000000000 3.650000000000000
82 4.330235388659155 3.928047914818101
83 3.740507257271232 4.024515788162422
84 3.420131699992850 4.076922900927095
85 4.778083975551422 3.854788732394366
86 4.826508795669824 3.846867388362652
87 4.359207799846175 3.923308600642446
88 3.310000000000000 2.360000000000000
89 4.560000000000000 1.250000000000000
90 4.034066309221104 1.717029117411660
91 3.365512271133619 2.310705103233346
92 4.047887032768577 1.704756314901504
93 3.992971451548050 1.753521351025332
94 8.220000000000001 4.190000000000000
95 7.260000000000000 4.130000000000000
96 7.475061452513966 4.143441340782123
97 7.909640113222807 4.170602507076426
98 7.761409765039160 4.161338110314948
99 7.946845650688275 4.172927853168018
100 2.090000000000000 1.630000000000000
101 2.245974349899726 1.789999494413267
102 3.899505712149630 3.486202633753492
103 6.286453477237137 5.934749050843257
104 3.853758246168510 3.439274588005118
105 3.576566086619305 3.154929082403029
106 5.084317045637801 4.701589743589744
107 4.303299878141222 3.900417294351318
108 4.352583892617448 3.950973154362415
109 6.511935571786767 6.166050038155458
110 5.417764209876861 5.043641995938200
111 2.725207897098415 2.281600358959020
112 6.166335514893783 5.811531270116848
113 3.429993382327331 3.004573856709972
114 6.805833208797230 6.467532130314578
115 3.210540818843921 2.779458001265700
116 9.563881151193108 9.296755503481963
117 4.369738405990532 3.968570364854804
118 5.806754339438942 5.442670580456721
119 7.416220790378006 7.093671649484536
120 7.099885029140263 6.769172384730980
121 5.894466222186520 5.532645995662302
122 6.692092557012781 6.350856235903434
123 2.230000000000000 0.900000000000000
124 2.370000000000000 8.699999999999999
125 2.369400574494608 8.666603436128124
126 2.291063551401869 4.302112149532711
127 2.308794399234083 5.289973671613212
128 2.287556631038318 4.106726586420574
129 2.254413857459466 2.260200629884522
130 2.296404150643770 4.599659821581479
131 2.275378345042098 3.428222080916885
132 2.267427490775395 2.985245914629153
133 2.299676582028998 4.781980998758457
134 2.303617113293075 5.001524883471353
135 2.331850478023342 6.574526632729079
136 2.334962180134180 6.747892893190049
137 8.060000000000000 6.950000000000000
138 9.470000000000001 1.420000000000000
139 8.405482511908604 5.595022488755623
140 8.794109579078750 4.070832643754976
141 8.891568289424267 3.688600964172911
142 8.778103278815253 4.133609126348686
143 8.792497779830201 4.077154097545381
144 8.804549234802757 4.029888462085644
145 8.440000000000000 8.660000000000000
146 3.090000000000000 9.820000000000000
147 6.655723824058430 9.046871096092005
148 4.387837037226198 9.538599819965908
149 8.264898108572526 8.697966017580537
150 7.990255796520114 8.757514631034891
151 5.355441263808053 9.328801520370591
152 4.336864166979911 9.549651881552020
153 7.078008391866344 8.955310329987858
154 3.643922805982640 9.699897111226194
155 2.330000000000000 8.800000000000001
156 3.924982086509054 3.399948541191320
157 3.008565257978260 6.502615382181226
158 3.244438430640646 5.704031322270459
159 4.372610184644241 1.884436370374876
160 3.760760420462123 3.955945661664112
161 4.235031782807580 2.350228717400345
162 3.355775186183692 5.327084010902745
163 4.116120094803457 2.752822100553318
164 4.170094768619919 2.570082734044671
165 3.328006730640151 5.421098288639847
166 4.381995222023139 1.852661916468742
167 3.731813686398919 4.053949178335499
168 3.395142817360862 5.193798981580938
169 3.264482147621621 5.636170307379713
170 3.057099191859259 6.338296458054975
171 2.760296007192342 7.343168226770321
172 4.358944710124542 1.930702887246504
173 2.791953752208549 7.235986175258051
174 6.980000000000000 1.500000000000000
175 8.039999999999999 7.160000000000000
176 7.590210676301460 4.758294743270064
177 7.016173991630485 1.693155464743904
178 7.236210440501599 2.868067069093441
179 7.325454029809484 3.344594159171397
180 7.543800236692107 4.510480509129554
181 7.581066671715004 4.709469209346157
182 7.015400617520274 1.689025938834666
183 7.709945541562334 5.397633740795106
184 7.062219179621127 1.939019393071295
185 7.717256029291614 5.436668986594850
186 7.902786003243350 6.427329036186194
187 7.330048506742705 3.369126932229916
188 7.563609348495319 4.616253691022178
189 7.684302521327194 5.260709689350866
190 2.280000000000000 9.550000000000001
191 2.529754593536217 9.324632218627253
192 7.988963610417411 4.398477280835468
193 5.716319352418054 6.449213513642968
194 3.943613761565253 8.048826639395665
195 7.131183579512754 5.172501012426202
196 4.198677651307515 7.818667977944735
197 8.043726402800027 4.349061697136677
198 5.402442928757045 6.732442071020580
199 5.416920117079057 6.719378480211492
200 3.417610811799295 8.523469031777068
201 5.200351885098744 6.914800319170158
202 3.620843376249172 8.340080724462027
203 4.406418995315782 7.631211142273975
204 3.530715733794707 8.421408024723968
205 7.889575902939923 4.488160464687208
206 3.808991102798069 8.170304324747871
207 7.040000000000000 1.680000000000000
208 2.150000000000000 4.380000000000000
209 3.494682075049804 3.637537504573728
210 5.584446556944225 2.483679815184170
211 2.726246424239650 4.061827127720439
212 4.569762023299811 3.043935079159613
213 5.705118992067195 2.417050863275782
214 6.249850865360868 2.116278663297681
215 6.307809033632088 2.084277220693939
216 5.545523872516596 2.505170867935622
217 2.500000000000000 9.500000000000000
218 3.630000000000000 2.840000000000000
219 3.180463430858823 5.489481018124103
220 3.435000884517861 3.989286822222165
221 2.662748486386328 8.540792106785004
222 3.223435488813975 5.236212074777812
223 3.613501028127844 2.937241728025272
224 3.205033591549790 5.344669274582651
225 3.416877985000795 4.096099663623631
226 3.166549594525891 5.571486460581916
227 3.035236973244956 6.345417485122647
228 2.845674805120817 7.462659998137486
229 2.641253271569195 8.667480718008107
230 2.893603337445620 7.180178559833777
231 9.730000000000000 9.400000000000000
232 7.415718360178333 2.751700016512302
233 7.683786517695058 3.521786723560347
234 7.854450861835574 4.012058839454922
235 7.987113551919250 4.393162567331663
236 8.153894405841704 4.872278474963442
237 7.127838993618872 1.924701108941487
238 7.934364442766821 4.241628762857411
239 7.691572785973017 3.544154548795214
240 8.121787108579218 4.780042966463935
241 4.610000000000000 3.390000000000000
242 6.910000000000000 9.750000000000000
243 4.777049958533247 3.851929450552805
244 5.943650112766992 7.077832485738291
245 5.302719515239543 5.305520050836302
246 5.635307187398539 6.225197266023786
247 5.956270917484132 7.112731754434382
248 6.047479750383863 7.364944005409289
249 5.929149003108339 7.037733765116972
250 6.496713431179082 8.607172792303896
251 4.798480037569211 3.911188277800080
252 6.099448114049629 7.508647828415494
253 6.146258230747209 7.638087977196630
254 5.400206434982187 5.575092576733351
255 6.001193231675214 7.236951718893200
256 5.469275645642556 5.766083959255067
257 5.968324927442291 7.146063712405639
258 6.857827018342483 3.113356322411705
259 6.803262521925550 3.148728074449425
260 6.833851015689454 3.128898905526895
261 2.730000000000000 7.270000000000000
262 1.560000000000000 1.770000000000000
263 2.061996465006852 4.129812442339903
264 1.658517065843278 2.233114412083785
265 2.138945777363502 4.491539979059196
266 1.939004179579912 3.551643579221806
267 1.838428873551983 3.078853679090519
268 2.185655543590599 4.711115803203672
269 2.238248912915736 4.958349590629529
270 2.565840631696636 6.498310661821796
271 4.430000000000000 9.680000000000000
272 3.626248451938649 6.984491759550347
273 4.005860457162401 8.257580801459271
274 3.821218573493239 7.638354972080984
275 3.074435760853917 5.133900417497892
276 3.121871327483464 5.292983110462835
277 4.090598674516112 8.541763847462573
278 3.344362469064955 6.039142426742226
279 3.214325245974955 5.603041983452593
280 4.114336283185841 8.621371681415930
281 3.400237560727060 6.226528404877335
282 3.960590102804764 8.105759491113536
283 3.573323325776607 6.806998958397157
284 4.240489389614765 9.044446123708052
285 9.480000000000000 4.410000000000000
286 4.797126011560694 2.094356069364162
287 8.047824962354570 3.701800838177780
288 5.423849584933714 2.404265890224260
289 8.553578377187634 3.951891878070751
290 5.271457047742774 2.328908993008667
291 8.820235180297118 4.083751545703838
292 5.272657857580521 2.329502783919866
293 3.679055846096376 1.541479267837131
294 6.765562692598995 3.067732347380653
295 8.033705859079062 3.694819053938728
296 8.775609629357980 4.061684565802477
297 6.750000000000000 3.650000000000000
298 4.366231013348192 3.893976356016376
299 5.996102851572020 3.727160614184743
300 1.365109148742878 4.201138157595108
301 1.128483721182828 4.225356531892362
302 3.340000000000000 8.180000000000000
303 5.210000000000000 0.370000000000000
304 4.730468651044966 2.372748575047497
305 3.389089427437641 7.974979450113380
306 3.928869666140761 5.720603159059173
307 4.689871131028398 2.542302923351985
308 4.711505763024435 2.451946519133242
309 3.913459568425590 5.784962978928418
310 4.347663053463164 3.971524894359728
311 3.855602432249831 6.026601606486000
312 3.842201399707038 6.082570624752959
313 3.344574571952468 8.160894434786750
314 4.786722433062915 2.137806308972530
315 3.683189189189189 6.746680445151033
316 4.970000000000000 8.640000000000001
317 7.267565705387181 4.953683468245456
318 5.932200112262496 7.096203375436618
319 5.957615421463850 7.055425923784668
320 5.015555761246133 8.566908311956205
321 5.798872778807369 7.310119674891288
322 5.595816422377073 7.635912317875007
323 7.257268485454460 4.970204785559734
324 8.026106926964623 3.736646219403429
325 5.787867236878495 7.327777455497170
326 8.040724977986498 3.713192368652775
327 7.433277186029231 4.687808603748657
328 5.755130753807431 7.380301323891189
329 3.750000000000000 8.840000000000000
330 4.515475885053888 7.097535156390491
331 4.844245367812036 6.349151991691024
332 4.839309423525711 6.360387759605949
333 3.883490389201300 8.536133719318093
334 5.985022332506204 3.752383374689827
335 4.731727971679850 6.605277117097185
336 3.899772559171597 8.499070358727810
337 4.281245980157372 7.630716387273349
338 5.148240192203046 5.657163773011488
339 3.780385507316640 8.770832989923965
340 4.098316819089533 8.047120924967247
341 4.983141150112025 6.032981329350260
342 6.430000000000000 2.450000000000000
343 5.105514669318747 2.389796121332671
344 5.015159564984845 2.385689071135675
345 5.328113477204517 2.399914248963842
346 9.660000000000000 3.090000000000000
347 5.180120811475764 6.579783105930885
348 5.185531535524685 6.575568203568084
349 4.956669455283651 6.753849578489817
350 7.238516022630964 4.976312893694024
351 3.275152661882096 8.063735102408355
352 7.893600360510539 4.466008450407207
353 8.545984316015602 3.957807579202036
354 1.860000000000000 4.300000000000000
355 6.148859701155752 7.244974127630187
356 5.063803279468808 6.499912896546798
357 8.200109829957796 8.653478713824095
358 3.385893959205686 5.347765267340636
359 4.258526250777650 5.946964052258116
360 7.251216157310989 8.001914542801250
361 6.085130964780310 7.201214365621263
362 4.650089213493838 6.215833372983775
363 5.982358489925089 7.130644960098487
364 0.390000000000000 4.120000000000000
365 5.265702424895172 2.331020463647486
366 0.921047508468203 3.925149485614674
367 0.762204855307500 3.983431601962361
368 6.253890718192306 1.968437089866282
369 0.443313271533767 4.100438438715430
370 5.220255047950964 2.347695892180398
371 6.188024663003295 7.198627530987571
372 5.031401753131936 8.567339076784169
373 5.988159151420842 7.435142155568086
374 5.817758013685018 7.636789557366344
375 7.728292012083140 5.375923098707585
376 6.242434310225905 7.134240848240133
377 8.816138477655848 4.088599456078900
378 9.670000000000000 1.370000000000000
379 0.000000000000000 3.480000000000000
380 0.151588669950739 3.446923258159663
381 6.315987273540367 2.101847657996880
382 5.210631793367886 2.343036909616728
383 0.060000000000000 3.390000000000000
384 3.379563932393493 5.453141596037735
385 4.203142548542277 5.965003796974052
386 7.274478704570877 7.873869391362044
387 6.148664028757916 7.174164510117381
388 4.627063592426421 6.228474890432553
389 6.017145400195135 7.092424390400493
390 3.290000000000000 8.520000000000000
391 7.816974468648863 8.643063383613756
392 3.968867823287425 8.538454659273832
393 3.607324927019654 8.528626308695680
394 7.138088551762030 8.624608232475085
395 4.683345789019834 8.557877361254908
396 3.420000000000000 4.780000000000000
397 3.364597083814119 5.702295604741424
398 3.331766332223399 6.248831057692835
399 3.288855054811206 6.963177616966396
400 8.100000000000000 8.830000000000000
401 6.296320933516667 7.638681110409157
402 3.907927634399383 6.061162079510703
403 7.207829971005911 8.240727203071806
404 5.810814789212049 7.318007299047465
405 4.372686880816572 6.368132692885020
406 5.811447843564761 7.318425427539688
407 5.980000000000000 1.380000000000000
408 6.782450031402358 3.104013739341004
409 6.340000000000000 9.890000000000001
410 3.370749136030912 8.197527007537619
411 3.530791010186300 8.288750875806191
412 4.450932257626593 8.813231386847159
413 4.100000000000000 7.630000000000000
414 6.630000000000000 7.640000000000000
415 5.069029174139833 7.633830154838497
416 5.522746208056612 7.635623502798643
417 0.780000000000000 7.080000000000000
418 7.350000000000000 4.940000000000000
419 2.233888342341409 6.606435151809648
420 6.425352846832396 5.241178829190057
421 3.458056741605349 8.319718238815613
422 4.092256033639542 9.207310927441345
423 6.930000000000000 9.770000000000000
424 8.080000000000000 3.440000000000000
425 7.506636179577734 6.595993898498209
426 8.031205211400188 3.708583488553747
427 7.765413705770195 5.171592384760580
428 7.920000000000000 6.420000000000000
429 5.812469706680661 7.317302700912348
430 8.771001885241393 4.066747119613420
431 7.830000000000000 4.470000000000000
432 3.480000000000000 9.880000000000001
788
0 2
2 6
6 5
5 3
3 4
4 7
7 1
8 13
13 23
23 27
27 17
17 25
25 14
14 16
16 20
20 19
19 12
12 29
29 10
10 18
18 22
22 30
30 33
33 24
24 15
15 21
21 34
34 26
26 32
32 31
31 11
11 28
28 9
36 48
48 45
45 50
50 38
38 10
10 49
49 37
37 42
42 40
40 39
39 46
46 47
47 44
44 43
43 51
51 41
41 35
53 54
54 55
55 56
56 52
0 60
60 57
57 64
64 59
59 61
61 58
58 63
63 62
62 65
65 36
67 76
76 71
71 73
73 72
72 78
78 74
74 79
79 75
75 70
70 69
69 11
11 68
68 77
77 66
80 84
84 83
83 82
82 87
87 12
12 37
37 85
85 86
86 81
88 91
91 93
93 90
90 92
92 89
95 96
96 98
98 97
97 99
99 94
100 101
101 111
111 115
115 113
113 105
105 104
104 102
102 107
107 82
82 108
108 117
117 38
38 106
106 110
110 118
118 121
121 112
112 103
103 109
109 122
122 114
114 120
120 119
119 68
68 116
116 9
123 13
13 101
101 129
129 132
132 131
131 128
128 126
126 130
130 133
133 134
134 57
57 127
127 2
2 135
135 136
136 125
125 124
137 69
69 139
139 142
142 143
143 140
140 144
144 141
141 138
146 154
154 152
152 148
148 151
151 147
147 153
153 150
150 149
149 145
155 125
125 171
171 173
173 3
3 157
157 170
170 158
158 169
169 58
58 165
165 162
162 168
168 167
167 83
83 160
160 102
102 156
156 14
14 163
163 164
164 161
161 172
172 159
159 166
166 89
174 182
182 177
177 184
184 178
178 179
179 187
187 96
96 180
180 188
188 181
181 176
176 189
189 183
183 185
185 186
186 175
190 191
191 200
200 204
204 202
202 206
206 194
194 196
196 203
203 201
201 198
198 199
199 193
193 103
103 15
15 195
195 176
176 205
205 192
192 197
197 94
208 126
126 211
211 209
209 104
104 156
156 16
16 212
212 39
39 216
216 210
210 213
213 214
214 215
215 177
177 207
217 191
191 229
229 221
221 228
228 230
230 4
4 157
157 227
227 226
226 59
59 219
219 224
224 222
222 225
225 84
84 220
220 209
209 105
105 223
223 17
17 218
174 237
237 232
232 233
233 239
239 234
234 97
97 238
238 235
235 192
192 240
240 236
236 70
70 139
139 231
241 40
40 243
243 85
85 251
251 18
18 106
106 245
245 254
254 256
256 246
246 193
193 249
249 244
244 247
247 257
257 255
255 248
248 252
252 253
253 250
250 147
147 242
81 259
259 260
260 258
258 178
178 232
232 71
71 138
262 264
264 267
267 266
266 263
263 265
265 268
268 269
269 60
60 127
127 270
270 5
5 261
80 275
275 276
276 219
219 61
61 279
279 158
158 278
278 281
281 283
283 272
272 274
274 194
194 282
282 273
273 277
277 280
280 284
284 148
148 271
8 293
293 90
90 159
159 41
41 286
286 290
290 292
292 288
288 210
210 294
294 258
258 179
179 233
233 295
295 287
287 72
72 289
289 296
296 140
140 291
291 285
0 301
301 300
300 263
263 128
128 211
211 220
220 160
160 107
107 298
298 19
19 42
42 243
243 86
86 299
299 297
302 313
313 305
305 272
272 315
315 312
312 311
311 62
62 309
309 306
306 310
310 108
108 87
87 298
298 20
20 212
212 307
307 308
308 304
304 43
43 314
314 286
286 303
316 320
320 322
322 328
328 325
325 321
321 318
318 244
244 319
319 109
109 21
21 195
195 323
323 317
317 327
327 180
180 98
98 234
234 324
324 326
326 287
287 73
73 138
329 339
339 333
333 336
336 273
273 340
340 196
196 337
337 330
330 335
335 332
332 331
331 341
341 338
338 245
245 110
110 22
22 334
334 299
299 81
53 264
264 129
129 111
111 23
23 91
91 161
161 304
304 44
44 344
344 343
343 345
345 288
288 213
213 342
155 221
221 351
351 305
305 274
274 330
330 349
349 347
347 348
348 246
246 112
112 24
24 350
350 317
317 181
181 352
352 235
235 197
197 74
74 353
353 289
289 141
141 346
354 265
265 130
130 275
275 222
222 162
162 358
358 306
306 359
359 45
45 362
362 331
331 356
356 347
347 198
198 318
318 247
247 363
363 361
361 355
355 360
360 357
357 149
149 66
364 369
369 367
367 366
366 266
266 131
131 113
113 223
223 25
25 163
163 307
307 46
46 343
343 370
370 365
365 290
290 368
368 182
182 207
316 372
372 374
374 373
373 248
248 355
355 371
371 376
376 114
114 26
26 183
183 375
375 236
236 75
75 142
142 377
377 291
291 346
379 54
54 380
380 267
267 132
132 115
115 27
27 164
164 308
308 47
47 344
344 382
382 365
365 292
292 214
214 381
381 184
184 237
237 76
76 378
383 380
380 366
366 300
300 268
268 133
133 276
276 224
224 165
165 384
384 309
309 385
385 48
48 388
388 332
332 356
356 348
348 199
199 249
249 319
319 389
389 387
387 371
371 386
386 77
77 116
116 28
28 231
390 200
200 393
393 333
333 392
392 277
277 395
395 320
320 372
372 250
250 394
394 391
391 357
357 145
123 293
293 92
92 166
166 35
80 225
225 167
167 310
310 117
117 29
29 49
49 251
251 334
334 297
1 399
399 398
398 278
278 397
397 63
63 384
384 358
358 168
168 396
379 55
55 367
367 301
301 269
269 134
134 64
64 226
226 279
279 169
169 397
397 311
311 402
402 405
405 335
335 349
349 201
201 321
321 404
404 406
406 373
373 252
252 401
401 403
403 391
391 150
150 400
407 368
368 215
215 381
381 294
294 408
408 259
259 95
302 410
410 411
411 202
202 336
336 392
392 280
280 412
412 151
151 409
413 337
337 203
203 415
415 416
416 322
322 374
374 253
253 401
401 414
417 419
419 135
135 6
6 270
270 227
227 170
170 398
398 281
281 312
312 402
402 65
65 385
385 359
359 50
50 338
338 254
254 118
118 30
30 420
420 350
350 323
323 418
379 56
56 369
369 419
419 136
136 171
171 228
228 351
351 313
313 410
410 421
421 204
204 393
393 339
339 422
422 152
152 271
423 153
153 394
394 403
403 360
360 386
386 119
119 31
31 425
425 185
185 375
375 427
427 205
205 352
352 238
238 99
99 324
324 426
426 295
295 424
155 229
229 421
421 411
411 206
206 282
282 340
340 415
415 325
325 404
404 429
429 255
255 361
361 387
387 376
376 120
120 32
32 425
425 186
186 428
123 93
93 172
172 51
51 314
314 382
382 370
370 345
345 216
216 408
408 260
260 187
187 239
239 426
426 326
326 78
78 353
353 430
430 143
143 377
377 285
261 173
173 230
230 7
7 399
399 283
283 315
315 405
405 388
388 362
362 341
341 256
256 121
121 33
33 420
420 327
327 188
188 431
432 154
154 422
422 284
284 412
412 395
395 416
416 328
328 406
406 429
429 257
257 363
363 389
389 122
122 34
34 189
189 427
427 240
240 79
79 430
430 296
296 144
144 346
641
0 0.200000000000000 3.000000000000000
1 0.200000000000000 3.300000000000000
2 0.200000000000000 2.600000000000000
3 0.200000000000000 2.700000000000000
4 0.300000000000000 3.800000000000000
5 0.400000000000000 3.400000000000000
6 0.400000000000000 2.400000000000000
7 0.400000000000000 3.000000000000000
8 0.500000000000000 2.800000000000000
9 0.600000000000000 2.500000000000000
10 0.600000000000000 3.600000000000000
11 0.600000000000000 3.700000000000000
12 0.700000000000000 2.500000000000000
13 0.700000000000000 4.200000000000000
14 0.700000000000000 3.500000000000000
15 0.800000000000000 2.700000000000000
16 0.800000000000000 2.600000000000000
17 0.800000000000000 3.100000000000000
18 0.900000000000000 4.400000000000000
19 0.900000000000000 3.000000000000000
20 0.900000000000000 4.200000000000000
21 0.900000000000000 3.200000000000000
22 0.900000000000000 2.800000000000000
23 0.900000000000000 4.200000000000000
24 1.000000000000000 4.500000000000000
25 1.000000000000000 2.600000000000000
26 1.100000000000000 2.800000000000000
27 1.200000000000000 4.100000000000000
28 1.200000000000000 4.200000000000000
29 1.200000000000000 4.200000000000000
30 1.300000000000000 4.000000000000000
31 1.300000000000000 4.400000000000000
32 1.300000000000000 3.000000000000000
33 1.300000000000000 3.700000000000000
34 1.300000000000000 5.000000000000000
35 1.400000000000000 1.700000000000000
36 1.400000000000000 4.900000000000000
37 1.400000000000000 1.500000000000000
38 1.400000000000000 2.000000000000000
39 1.400000000000000 3.500000000000000
40 1.500000000000000 2.000000000000000
41 1.500000000000000 2.300000000000000
42 1.500000000000000 5.100000000000000
43 1.500000000000000 2.200000000000000
44 1.500000000000000 1.100000000000000
45 1.500000000000000 2.700000000000000
46 1.600000000000000 3.400000000000000
47 1.600000000000000 1.000000000000000
48 1.600000000000000 2.600000000000000
49 1.600000000000000 1.900000000000000
50 1.600000000000000 1.700000000000000
51 1.700000000000000 5.000000000000000
52 1.700000000000000 5.300000000000000
53 1.700000000000000 1.100000000000000
54 1.800000000000000 1.300000000000000
55 1.800000000000000 4.400000000000000
56 1.800000000000000 4.400000000000000
57 1.800000000000000 5.100000000000000
58 1.800000000000000 5.200000000000000
59 1.800000000000000 3.300000000000000
60 1.900000000000000 6.000000000000000
61 1.900000000000000 3.000000000000000
62 1.900000000000000 1.000000000000000
63 1.900000000000000 3.200000000000000
64 1.900000000000000 1.200000000000000
65 1.900000000000000 2.800000000000000
66 1.900000000000000 4.900000000000000
67 1.900000000000000 5.200000000000000
68 1.900000000000000 2.100000000000000
69 1.900000000000000 3.300000000000000
70 1.900000000000000 5.100000000000000
71 1.900000000000000 4.100000000000000
72 2.000000000000000 4.800000000000000
73 2.000000000000000 2.700000000000000
74 2.000000000000000 2.600000000000000
75 2.000000000000000 1.400000000000000
76 2.000000000000000 6.100000000000000
77 2.000000000000000 3.100000000000000
78 2.000000000000000 5.000000000000000
79 2.000000000000000 4.100000000000000
80 2.000000000000000 2.400000000000000
81 2.100000000000000 4.200000000000000
82 2.100000000000000 1.300000000000000
83 2.100000000000000 5.000000000000000
84 2.100000000000000 1.200000000000000
85 2.100000000000000 5.600000000000000
86 2.100000000000000 5.500000000000000
87 2.200000000000000 6.300000000000000
88 2.200000000000000 5.900000000000000
89 2.200000000000000 6.100000000000000
90 2.200000000000000 5.400000000000000
91 2.200000000000000 2.400000000000000
92 2.200000000000000 1.000000000000000
93 2.200000000000000 3.900000000000000
94 2.300000000000000 1.200000000000000
95 2.300000000000000 4.400000000000000
96 2.300000000000000 0.900000000000000
97 2.300000000000000 6.500000000000000
98 2.300000000000000 3.400000000000000
99 2.300000000000000 4.300000000000000
100 2.300000000000000 6.300000000000000
101 2.300000000000000 4.700000000000000
102 2.300000000000000 2.600000000000000
103 2.400000000000000 1.000000000000000
104 2.400000000000000 3.800000000000000
105 2.400000000000000 2.600000000000000
106 2.400000000000000 2.900000000000000
107 2.400000000000000 3.000000000000000
108 2.400000000000000 2.300000000000000
109 2.400000000000000 7.300000000000000
110 2.400000000000000 6.200000000000000
111 2.400000000000000 1.300000000000000
112 2.500000000000000 7.100000000000000
113 2.500000000000000 1.100000000000000
114 2.500000000000000 1.200000000000000
115 2.500000000000000 4.500000000000000
116 2.500000000000000 7.700000000000000
117 2.500000000000000 7.900000000000000
118 2.500000000000000 7.800000000000000
119 2.500000000000000 3.200000000000000
120 2.500000000000000 2.100000000000000
121 2.600000000000000 3.300000000000000
122 2.600000000000000 3.500000000000000
123 2.600000000000000 4.600000000000000
124 2.600000000000000 2.600000000000000
125 2.600000000000000 7.300000000000000
126 2.600000000000000 7.300000000000000
127 2.600000000000000 5.400000000000000
128 2.700000000000000 3.400000000000000
129 2.700000000000000 6.700000000000000
130 2.700000000000000 1.800000000000000
131 2.700000000000000 7.800000000000000
132 2.700000000000000 2.200000000000000
133 2.700000000000000 4.500000000000000
134 2.700000000000000 5.100000000000000
135 2.700000000000000 6.100000000000000
136 2.800000000000000 1.200000000000000
137 2.800000000000000 6.500000000000000
138 2.800000000000000 2.200000000000000
139 2.800000000000000 1.700000000000000
140 2.800000000000000 5.200000000000000
141 2.800000000000000 3.700000000000000
142 2.800000000000000 5.000000000000000
143 2.800000000000000 6.000000000000000
144 2.900000000000000 4.500000000000000
145 2.900000000000000 2.600000000000000
146 2.900000000000000 5.800000000000000
147 2.900000000000000 4.400000000000000
148 2.900000000000000 7.200000000000000
149 2.900000000000000 1.200000000000000
150 2.900000000000000 8.100000000000000
151 2.900000000000000 2.800000000000000
152 2.900000000000000 5.200000000000000
153 3.000000000000000 7.400000000000000
154 3.000000000000000 8.199999999999999
155 3.000000000000000 1.500000000000000
156 3.000000000000000 5.800000000000000
157 3.000000000000000 2.800000000000000
158 3.000000000000000 5.700000000000000
159 3.100000000000000 7.500000000000000
160 3.100000000000000 2.400000000000000
161 3.100000000000000 8.400000000000000
162 3.100000000000000 1.700000000000000
163 3.100000000000000 7.500000000000000
164 3.100000000000000 4.500000000000000
165 3.100000000000000 4.000000000000000
166 3.100000000000000 4.300000000000000
167 3.200000000000000 5.700000000000000
168 3.200000000000000 2.800000000000000
169 3.200000000000000 3.000000000000000
170 3.300000000000000 4.400000000000000
171 3.300000000000000 1.900000000000000
172 3.300000000000000 2.900000000000000
173 3.300000000000000 5.900000000000000
174 3.300000000000000 3.600000000000000
175 3.300000000000000 4.700000000000000
176 3.400000000000000 4.900000000000000
177 3.400000000000000 5.400000000000000
178 3.400000000000000 5.100000000000000
179 3.400000000000000 4.900000000000000
180 3.400000000000000 5.800000000000000
181 3.400000000000000 7.000000000000000
182 3.400000000000000 7.100000000000000
183 3.400000000000000 6.400000000000000
184 3.400000000000000 6.300000000000000
185 3.400000000000000 8.000000000000000
186 3.400000000000000 6.300000000000000
187 3.500000000000000 3.700000000000000
188 3.500000000000000 3.000000000000000
189 3.500000000000000 8.100000000000000
190 3.500000000000000 4.700000000000000
191 3.600000000000000 4.100000000000000
192 3.600000000000000 2.600000000000000
193 3.600000000000000 5.200000000000000
194 3.600000000000000 4.800000000000000
195 3.600000000000000 4.300000000000000
196 3.600000000000000 5.000000000000000
197 3.600000000000000 7.400000000000000
198 3.700000000000000 8.199999999999999
199 3.700000000000000 4.200000000000000
200 3.700000000000000 6.100000000000000
201 3.700000000000000 7.800000000000000
202 3.700000000000000 2.800000000000000
203 3.700000000000000 6.200000000000000
204 3.700000000000000 6.600000000000000
205 3.700000000000000 5.300000000000000
206 3.700000000000000 4.100000000000000
207 3.700000000000000 1.900000000000000
208 3.700000000000000 6.000000000000000
209 3.800000000000000 9.000000000000000
210 3.800000000000000 4.200000000000000
211 3.800000000000000 3.400000000000000
212 3.800000000000000 8.000000000000000
213 3.800000000000000 2.900000000000000
214 3.800000000000000 2.400000000000000
215 3.800000000000000 4.500000000000000
216 3.800000000000000 5.500000000000000
217 3.800000000000000 7.100000000000000
218 3.800000000000000 7.700000000000000
219 3.800000000000000 3.400000000000000
220 3.900000000000000 7.700000000000000
221 3.900000000000000 6.700000000000000
222 3.900000000000000 9.500000000000000
223 3.900000000000000 9.500000000000000
224 3.900000000000000 2.800000000000000
225 3.900000000000000 7.100000000000000
226 3.900000000000000 5.400000000000000
227 3.900000000000000 8.699999999999999
228 3.900000000000000 7.200000000000000
229 3.900000000000000 2.100000000000000
230 3.900000000000000 3.000000000000000
231 4.000000000000000 6.900000000000000
232 4.000000000000000 5.300000000000000
233 4.000000000000000 4.300000000000000
234 4.000000000000000 7.700000000000000
235 4.000000000000000 1.900000000000000
236 4.000000000000000 4.700000000000000
237 4.000000000000000 5.300000000000000
238 4.000000000000000 5.100000000000000
239 4.100000000000000 7.900000000000000
240 4.100000000000000 5.100000000000000
241 4.100000000000000 6.700000000000000
242 4.100000000000000 7.300000000000000
243 4.100000000000000 5.800000000000000
244 4.100000000000000 8.400000000000000
245 4.200000000000000 6.500000000000000
246 4.200000000000000 8.600000000000000
247 4.200000000000000 3.800000000000000
248 4.200000000000000 7.900000000000000
249 4.200000000000000 6.000000000000000
250 4.200000000000000 6.300000000000000
251 4.200000000000000 9.000000000000000
252 4.200000000000000 6.800000000000000
253 4.300000000000000 6.700000000000000
254 4.300000000000000 3.800000000000000
255 4.300000000000000 8.400000000000000
256 4.300000000000000 2.200000000000000
257 4.300000000000000 4.000000000000000
258 4.300000000000000 3.100000000000000
259 4.300000000000000 6.500000000000000
260 4.400000000000000 8.100000000000000
261 4.400000000000000 5.900000000000000
262 4.400000000000000 4.100000000000000
263 4.400000000000000 4.300000000000000
264 4.400000000000000 7.000000000000000
265 4.500000000000000 8.900000000000000
266 4.500000000000000 7.100000000000000
267 4.500000000000000 2.700000000000000
268 4.500000000000000 3.300000000000000
269 4.500000000000000 9.500000000000000
270 4.500000000000000 6.500000000000000
271 4.500000000000000 8.600000000000000
272 4.500000000000000 5.200000000000000
273 4.600000000000000 9.000000000000000
274 4.600000000000000 2.000000000000000
275 4.600000000000000 2.300000000000000
276 4.600000000000000 3.200000000000000
277 4.600000000000000 8.699999999999999
278 4.600000000000000 5.000000000000000
279 4.600000000000000 8.600000000000000
280 4.600000000000000 2.700000000000000
281 4.600000000000000 4.100000000000000
282 4.600000000000000 3.200000000000000
283 4.700000000000000 9.100000000000000
284 4.700000000000000 2.800000000000000
285 4.700000000000000 6.200000000000000
286 4.700000000000000 5.800000000000000
287 4.700000000000000 6.300000000000000
288 4.700000000000000 8.699999999999999
289 4.700000000000000 7.400000000000000
290 4.700000000000000 2.400000000000000
291 4.700000000000000 8.300000000000001
292 4.800000000000000 8.199999999999999
293 4.800000000000000 3.300000000000000
294 4.800000000000000 3.000000000000000
295 4.800000000000000 4.300000000000000
296 4.800000000000000 7.500000000000000
297 4.900000000000000 7.400000000000000
298 4.900000000000000 7.900000000000000
299 4.900000000000000 7.900000000000000
300 4.900000000000000 3.400000000000000
301 4.900000000000000 2.400000000000000
302 4.900000000000000 8.800000000000001
303 4.900000000000000 3.100000000000000
304 4.900000000000000 6.100000000000000
305 5.000000000000000 3.900000000000000
306 5.000000000000000 2.500000000000000
307 5.000000000000000 4.300000000000000
308 5.000000000000000 9.300000000000001
309 5.000000000000000 2.900000000000000
310 5.000000000000000 5.400000000000000
311 5.000000000000000 8.800000000000001
312 5.000000000000000 2.700000000000000
313 5.000000000000000 7.900000000000000
314 5.100000000000000 8.199999999999999
315 5.100000000000000 2.700000000000000
316 5.100000000000000 3.800000000000000
317 5.100000000000000 5.600000000000000
318 5.100000000000000 8.199999999999999
319 5.100000000000000 5.800000000000000
320 5.200000000000000 6.800000000000000
321 5.200000000000000 3.300000000000000
322 5.200000000000000 8.800000000000001
323 5.200000000000000 8.699999999999999
324 5.200000000000000 7.900000000000000
325 5.200000000000000 9.100000000000000
326 5.200000000000000 9.000000000000000
327 5.200000000000000 7.100000000000000
328 5.200000000000000 5.100000000000000
329 5.200000000000000 3.400000000000000
330 5.300000000000000 3.400000000000000
331 5.300000000000000 4.000000000000000
332 5.300000000000000 5.300000000000000
333 5.300000000000000 2.600000000000000
334 5.300000000000000 6.000000000000000
335 5.300000000000000 6.400000000000000
336 5.300000000000000 8.600000000000000
337 5.300000000000000 6.800000000000000
338 5.300000000000000 3.900000000000000
339 5.300000000000000 4.800000000000000
340 5.300000000000000 4.000000000000000
341 5.300000000000000 8.400000000000000
342 5.400000000000000 4.800000000000000
343 5.400000000000000 3.700000000000000
344 5.400000000000000 2.600000000000000
345 5.400000000000000 3.800000000000000
346 5.400000000000000 2.300000000000000
347 5.400000000000000 9.199999999999999
348 5.500000000000000 5.500000000000000
349 5.500000000000000 2.900000000000000
350 5.500000000000000 5.800000000000000
351 5.500000000000000 3.300000000000000
352 5.600000000000000 8.100000000000000
353 5.600000000000000 8.000000000000000
354 5.600000000000000 6.400000000000000
355 5.600000000000000 5.000000000000000
356 5.600000000000000 6.700000000000000
357 5.600000000000000 8.199999999999999
358 5.600000000000000 8.199999999999999
359 5.700000000000000 8.300000000000001
360 5.800000000000000 2.800000000000000
361 5.800000000000000 7.000000000000000
362 5.800000000000000 5.900000000000000
363 5.800000000000000 5.600000000000000
364 5.800000000000000 3.900000000000000
365 5.900000000000000 2.100000000000000
366 5.900000000000000 3.400000000000000
367 5.900000000000000 4.100000000000000
368 5.900000000000000 7.700000000000000
369 5.900000000000000 4.400000000000000
370 5.900000000000000 3.600000000000000
371 5.900000000000000 4.900000000000000
372 6.000000000000000 3.200000000000000
373 6.000000000000000 2.100000000000000
374 6.000000000000000 3.700000000000000
375 6.000000000000000 8.400000000000000
376 6.000000000000000 5.900000000000000
377 6.000000000000000 8.800000000000001
378 6.000000000000000 5.400000000000000
379 6.100000000000000 7.100000000000000
380 6.100000000000000 4.800000000000000
381 6.100000000000000 2.800000000000000
382 6.100000000000000 3.800000000000000
383 6.100000000000000 5.800000000000000
384 6.100000000000000 2.100000000000000
385 6.100000000000000 4.900000000000000
386 6.100000000000000 6.500000000000000
387 6.100000000000000 4.900000000000000
388 6.100000000000000 3.800000000000000
389 6.200000000000000 6.500000000000000
390 6.200000000000000 8.199999999999999
391 6.200000000000000 4.100000000000000
392 6.200000000000000 7.500000000000000
393 6.200000000000000 7.600000000000000
394 6.200000000000000 6.900000000000000
395 6.200000000000000 7.200000000000000
396 6.200000000000000 2.300000000000000
397 6.200000000000000 6.800000000000000
398 6.200000000000000 6.700000000000000
399 6.200000000000000 5.300000000000000
400 6.200000000000000 3.700000000000000
401 6.200000000000000 4.600000000000000
402 6.300000000000000 5.300000000000000
403 6.300000000000000 5.400000000000000
404 6.300000000000000 4.600000000000000
405 6.300000000000000 8.199999999999999
406 6.300000000000000 3.000000000000000
407 6.300000000000000 8.699999999999999
408 6.400000000000000 5.700000000000000
409 6.400000000000000 7.800000000000000
410 6.400000000000000 4.600000000000000
411 6.400000000000000 8.000000000000000
412 6.400000000000000 2.400000000000000
413 6.500000000000000 5.700000000000000
414 6.500000000000000 3.400000000000000
415 6.500000000000000 4.300000000000000
416 6.500000000000000 5.400000000000000
417 6.500000000000000 4.500000000000000
418 6.500000000000000 7.600000000000000
419 6.600000000000000 5.700000000000000
420 6.600000000000000 2.900000000000000
421 6.600000000000000 3.600000000000000
422 6.600000000000000 6.600000000000000
423 6.600000000000000 5.400000000000000
424 6.600000000000000 6.800000000000000
425 6.600000000000000 4.700000000000000
426 6.600000000000000 7.200000000000000
427 6.700000000000000 4.600000000000000
428 6.700000000000000 2.600000000000000
429 6.700000000000000 3.200000000000000
430 6.700000000000000 4.100000000000000
431 6.700000000000000 4.200000000000000
432 6.700000000000000 2.100000000000000
433 6.800000000000000 7.000000000000000
434 6.800000000000000 5.000000000000000
435 6.800000000000000 6.800000000000000
436 6.800000000000000 8.199999999999999
437 6.800000000000000 4.100000000000000
438 6.800000000000000 8.199999999999999
439 6.800000000000000 8.400000000000000
440 6.800000000000000 1.900000000000000
441 6.800000000000000 2.200000000000000
442 6.800000000000000 5.900000000000000
443 6.900000000000000 8.500000000000000
444 6.900000000000000 8.199999999999999
445 6.900000000000000 2.200000000000000
446 6.900000000000000 1.900000000000000
447 7.000000000000000 8.300000000000001
448 7.000000000000000 2.600000000000000
449 7.000000000000000 2.700000000000000
450 7.000000000000000 5.800000000000000
451 7.000000000000000 7.300000000000000
452 7.000000000000000 5.600000000000000
453 7.000000000000000 2.700000000000000
454 7.000000000000000 3.800000000000000
455 7.000000000000000 7.500000000000000
456 7.000000000000000 8.400000000000000
457 7.100000000000000 6.700000000000000
458 7.100000000000000 7.500000000000000
459 7.100000000000000 6.900000000000000
460 7.100000000000000 4.800000000000000
461 7.100000000000000 3.500000000000000
462 7.100000000000000 4.600000000000000
463 7.100000000000000 4.500000000000000
464 7.100000000000000 4.200000000000000
465 7.200000000000000 7.800000000000000
466 7.200000000000000 8.199999999999999
467 7.200000000000000 8.800000000000001
468 7.200000000000000 7.300000000000000
469 7.200000000000000 8.199999999999999
470 7.200000000000000 6.000000000000000
471 7.200000000000000 2.100000000000000
472 7.200000000000000 3.600000000000000
473 7.200000000000000 3.100000000000000
474 7.200000000000000 2.500000000000000
475 7.300000000000000 5.800000000000000
476 7.300000000000000 6.400000000000000
477 7.300000000000000 8.699999999999999
478 7.300000000000000 8.400000000000000
479 7.400000000000000 6.700000000000000
480 7.400000000000000 7.600000000000000
481 7.400000000000000 1.900000000000000
482 7.400000000000000 3.200000000000000
483 7.400000000000000 5.500000000000000
484 7.400000000000000 8.600000000000000
485 7.400000000000000 4.400000000000000
486 7.500000000000000 4.600000000000000
487 7.500000000000000 6.500000000000000
488 7.500000000000000 5.800000000000000
489 7.500000000000000 8.199999999999999
490 7.500000000000000 6.400000000000000
491 7.500000000000000 2.500000000000000
492 7.500000000000000 5.300000000000000
493 7.500000000000000 2.400000000000000
494 7.500000000000000 2.300000000000000
495 7.600000000000000 7.700000000000000
496 7.600000000000000 6.600000000000000
497 7.600000000000000 2.900000000000000
498 7.600000000000000 7.600000000000000
499 7.600000000000000 2.300000000000000
500 7.600000000000000 2.100000000000000
501 7.700000000000000 3.100000000000000
502 7.700000000000000 5.200000000000000
503 7.700000000000000 5.000000000000000
504 7.700000000000000 6.200000000000000
505 7.700000000000000 5.000000000000000
506 7.800000000000000 6.000000000000000
507 7.800000000000000 2.600000000000000
508 7.800000000000000 2.400000000000000
509 7.800000000000000 8.100000000000000
510 7.800000000000000 7.300000000000000
511 7.800000000000000 2.500000000000000
512 7.800000000000000 7.900000000000000
513 7.800000000000000 7.900000000000000
514 7.800000000000000 6.500000000000000
515 7.800000000000000 4.700000000000000
516 7.800000000000000 5.100000000000000
517 7.800000000000000 3.100000000000000
518 7.900000000000000 3.900000000000000
519 7.900000000000000 7.300000000000000
520 7.900000000000000 2.400000000000000
521 7.900000000000000 4.600000000000000
522 7.900000000000000 7.100000000000000
523 7.900000000000000 3.100000000000000
524 7.900000000000000 6.600000000000000
525 7.900000000000000 1.800000000000000
526 8.000000000000000 4.200000000000000
527 8.000000000000000 2.800000000000000
528 8.000000000000000 5.900000000000000
529 8.000000000000000 6.200000000000000
530 8.000000000000000 2.400000000000000
531 8.000000000000000 8.600000000000000
532 8.000000000000000 2.200000000000000
533 8.000000000000000 5.400000000000000
534 8.100000000000000 2.400000000000000
535 8.100000000000000 3.800000000000000
536 8.100000000000000 6.400000000000000
537 8.100000000000000 5.600000000000000
538 8.100000000000000 6.000000000000000
539 8.100000000000000 3.800000000000000
540 8.100000000000000 3.800000000000000
541 8.100000000000000 1.800000000000000
542 8.100000000000000 7.100000000000000
543 8.199999999999999 6.100000000000000
544 8.199999999999999 8.500000000000000
545 8.199999999999999 6.000000000000000
546 8.199999999999999 4.100000000000000
547 8.199999999999999 8.400000000000000
548 8.199999999999999 7.000000000000000
549 8.300000000000001 6.600000000000000
550 8.300000000000001 3.600000000000000
551 8.300000000000001 6.200000000000000
552 8.300000000000001 6.200000000000000
553 8.300000000000001 3.600000000000000
554 8.300000000000001 2.300000000000000
555 8.300000000000001 8.100000000000000
556 8.400000000000000 2.500000000000000
557 8.400000000000000 3.400000000000000
558 8.400000000000000 2.700000000000000
559 8.400000000000000 8.500000000000000
560 8.500000000000000 7.100000000000000
561 8.500000000000000 6.100000000000000
562 8.500000000000000 8.500000000000000
563 8.500000000000000 7.200000000000000
564 8.600000000000000 4.300000000000000
565 8.600000000000000 3.700000000000000
566 8.699999999999999 2.600000000000000
567 8.699999999999999 6.400000000000000
568 8.699999999999999 7.300000000000000
569 8.699999999999999 6.500000000000000
570 8.699999999999999 4.800000000000000
571 8.699999999999999 3.100000000000000
572 8.699999999999999 4.600000000000000
573 8.699999999999999 4.600000000000000
574 8.699999999999999 4.900000000000000
575 8.699999999999999 2.000000000000000
576 8.800000000000001 8.300000000000001
577 8.800000000000001 2.200000000000000
578 8.800000000000001 8.100000000000000
579 8.800000000000001 7.800000000000000
580 8.800000000000001 5.300000000000000
581 8.800000000000001 5.900000000000000
582 8.800000000000001 2.200000000000000
583 8.900000000000000 3.500000000000000
584 8.900000000000000 1.800000000000000
585 8.900000000000000 8.400000000000000
586 8.900000000000000 3.800000000000000
587 8.900000000000000 5.600000000000000
588 8.900000000000000 5.800000000000000
589 8.900000000000000 8.300000000000001
590 8.900000000000000 6.700000000000000
591 8.900000000000000 5.400000000000000
592 9.000000000000000 3.000000000000000
593 9.000000000000000 7.100000000000000
594 9.000000000000000 6.400000000000000
595 9.000000000000000 2.100000000000000
596 9.000000000000000 2.900000000000000
597 9.000000000000000 4.600000000000000
598 9.000000000000000 4.600000000000000
599 9.100000000000000 8.600000000000000
600 9.100000000000000 6.500000000000000
601 9.100000000000000 4.500000000000000
602 9.100000000000000 8.699999999999999
603 9.100000000000000 3.500000000000000
604 9.100000000000000 6.600000000000000
605 9.100000000000000 6.600000000000000
606 9.100000000000000 7.500000000000000
607 9.199999999999999 7.500000000000000
608 9.199999999999999 6.600000000000000
609 9.199999999999999 2.400000000000000
610 9.199999999999999 4.500000000000000
611 9.199999999999999 3.400000000000000
612 9.199999999999999 2.400000000000000
613 9.199999999999999 9.000000000000000
614 9.199999999999999 7.400000000000000
615 9.300000000000001 5.500000000000000
616 9.300000000000001 1.600000000000000
617 9.300000000000001 2.200000000000000
618 9.300000000000001 4.400000000000000
619 9.300000000000001 2.100000000000000
620 9.300000000000001 7.200000000000000
621 9.400000000000000 1.800000000000000
622 9.400000000000000 8.699999999999999
623 9.400000000000000 6.800000000000000
624 9.400000000000000 7.800000000000000
625 9.400000000000000 7.700000000000000
626 9.500000000000000 7.100000000000000
627 9.500000000000000 7.900000000000000
628 9.500000000000000 9.000000000000000
629 9.500000000000000 8.300000000000001
630 9.500000000000000 3.500000000000000
631 9.500000000000000 5.200000000000000
632 9.500000000000000 6.500000000000000
633 9.600000000000000 8.100000000000000
634 9.600000000000000 5.400000000000000
635 9.600000000000000 4.000000000000000
636 9.600000000000000 7.200000000000000
637 9.600000000000000 8.600000000000000
638 9.600000000000000 4.200000000000000
639 9.600000000000000 6.800000000000000
640 9.600000000000000 6.300000000000000
