449
0 4.280000000000000 1.930000000000000
1 5.460000000000000 9.039999999999999
2 4.736610320432991 4.681270659558104
3 5.067597042053632 6.675605905933322
4 4.865799134939873 5.459688007985171
5 4.937617115544374 5.892421772474993
6 4.565640650313530 3.651105952312883
7 4.780602153130782 4.946340092169372
8 4.859118047992744 5.419431628159664
9 5.120918615569114 6.996890980251190
10 4.818811335025487 5.176566603416280
11 4.677328044473839 4.324069827295756
12 5.010203933261552 6.329788106347147
13 4.656880235546403 4.200863114182140
14 4.909207577093254 5.721242265366982
15 4.854539050352829 5.391841227125942
16 4.820959592834380 5.189510766993595
17 4.613204103506354 3.937695911805236
18 5.404243879446586 8.704045748190868
19 4.539506619462708 3.493637342694791
20 4.869386972816187 5.481306251460245
21 4.991161574906061 6.215049828459403
22 5.247865044661211 7.761797006390851
23 4.827970747009214 5.231755941725012
24 4.831354371462275 5.252143712793877
25 4.762323688254034 4.836204596174729
26 4.639751772422694 4.097656866038437
27 4.746631433823530 4.741652113970588
28 5.272236345103136 7.908644418375673
29 5.349193788238660 8.372345622353281
30 4.644360223357491 4.125424735654034
31 0.100000000000000 1.410000000000000
32 6.790000000000000 6.130000000000000
33 5.444659431344079 5.180821003878035
34 4.544842348593667 4.545972479127371
35 3.480910549915063 3.795335993363094
36 5.361713273834821 5.122299948056853
37 4.346676070917340 4.406160097866942
38 4.384591299415109 4.432910453399001
39 2.572384008099936 3.154342678360492
40 2.395346214783735 3.029437090251005
41 5.428837265457878 5.169657981010641
42 5.461968088226668 5.193032791693553
43 4.457735639479530 4.484516026658203
44 5.470933938875116 5.199358474064357
45 3.558269908721917 3.849915391504850
46 5.216329073607667 5.019726939824841
47 3.810155535921032 4.027628419962223
48 4.254490674986612 4.341120476223738
49 4.928900122208645 4.816937006999223
50 3.030000000000000 3.477204783258594
51 2.770630613414867 3.294211733231416
52 0.350000000000000 8.170000000000000
53 2.135481802753159 7.604412596643409
54 5.157750290715466 6.647048044555970
55 5.192036000668226 6.636187353825593
56 6.522809296751491 6.214638048855118
57 4.344503819145006 6.904660280891955
58 6.720480076058964 6.152021839260825
59 5.378518132821777 6.577115374075089
60 3.712759151442147 7.104778156996587
61 5.237565614302016 6.621764929631039
62 3.347379598771483 7.220519505979220
63 6.788844839537401 6.130365920394985
64 2.876713171675059 7.369612597792372
65 2.575791721061792 7.464935541775457
66 6.422839181674245 6.246305600836108
67 3.030000000000000 7.321055900621118
68 3.674308192752856 7.116958274345368
69 1.940000000000000 7.520000000000000
70 3.413768604881921 8.156400079380829
71 5.229942934282384 8.940657176167392
72 4.650520735890237 8.690452135952601
73 2.941899207144808 7.952638293994348
74 3.544416095541835 8.212816041256701
75 3.030000000000000 7.990681818181818
76 0.800000000000000 7.340000000000000
77 1.520000000000000 7.270000000000000
78 0.995678422603923 7.320975708913507
79 3.080000000000000 6.320000000000000
80 9.930000000000000 3.020000000000000
81 4.818088578730908 5.482672655501898
82 5.487237991524822 5.160308704812859
83 4.904417300462785 5.441083636273403
84 5.126198718760746 5.334240033297744
85 4.195414067818439 5.782647237401336
86 7.669321390037764 4.109086045675237
87 8.848829896907215 3.540855670103093
88 4.609217488404054 5.583296684418485
89 5.626840731070497 5.093054830287206
90 5.419791752407606 5.192801053584657
91 4.071716417910448 5.842238805970149
92 4.608600651627006 5.583593846661443
93 5.089832681340434 5.351759438186360
94 5.268228974288972 5.265816698517722
95 6.878669634906501 4.489983971504897
96 5.613248802979252 5.099602766447951
97 6.381226322646100 4.729628194929616
98 3.350000000000000 0.450000000000000
99 6.060000000000000 9.740000000000000
100 4.294323103993662 3.687181415535469
101 4.650107616689900 4.906826479353939
102 5.659502541757446 8.367076978939732
103 4.790003734129948 5.386396564600448
104 5.264788980352678 7.013981412352909
105 4.712954253507585 5.122267533241868
106 4.493429221156287 4.369726001675980
107 5.078599824885689 6.375716742873821
108 5.728703795777792 8.604301941983648
109 4.486521148412187 4.346044822416686
110 3.857343342856246 2.189195444699086
111 4.884347361932344 5.709810698284678
112 4.797975573300887 5.413724382274997
113 4.732427979882351 5.189024329559794
114 4.491880988586190 4.364418591869264
115 5.657508660701646 8.360241866390519
116 4.213200137658578 3.409088294777931
117 4.823908144206978 5.502622383646802
118 5.069406203101551 6.344200600300150
119 5.504235253033354 7.834813837889246
120 4.732073480916116 5.187809091406172
121 4.762896823890024 5.293472875992003
122 4.585770719024903 4.686276745292012
123 4.449192297253798 4.218079867707669
124 4.582100039909538 4.673693494745244
125 5.513388378307065 7.866191156631970
126 3.803180832183001 2.003523959771248
127 5.748304319266345 8.671493404422268
128 5.851950301600775 9.026796421354687
129 4.380758349705304 3.983485265225933
130 1.340000000000000 4.080000000000000
131 4.950000000000000 3.600000000000000
132 2.404975198832389 3.938396649462730
133 2.041028969634951 3.986788391849093
134 4.699755574372001 3.633273497036410
135 3.521901536273647 3.789885668307105
136 2.095499025978643 3.979545835880956
137 3.529070464643794 3.788932458994731
138 2.705246498290504 3.898471379728687
139 3.030000000000000 3.855290858725762
140 2.237464352138872 3.960669559826410
141 3.922335766423358 3.736642335766423
142 6.510000000000000 5.470000000000000
143 2.580000000000000 4.280000000000000
144 3.778321712775646 4.642850594962600
145 3.604864808663335 4.590328020943859
146 4.043885746279329 4.723263114013334
147 5.468033822756071 5.154493702055909
148 5.597774276980955 5.193778979543851
149 4.362432873188323 4.819718859820383
150 5.527948093845866 5.172635682360453
151 4.097149485943044 4.739391320171049
152 3.084414255556936 4.432736123183907
153 5.151740413690082 5.058720379717862
154 4.953761480400646 4.998772560223096
155 3.777446832643339 4.642585682149001
156 3.029999999999999 4.416259541984733
157 2.400000000000000 6.720000000000000
158 4.480000000000000 6.590000000000000
159 3.847885215221460 6.629507174048658
160 3.030000000000000 6.680625000000000
161 3.087385406254462 6.677038412109096
162 6.060000000000000 9.850000000000000
163 4.950000000000000 5.740000000000000
164 5.295038438986253 7.017574760570721
165 5.131235841476374 6.411062440061170
166 5.725546056470230 8.611616479362743
167 5.657616885127464 8.360094953039530
168 5.148386226594732 6.474565217391305
169 5.516712376757920 7.838367449076623
170 6.022813559986667 9.712309668058742
171 5.523734887955890 7.864369720269108
172 5.740045334918074 8.665302996858816
173 5.840991023711928 9.039074871582006
174 8.940000000000000 7.370000000000000
175 2.810000000000000 4.440000000000000
176 3.288719175790400 4.668816832800305
177 7.101094006733023 6.491044933071413
178 6.719709556022441 6.308751875880221
179 3.813462453820002 4.919632135349528
180 4.825167947629188 5.403204255555224
181 4.372938933469921 5.187049115019065
182 4.271747321290287 5.138681835461752
183 4.929561700323822 5.453102085146623
184 4.366491066340383 5.183967181790754
185 4.688969261671697 5.338104394241121
186 6.208811100173079 6.064554082138193
187 3.543347588670579 4.790523398826231
188 8.776332796146741 7.291770814471445
189 3.029999999999999 4.545154975530179
190 7.420000000000000 7.270000000000000
191 2.790000000000000 6.720000000000000
192 6.193352152033896 7.124285892790203
193 6.359135720191416 7.143979405206323
194 3.788435918969297 6.838604698797648
195 6.537836565645144 7.165207367409250
196 5.491501885638568 7.040912750993782
197 3.029999999999999 6.748509719222461
198 3.211505396837499 6.770070835477457
199 0.790000000000000 3.110000000000000
200 8.900000000000000 7.270000000000000
201 3.652750920745725 4.578439436535415
202 7.204013636926256 6.400048918571297
203 6.775243978706955 6.180112817684456
204 4.003005647659409 4.758101540599648
205 1.884183188169549 3.671257960885983
206 2.114149842297389 3.789218661400387
207 5.073412989493200 5.307163752933627
208 4.844296204323039 5.189638990133643
209 4.331975291709746 4.926845525710548
210 5.153395126285805 5.348190348378415
211 4.156043432272556 4.836601809895663
212 5.751415029772087 5.654942851276434
213 4.893273657006190 5.214761826528452
214 5.688387399866847 5.622613018920602
215 3.777607419318649 4.642484200291687
216 3.030000000000000 4.259001233045622
217 2.298837209302325 3.883953488372093
218 1.270000000000000 5.170000000000000
219 2.739702561257782 4.805120033867872
220 7.924545007176544 3.517890096370719
221 4.444470371994021 4.381880912264764
222 1.636826034559443 5.078928871327621
223 8.842854839150519 3.289903244321754
224 2.854784185823799 4.776548960794322
225 4.490139834585918 4.370542650766776
226 3.954284657146833 4.503578289507425
227 3.490341553059519 4.618760468928642
228 7.549905654677531 3.610901021067356
229 4.276442487964567 4.423596841902562
230 4.025322911006144 4.485941771516950
231 6.603925955499593 3.845757412895598
232 4.089167931976921 4.470091102338293
233 3.029999999999998 4.733048498845266
234 5.857021947773300 4.031189701187921
235 4.907258665462345 4.266985435248955
236 8.550000000000001 5.210000000000000
237 6.910000000000000 6.660000000000000
238 7.263178249691556 6.347738742650758
239 7.559293481799831 6.085929543530638
240 7.463048358491310 6.171024317187562
241 9.210000000000001 9.150000000000000
242 2.330000000000000 4.530000000000000
243 6.328467956927779 7.215017726890456
244 3.415404066488885 5.258861451624805
245 2.354733138053032 4.546608589797239
246 4.067101027801598 5.696483539017933
247 3.299681039858026 5.181152093625593
248 4.105773326632685 5.722452437360902
249 6.443995335026751 7.292595704625522
250 4.208177574081978 5.791218080270165
251 5.095289930245036 6.386924342693614
252 4.080474991602450 5.705464311221412
253 3.118129104200222 5.059237857762358
254 6.927466028422213 7.617251896992823
255 3.030000000000000 5.000058139534884
256 7.041630114762963 7.693914408460014
257 8.800000000000001 1.490000000000000
258 5.260000000000000 9.690000000000000
259 7.197257510327955 5.202567348957846
260 6.084015028605585 7.781264623004013
261 7.636914089622390 4.184153803699549
262 6.024107654558245 7.920033116559996
263 5.999947350333356 7.975997663069626
264 6.795419380553941 6.133378836004995
265 5.438276609143731 9.277042882774408
266 8.002298816400499 3.337782402688111
267 6.659798087224647 6.447529854451385
268 7.189866672239405 5.219687369388950
269 6.091270234405315 7.764458779061133
270 8.298412035782055 2.651870425589591
271 5.711580010803493 8.643967206613377
272 7.028892743849687 5.592564830630670
273 0.680000000000000 7.590000000000000
274 7.920000000000000 1.420000000000000
275 3.586526809381752 5.113028948358369
276 1.933131153045463 6.522069169296891
277 3.505264294183227 5.182281671946061
278 4.500489321776428 4.334141006165669
279 4.072569099528587 4.698818875125499
280 3.930057145050547 4.820268979977641
281 1.842377800464037 6.599410078886311
282 1.893412530103980 6.555917774759454
283 4.336086795803316 4.474246473742201
284 4.258764060942617 4.540141677345863
285 3.030000000000000 5.587306629834254
286 6.792034242018612 2.381263636290768
287 2.376513577118320 6.144214258174028
288 5.466513886951465 3.510885264849373
289 4.706278554511421 4.158765375506151
290 5.840000000000000 0.700000000000000
291 2.263157330474404 3.386606271777004
292 2.741065137238837 3.027644408029496
293 1.709343244795646 3.802582185020159
294 2.683502340125322 3.070880464528092
295 1.980322848369159 3.599046393891610
296 3.030000000000000 2.810622222222222
297 3.349465478841871 2.570668151447662
298 2.684512195121951 3.070121951219512
299 1.909594618273271 4.341918854940063
300 1.602444430296133 5.171826617748880
301 2.051219539751554 3.959253871024232
302 1.355428709799683 5.839253407639290
303 2.452583158578920 2.874785112702450
304 2.157455048030871 3.672209693751882
305 1.889905469277515 4.395118163403105
306 1.488814079525118 5.478851369439977
307 2.439581215254494 2.909915853684917
308 8.850602207293667 3.615292706333973
309 8.832067494963063 2.836834788448623
310 8.829936998854524 2.747353951890035
311 4.495192852860410 5.530864303531380
312 3.739934675555258 5.183571069645908
313 4.198971563070420 5.394651743683351
314 4.630705216167863 5.593177467822342
315 4.608112895540795 5.582788755290227
316 4.423947446865592 5.498103258115480
317 3.266139018588671 4.965703814641881
318 3.030000000000000 4.857119113573408
319 1.926314297286351 4.349607128392061
320 1.680000000000000 6.620000000000000
321 6.100000000000000 4.910000000000000
322 5.369728171334432 5.192525978963376
323 4.118848598130842 5.676463551401869
324 6.032935968124927 4.935945586992393
325 4.561186937268385 5.505332655491190
326 5.029549625669753 5.324133515860797
327 1.805055693812752 6.571618724791899
328 1.882660774950704 6.541595039555271
329 4.145752369579817 5.666055078737219
330 5.240703947174484 5.242442590572768
331 5.611636743728480 5.098936915887850
332 3.030000000000000 6.097714932126697
333 2.558067201749300 6.280295268101515
334 4.258175119668692 5.186418544613564
335 5.484169772815436 5.193154778971513
336 4.368342923826003 5.187023862218824
337 4.734753153484945 5.189037105238929
338 4.934070035998607 5.190132252945047
339 5.180699772114000 5.191487361385242
340 2.928437687058542 5.179112294983838
341 7.182530979185227 5.202486433951568
342 5.844536928487691 5.195134818288394
343 3.029999999999999 5.179670329670330
344 6.734275696776260 5.200023492839430
345 3.390000000000000 8.240000000000000
346 4.840000000000000 3.140000000000000
347 4.725736783733827 3.541891312384473
348 4.067472010010538 5.857167413066385
349 4.293245437736153 5.063067770721119
350 3.654946903162850 7.308117788875495
351 4.312453143097820 4.995509634621460
352 3.504544838961716 7.837118152617415
353 4.116846258042669 5.683506264815442
354 4.436429017413223 4.559456559443147
355 4.551949539380861 4.153142999419039
356 4.422672134274270 4.607842838069807
357 3.703149908537500 7.138576183764656
358 4.571052975801178 4.085951602354480
359 3.891392152957578 6.476482772356104
360 7.270000000000000 7.490000000000000
361 7.334893003518189 7.545527003010410
362 4.840000000000000 9.470000000000001
363 6.005010835493982 7.888511860996092
364 5.950862361067154 7.962017761063430
365 5.143719097521884 9.057704993219085
366 6.097158780574686 7.763422138446924
367 5.542086674295049 8.516925818952133
368 2.480000000000000 2.960000000000000
369 3.119514144494690 3.125704069828584
370 2.584955398400771 2.987194921043115
371 3.030000000000000 3.102510121457490
372 2.942193158953722 3.079758551307847
373 9.949999999999999 3.100000000000000
374 4.618011336836443 5.599127146344491
375 5.118121390037934 5.364723307726035
376 5.289892623701054 5.284213355412316
377 6.896285367681164 4.531289827666179
378 5.650733536694778 5.115085591243496
379 6.405140899375454 4.761491456187924
380 3.110000000000000 3.110000000000000
381 7.260000000000000 9.960000000000001
382 6.070121712913851 7.995984032159008
383 4.229202508548385 4.957358357483479
384 4.521226555750101 5.439373953467035
385 3.513115713939821 3.775383768792235
386 3.966225578241267 4.523288002639200
387 3.882207407407407 4.384607407407407
388 5.945411070411071 7.790136345136345
389 6.353913603607230 8.464411610773380
390 3.280150000000000 3.390850000000000
391 7.910000000000000 8.520000000000000
392 3.170000000000000 7.170000000000000
393 5.575816903865807 7.855201016923806
394 4.097511938752306 7.434164792682619
395 6.629750604720995 8.155372007673700
396 1.180000000000000 3.560000000000000
397 7.770000000000000 6.580000000000000
398 4.849091979492882 5.241435171178832
399 5.697202791638723 5.630099003148550
400 3.678616236697372 4.705041128198189
401 3.030000000000000 4.407799696509864
402 2.188330002220741 4.022087497224073
403 1.400000000000000 6.270000000000000
404 2.032127909276719 6.740704687809059
405 3.920234857169447 8.146655569609010
406 3.030000000000000 7.483755364806867
407 5.552604035712002 9.362175108137478
408 0.260000000000000 4.380000000000000
409 3.030000000000000 8.070000000000000
410 9.390000000000001 2.500000000000000
411 5.077286713972256 5.103669537487422
412 6.717965199933076 4.113159779153422
413 5.299012326797786 4.969809439329520
414 3.030000000000000 6.339656652360515
415 8.945805848388083 2.768168715279297
416 2.812473257050057 6.470981810479078
417 6.167821529367179 4.445292295575180
418 5.729661817130745 4.709817901531940
419 0.080000000000000 0.860000000000000
420 4.211392090504074 4.368356387250897
421 4.560396263591914 4.664728891483616
422 3.030000000000000 3.365124450951684
423 2.841773321708805 3.205283347863993
424 2.321172149212309 2.763191576197861
425 2.679311344690104 3.067321493294671
426 2.120000000000000 5.690000000000000
427 5.000000000000000 3.870000000000000
428 4.065726668592893 4.460408841375325
429 3.030000000000000 5.114930555555556
430 4.618146964856230 4.111309904153355
431 6.320000000000000 3.180000000000000
432 0.990000000000000 3.190000000000000
433 3.030000000000000 4.032608695652174
434 2.391045751633987 3.768692810457516
435 4.833572013227255 7.985868447762171
436 7.144095026247887 7.579115757629682
437 3.030000000000000 2.360000000000000
438 3.030000000000000 2.970000000000000
439 3.030000000000000 6.634025974025974
440 3.030000000000000 3.256153846153846
441 4.230000000000000 1.470000000000000
442 2.870000000000000 3.170000000000000
443 9.289999999999999 2.830000000000000
444 6.320000000000000 9.100000000000000
445 0.930000000000000 5.060000000000000
446 6.000415797741868 8.860460078455871
447 1.100000000000000 1.250000000000000
448 5.860000000000000 4.780000000000000
816
0 19
19 6
6 17
17 26
26 30
30 13
13 11
11 2
2 27
27 25
25 7
7 10
10 16
16 23
23 24
24 15
15 8
8 4
4 20
20 14
14 5
5 21
21 12
12 3
3 9
9 22
22 28
28 29
29 18
18 1
31 40
40 39
39 51
51 50
50 35
35 45
45 47
47 48
48 37
37 38
38 43
43 34
34 2
2 49
49 46
46 36
36 41
41 33
33 42
42 44
44 32
52 53
53 65
65 64
64 67
67 62
62 68
68 60
60 57
57 3
3 54
54 55
55 61
61 59
59 66
66 56
56 58
58 63
63 32
69 53
53 73
73 75
75 70
70 74
74 72
72 71
71 1
76 78
78 77
79 91
91 85
85 92
92 88
88 81
81 4
4 83
83 93
93 84
84 94
94 90
90 33
33 82
82 96
96 89
89 97
97 95
95 86
86 87
87 80
98 126
126 110
110 116
116 100
100 129
129 123
123 109
109 114
114 106
106 34
34 124
124 122
122 101
101 105
105 120
120 113
113 121
121 103
103 112
112 81
81 117
117 111
111 5
5 118
118 107
107 54
54 104
104 119
119 125
125 115
115 102
102 108
108 127
127 128
128 99
130 133
133 136
136 140
140 132
132 138
138 139
139 35
35 135
135 137
137 141
141 100
100 6
6 134
134 131
143 156
156 152
152 145
145 155
155 144
144 146
146 151
151 149
149 101
101 7
7 154
154 153
153 36
36 147
147 82
82 150
150 148
148 142
157 160
160 161
161 159
159 158
163 165
165 168
168 55
55 164
164 169
169 171
171 167
167 102
102 166
166 172
172 173
173 170
170 162
175 189
189 176
176 187
187 179
179 182
182 184
184 181
181 185
185 103
103 180
180 8
8 83
83 183
183 186
186 56
56 178
178 177
177 188
188 174
191 197
197 198
198 194
194 57
57 9
9 104
104 164
164 196
196 192
192 193
193 195
195 190
199 205
205 206
206 217
217 132
132 216
216 201
201 215
215 144
144 204
204 211
211 209
209 105
105 10
10 208
208 213
213 207
207 84
84 210
210 214
214 212
212 58
58 203
203 202
202 200
218 222
222 219
219 224
224 233
233 176
176 227
227 145
145 201
201 226
226 230
230 232
232 229
229 37
37 221
221 225
225 106
106 11
11 235
235 234
234 231
231 228
228 220
220 223
223 80
237 177
177 202
202 238
238 240
240 239
239 236
242 245
245 219
219 255
255 253
253 247
247 244
244 246
246 252
252 248
248 85
85 250
250 12
12 107
107 251
251 165
165 59
59 192
192 243
243 249
249 254
254 256
256 241
258 265
265 271
271 166
166 108
108 263
263 262
262 260
260 269
269 243
243 193
193 267
267 178
178 203
203 264
264 272
272 268
268 259
259 261
261 86
86 220
220 266
266 270
270 257
273 78
78 281
281 282
282 276
276 287
287 285
285 244
244 277
277 275
275 179
179 280
280 204
204 146
146 279
279 284
284 283
283 38
38 221
221 109
109 278
278 13
13 289
289 288
288 286
286 274
130 293
293 205
205 295
295 291
291 39
39 294
294 298
298 292
292 296
296 297
297 110
110 290
76 302
302 306
306 300
300 222
222 305
305 299
299 133
133 301
301 206
206 304
304 291
291 40
40 307
307 303
303 98
257 310
310 309
309 223
223 87
87 308
308 174
130 299
299 319
319 245
245 224
224 318
318 317
317 275
275 312
312 313
313 316
316 311
311 315
315 88
88 314
314 111
111 14
14 163
320 327
327 328
328 276
276 333
333 332
332 246
246 323
323 329
329 311
311 325
325 112
112 180
180 15
15 326
326 207
207 330
330 322
322 41
41 147
147 331
331 89
89 324
324 321
218 300
300 340
340 343
343 247
247 277
277 312
312 334
334 336
336 181
181 113
113 337
337 16
16 208
208 338
338 339
339 322
322 90
90 42
42 335
335 148
148 342
342 344
344 341
341 259
259 236
345 70
70 352
352 350
350 357
357 60
60 194
194 159
159 359
359 348
348 91
91 248
248 353
353 323
323 313
313 334
334 182
182 349
349 351
351 209
209 149
149 356
356 354
354 43
43 225
225 114
114 278
278 355
355 358
358 17
17 134
134 347
347 346
360 361
361 241
362 365
365 71
71 18
18 367
367 115
115 167
167 364
364 363
363 260
260 366
366 249
249 195
195 237
368 370
370 292
292 372
372 371
371 369
369 116
116 19
19 347
347 131
79 348
348 250
250 374
374 314
314 117
117 20
20 183
183 375
375 210
210 376
376 44
44 335
335 150
150 378
378 324
324 379
379 377
377 261
261 308
308 373
380 369
369 390
390 385
385 135
135 45
45 387
387 226
226 386
386 279
279 151
151 211
211 383
383 349
349 184
184 336
336 384
384 325
325 315
315 92
92 374
374 21
21 118
118 251
251 168
168 61
61 196
196 388
388 363
363 262
262 382
382 389
389 381
392 62
62 350
350 394
394 22
22 119
119 169
169 393
393 364
364 263
263 382
382 395
395 391
396 293
293 301
301 136
136 402
402 401
401 152
152 227
227 400
400 280
280 383
383 351
351 120
120 337
337 23
23 398
398 326
326 93
93 375
375 399
399 212
212 63
63 264
264 238
238 397
403 327
327 281
281 404
404 64
64 406
406 352
352 405
405 72
72 365
365 265
265 407
407 170
170 99
408 302
302 328
328 282
282 404
404 65
65 73
73 409
157 416
416 414
414 252
252 353
353 329
329 316
316 384
384 185
185 121
121 24
24 398
398 213
213 338
338 411
411 153
153 46
46 413
413 418
418 417
417 412
412 228
228 266
266 309
309 415
415 410
419 424
424 303
303 370
370 425
425 294
294 423
423 422
422 385
385 137
137 47
47 420
420 229
229 283
283 354
354 421
421 122
122 25
25 154
154 411
411 339
339 330
330 94
94 376
376 214
214 399
399 186
186 66
66 267
267 237
426 340
340 429
429 253
253 317
317 187
187 400
400 155
155 215
215 386
386 230
230 428
428 420
420 48
48 123
123 355
355 430
430 26
26 427
431 231
231 412
412 95
95 377
377 341
341 268
268 239
239 397
432 295
295 304
304 434
434 138
138 433
433 387
387 428
428 232
232 284
284 356
356 421
421 124
124 27
27 49
49 413
413 331
331 96
96 378
378 342
342 142
345 74
74 405
405 435
435 28
28 125
125 171
171 393
393 388
388 269
269 366
366 254
254 436
436 361
361 188
188 200
437 296
296 438
438 371
371 440
440 422
422 50
50 139
139 433
433 216
216 401
401 156
156 189
189 233
233 318
318 255
255 429
429 343
343 285
285 332
332 414
414 439
439 160
160 197
197 67
67 406
406 75
75 409
218 305
305 319
319 402
402 140
140 217
217 434
434 51
51 423
423 442
442 372
372 438
438 297
297 126
126 441
0 286
286 270
270 310
310 415
415 443
445 306
306 287
287 333
333 416
416 439
439 161
161 198
198 68
68 357
357 394
394 435
435 29
29 367
367 271
271 172
172 127
127 446
446 444
447 424
424 307
307 368
258 407
407 173
173 128
128 446
446 389
389 395
395 256
256 436
436 190
0 288
288 234
234 417
417 97
97 379
379 344
344 272
272 240
240 397
368 425
425 298
298 442
442 440
440 390
390 141
141 129
129 358
358 430
430 30
30 289
289 235
235 418
418 448
79 359
359 158
461
0 0.900000000000000 7.200000000000000
1 1.100000000000000 6.700000000000000
2 1.200000000000000 6.700000000000000
3 1.400000000000000 4.500000000000000
4 1.500000000000000 4.700000000000000
5 1.500000000000000 4.500000000000000
6 1.600000000000000 4.300000000000000
7 1.600000000000000 6.200000000000000
8 1.600000000000000 5.300000000000000
9 1.700000000000000 5.200000000000000
10 1.700000000000000 4.200000000000000
11 1.800000000000000 4.000000000000000
12 1.800000000000000 6.400000000000000
13 1.800000000000000 6.200000000000000
14 1.800000000000000 4.600000000000000
15 1.900000000000000 5.500000000000000
16 1.900000000000000 5.100000000000000
17 1.900000000000000 5.200000000000000
18 2.000000000000000 4.600000000000000
19 2.000000000000000 5.100000000000000
20 2.000000000000000 6.600000000000000
21 2.000000000000000 4.300000000000000
22 2.100000000000000 5.900000000000000
23 2.100000000000000 4.200000000000000
24 2.100000000000000 4.400000000000000
25 2.100000000000000 6.700000000000000
26 2.200000000000000 3.700000000000000
27 2.200000000000000 4.900000000000000
28 2.200000000000000 6.400000000000000
29 2.200000000000000 5.200000000000000
30 2.200000000000000 6.400000000000000
31 2.300000000000000 3.500000000000000
32 2.300000000000000 6.200000000000000
33 2.300000000000000 4.400000000000000
34 2.300000000000000 3.300000000000000
35 2.300000000000000 7.400000000000000
36 2.400000000000000 5.300000000000000
37 2.400000000000000 3.900000000000000
38 2.400000000000000 4.800000000000000
39 2.400000000000000 6.300000000000000
40 2.400000000000000 3.500000000000000
41 2.400000000000000 3.900000000000000
42 2.500000000000000 6.000000000000000
43 2.500000000000000 4.300000000000000
44 2.500000000000000 5.900000000000000
45 2.600000000000000 5.500000000000000
46 2.600000000000000 2.700000000000000
47 2.600000000000000 5.100000000000000
48 2.700000000000000 2.800000000000000
49 2.700000000000000 4.100000000000000
50 2.700000000000000 5.200000000000000
51 2.800000000000000 4.700000000000000
52 2.800000000000000 3.900000000000000
53 2.800000000000000 2.500000000000000
54 2.800000000000000 7.100000000000000
55 2.900000000000000 7.000000000000000
56 2.900000000000000 7.500000000000000
57 3.000000000000000 4.200000000000000
58 3.000000000000000 7.000000000000000
59 3.000000000000000 6.800000000000000
60 3.000000000000000 4.500000000000000
61 3.000000000000000 5.400000000000000
62 3.000000000000000 3.800000000000000
63 3.000000000000000 5.200000000000000
64 3.000000000000000 1.600000000000000
65 3.100000000000000 6.700000000000000
66 3.100000000000000 7.600000000000000
67 3.100000000000000 1.600000000000000
68 3.100000000000000 5.200000000000000
69 3.100000000000000 2.800000000000000
70 3.200000000000000 6.200000000000000
71 3.200000000000000 7.200000000000000
72 3.200000000000000 1.600000000000000
73 3.200000000000000 2.900000000000000
74 3.200000000000000 1.000000000000000
75 3.200000000000000 1.200000000000000
76 3.200000000000000 2.500000000000000
77 3.200000000000000 7.600000000000000
78 3.300000000000000 3.600000000000000
79 3.300000000000000 2.100000000000000
80 3.300000000000000 4.000000000000000
81 3.300000000000000 1.000000000000000
82 3.300000000000000 6.000000000000000
83 3.300000000000000 7.300000000000000
84 3.300000000000000 4.500000000000000
85 3.300000000000000 5.800000000000000
86 3.300000000000000 7.000000000000000
87 3.400000000000000 5.700000000000000
88 3.400000000000000 6.400000000000000
89 3.400000000000000 1.300000000000000
90 3.400000000000000 8.000000000000000
91 3.400000000000000 7.300000000000000
92 3.400000000000000 0.900000000000000
93 3.400000000000000 2.900000000000000
94 3.400000000000000 6.700000000000000
95 3.500000000000000 4.000000000000000
96 3.500000000000000 4.500000000000000
97 3.500000000000000 8.100000000000000
98 3.500000000000000 4.800000000000000
99 3.500000000000000 6.300000000000000
100 3.500000000000000 1.400000000000000
101 3.500000000000000 3.700000000000000
102 3.600000000000000 3.000000000000000
103 3.600000000000000 4.700000000000000
104 3.600000000000000 3.900000000000000
105 3.600000000000000 2.700000000000000
106 3.700000000000000 7.000000000000000
107 3.700000000000000 2.500000000000000
108 3.700000000000000 5.100000000000000
109 3.700000000000000 4.300000000000000
110 3.700000000000000 2.900000000000000
111 3.700000000000000 2.800000000000000
112 3.700000000000000 6.800000000000000
113 3.700000000000000 2.000000000000000
114 3.700000000000000 2.600000000000000
115 3.700000000000000 5.100000000000000
116 3.800000000000000 6.800000000000000
117 3.800000000000000 6.000000000000000
118 3.800000000000000 4.000000000000000
119 3.800000000000000 4.200000000000000
120 3.800000000000000 5.200000000000000
121 3.800000000000000 4.300000000000000
122 3.900000000000000 3.300000000000000
123 3.900000000000000 2.500000000000000
124 3.900000000000000 4.800000000000000
125 3.900000000000000 2.900000000000000
126 4.000000000000000 3.700000000000000
127 4.000000000000000 7.500000000000000
128 4.000000000000000 5.800000000000000
129 4.000000000000000 2.700000000000000
130 4.000000000000000 5.800000000000000
131 4.000000000000000 7.600000000000000
132 4.000000000000000 3.400000000000000
133 4.000000000000000 4.600000000000000
134 4.000000000000000 3.300000000000000
135 4.000000000000000 5.700000000000000
136 4.000000000000000 2.700000000000000
137 4.100000000000000 6.000000000000000
138 4.100000000000000 7.900000000000000
139 4.100000000000000 8.400000000000000
140 4.100000000000000 8.199999999999999
141 4.100000000000000 7.400000000000000
142 4.200000000000000 3.500000000000000
143 4.200000000000000 5.300000000000000
144 4.200000000000000 5.600000000000000
145 4.200000000000000 4.000000000000000
146 4.200000000000000 4.100000000000000
147 4.300000000000000 8.100000000000000
148 4.300000000000000 3.200000000000000
149 4.300000000000000 2.400000000000000
150 4.300000000000000 6.000000000000000
151 4.300000000000000 3.500000000000000
152 4.400000000000000 6.800000000000000
153 4.400000000000000 3.000000000000000
154 4.400000000000000 3.300000000000000
155 4.400000000000000 4.100000000000000
156 4.500000000000000 2.600000000000000
157 4.500000000000000 3.000000000000000
158 4.500000000000000 2.800000000000000
159 4.500000000000000 4.800000000000000
160 4.500000000000000 7.200000000000000
161 4.600000000000000 6.000000000000000
162 4.600000000000000 3.700000000000000
163 4.600000000000000 2.500000000000000
164 4.600000000000000 3.700000000000000
165 4.600000000000000 2.600000000000000
166 4.700000000000000 8.300000000000001
167 4.700000000000000 7.600000000000000
168 4.700000000000000 2.400000000000000
169 4.700000000000000 7.000000000000000
170 4.700000000000000 6.300000000000000
171 4.700000000000000 4.300000000000000
172 4.800000000000000 5.100000000000000
173 4.800000000000000 4.300000000000000
174 4.800000000000000 6.900000000000000
175 4.800000000000000 6.300000000000000
176 4.800000000000000 3.700000000000000
177 4.800000000000000 2.500000000000000
178 4.900000000000000 7.100000000000000
179 4.900000000000000 7.300000000000000
180 4.900000000000000 6.900000000000000
181 4.900000000000000 2.600000000000000
182 5.000000000000000 6.800000000000000
183 5.000000000000000 4.300000000000000
184 5.000000000000000 8.800000000000001
185 5.000000000000000 4.100000000000000
186 5.100000000000000 3.800000000000000
187 5.100000000000000 8.600000000000000
188 5.100000000000000 4.300000000000000
189 5.100000000000000 2.300000000000000
190 5.100000000000000 8.199999999999999
191 5.100000000000000 4.700000000000000
192 5.100000000000000 6.300000000000000
193 5.100000000000000 6.500000000000000
194 5.100000000000000 7.000000000000000
195 5.100000000000000 5.400000000000000
196 5.200000000000000 7.300000000000000
197 5.200000000000000 7.300000000000000
198 5.200000000000000 5.300000000000000
199 5.200000000000000 8.699999999999999
200 5.300000000000000 6.300000000000000
201 5.300000000000000 2.400000000000000
202 5.300000000000000 2.800000000000000
203 5.300000000000000 3.300000000000000
204 5.300000000000000 5.600000000000000
205 5.300000000000000 9.300000000000001
206 5.300000000000000 8.000000000000000
207 5.300000000000000 6.200000000000000
208 5.400000000000000 5.100000000000000
209 5.400000000000000 4.400000000000000
210 5.400000000000000 4.400000000000000
211 5.400000000000000 4.100000000000000
212 5.400000000000000 6.900000000000000
213 5.400000000000000 8.600000000000000
214 5.400000000000000 5.700000000000000
215 5.500000000000000 9.199999999999999
216 5.500000000000000 2.500000000000000
217 5.500000000000000 7.700000000000000
218 5.500000000000000 6.600000000000000
219 5.500000000000000 5.000000000000000
220 5.500000000000000 8.500000000000000
221 5.500000000000000 7.700000000000000
222 5.500000000000000 3.600000000000000
223 5.500000000000000 6.000000000000000
224 5.500000000000000 5.400000000000000
225 5.500000000000000 6.700000000000000
226 5.500000000000000 4.900000000000000
227 5.600000000000000 6.900000000000000
228 5.600000000000000 2.300000000000000
229 5.600000000000000 8.400000000000000
230 5.600000000000000 8.100000000000000
231 5.600000000000000 7.200000000000000
232 5.600000000000000 8.000000000000000
233 5.600000000000000 6.700000000000000
234 5.700000000000000 4.400000000000000
235 5.700000000000000 6.000000000000000
236 5.700000000000000 6.700000000000000
237 5.700000000000000 4.600000000000000
238 5.700000000000000 4.900000000000000
239 5.700000000000000 5.200000000000000
240 5.700000000000000 5.600000000000000
241 5.700000000000000 8.600000000000000
242 5.700000000000000 7.200000000000000
243 5.800000000000000 8.000000000000000
244 5.800000000000000 8.000000000000000
245 5.800000000000000 6.000000000000000
246 5.800000000000000 4.800000000000000
247 5.800000000000000 4.200000000000000
248 5.800000000000000 9.300000000000001
249 5.900000000000000 6.800000000000000
250 5.900000000000000 3.400000000000000
251 5.900000000000000 4.800000000000000
252 5.900000000000000 8.900000000000000
253 5.900000000000000 8.100000000000000
254 5.900000000000000 3.100000000000000
255 5.900000000000000 6.000000000000000
256 5.900000000000000 6.000000000000000
257 6.000000000000000 4.600000000000000
258 6.000000000000000 3.100000000000000
259 6.000000000000000 8.900000000000000
260 6.000000000000000 2.400000000000000
261 6.000000000000000 7.300000000000000
262 6.100000000000000 3.300000000000000
263 6.100000000000000 2.500000000000000
264 6.100000000000000 6.000000000000000
265 6.200000000000000 4.000000000000000
266 6.200000000000000 8.000000000000000
267 6.200000000000000 4.800000000000000
268 6.200000000000000 8.000000000000000
269 6.200000000000000 8.400000000000000
270 6.300000000000000 5.200000000000000
271 6.300000000000000 6.800000000000000
272 6.300000000000000 3.800000000000000
273 6.300000000000000 4.400000000000000
274 6.300000000000000 5.200000000000000
275 6.300000000000000 6.100000000000000
276 6.300000000000000 6.300000000000000
277 6.300000000000000 6.900000000000000
278 6.300000000000000 5.300000000000000
279 6.400000000000000 4.300000000000000
280 6.400000000000000 8.000000000000000
281 6.400000000000000 6.800000000000000
282 6.400000000000000 6.400000000000000
283 6.400000000000000 8.300000000000001
284 6.500000000000000 8.300000000000001
285 6.500000000000000 7.700000000000000
286 6.500000000000000 2.400000000000000
287 6.500000000000000 3.700000000000000
288 6.500000000000000 3.200000000000000
289 6.500000000000000 4.400000000000000
290 6.500000000000000 6.000000000000000
291 6.600000000000000 2.600000000000000
292 6.700000000000000 5.000000000000000
293 6.700000000000000 3.400000000000000
294 6.800000000000000 6.400000000000000
295 6.800000000000000 4.100000000000000
296 6.800000000000000 4.600000000000000
297 6.800000000000000 6.400000000000000
298 6.800000000000000 4.900000000000000
299 6.800000000000000 7.800000000000000
300 6.900000000000000 6.200000000000000
301 6.900000000000000 4.500000000000000
302 7.000000000000000 4.400000000000000
303 7.000000000000000 4.400000000000000
304 7.000000000000000 5.800000000000000
305 7.000000000000000 4.500000000000000
306 7.000000000000000 6.600000000000000
307 7.000000000000000 6.700000000000000
308 7.100000000000000 7.000000000000000
309 7.100000000000000 3.500000000000000
310 7.100000000000000 2.600000000000000
311 7.100000000000000 4.600000000000000
312 7.100000000000000 4.900000000000000
313 7.200000000000000 3.200000000000000
314 7.200000000000000 5.100000000000000
315 7.200000000000000 6.900000000000000
316 7.200000000000000 7.300000000000000
317 7.200000000000000 3.100000000000000
318 7.200000000000000 2.600000000000000
319 7.300000000000000 4.400000000000000
320 7.300000000000000 3.500000000000000
321 7.300000000000000 6.900000000000000
322 7.300000000000000 5.400000000000000
323 7.300000000000000 6.800000000000000
324 7.300000000000000 3.900000000000000
325 7.300000000000000 5.400000000000000
326 7.400000000000000 4.800000000000000
327 7.400000000000000 3.700000000000000
328 7.400000000000000 6.700000000000000
329 7.400000000000000 3.000000000000000
330 7.400000000000000 3.700000000000000
331 7.400000000000000 6.200000000000000
332 7.400000000000000 4.200000000000000
333 7.400000000000000 7.400000000000000
334 7.400000000000000 6.200000000000000
335 7.500000000000000 3.600000000000000
336 7.500000000000000 3.400000000000000
337 7.500000000000000 6.200000000000000
338 7.500000000000000 2.600000000000000
339 7.600000000000000 6.600000000000000
340 7.600000000000000 3.000000000000000
341 7.600000000000000 4.200000000000000
342 7.600000000000000 7.600000000000000
343 7.700000000000000 2.700000000000000
344 7.700000000000000 3.200000000000000
345 7.700000000000000 6.800000000000000
346 7.700000000000000 2.600000000000000
347 7.700000000000000 4.000000000000000
348 7.700000000000000 2.800000000000000
349 7.700000000000000 7.200000000000000
350 7.700000000000000 7.200000000000000
351 7.800000000000000 5.000000000000000
352 7.800000000000000 3.500000000000000
353 7.800000000000000 5.000000000000000
354 7.800000000000000 2.800000000000000
355 7.900000000000000 4.300000000000000
356 7.900000000000000 2.600000000000000
357 7.900000000000000 3.200000000000000
358 7.900000000000000 2.800000000000000
359 7.900000000000000 4.600000000000000
360 7.900000000000000 8.000000000000000
361 7.900000000000000 7.000000000000000
362 7.900000000000000 3.200000000000000
363 7.900000000000000 6.300000000000000
364 7.900000000000000 6.200000000000000
365 8.000000000000000 8.100000000000000
366 8.000000000000000 6.200000000000000
367 8.000000000000000 7.800000000000000
368 8.000000000000000 3.300000000000000
369 8.000000000000000 4.900000000000000
370 8.000000000000000 7.000000000000000
371 8.000000000000000 2.900000000000000
372 8.000000000000000 6.900000000000000
373 8.000000000000000 4.800000000000000
374 8.000000000000000 7.800000000000000
375 8.000000000000000 2.800000000000000
376 8.000000000000000 5.300000000000000
377 8.100000000000000 6.700000000000000
378 8.100000000000000 4.500000000000000
379 8.100000000000000 7.900000000000000
380 8.100000000000000 6.700000000000000
381 8.100000000000000 4.000000000000000
382 8.100000000000000 6.600000000000000
383 8.100000000000000 6.600000000000000
384 8.100000000000000 7.700000000000000
385 8.100000000000000 5.000000000000000
386 8.199999999999999 5.700000000000000
387 8.199999999999999 3.100000000000000
388 8.199999999999999 5.200000000000000
389 8.199999999999999 7.100000000000000
390 8.199999999999999 3.900000000000000
391 8.199999999999999 3.500000000000000
392 8.199999999999999 4.300000000000000
393 8.199999999999999 7.000000000000000
394 8.199999999999999 3.300000000000000
395 8.199999999999999 5.000000000000000
396 8.199999999999999 2.800000000000000
397 8.199999999999999 6.800000000000000
398 8.199999999999999 7.400000000000000
399 8.300000000000001 3.200000000000000
400 8.300000000000001 4.200000000000000
401 8.300000000000001 5.200000000000000
402 8.300000000000001 6.900000000000000
403 8.300000000000001 4.700000000000000
404 8.300000000000001 8.100000000000000
405 8.400000000000000 8.500000000000000
406 8.400000000000000 6.200000000000000
407 8.400000000000000 3.500000000000000
408 8.400000000000000 3.200000000000000
409 8.400000000000000 3.100000000000000
410 8.400000000000000 4.100000000000000
411 8.500000000000000 7.100000000000000
412 8.500000000000000 2.400000000000000
413 8.500000000000000 2.900000000000000
414 8.500000000000000 6.300000000000000
415 8.500000000000000 2.600000000000000
416 8.500000000000000 8.600000000000000
417 8.500000000000000 7.100000000000000
418 8.500000000000000 7.400000000000000
419 8.500000000000000 4.000000000000000
420 8.600000000000000 2.400000000000000
421 8.600000000000000 7.800000000000000
422 8.600000000000000 3.600000000000000
423 8.600000000000000 4.800000000000000
424 8.600000000000000 5.100000000000000
425 8.600000000000000 5.500000000000000
426 8.699999999999999 8.300000000000001
427 8.699999999999999 5.000000000000000
428 8.699999999999999 5.100000000000000
429 8.800000000000001 3.500000000000000
430 8.800000000000001 8.400000000000000
431 8.800000000000001 5.000000000000000
432 8.800000000000001 7.900000000000000
433 8.800000000000001 4.800000000000000
434 8.900000000000000 5.400000000000000
435 8.900000000000000 3.500000000000000
436 8.900000000000000 6.000000000000000
437 8.900000000000000 7.100000000000000
438 8.900000000000000 6.300000000000000
439 9.000000000000000 5.900000000000000
440 9.000000000000000 6.200000000000000
441 9.000000000000000 7.200000000000000
442 9.000000000000000 8.199999999999999
443 9.000000000000000 7.500000000000000
444 9.000000000000000 5.300000000000000
445 9.000000000000000 6.800000000000000
446 9.000000000000000 6.400000000000000
447 9.100000000000000 9.000000000000000
448 9.100000000000000 5.300000000000000
449 9.100000000000000 8.500000000000000
450 9.100000000000000 6.800000000000000
451 9.100000000000000 7.200000000000000
452 9.100000000000000 6.900000000000000
453 9.199999999999999 4.900000000000000
454 9.199999999999999 8.600000000000000
455 9.199999999999999 5.600000000000000
456 9.199999999999999 5.900000000000000
457 9.199999999999999 4.400000000000000
458 9.199999999999999 4.100000000000000
459 9.199999999999999 9.000000000000000
460 9.199999999999999 5.500000000000000
