245
0 3.220000000000000 9.130000000000001
1 1.110000000000000 1.910000000000000
2 2.141075379153242 5.438134709709196
3 2.555108383533614 6.854873236546300
4 2.363063871008062 6.197735141553653
5 1.343440745690975 2.708787764876229
6 3.103535583458127 8.731481949084207
7 2.190280815565115 5.606505918663571
8 1.868736572890025 4.506245524296675
9 2.502705074175901 6.675559542914694
10 1.365632707677841 2.784724241437922
11 2.126341338903512 5.387717756816755
12 2.547615797324258 6.829235097953147
13 2.803662145916116 7.705374736262728
14 6.360000000000000 6.790000000000000
15 3.630000000000000 5.590000000000000
16 4.879199029126214 6.139098474341193
17 4.999087834266992 6.191796850227249
18 6.095482075073808 6.673728384647828
19 4.007244722065776 5.755821855853088
20 5.343599872860191 6.343230713345139
21 5.040000000000000 0.300000000000000
22 7.530000000000000 7.250000000000000
23 6.363030111798272 3.992794890360638
24 6.304027834008098 3.828109817813766
25 5.537078671482688 1.687428420403488
26 6.630395005196409 4.739054331773108
27 5.790906682721252 2.395904194744056
28 5.358815708192381 1.189867137324116
29 6.624675885911841 4.723091328147507
30 6.399598057238828 4.094862047313194
31 5.905896091385782 2.716858568325776
32 5.696927646540122 2.133593230302749
33 6.389776718030708 4.067449072415029
34 5.556120663404258 1.740577755284975
35 6.566937098461079 4.561932865182529
36 6.235802309740688 3.637681145661760
37 6.402517185216121 4.103009814157445
38 7.229310781661930 6.410726880542335
39 6.371701139010862 4.016997155070479
40 6.905103636903401 5.505811356015515
41 3.680000000000000 5.640000000000000
42 8.430000000000000 9.830000000000000
43 7.764171764756037 9.242669409332166
44 7.304541276438107 8.837226936479087
45 4.631267849993328 6.479118377152008
46 6.155327234865387 7.823499181912837
47 5.110815986596663 6.902130312387372
48 3.900387400632249 5.834404886031394
49 4.804794268853950 6.632186944525905
50 6.901280357510874 8.481508357467487
51 6.490000000000000 3.930000000000000
52 4.650000000000000 4.840000000000000
53 6.408129114155968 3.970490492455473
54 5.895686039776018 4.223927012936860
55 4.690030728574500 4.820202194020220
56 5.980000000000000 9.680000000000000
57 7.380000000000000 9.520000000000000
58 7.200224073542084 9.540545820166619
59 7.359170313320497 9.522380535620513
60 1.910000000000000 6.550000000000000
61 0.190000000000000 5.060000000000000
62 1.775534390632797 6.433515257001667
63 2.100000000000000 5.480000000000000
64 4.180000000000000 3.360000000000000
65 2.414457176609568 5.159495569994094
66 2.762938388625593 4.804312796208531
67 3.490460696590993 4.062799674628410
68 3.578031657508406 3.973544656770278
69 2.236616142945165 5.340756623536659
70 4.155154135689178 3.385323669393722
71 4.770000000000000 1.730000000000000
72 7.000000000000000 4.780000000000000
73 6.981030207598051 4.754054768239488
74 5.524892009887718 2.762475618904726
75 6.523722724267137 4.128589376239807
76 6.474206916261789 4.060865961703344
77 5.498059944504322 2.725777054142684
78 6.434337901679218 4.006336591982787
79 6.181655654951469 3.660739797130934
80 6.476147176269253 4.063519680547632
81 6.417504484278761 3.983313308094270
82 4.570000000000000 0.230000000000000
83 6.700000000000000 3.440000000000000
84 5.903884187540896 2.240219831927830
85 5.189760477035946 1.164005225955580
86 5.742696629213484 1.997303370786516
87 5.577536991467196 1.748400818126618
88 4.881207806554560 0.699003314103351
89 9.630000000000001 3.860000000000000
90 7.639848145382126 3.904366442618870
91 7.120000000000000 4.760000000000000
92 5.250000000000000 4.680000000000000
93 6.627364569570078 4.738924687468239
94 5.922157519446846 4.708755401901469
95 6.945452300600871 4.752532718742283
96 6.001748092472384 4.712160346202027
97 5.321042911461163 4.683039268939515
98 5.458046147093863 4.688900369929149
99 0.280000000000000 9.990000000000000
100 6.920000000000000 0.840000000000000
101 6.535480686525318 1.369872246730925
102 2.903841035720082 6.374315440235129
103 3.648224537996394 5.348546005622438
104 5.696422781074203 2.526104149573952
105 5.452007280182423 2.862911654567896
106 6.117622455876494 1.945685923001518
107 1.432738398103782 8.401512598998552
108 4.029372303437975 4.823319792702189
109 4.847400586969726 3.696066962232983
110 3.218888551324216 5.940176167979430
111 2.281042834318176 7.232538865359743
112 4.287752365029439 4.467268954816361
113 2.603579725268145 6.788079143644048
114 4.466598915778510 4.220816253106421
115 4.345079139019259 4.388271969574364
116 0.980000000000000 0.520000000000000
117 7.190000000000000 1.470000000000000
118 4.724477115192604 1.092826611824955
119 7.143663297931548 1.462911454595003
120 7.030000000000000 7.110000000000000
121 6.509492287917737 4.044787917737789
122 6.600149253731344 4.578656716417910
123 6.509624222115845 4.045564863571085
124 6.923308692804341 6.481706746514456
125 6.769903075099365 5.578318108918485
126 3.840000000000000 6.680000000000000
127 1.880000000000000 6.040000000000000
128 1.959813049660329 6.066061403970719
129 3.408857294711666 6.539218708477279
130 2.654936934874671 6.293040631795811
131 3.085539189900053 6.433645449763283
132 3.250000000000000 5.530000000000000
133 6.520000000000000 4.040000000000000
134 6.354955634004389 4.115203701936838
135 4.217683710961420 5.089067666870790
136 6.000508750508750 4.276710080043413
137 6.047918171118518 4.255107622334376
138 4.707121876075831 4.866051499892052
139 9.270000000000000 9.949999999999999
140 4.480000000000000 7.700000000000000
141 6.954451762516939 8.862320765274136
142 6.873598467028490 8.824341659877682
143 6.860010776308701 8.817959132921622
144 4.350000000000000 1.300000000000000
145 5.595865758754863 2.434533073929961
146 4.564346762413354 1.495192370878545
147 5.050000000000000 4.060000000000000
148 5.950000000000000 1.380000000000000
149 5.799103652551275 1.829335790180647
150 5.125234279505636 3.835969034360994
151 8.940000000000000 8.720000000000001
152 6.914555954350846 8.865180429845482
153 4.615090705487125 9.030002239641657
154 6.894491345210945 8.866618627353761
155 6.741327824857185 8.877597131435063
156 4.207989796834624 9.059182549527590
157 7.943284833370925 8.791442870335301
158 7.876381448697808 8.796238392663270
159 2.440000000000000 1.390000000000000
160 3.749974058109833 1.581155012771392
161 4.177699208570022 1.643569841593909
162 4.487316220509683 1.688750006426306
163 3.467238567057727 1.539897473304561
164 0.850000000000000 2.940000000000000
165 2.234975425438223 2.291040086366090
166 3.522372793015832 1.687802462701153
167 7.810000000000000 5.810000000000000
168 7.715102714050082 6.298043184885290
169 7.553000960307299 7.131709346991038
170 4.040000000000000 7.290000000000000
171 4.585082167832168 6.542458741258741
172 4.921062278092314 6.081686018616256
173 6.173626931805900 4.363883064951907
174 6.339011483366876 4.137069965668284
175 4.162411787514541 7.122120977122915
176 4.336551248448062 6.883301144985515
177 5.079350523295071 5.864604996623903
178 7.130000000000000 9.080000000000000
179 6.842706875122655 8.793539608817952
180 4.976942658124750 6.933183404043228
181 3.885759020842811 5.845162617883846
182 4.720440711296752 6.677424941119080
183 6.351946536517689 8.304201763948072
184 8.210000000000001 2.710000000000000
185 4.604963076358549 1.393134180742372
186 7.331926711045046 2.389253021392102
187 1.020000000000000 8.320000000000000
188 7.400000000000000 9.580000000000000
189 4.170918105102897 8.942281632042265
190 1.010000000000000 7.960000000000000
191 2.616981132075471 4.755660377358490
192 3.182443630028925 3.628121384433341
193 4.003830013867395 1.990267098096750
194 2.347163847549909 5.293679274047187
195 3.792330345710627 2.411999969331504
196 2.870000000000000 4.840000000000000
197 1.310000000000000 4.320000000000000
198 6.996392728424889 9.010423383104282
199 3.523791348407503 4.109836388874140
200 2.370399417000032 2.482152448289764
201 3.895453507940500 4.634331585972107
202 4.313054264080765 5.223656017534537
203 5.447153537189598 6.824113870239525
204 4.456197236809698 5.425661521105275
205 5.171715009965363 6.435410901913737
206 6.538662311632396 8.364467374359736
207 3.875913251482829 4.606756083868290
208 4.500000000000000 9.980000000000000
209 5.420750906716959 3.984775279268823
210 6.040811346580449 4.297004295086610
211 6.011213400048051 4.282100364563203
212 3.031070437202374 5.347915366392761
213 2.934546461763057 5.043539149363260
214 3.632674519621489 7.244998178438314
215 3.320566816654720 6.260805789941877
216 3.636952752579600 7.258489048011747
217 1.900000000000000 8.190000000000000
218 3.196619453518936 4.931933920934902
219 2.397658633881568 6.939513814864466
220 3.989249398939196 2.940261860627305
221 3.200937876546223 4.921082851608376
222 6.000000000000000 4.630000000000000
223 6.030000000000000 6.040000000000000
224 6.028635168377301 5.975852913733141
225 4.370000000000000 1.880000000000000
226 3.672333664009852 2.090092703451579
227 1.440000000000000 5.680000000000000
228 4.521381108637056 4.367776866283839
229 5.856602594601458 4.395801376597833
230 4.752556756374029 4.987936687757874
231 9.000000000000000 6.000000000000000
232 3.180000000000000 7.350000000000000
233 7.375489709743379 6.376819397224474
234 3.684543095205575 7.232966807813139
235 7.950000000000000 8.820000000000000
236 7.140933464507609 5.379338101695516
237 6.950000000000000 0.510000000000000
238 7.830000000000000 4.840000000000000
239 4.816857307268106 5.160431578779113
240 9.340000000000000 4.200000000000000
241 3.430000000000000 1.440000000000000
242 5.100000000000000 5.920000000000000
243 4.501813121754290 4.315283105065403
244 3.010000000000000 5.010000000000000
412
1 5
5 10
10 8
8 11
11 2
2 7
7 4
4 9
9 12
12 3
3 13
13 6
6 0
15 19
19 16
16 17
17 20
20 18
18 14
21 28
28 25
25 34
34 32
32 27
27 31
31 36
36 24
24 23
23 39
39 33
33 30
30 37
37 35
35 29
29 26
26 40
40 38
38 22
41 48
48 45
45 49
49 47
47 46
46 50
50 44
44 43
43 42
52 55
55 54
54 23
23 53
53 51
56 58
58 59
59 57
61 62
62 60
63 2
2 69
69 65
65 66
66 67
67 68
68 70
70 64
71 77
77 74
74 79
79 24
24 53
53 81
81 78
78 76
76 80
80 75
75 73
73 72
82 88
88 85
85 25
25 87
87 86
86 84
84 83
51 90
90 89
92 97
97 98
98 94
94 96
96 93
93 26
26 95
95 73
73 91
99 107
107 111
111 3
3 113
113 102
102 110
110 103
103 108
108 112
112 115
115 114
114 109
109 105
105 74
74 104
104 27
27 84
84 106
106 101
101 100
116 118
118 85
85 28
28 101
101 119
119 117
51 121
121 123
123 75
75 122
122 29
29 93
93 125
125 124
124 120
127 128
128 4
4 130
130 102
102 131
131 129
129 126
132 103
103 135
135 138
138 136
136 137
137 134
134 30
30 76
76 121
121 133
140 143
143 142
142 141
141 43
43 139
144 146
146 145
145 104
104 31
31 83
147 150
150 105
105 77
77 145
145 32
32 86
86 149
149 148
0 156
156 153
153 155
155 154
154 152
152 141
141 44
44 158
158 157
157 151
159 163
163 160
160 161
161 162
162 71
164 5
5 165
165 166
166 160
160 144
22 169
169 168
168 167
170 175
175 176
176 171
171 45
45 16
16 172
172 177
177 94
94 173
173 174
174 134
134 33
33 78
78 51
41 181
181 171
171 182
182 180
180 183
183 179
179 142
142 152
152 178
144 185
185 34
34 87
87 149
149 106
106 186
186 184
187 107
107 6
6 189
189 153
153 58
58 188
190 62
62 128
128 7
7 194
194 65
65 191
191 192
192 195
195 193
193 161
161 144
197 8
8 191
191 66
66 196
116 165
165 200
200 192
192 67
67 199
199 207
207 201
201 108
108 135
135 202
202 204
204 172
172 17
17 205
205 203
203 46
46 206
206 179
179 143
143 154
154 198
198 59
59 188
140 155
155 198
198 178
99 208
64 109
109 150
150 209
209 54
54 136
136 211
211 210
210 173
173 35
35 122
122 95
95 72
196 213
213 212
212 110
110 215
215 129
129 214
214 216
216 189
189 156
156 208
217 111
111 219
219 9
9 130
130 212
212 218
218 221
221 199
199 68
68 220
220 162
162 146
146 185
185 118
118 88
88 21
222 96
96 224
224 223
164 10
10 200
200 226
226 193
193 225
227 11
11 69
69 194
194 213
213 218
218 201
201 112
112 228
228 209
209 79
79 36
36 83
15 202
202 230
230 97
97 229
229 210
210 174
174 37
37 80
80 123
123 133
232 214
214 234
234 175
175 180
180 47
47 203
203 18
18 124
124 38
38 233
233 168
168 231
64 71
72 236
236 233
233 169
169 157
157 235
237 119
119 186
186 90
90 238
190 219
219 12
12 113
113 131
131 215
215 181
181 48
48 19
19 204
204 239
239 98
98 229
229 211
211 137
137 39
39 81
81 51
217 13
13 216
216 234
234 176
176 182
182 49
49 205
205 20
20 224
224 125
125 40
40 236
236 240
140 183
183 206
206 50
50 158
158 235
241 163
163 166
166 226
226 195
195 220
220 70
70 114
114 243
243 228
228 55
55 138
138 230
230 239
239 177
177 242
116 1
244 221
221 207
207 115
115 243
243 147
582
0 0.400000000000000 9.900000000000000
1 0.500000000000000 9.800000000000001
2 0.600000000000000 9.600000000000000
3 0.800000000000000 9.400000000000000
4 0.800000000000000 9.300000000000001
5 0.900000000000000 6.700000000000000
6 0.900000000000000 5.100000000000000
7 0.900000000000000 7.100000000000000
8 0.900000000000000 9.600000000000000
9 0.900000000000000 4.500000000000000
10 0.900000000000000 7.400000000000000
11 0.900000000000000 4.100000000000000
12 0.900000000000000 4.500000000000000
13 0.900000000000000 7.500000000000000
14 0.900000000000000 7.400000000000000
15 0.900000000000000 6.200000000000000
16 1.000000000000000 0.800000000000000
17 1.000000000000000 8.600000000000000
18 1.000000000000000 5.000000000000000
19 1.000000000000000 4.400000000000000
20 1.000000000000000 6.500000000000000
21 1.000000000000000 5.800000000000000
22 1.000000000000000 3.600000000000000
23 1.100000000000000 0.800000000000000
24 1.100000000000000 1.400000000000000
25 1.100000000000000 4.500000000000000
26 1.100000000000000 9.800000000000001
27 1.100000000000000 3.600000000000000
28 1.100000000000000 9.500000000000000
29 1.100000000000000 7.900000000000000
30 1.100000000000000 3.300000000000000
31 1.100000000000000 3.600000000000000
32 1.100000000000000 3.500000000000000
33 1.100000000000000 6.400000000000000
34 1.200000000000000 6.600000000000000
35 1.200000000000000 4.100000000000000
36 1.200000000000000 9.400000000000000
37 1.200000000000000 3.600000000000000
38 1.200000000000000 4.500000000000000
39 1.200000000000000 8.900000000000000
40 1.200000000000000 3.400000000000000
41 1.200000000000000 3.500000000000000
42 1.200000000000000 9.900000000000000
43 1.200000000000000 3.200000000000000
44 1.300000000000000 4.300000000000000
45 1.300000000000000 4.900000000000000
46 1.300000000000000 8.900000000000000
47 1.300000000000000 2.700000000000000
48 1.300000000000000 4.000000000000000
49 1.300000000000000 4.100000000000000
50 1.300000000000000 5.900000000000000
51 1.300000000000000 4.700000000000000
52 1.300000000000000 8.300000000000001
53 1.300000000000000 3.100000000000000
54 1.300000000000000 1.100000000000000
55 1.300000000000000 9.199999999999999
56 1.400000000000000 9.699999999999999
57 1.400000000000000 7.600000000000000
58 1.400000000000000 1.800000000000000
59 1.400000000000000 2.100000000000000
60 1.400000000000000 3.700000000000000
61 1.400000000000000 8.300000000000001
62 1.400000000000000 1.900000000000000
63 1.400000000000000 4.600000000000000
64 1.400000000000000 2.400000000000000
65 1.400000000000000 1.800000000000000
66 1.400000000000000 7.900000000000000
67 1.400000000000000 7.800000000000000
68 1.400000000000000 6.700000000000000
69 1.400000000000000 6.800000000000000
70 1.400000000000000 3.700000000000000
71 1.400000000000000 2.200000000000000
72 1.400000000000000 1.500000000000000
73 1.500000000000000 0.700000000000000
74 1.500000000000000 5.200000000000000
75 1.500000000000000 3.600000000000000
76 1.500000000000000 8.100000000000000
77 1.500000000000000 1.300000000000000
78 1.500000000000000 8.300000000000001
79 1.500000000000000 3.400000000000000
80 1.500000000000000 4.500000000000000
81 1.500000000000000 8.400000000000000
82 1.500000000000000 9.699999999999999
83 1.600000000000000 1.500000000000000
84 1.600000000000000 1.500000000000000
85 1.600000000000000 9.400000000000000
86 1.600000000000000 6.900000000000000
87 1.600000000000000 1.800000000000000
88 1.600000000000000 4.700000000000000
89 1.600000000000000 6.200000000000000
90 1.700000000000000 9.100000000000000
91 1.700000000000000 7.300000000000000
92 1.700000000000000 3.500000000000000
93 1.700000000000000 4.800000000000000
94 1.700000000000000 4.500000000000000
95 1.700000000000000 1.200000000000000
96 1.800000000000000 2.100000000000000
97 1.800000000000000 2.000000000000000
98 1.800000000000000 0.800000000000000
99 1.800000000000000 3.000000000000000
100 1.800000000000000 6.200000000000000
101 1.800000000000000 2.500000000000000
102 1.800000000000000 9.000000000000000
103 1.800000000000000 7.400000000000000
104 1.800000000000000 4.300000000000000
105 1.800000000000000 3.300000000000000
106 1.800000000000000 6.600000000000000
107 1.900000000000000 9.800000000000001
108 1.900000000000000 3.900000000000000
109 1.900000000000000 7.700000000000000
110 1.900000000000000 5.800000000000000
111 1.900000000000000 1.300000000000000
112 1.900000000000000 1.500000000000000
113 1.900000000000000 2.000000000000000
114 1.900000000000000 0.700000000000000
115 1.900000000000000 3.500000000000000
116 1.900000000000000 8.600000000000000
117 2.000000000000000 4.900000000000000
118 2.000000000000000 6.100000000000000
119 2.000000000000000 9.000000000000000
120 2.000000000000000 2.700000000000000
121 2.000000000000000 8.800000000000001
122 2.000000000000000 3.700000000000000
123 2.000000000000000 8.699999999999999
124 2.000000000000000 8.000000000000000
125 2.000000000000000 3.400000000000000
126 2.000000000000000 6.700000000000000
127 2.000000000000000 6.400000000000000
128 2.000000000000000 8.400000000000000
129 2.100000000000000 7.900000000000000
130 2.100000000000000 7.600000000000000
131 2.100000000000000 8.000000000000000
132 2.100000000000000 1.400000000000000
133 2.100000000000000 5.800000000000000
134 2.100000000000000 4.000000000000000
135 2.100000000000000 1.100000000000000
136 2.100000000000000 7.100000000000000
137 2.100000000000000 6.800000000000000
138 2.100000000000000 3.700000000000000
139 2.100000000000000 7.100000000000000
140 2.100000000000000 3.800000000000000
141 2.100000000000000 8.000000000000000
142 2.200000000000000 3.500000000000000
143 2.200000000000000 3.300000000000000
144 2.200000000000000 2.000000000000000
145 2.200000000000000 6.500000000000000
146 2.200000000000000 6.800000000000000
147 2.200000000000000 3.000000000000000
148 2.200000000000000 8.800000000000001
149 2.200000000000000 2.000000000000000
150 2.300000000000000 7.400000000000000
151 2.300000000000000 8.900000000000000
152 2.300000000000000 6.900000000000000
153 2.300000000000000 2.400000000000000
154 2.300000000000000 1.500000000000000
155 2.300000000000000 1.800000000000000
156 2.300000000000000 1.300000000000000
157 2.300000000000000 4.000000000000000
158 2.300000000000000 2.600000000000000
159 2.400000000000000 9.000000000000000
160 2.400000000000000 5.500000000000000
161 2.400000000000000 6.100000000000000
162 2.400000000000000 5.500000000000000
163 2.400000000000000 9.300000000000001
164 2.400000000000000 4.500000000000000
165 2.400000000000000 6.400000000000000
166 2.500000000000000 5.900000000000000
167 2.500000000000000 7.500000000000000
168 2.500000000000000 6.700000000000000
169 2.500000000000000 8.800000000000001
170 2.600000000000000 1.300000000000000
171 2.600000000000000 3.700000000000000
172 2.600000000000000 9.500000000000000
173 2.600000000000000 8.600000000000000
174 2.600000000000000 5.000000000000000
175 2.600000000000000 2.600000000000000
176 2.600000000000000 4.400000000000000
177 2.600000000000000 5.200000000000000
178 2.600000000000000 2.100000000000000
179 2.700000000000000 3.700000000000000
180 2.700000000000000 2.300000000000000
181 2.700000000000000 8.800000000000001
182 2.700000000000000 7.900000000000000
183 2.700000000000000 9.500000000000000
184 2.700000000000000 7.900000000000000
185 2.700000000000000 3.200000000000000
186 2.700000000000000 4.000000000000000
187 2.700000000000000 5.000000000000000
188 2.700000000000000 9.100000000000000
189 2.800000000000000 7.500000000000000
190 2.800000000000000 2.100000000000000
191 2.800000000000000 7.500000000000000
192 2.800000000000000 2.900000000000000
193 2.800000000000000 9.500000000000000
194 2.800000000000000 3.600000000000000
195 2.900000000000000 1.800000000000000
196 2.900000000000000 4.700000000000000
197 2.900000000000000 3.100000000000000
198 2.900000000000000 5.100000000000000
199 2.900000000000000 7.600000000000000
200 2.900000000000000 9.600000000000000
201 2.900000000000000 3.300000000000000
202 2.900000000000000 8.199999999999999
203 3.000000000000000 9.800000000000001
204 3.000000000000000 6.300000000000000
205 3.000000000000000 8.199999999999999
206 3.000000000000000 4.900000000000000
207 3.000000000000000 9.900000000000000
208 3.000000000000000 1.100000000000000
209 3.000000000000000 5.300000000000000
210 3.000000000000000 6.000000000000000
211 3.000000000000000 2.100000000000000
212 3.000000000000000 4.300000000000000
213 3.000000000000000 7.400000000000000
214 3.100000000000000 1.100000000000000
215 3.100000000000000 5.300000000000000
216 3.100000000000000 1.000000000000000
217 3.100000000000000 3.700000000000000
218 3.100000000000000 3.600000000000000
219 3.100000000000000 9.400000000000000
220 3.100000000000000 2.000000000000000
221 3.100000000000000 8.800000000000001
222 3.100000000000000 7.600000000000000
223 3.100000000000000 2.800000000000000
224 3.100000000000000 9.699999999999999
225 3.100000000000000 1.400000000000000
226 3.100000000000000 9.300000000000001
227 3.200000000000000 6.700000000000000
228 3.200000000000000 9.000000000000000
229 3.200000000000000 5.500000000000000
230 3.200000000000000 4.500000000000000
231 3.200000000000000 2.200000000000000
232 3.200000000000000 1.300000000000000
233 3.200000000000000 3.300000000000000
234 3.300000000000000 3.000000000000000
235 3.300000000000000 4.300000000000000
236 3.300000000000000 7.100000000000000
237 3.300000000000000 7.800000000000000
238 3.300000000000000 8.600000000000000
239 3.300000000000000 3.600000000000000
240 3.300000000000000 5.800000000000000
241 3.400000000000000 6.400000000000000
242 3.400000000000000 2.800000000000000
243 3.400000000000000 6.000000000000000
244 3.400000000000000 2.300000000000000
245 3.400000000000000 6.100000000000000
246 3.400000000000000 3.100000000000000
247 3.400000000000000 7.800000000000000
248 3.400000000000000 5.700000000000000
249 3.400000000000000 1.200000000000000
250 3.400000000000000 8.000000000000000
251 3.500000000000000 7.400000000000000
252 3.500000000000000 8.300000000000001
253 3.500000000000000 9.100000000000000
254 3.500000000000000 1.800000000000000
255 3.500000000000000 9.699999999999999
256 3.500000000000000 6.300000000000000
257 3.500000000000000 4.500000000000000
258 3.500000000000000 4.700000000000000
259 3.500000000000000 1.200000000000000
260 3.500000000000000 8.600000000000000
261 3.500000000000000 6.700000000000000
262 3.600000000000000 7.200000000000000
263 3.600000000000000 7.600000000000000
264 3.600000000000000 2.600000000000000
265 3.600000000000000 1.100000000000000
266 3.600000000000000 1.800000000000000
267 3.600000000000000 8.900000000000000
268 3.600000000000000 2.700000000000000
269 3.600000000000000 7.000000000000000
270 3.600000000000000 8.000000000000000
271 3.600000000000000 5.200000000000000
272 3.600000000000000 3.600000000000000
273 3.600000000000000 3.700000000000000
274 3.600000000000000 6.300000000000000
275 3.600000000000000 1.200000000000000
276 3.700000000000000 9.000000000000000
277 3.700000000000000 6.900000000000000
278 3.700000000000000 1.800000000000000
279 3.700000000000000 6.600000000000000
280 3.800000000000000 9.699999999999999
281 3.800000000000000 9.800000000000001
282 3.800000000000000 8.199999999999999
283 3.800000000000000 2.300000000000000
284 3.800000000000000 1.000000000000000
285 3.800000000000000 4.800000000000000
286 3.800000000000000 8.199999999999999
287 3.800000000000000 2.400000000000000
288 3.800000000000000 9.900000000000000
289 3.900000000000000 5.900000000000000
290 3.900000000000000 2.400000000000000
291 3.900000000000000 5.200000000000000
292 3.900000000000000 5.500000000000000
293 3.900000000000000 8.600000000000000
294 3.900000000000000 9.500000000000000
295 3.900000000000000 5.200000000000000
296 3.900000000000000 3.800000000000000
297 3.900000000000000 8.199999999999999
298 3.900000000000000 1.900000000000000
299 3.900000000000000 9.699999999999999
300 3.900000000000000 9.100000000000000
301 3.900000000000000 8.199999999999999
302 3.900000000000000 4.800000000000000
303 3.900000000000000 1.300000000000000
304 4.000000000000000 4.900000000000000
305 4.000000000000000 6.300000000000000
306 4.000000000000000 8.199999999999999
307 4.000000000000000 8.199999999999999
308 4.000000000000000 6.600000000000000
309 4.000000000000000 6.200000000000000
310 4.000000000000000 2.900000000000000
311 4.000000000000000 1.600000000000000
312 4.000000000000000 4.500000000000000
313 4.100000000000000 2.600000000000000
314 4.100000000000000 3.800000000000000
315 4.100000000000000 9.300000000000001
316 4.200000000000000 9.600000000000000
317 4.200000000000000 7.200000000000000
318 4.200000000000000 9.100000000000000
319 4.200000000000000 8.100000000000000
320 4.200000000000000 4.600000000000000
321 4.200000000000000 6.500000000000000
322 4.200000000000000 1.100000000000000
323 4.300000000000000 5.700000000000000
324 4.300000000000000 3.000000000000000
325 4.300000000000000 3.500000000000000
326 4.300000000000000 3.700000000000000
327 4.300000000000000 4.200000000000000
328 4.300000000000000 3.000000000000000
329 4.400000000000000 2.900000000000000
330 4.400000000000000 2.700000000000000
331 4.400000000000000 6.800000000000000
332 4.400000000000000 4.000000000000000
333 4.400000000000000 8.199999999999999
334 4.400000000000000 1.700000000000000
335 4.400000000000000 5.900000000000000
336 4.400000000000000 5.000000000000000
337 4.400000000000000 3.600000000000000
338 4.400000000000000 4.700000000000000
339 4.500000000000000 5.400000000000000
340 4.500000000000000 4.200000000000000
341 4.500000000000000 6.400000000000000
342 4.500000000000000 4.400000000000000
343 4.500000000000000 6.900000000000000
344 4.500000000000000 7.800000000000000
345 4.600000000000000 1.400000000000000
346 4.600000000000000 1.800000000000000
347 4.600000000000000 7.900000000000000
348 4.600000000000000 4.100000000000000
349 4.600000000000000 4.900000000000000
350 4.600000000000000 2.500000000000000
351 4.600000000000000 2.100000000000000
352 4.600000000000000 1.700000000000000
353 4.700000000000000 6.500000000000000
354 4.700000000000000 3.200000000000000
355 4.700000000000000 8.600000000000000
356 4.700000000000000 1.100000000000000
357 4.700000000000000 2.200000000000000
358 4.700000000000000 4.500000000000000
359 4.700000000000000 2.400000000000000
360 4.700000000000000 8.100000000000000
361 4.800000000000000 1.500000000000000
362 4.800000000000000 5.600000000000000
363 4.800000000000000 1.700000000000000
364 4.800000000000000 8.800000000000001
365 4.800000000000000 8.199999999999999
366 4.900000000000000 0.900000000000000
367 4.900000000000000 3.500000000000000
368 4.900000000000000 5.400000000000000
369 4.900000000000000 1.800000000000000
370 4.900000000000000 4.700000000000000
371 4.900000000000000 8.500000000000000
372 4.900000000000000 5.400000000000000
373 4.900000000000000 7.000000000000000
374 4.900000000000000 1.800000000000000
375 4.900000000000000 2.400000000000000
376 5.000000000000000 8.000000000000000
377 5.000000000000000 5.500000000000000
378 5.000000000000000 3.800000000000000
379 5.000000000000000 2.900000000000000
380 5.000000000000000 1.800000000000000
381 5.000000000000000 7.800000000000000
382 5.000000000000000 7.100000000000000
383 5.000000000000000 2.300000000000000
384 5.000000000000000 8.000000000000000
385 5.000000000000000 7.800000000000000
386 5.100000000000000 9.000000000000000
387 5.100000000000000 3.900000000000000
388 5.100000000000000 1.400000000000000
389 5.100000000000000 6.900000000000000
390 5.100000000000000 7.900000000000000
391 5.100000000000000 7.900000000000000
392 5.100000000000000 3.300000000000000
393 5.100000000000000 6.600000000000000
394 5.100000000000000 5.500000000000000
395 5.100000000000000 0.800000000000000
396 5.100000000000000 3.500000000000000
397 5.100000000000000 2.400000000000000
398 5.100000000000000 2.100000000000000
399 5.200000000000000 3.300000000000000
400 5.200000000000000 0.900000000000000
401 5.200000000000000 4.400000000000000
402 5.200000000000000 3.800000000000000
403 5.200000000000000 3.700000000000000
404 5.200000000000000 5.300000000000000
405 5.200000000000000 3.100000000000000
406 5.200000000000000 3.700000000000000
407 5.200000000000000 3.700000000000000
408 5.300000000000000 5.400000000000000
409 5.300000000000000 6.200000000000000
410 5.300000000000000 4.100000000000000
411 5.300000000000000 4.800000000000000
412 5.400000000000000 6.500000000000000
413 5.400000000000000 6.300000000000000
414 5.400000000000000 5.800000000000000
415 5.400000000000000 4.300000000000000
416 5.500000000000000 6.300000000000000
417 5.500000000000000 4.900000000000000
418 5.500000000000000 2.900000000000000
419 5.500000000000000 7.400000000000000
420 5.500000000000000 3.000000000000000
421 5.600000000000000 1.500000000000000
422 5.600000000000000 8.199999999999999
423 5.600000000000000 6.200000000000000
424 5.600000000000000 1.900000000000000
425 5.700000000000000 4.900000000000000
426 5.700000000000000 3.100000000000000
427 5.700000000000000 4.400000000000000
428 5.700000000000000 5.000000000000000
429 5.700000000000000 8.699999999999999
430 5.700000000000000 5.800000000000000
431 5.700000000000000 5.000000000000000
432 5.700000000000000 5.900000000000000
433 5.700000000000000 2.800000000000000
434 5.700000000000000 2.500000000000000
435 5.700000000000000 4.400000000000000
436 5.700000000000000 8.800000000000001
437 5.700000000000000 4.500000000000000
438 5.700000000000000 1.600000000000000
439 5.700000000000000 2.400000000000000
440 5.700000000000000 8.500000000000000
441 5.800000000000000 2.000000000000000
442 5.800000000000000 3.500000000000000
443 5.800000000000000 6.100000000000000
444 5.800000000000000 6.600000000000000
445 5.800000000000000 7.000000000000000
446 5.800000000000000 9.000000000000000
447 5.800000000000000 1.900000000000000
448 5.800000000000000 4.300000000000000
449 5.800000000000000 2.600000000000000
450 5.800000000000000 7.400000000000000
451 5.800000000000000 2.900000000000000
452 5.800000000000000 5.300000000000000
453 5.900000000000000 8.300000000000001
454 5.900000000000000 8.500000000000000
455 6.000000000000000 8.500000000000000
456 6.000000000000000 6.400000000000000
457 6.000000000000000 3.400000000000000
458 6.000000000000000 7.900000000000000
459 6.000000000000000 6.300000000000000
460 6.000000000000000 2.100000000000000
461 6.100000000000000 6.700000000000000
462 6.100000000000000 1.700000000000000
463 6.100000000000000 2.500000000000000
464 6.100000000000000 8.000000000000000
465 6.100000000000000 6.800000000000000
466 6.100000000000000 5.800000000000000
467 6.100000000000000 2.500000000000000
468 6.100000000000000 4.600000000000000
469 6.100000000000000 3.800000000000000
470 6.100000000000000 5.600000000000000
471 6.200000000000000 8.900000000000000
472 6.200000000000000 2.400000000000000
473 6.200000000000000 1.900000000000000
474 6.200000000000000 7.800000000000000
475 6.300000000000000 5.200000000000000
476 6.300000000000000 4.900000000000000
477 6.300000000000000 6.600000000000000
478 6.300000000000000 1.400000000000000
479 6.300000000000000 4.000000000000000
480 6.300000000000000 3.100000000000000
481 6.300000000000000 8.600000000000000
482 6.300000000000000 4.200000000000000
483 6.300000000000000 5.800000000000000
484 6.300000000000000 5.700000000000000
485 6.400000000000000 6.000000000000000
486 6.400000000000000 7.400000000000000
487 6.400000000000000 2.300000000000000
488 6.400000000000000 2.700000000000000
489 6.400000000000000 4.700000000000000
490 6.400000000000000 2.000000000000000
491 6.400000000000000 8.699999999999999
492 6.500000000000000 5.900000000000000
493 6.500000000000000 6.200000000000000
494 6.500000000000000 8.900000000000000
495 6.500000000000000 6.100000000000000
496 6.500000000000000 7.100000000000000
497 6.500000000000000 4.800000000000000
498 6.500000000000000 4.900000000000000
499 6.600000000000000 3.500000000000000
500 6.600000000000000 7.100000000000000
501 6.600000000000000 4.100000000000000
502 6.600000000000000 4.400000000000000
503 6.600000000000000 2.000000000000000
504 6.700000000000000 3.800000000000000
505 6.700000000000000 6.600000000000000
506 6.700000000000000 4.600000000000000
507 6.700000000000000 6.700000000000000
508 6.700000000000000 8.100000000000000
509 6.700000000000000 5.200000000000000
510 6.700000000000000 2.900000000000000
511 6.700000000000000 1.800000000000000
512 6.700000000000000 1.600000000000000
513 6.700000000000000 3.700000000000000
514 6.800000000000000 9.000000000000000
515 6.800000000000000 7.500000000000000
516 6.800000000000000 5.400000000000000
517 6.800000000000000 6.000000000000000
518 6.800000000000000 2.400000000000000
519 6.800000000000000 2.200000000000000
520 6.800000000000000 5.100000000000000
521 6.800000000000000 6.100000000000000
522 6.800000000000000 1.900000000000000
523 6.800000000000000 3.200000000000000
524 6.800000000000000 5.600000000000000
525 6.900000000000000 8.000000000000000
526 6.900000000000000 7.100000000000000
527 6.900000000000000 7.900000000000000
528 6.900000000000000 7.000000000000000
529 6.900000000000000 6.500000000000000
530 6.900000000000000 6.200000000000000
531 6.900000000000000 9.300000000000001
532 7.000000000000000 2.600000000000000
533 7.000000000000000 8.000000000000000
534 7.000000000000000 9.000000000000000
535 7.000000000000000 2.300000000000000
536 7.000000000000000 3.500000000000000
537 7.000000000000000 9.300000000000001
538 7.000000000000000 7.700000000000000
539 7.000000000000000 7.400000000000000
540 7.100000000000000 4.900000000000000
541 7.100000000000000 2.800000000000000
542 7.100000000000000 8.500000000000000
543 7.100000000000000 4.100000000000000
544 7.100000000000000 6.500000000000000
545 7.100000000000000 2.800000000000000
546 7.100000000000000 5.100000000000000
547 7.100000000000000 3.300000000000000
548 7.200000000000000 5.400000000000000
549 7.200000000000000 4.500000000000000
550 7.200000000000000 2.300000000000000
551 7.200000000000000 6.200000000000000
552 7.200000000000000 8.900000000000000
553 7.200000000000000 8.800000000000001
554 7.200000000000000 8.199999999999999
555 7.200000000000000 5.100000000000000
556 7.200000000000000 6.600000000000000
557 7.200000000000000 8.800000000000001
558 7.300000000000000 6.000000000000000
559 7.300000000000000 7.800000000000000
560 7.300000000000000 5.600000000000000
561 7.300000000000000 5.700000000000000
562 7.300000000000000 2.300000000000000
563 7.300000000000000 8.000000000000000
564 7.400000000000000 4.700000000000000
565 7.400000000000000 9.500000000000000
566 7.400000000000000 6.900000000000000
567 7.400000000000000 3.800000000000000
568 7.400000000000000 6.400000000000000
569 7.500000000000000 5.100000000000000
570 7.500000000000000 5.900000000000000
571 7.500000000000000 6.100000000000000
572 7.500000000000000 7.900000000000000
573 7.500000000000000 8.900000000000000
574 7.500000000000000 7.200000000000000
575 7.500000000000000 8.300000000000001
576 7.500000000000000 3.600000000000000
577 7.600000000000000 7.100000000000000
578 7.600000000000000 4.400000000000000
579 7.600000000000000 8.900000000000000
580 7.700000000000000 6.700000000000000
581 7.700000000000000 8.900000000000000
