51
0 8.547000000000001 3.385000000000000
1 7.119000000000000 7.919000000000000
2 7.921307713891458 5.371616824381043
3 7.635351603916778 6.279547498488327
4 7.215304155918792 7.613227560969323
5 8.377377537490528 3.923563196791282
6 7.196651503929509 7.672451037243420
7 8.109869401593489 4.772920261327114
8 9.910000000000000 5.820000000000000
9 2.512000000000000 4.152000000000000
10 5.536297804820805 4.833877363941755
11 6.678352080227855 5.091372164074082
12 5.697421293192725 4.870205287516284
13 8.063160868754959 5.403599936345401
14 9.254000000000000 6.054000000000000
15 7.268749675295058 7.788188222751623
16 7.330743169219351 7.734034655459443
17 7.929290198572012 7.211182098202903
18 5.233000000000000 7.087000000000000
19 6.047000000000000 1.040000000000000
20 5.458431900427491 5.412323462057691
21 5.273109663963125 6.789035457020857
22 5.422033856038493 5.682715322524852
23 7.766000000000000 9.416000000000000
24 5.239336795714173 7.092826449750615
25 8.608000000000001 8.853000000000000
26 0.191000000000000 4.455000000000000
27 7.401435924332610 8.222553427018513
28 5.231797252029945 7.088886932924758
29 4.815274246825662 6.871247848109689
30 7.837512246801461 8.450409393065561
31 6.856000000000000 6.437000000000000
32 6.887071894781192 6.430722541231174
33 8.003800551387066 6.205109711785914
34 6.921428613078128 6.651188833362357
35 7.239391321899423 7.692079942789430
36 7.342870297684424 8.030831447035055
37 8.263156639187077 3.782228510306557
38 3.570000000000000 9.696000000000000
39 8.173999999999999 3.907000000000000
40 6.556551905503246 4.309783169735851
41 7.071630882353514 7.615033432565129
42 5.869000000000000 4.481000000000000
43 4.922502445895521 6.628013808027340
44 5.354817997307144 5.647358914329379
45 7.838000000000000 7.967000000000000
46 3.713328549037610 4.783914303533826
47 8.109999999999999 8.374000000000001
48 7.851727823078937 8.258464271220923
49 4.496000000000000 4.857000000000000
50 7.187000000000000 2.369000000000000
86
1 6
6 4
4 3
3 2
2 7
7 5
5 0
9 10
10 12
12 11
11 2
2 13
13 8
1 15
15 16
16 17
17 14
18 21
21 22
22 20
20 10
10 19
18 24
24 23
26 29
29 28
28 24
24 27
27 30
30 25
31 32
32 3
3 33
33 8
31 34
34 4
4 35
35 15
15 36
36 27
27 23
19 37
37 5
5 8
38 28
28 18
39 37
37 0
19 40
40 11
11 32
32 34
34 41
41 1
38 29
29 43
43 44
44 20
20 12
12 42
42 40
40 39
26 43
43 21
21 41
41 6
6 35
35 16
16 45
9 46
46 44
44 22
22 31
18 36
36 48
48 47
23 30
30 48
48 17
17 33
33 13
13 7
7 39
26 46
46 49
19 50
24
0 1.100000000000000 4.900000000000000
1 2.000000000000000 5.000000000000000
2 3.600000000000000 8.600000000000000
3 3.600000000000000 8.100000000000000
4 3.600000000000000 7.600000000000000
5 4.300000000000000 6.000000000000000
6 4.400000000000000 5.100000000000000
7 4.500000000000000 5.900000000000000
8 5.800000000000000 3.700000000000000
9 6.000000000000000 3.800000000000000
10 6.000000000000000 2.500000000000000
11 6.100000000000000 4.600000000000000
12 6.200000000000000 3.200000000000000
13 6.500000000000000 7.300000000000000
14 6.600000000000000 5.300000000000000
15 6.600000000000000 4.000000000000000
16 7.300000000000000 6.800000000000000
17 7.300000000000000 6.100000000000000
18 7.400000000000000 8.600000000000000
19 7.600000000000000 4.400000000000000
20 7.600000000000000 8.600000000000000
21 7.800000000000000 4.200000000000000
22 8.400000000000000 5.700000000000000
23 8.400000000000000 5.900000000000000
