41
0 9.504000000000000 1.250000000000000
1 9.303000000000001 2.395000000000000
2 7.986000000000000 2.634000000000000
3 8.388389649147838 2.267130912766397
4 1.145000000000000 0.813000000000000
5 7.876488151395467 2.604849133707228
6 4.988000000000000 9.346000000000000
7 2.562000000000000 3.446000000000000
8 4.319108483113117 7.719264653902467
9 3.712333172608444 6.243595102386570
10 3.691055881385473 6.191849010789074
11 3.671087315105852 6.143285720991148
12 2.427000000000000 7.224000000000000
13 3.142842480016806 7.817134612493425
14 8.823000000000000 3.666000000000000
15 6.191519773705148 7.563472668932142
16 7.066784511338941 6.267122288290696
17 6.277508329348792 7.436115433976236
18 8.000000000000000 7.413000000000000
19 0.272000000000000 8.055999999999999
20 6.063662782181371 7.574110873584029
21 6.485032946683893 7.539051218333626
22 1.859956514701822 7.923875771356978
23 8.260999999999999 7.015000000000000
24 8.695000000000000 2.443000000000000
25 5.207782107232480 5.102921624971525
26 3.775768162222948 6.195209224060640
27 8.476838365968790 2.609405675223870
28 5.919000000000000 7.779000000000000
29 7.011092435997093 6.232245113892547
30 6.191289968316814 7.393349641981041
31 8.957000000000001 1.892000000000000
32 5.104136474650399 5.038013524833703
33 3.720508742030721 6.167799599922235
34 4.634337909225485 4.743802070192271
35 6.335314690139230 5.809039152326182
36 3.717000000000000 5.349000000000000
37 2.602000000000000 5.613000000000000
38 7.247000000000000 7.917000000000000
39 0.617000000000000 9.458000000000000
40 5.741000000000000 6.697000000000000
62
1 0
2 3
3 0
4 5
5 2
7 11
11 10
10 9
9 8
8 6
12 13
13 6
6 15
15 17
17 16
16 14
14 1
19 22
22 13
13 8
8 20
20 15
15 21
21 18
23 1
12 9
9 26
26 25
25 27
27 24
28 20
20 30
30 29
29 14
12 10
10 33
33 32
32 31
7 34
34 32
32 25
25 35
35 29
29 16
16 23
36 34
34 5
5 3
3 31
37 11
11 33
33 26
26 30
30 17
17 21
21 38
39 22
22 12
38 18
40 35
35 27
27 31
25
0 2.600000000000000 7.800000000000000
1 2.800000000000000 6.200000000000000
2 2.800000000000000 4.200000000000000
3 3.100000000000000 5.700000000000000
4 4.700000000000000 6.300000000000000
5 4.800000000000000 7.900000000000000
6 5.000000000000000 7.900000000000000
7 5.200000000000000 8.199999999999999
8 5.200000000000000 4.400000000000000
9 5.300000000000000 8.199999999999999
10 5.600000000000000 7.100000000000000
11 5.700000000000000 5.400000000000000
12 5.700000000000000 5.400000000000000
13 6.100000000000000 6.100000000000000
14 6.200000000000000 6.500000000000000
15 6.400000000000000 7.400000000000000
16 6.600000000000000 5.600000000000000
17 6.800000000000000 5.200000000000000
18 6.900000000000000 4.900000000000000
19 7.100000000000000 7.100000000000000
20 7.300000000000000 4.600000000000000
21 7.300000000000000 3.100000000000000
22 7.600000000000000 4.000000000000000
23 8.500000000000000 5.500000000000000
24 8.600000000000000 2.100000000000000
