438
0 3.430000000000000 6.770000000000000
1 6.000000000000000 8.740000000000000
2 5.880758878478939 8.648597272608370
3 3.839488553849176 7.083888113261819
4 4.996763036092934 7.970981782530382
5 3.790495964550327 7.046333482554141
6 4.025219786811078 7.226257968878530
7 5.368316367038357 8.255791145161698
8 5.552264311099829 8.396794043916989
9 5.731188589540412 8.533946117274169
10 4.470472342063154 7.567560511231290
11 3.835866738348846 7.081111857800477
12 4.242431140827137 7.392758500945315
13 5.024529063921883 7.992265469231949
14 4.733405859192063 7.769108771442943
15 5.106777528233064 8.055311957439352
16 3.890000000000000 5.410000000000000
17 8.550000000000001 2.580000000000000
18 5.484753818350961 4.441512166108752
19 4.304421978517965 5.158323133217631
20 8.035026503802719 2.892741415072598
21 4.021851240545932 5.329927250913093
22 4.289694302573512 5.167267193930678
23 6.584912493161125 3.773390052436485
24 3.988592465485594 5.350125176539865
25 4.523893451252896 5.025038955569594
26 4.403434595329857 5.098193153479937
27 4.010934320892342 5.336557054050360
28 4.911346056308614 4.789740485117301
29 7.771914571106533 3.052528275486805
30 6.800306118178775 3.642582335955808
31 5.500136235184950 4.432170483782530
32 6.784606249340230 3.652116805658187
33 4.370587312245054 5.118141181619420
34 6.357398049208363 3.911558695437840
35 4.724330198348104 4.903314493277868
36 4.568028434058832 4.998235950990022
37 5.964345322936754 4.150258097873174
38 4.829885763041263 4.839211006565070
39 8.609999999999999 1.580000000000000
40 8.500000000000000 8.820000000000000
41 8.521915263503843 7.377577202110734
42 8.547579946702198 5.688374417055297
43 8.604517036827080 1.940878667017594
44 8.570888235861588 4.154265203291851
45 8.523761208858609 7.256080435124217
46 8.520865163877749 7.446692850228184
47 8.528742114732355 6.928246266706813
48 8.584743666773791 3.242325932343119
49 8.573427179391702 3.987156556400726
50 8.522244276785690 7.355922146105514
51 1.330000000000000 3.370000000000000
52 4.720000000000000 2.560000000000000
53 1.535562196273521 3.320883369031991
54 3.564235770984631 2.836156054720487
55 3.574187552213867 2.833778195488722
56 2.660015323671812 3.052208727972222
57 2.701221232418864 3.042363068360094
58 3.722370995845061 2.798371531966224
59 2.675299613656075 3.048556729480407
60 4.038821333707773 2.722759504335311
61 2.191043077646001 3.164264043394319
62 3.431398020624265 2.867896048169424
63 3.350207854984894 2.887295468277946
64 4.280000000000000 8.850000000000000
65 0.870000000000000 1.980000000000000
66 2.821719500480307 5.912056588944196
67 3.696767080208584 7.674982358074184
68 2.645178984099445 5.556386985561052
69 3.533903086792431 7.346866336147800
70 4.047786356593254 8.382167821054443
71 2.682883131459571 5.632348127016789
72 3.275437345227090 6.826145032759563
73 4.141360456152340 8.570688074418349
74 4.102688028482421 8.492776174684526
75 3.462230856306015 7.202470962704494
76 3.939902562461825 8.164818358977342
77 3.802539733797948 7.888078583927244
78 3.886871446450921 8.057978544609334
79 4.279113087474997 8.848213170367515
80 3.998222016160385 8.282312390328986
81 2.540000000000000 1.980000000000000
82 8.390000000000001 6.870000000000000
83 3.572016464799394 2.842659916729750
84 8.028916130380033 6.568170919240746
85 4.646652139425050 3.740945121673247
86 6.567113221329437 5.346253615777940
87 5.897787055191796 4.786765589724425
88 5.793866109166557 4.699898337405891
89 4.900929773382190 3.953495143904087
90 7.488190159670542 6.116179466801530
91 3.676629864752967 2.930105989511455
92 4.371553722821385 3.510991060614799
93 6.942675314478269 5.660185006461322
94 5.497963023871760 4.452553707133831
95 3.892321748200420 3.110402281829069
96 3.416495383380169 2.712660243543423
97 6.276018472449000 5.102928261585575
98 5.965215722586793 4.843129039905883
99 7.607216246104354 6.215673067256461
100 7.017921866411513 5.723083406282445
101 2.874172499435538 2.259333935425603
102 0.880000000000000 0.880000000000000
103 5.720000000000000 2.370000000000000
104 3.829798027242836 1.788098979461121
105 3.616567967977656 1.722455841381551
106 2.040000000000000 9.109999999999999
107 4.020000000000000 1.010000000000000
108 3.270998056095529 4.074098861427382
109 2.924836233238213 5.490215409480038
110 2.937134679120216 5.439903585417294
111 3.016063972762297 5.117011020517873
112 2.159423991409725 8.621447307869305
113 3.271874148733315 4.070514846090983
114 3.761763963701655 2.066420148493229
115 3.750264646249066 2.113462810799274
116 2.584019426655778 6.884465981862724
117 3.259307914665902 4.121922167275855
118 3.469310704960836 3.262819843342035
119 3.509681801930640 3.097665355738290
120 8.600000000000000 7.340000000000000
121 4.070000000000000 9.520000000000000
122 7.167498984871989 8.029371349443501
123 5.982844824340099 8.599469819633240
124 8.215370096853881 7.525097834185107
125 7.460674358338968 7.888284745876611
126 7.547421619180247 7.846538823440852
127 6.330000000000000 9.449999999999999
128 9.820000000000000 3.530000000000000
129 9.594807240032031 3.911988865045953
130 7.962888161808447 6.680172516359310
131 7.977715004338503 6.655022112984545
132 7.330970947020726 7.752077935139628
133 7.906231845358100 6.776277213604599
134 9.453337421306516 4.151960591938517
135 7.323283039692241 7.765118740693962
136 7.265690151515152 7.862812121212121
137 7.433027090200093 7.578962643557436
138 4.700000000000000 3.520000000000000
139 3.570000000000000 8.199999999999999
140 4.193620563061735 5.617217491036354
141 4.303023955510156 5.164113175409267
142 3.871450085913547 6.951516458340353
143 4.008754284699405 6.382858360713968
144 4.406216687923743 4.736730885413170
145 4.526991347306687 4.236531411154607
146 4.327129073756432 5.064279588336192
147 4.188105440254466 5.640058884609824
148 4.135995752739373 5.855875997504187
149 4.581873579219221 4.009231548012431
150 3.782826265016382 7.318560247542773
151 4.324170994714257 5.076530747555113
152 3.837087786839573 7.093831112912212
153 3.586607187814702 8.131219788519639
154 3.600294692868542 8.074531714491348
155 3.915277777777778 6.770000000000000
156 4.401480640758566 4.756345664822930
157 4.450839589797030 4.551920990929115
158 4.489795531342666 4.390581339217985
159 9.670000000000000 0.160000000000000
160 7.067430922735801 4.510008314855876
161 5.430450606585788 7.246103986135182
162 9.469067920945887 0.495843617847588
163 6.229864966241561 5.909939984996250
164 6.655111333307696 5.199171057185709
165 4.728051131938663 8.420114536616806
166 4.708580904461871 8.452657631113730
167 4.439072164948453 8.903122238586157
168 5.276173609836667 7.503966966415857
169 5.991240441801190 6.308783832989440
170 5.734040477932211 6.738675201170446
171 7.918894133769843 3.086848376413262
172 5.101432374473120 7.796034459809214
173 5.150175113440276 7.714564453249825
174 7.500480172241137 3.786197426396956
175 5.889129280865616 6.479455344838900
176 4.982579500783022 7.994688548691234
177 5.715299145299146 6.769999999999999
178 4.923904843051065 8.092759048043220
179 6.380933426909966 5.657439843593343
180 4.560000000000000 6.230000000000000
181 1.720000000000000 1.480000000000000
182 3.969847042143384 5.242948397951084
183 4.530130079511927 6.180041506225934
184 3.987062195516743 5.271741348135399
185 3.729169862991760 4.840407341271431
186 2.717240142018257 3.147919251615044
187 3.396523053665925 4.284043839758151
188 4.370548510040787 5.913135712216105
189 3.346123720780880 4.199749180883515
190 3.600022818791946 4.624404362416109
191 0.390000000000000 6.090000000000000
192 9.730000000000000 3.880000000000000
193 5.674613556743672 4.839572166980352
194 3.986423503628373 5.239026130297783
195 4.556206511776193 5.104205953851672
196 2.846028059165273 5.508862739747832
197 4.465339737991266 5.125706550218340
198 3.067574920048408 5.456441052108460
199 6.212747477282097 4.712240693276934
200 0.577143112575246 6.045718813833909
201 3.957935037461858 5.245766977217269
202 4.999784455641390 4.999248003536673
203 1.555486652410844 5.814226391667241
204 5.451060333792333 4.892468593396032
205 8.966214953271026 4.060724299065422
206 4.397050957362358 5.141864816298628
207 3.666298219460311 5.314773119378234
208 6.732127888925824 4.589346613005774
209 5.999029286180036 4.762809986888878
210 4.957202614681017 5.009323578324941
211 4.593533870577170 5.095373677304545
212 4.958592722746907 5.008994655538473
213 3.480000000000000 7.410000000000000
214 4.016538487892451 6.781582546491071
215 4.844862483549330 5.811413084695857
216 9.226504674507776 0.679441213217871
217 5.164868347961338 5.436608154649483
218 5.991375651689419 4.468566482270067
219 4.514209177958094 6.198688765719519
220 4.691182501186816 5.991409833020289
221 5.177941614752409 5.421296170120362
222 7.295382168021996 2.941256749893461
223 6.771123756932411 3.555291237841684
224 3.611147383900827 7.256394421117772
225 5.425605016865409 5.131221910779611
226 6.701710769171177 3.636590779242159
227 4.974524361259960 5.659547395939465
228 3.828279639848969 7.002079581760094
229 6.250840777640397 4.164669525380796
230 4.026427586206897 6.770000000000000
231 5.369452890466908 5.196989748645383
232 4.796436745906845 5.868131436538834
233 5.227310394324597 5.363473286130318
234 3.980000000000000 4.910000000000000
235 4.051914962013036 8.593644165334419
236 4.050013829630720 8.496263939973517
237 4.060070878274268 9.011408320493066
238 3.987545372936263 5.296490769290816
239 4.028760365547977 7.407614279735267
240 4.033072615843354 7.628497322642874
241 4.041283156420866 8.049059456668832
242 4.066733620194067 9.352688767718297
243 4.016312364425163 6.770000000000000
244 4.045647308964392 8.272601048064946
245 3.730000000000000 3.080000000000000
246 4.278746662072530 4.424429322077698
247 4.587063711911358 5.179806094182826
248 5.797598506436081 8.145616340768399
249 5.890966229209541 8.374367261563375
250 5.932610966057442 8.476396866840730
251 4.943468869123253 6.052998729351970
252 5.247825389884856 6.798672205217897
253 4.672287088201797 5.388603366094403
254 5.097380140195674 6.430081343479402
255 5.718641762038438 7.952172316994170
256 5.195706905059066 6.670981917394712
257 5.236122448979592 6.770000000000000
258 5.710297300333246 7.931728385816452
259 4.417130564908343 4.763469884025440
260 4.667353171495694 5.376515270164449
261 5.774330669330670 8.088610139860140
262 4.002624647224835 3.747930385700847
263 9.490000000000000 0.480000000000000
264 0.440000000000000 7.330000000000000
265 3.051884405601602 5.353048820069505
266 0.641007282212923 7.177856366501821
267 3.723714307943672 4.844536684042636
268 4.641299938443535 4.150010543830031
269 6.487496248053235 2.752613337108877
270 6.499693427636767 2.743381217755596
271 1.742999402401259 6.343751833541587
272 1.531941334830104 6.503502967559534
273 5.608252060363684 3.418118606244062
274 5.593772883649567 3.429077983093974
275 3.908967832351588 4.704317165568135
276 3.628102929663356 4.916905517326631
277 7.012640491876954 2.355128467474349
278 4.394382563468768 4.336903805551264
279 6.179788332281184 2.985519328604850
280 4.429153502066701 4.310585470811392
281 8.026077068856601 6.708256475047378
282 5.188916981883337 5.447296436392595
283 6.659635593220339 6.100949152542372
284 5.382722308892356 5.533432137285491
285 4.294159149484536 5.049626288659794
286 5.749083839150228 5.696259484066768
287 5.628599337748344 5.642710816777042
288 4.619486999297259 5.194216444132115
289 6.789037570766856 6.158461142563047
290 5.342648648648649 5.515621621621621
291 3.490000000000000 8.240000000000000
292 2.711597372125762 3.110736367902394
293 3.325006761325220 7.152781395679868
294 2.802969820044686 3.712832708926037
295 3.466065617818228 8.082285018465374
296 5.920000000000000 4.390000000000000
297 8.139636564136898 6.833256665747705
298 6.997031623391236 5.575538540673190
299 6.420193625193738 4.940586266537883
300 6.081253356345410 4.567499030305582
301 7.558381502890175 6.193442325942542
302 7.059398163155052 5.644188276607240
303 9.560000000000000 7.180000000000000
304 4.563932708153029 8.462235355487321
305 5.669875953246174 8.178396198169532
306 6.276105303234054 8.022808080419983
307 7.313684901009178 7.756514380459080
308 3.982773370987167 8.611389281116326
309 6.793161312124356 7.890106205797871
310 4.426788069515380 8.497433381095121
311 5.736058465970979 8.161410526685639
312 6.410000000000000 8.340000000000000
313 0.520000000000000 8.730000000000000
314 0.727787984455778 8.716241542625170
315 1.550713204274522 8.661752436389293
316 3.972215863846787 8.501415248404033
317 4.438098420550759 8.470567337179151
318 0.310000000000000 1.310000000000000
319 0.750000000000000 9.109999999999999
320 0.376229649039907 2.484071051161992
321 0.583595494472794 6.160101947472254
322 3.050000000000000 9.300000000000001
323 4.022213570634039 9.022224694104562
324 4.230965147453083 8.962581386441977
325 4.010000000000000 1.970000000000000
326 3.510000000000000 3.410000000000000
327 3.879596636447247 2.345561687031927
328 3.944443067692709 2.158803965044998
329 3.584280502634779 3.196072152411836
330 5.700000000000000 8.230000000000000
331 2.250000000000000 2.320000000000000
332 4.343687912134966 5.906578423396420
333 5.188619468548104 7.353982915686752
334 3.348623885221421 4.201990481640173
335 3.600969944217800 4.634270252268754
336 4.827006265345169 6.734523776286942
337 5.543714655462781 7.962276409792763
338 5.025678735053530 7.074858354830830
339 4.847715736040609 6.770000000000000
340 5.545572672531910 7.965459273815533
341 4.030000000000000 5.830000000000000
342 5.502173987046640 6.189391479658764
343 6.453678858517820 6.421675670705074
344 5.317589790774375 6.144330238254142
345 5.589286132092266 6.210657554850734
346 5.345173964580790 6.151064168568547
347 5.408118358893836 6.166430340778785
348 4.838231687571511 6.027307916495758
349 6.628256788314483 6.464294152662667
350 3.510000000000000 1.470000000000000
351 3.785050615168977 2.121585422831334
352 5.350974464338127 5.831205024138942
353 4.229080078667998 3.173475910499707
354 5.463582181627336 6.097968823372343
355 5.440625497618046 6.043585230564130
356 6.233728961367403 7.922419987791052
357 5.450243170005233 6.066369164805499
358 5.747263464337700 6.770000000000000
359 6.195700434966745 7.832331720076391
360 5.015178302495698 5.035715495912221
361 6.068043596538955 7.529917071800902
362 5.060828150115312 5.143858410790411
363 6.230000000000000 6.770000000000000
364 7.540000000000000 4.730000000000000
365 6.816972853624706 5.855935403515725
366 9.260000000000000 3.400000000000000
367 3.350000000000000 2.020000000000000
368 6.504073918589443 2.756484265254388
369 5.698840635128738 2.568460249827015
370 6.813277995181984 2.828684201920666
371 6.233825556211853 2.693380586729671
372 5.850000000000000 0.800000000000000
373 6.990000000000000 4.210000000000000
374 6.804755227652550 3.655890637101049
375 6.654387181846902 3.206105517629768
376 0.350000000000000 2.410000000000000
377 1.770000000000000 6.420000000000000
378 1.470000000000000 8.529999999999999
379 2.150000000000000 9.640000000000001
380 5.140000000000000 7.810000000000000
381 3.861392926314320 7.347009649107501
382 4.180455176442031 7.462543769153745
383 4.772251660907705 7.676836390897106
384 5.606822998303423 3.431522222809273
385 5.334837930791830 5.982554580159386
386 5.313010551548008 6.187280344101439
387 5.283732209841129 6.461890997352165
388 5.250882352941177 6.770000000000000
389 5.416318392338487 5.218324044273491
390 5.379445892195857 5.564162666300918
391 9.869999999999999 4.230000000000000
392 6.489861284930225 3.596912129913642
393 6.080867682116795 3.520309093556078
394 3.579325318067617 4.408805396537680
395 5.423911346926295 6.062405453863153
396 7.422176808346061 7.853773180745355
397 5.444239844167270 6.080629165675507
398 6.213230994152046 6.770000000000000
399 7.174646283725430 7.631871635738131
400 4.669985348897337 5.386539945800497
401 6.386081454597282 6.924953754842125
402 3.902527242814284 7.775492112648795
403 3.929410058304851 8.055521440675532
404 4.056314118355504 9.377438732869837
405 3.806000000000000 6.770000000000000
406 3.952088877103773 8.291759136497637
407 3.445303059832391 3.012740206587410
408 7.220000000000000 4.040000000000000
409 3.638933696952126 8.072299858659806
410 5.477148060878556 6.002460628501358
411 4.795500000000001 6.770000000000000
412 5.955538825553882 5.463790062379006
413 4.978990370721444 6.563388858705076
414 8.180000000000000 7.810000000000000
415 2.640000000000000 8.130000000000001
416 4.629861814088244 8.015062133482267
417 5.567953424791286 7.960876336474150
418 5.850048294789694 7.944582047954386
419 7.440000000000000 1.340000000000000
420 3.870000000000000 9.820000000000000
421 5.154021226415095 6.770000000000000
422 4.566326451550005 8.165980865785983
423 5.744389073104447 5.367669652681875
424 5.033240223463687 6.770000000000000
425 3.570000000000000 8.369999999999999
426 5.874480133419905 7.898108441864313
427 4.080000000000000 4.610000000000000
428 8.100000000000000 6.440000000000000
429 4.518502770017520 4.809616932619916
430 6.922762370105293 5.904093317734500
431 4.959705936408749 5.010463150156222
432 4.130000000000000 3.330000000000000
433 5.070000000000000 6.910000000000000
434 4.365384615384615 4.226464811783961
435 6.240000000000000 2.660000000000000
436 5.490000000000000 5.710000000000000
437 2.670000000000000 1.990000000000000
783
0 5
5 11
11 3
3 6
6 12
12 10
10 14
14 4
4 13
13 15
15 7
7 8
8 9
9 2
2 1
16 24
24 27
27 21
21 22
22 19
19 33
33 26
26 25
25 36
36 35
35 38
38 28
28 18
18 31
31 37
37 34
34 23
23 32
32 30
30 29
29 20
20 17
40 46
46 41
41 50
50 45
45 47
47 42
42 44
44 49
49 48
48 43
43 39
51 53
53 61
61 56
56 59
59 57
57 63
63 62
62 54
54 55
55 58
58 60
60 52
65 53
53 68
68 71
71 66
66 72
72 75
75 69
69 67
67 77
77 78
78 76
76 80
80 70
70 74
74 73
73 79
79 64
81 101
101 96
96 54
54 83
83 91
91 95
95 92
92 85
85 89
89 18
18 94
94 88
88 87
87 98
98 97
97 86
86 93
93 100
100 90
90 99
99 84
84 82
102 105
105 104
104 103
106 112
112 116
116 66
66 109
109 110
110 111
111 117
117 108
108 113
113 118
118 119
119 83
83 55
55 115
115 114
114 104
104 107
121 2
2 123
123 122
122 125
125 126
126 124
124 41
41 120
127 122
122 136
136 135
135 132
132 137
137 133
133 130
130 131
131 84
84 42
42 134
134 129
129 128
139 153
153 154
154 67
67 150
150 152
152 3
3 142
142 155
155 143
143 148
148 147
147 140
140 141
141 19
19 151
151 146
146 156
156 144
144 157
157 158
158 145
145 149
149 85
85 138
121 167
167 166
166 165
165 178
178 176
176 4
4 172
172 173
173 168
168 161
161 177
177 170
170 175
175 169
169 163
163 179
179 86
86 164
164 160
160 174
174 171
171 20
20 43
43 162
162 159
181 56
56 186
186 108
108 189
189 187
187 190
190 185
185 182
182 184
184 21
21 140
140 188
188 183
183 180
191 200
200 203
203 68
68 196
196 109
109 198
198 207
207 201
201 182
182 194
194 22
22 141
141 206
206 197
197 195
195 211
211 210
210 212
212 202
202 204
204 193
193 87
87 209
209 199
199 208
208 160
160 44
44 205
205 129
129 192
213 69
69 224
224 5
5 228
228 142
142 214
214 230
230 219
219 183
183 220
220 232
232 215
215 227
227 217
217 221
221 233
233 231
231 225
225 193
193 88
88 218
218 229
229 23
23 226
226 223
223 222
222 216
216 159
234 194
194 184
184 238
238 24
24 143
143 243
243 214
214 6
6 239
239 240
240 241
241 244
244 70
70 236
236 235
235 237
237 242
242 121
245 262
262 246
246 144
144 259
259 25
25 195
195 247
247 260
260 253
253 215
215 251
251 254
254 256
256 257
257 252
252 161
161 258
258 255
255 261
261 248
248 249
249 250
250 123
123 127
264 266
266 272
272 271
271 71
71 196
196 110
110 265
265 276
276 267
267 185
185 275
275 246
246 278
278 280
280 145
145 268
268 89
89 274
274 273
273 279
279 269
269 270
270 277
277 216
216 162
162 263
234 285
285 146
146 26
26 197
197 247
247 288
288 217
217 282
282 290
290 284
284 287
287 286
286 163
163 283
283 289
289 130
130 281
281 82
81 57
57 292
292 186
186 294
294 111
111 265
265 198
198 72
72 293
293 295
295 291
296 218
218 300
300 199
199 299
299 164
164 298
298 302
302 90
90 301
301 131
131 281
281 297
297 45
45 120
106 308
308 235
235 73
73 310
310 304
304 165
165 7
7 305
305 311
311 248
248 306
306 309
309 307
307 132
132 124
124 46
46 303
313 314
314 315
315 112
112 316
316 236
236 74
74 317
317 304
304 166
166 8
8 249
249 312
318 320
320 200
200 321
321 266
266 314
314 319
322 323
323 237
237 324
324 167
167 9
9 250
250 312
326 329
329 91
91 58
58 327
327 328
328 325
331 59
59 292
292 113
113 334
334 187
187 335
335 267
267 201
201 238
238 27
27 147
147 332
332 219
219 336
336 339
339 338
338 333
333 168
168 337
337 340
340 305
305 330
341 148
148 332
332 188
188 220
220 348
348 251
251 344
344 346
346 347
347 342
342 345
345 169
169 343
343 349
349 133
133 297
297 47
47 303
350 105
105 114
114 351
351 327
327 60
60 353
353 92
92 149
149 268
268 28
28 202
202 360
360 362
362 221
221 282
282 352
352 355
355 357
357 354
354 342
342 170
170 358
358 361
361 359
359 356
356 306
306 312
363 343
343 283
283 365
365 93
93 298
298 364
367 115
115 351
351 328
328 369
369 371
371 269
269 368
368 370
370 222
222 29
29 171
171 48
48 366
372 270
270 368
368 375
375 223
223 30
30 374
374 373
376 320
320 203
203 271
271 377
378 315
315 379
191 321
321 272
272 116
116 293
293 75
75 224
224 150
150 381
381 239
239 382
382 10
10 383
383 172
172 380
380 173
173 333
333 252
252 388
388 387
387 386
386 344
344 385
385 352
352 390
390 284
284 389
389 225
225 204
204 94
94 31
31 384
384 273
273 369
369 103
245 95
95 353
353 274
274 384
384 393
393 392
392 226
226 32
32 374
374 174
174 49
49 205
205 134
134 391
65 61
61 294
294 117
117 189
189 334
334 394
394 275
275 285
285 151
151 33
33 206
206 400
400 253
253 227
227 385
385 395
395 397
397 354
354 345
345 175
175 398
398 401
401 399
399 307
307 135
135 396
396 125
125 40
367 96
96 62
62 407
407 118
118 394
394 190
190 335
335 276
276 207
207 405
405 228
228 11
11 152
152 381
381 402
402 403
403 76
76 406
406 316
316 308
308 323
323 404
404 121
291 153
153 409
409 77
77 402
402 240
240 382
382 12
12 411
411 336
336 413
413 254
254 386
386 346
346 395
395 355
355 410
410 286
286 412
412 97
97 299
299 208
208 408
415 295
295 154
154 409
409 78
78 403
403 241
241 416
416 176
176 13
13 337
337 417
417 255
255 418
418 356
356 309
309 136
136 396
396 126
126 414
420 404
404 242
242 324
324 79
79 310
310 317
317 422
422 416
416 14
14 383
383 338
338 421
421 256
256 387
387 347
347 397
397 357
357 410
410 287
287 423
423 98
98 209
209 300
300 229
229 34
34 392
392 375
375 370
370 277
277 419
0 405
405 155
155 243
243 230
230 411
411 339
339 424
424 421
421 257
257 388
388 177
177 358
358 398
398 363
425 406
406 80
80 244
244 422
422 178
178 15
15 340
340 417
417 258
258 426
426 359
359 399
399 137
137 50
50 120
427 156
156 259
259 429
429 35
35 210
210 431
431 360
360 231
231 389
389 423
423 412
412 179
179 365
365 430
430 301
301 99
99 428
432 434
434 278
278 157
157 429
429 36
36 211
211 288
288 260
260 400
400 232
232 348
348 413
413 424
424 433
330 311
311 261
261 418
418 426
426 361
361 401
401 349
349 289
289 430
430 100
100 302
302 364
296 37
37 393
393 279
279 371
371 435
437 101
101 63
63 407
407 119
119 329
329 262
262 434
434 280
280 158
158 38
38 212
212 431
431 362
362 233
233 290
290 390
390 436
576
0 0.400000000000000 5.500000000000000
1 0.400000000000000 4.900000000000000
2 0.400000000000000 3.600000000000000
3 0.500000000000000 3.600000000000000
4 0.500000000000000 4.100000000000000
5 0.500000000000000 5.000000000000000
6 0.500000000000000 3.400000000000000
7 0.500000000000000 4.800000000000000
8 0.500000000000000 6.100000000000000
9 0.600000000000000 4.400000000000000
10 0.600000000000000 4.300000000000000
11 0.700000000000000 4.900000000000000
12 0.700000000000000 4.700000000000000
13 0.800000000000000 7.200000000000000
14 0.800000000000000 8.600000000000000
15 0.800000000000000 3.900000000000000
16 0.900000000000000 6.300000000000000
17 0.900000000000000 4.100000000000000
18 0.900000000000000 5.900000000000000
19 0.900000000000000 5.100000000000000
20 0.900000000000000 4.600000000000000
21 0.900000000000000 8.000000000000000
22 1.000000000000000 6.200000000000000
23 1.000000000000000 6.000000000000000
24 1.000000000000000 5.900000000000000
25 1.000000000000000 4.100000000000000
26 1.000000000000000 5.900000000000000
27 1.100000000000000 6.000000000000000
28 1.100000000000000 2.800000000000000
29 1.200000000000000 4.300000000000000
30 1.200000000000000 6.700000000000000
31 1.200000000000000 7.300000000000000
32 1.200000000000000 4.700000000000000
33 1.200000000000000 5.200000000000000
34 1.200000000000000 3.600000000000000
35 1.200000000000000 5.800000000000000
36 1.200000000000000 2.500000000000000
37 1.300000000000000 7.700000000000000
38 1.300000000000000 6.300000000000000
39 1.300000000000000 7.900000000000000
40 1.300000000000000 2.900000000000000
41 1.400000000000000 3.600000000000000
42 1.400000000000000 4.500000000000000
43 1.500000000000000 3.600000000000000
44 1.500000000000000 6.700000000000000
45 1.500000000000000 8.400000000000000
46 1.500000000000000 6.200000000000000
47 1.500000000000000 5.300000000000000
48 1.500000000000000 2.600000000000000
49 1.500000000000000 8.500000000000000
50 1.500000000000000 3.200000000000000
51 1.500000000000000 5.500000000000000
52 1.600000000000000 5.700000000000000
53 1.600000000000000 3.200000000000000
54 1.600000000000000 8.400000000000000
55 1.600000000000000 5.900000000000000
56 1.700000000000000 4.700000000000000
57 1.700000000000000 3.500000000000000
58 1.700000000000000 7.300000000000000
59 1.700000000000000 3.900000000000000
60 1.700000000000000 4.000000000000000
61 1.800000000000000 3.700000000000000
62 1.800000000000000 4.900000000000000
63 1.800000000000000 5.300000000000000
64 1.800000000000000 4.200000000000000
65 1.900000000000000 5.700000000000000
66 1.900000000000000 3.000000000000000
67 1.900000000000000 7.700000000000000
68 1.900000000000000 4.900000000000000
69 1.900000000000000 6.100000000000000
70 1.900000000000000 6.200000000000000
71 2.000000000000000 7.300000000000000
72 2.000000000000000 3.800000000000000
73 2.100000000000000 9.000000000000000
74 2.100000000000000 6.900000000000000
75 2.100000000000000 8.199999999999999
76 2.100000000000000 4.700000000000000
77 2.100000000000000 6.700000000000000
78 2.100000000000000 4.900000000000000
79 2.200000000000000 8.000000000000000
80 2.200000000000000 3.200000000000000
81 2.200000000000000 5.500000000000000
82 2.200000000000000 4.800000000000000
83 2.200000000000000 7.800000000000000
84 2.200000000000000 5.300000000000000
85 2.200000000000000 7.700000000000000
86 2.200000000000000 4.600000000000000
87 2.200000000000000 5.500000000000000
88 2.300000000000000 3.600000000000000
89 2.300000000000000 6.800000000000000
90 2.300000000000000 4.900000000000000
91 2.400000000000000 4.100000000000000
92 2.400000000000000 8.800000000000001
93 2.400000000000000 4.500000000000000
94 2.400000000000000 5.500000000000000
95 2.400000000000000 7.300000000000000
96 2.500000000000000 7.100000000000000
97 2.500000000000000 4.800000000000000
98 2.500000000000000 8.600000000000000
99 2.500000000000000 3.200000000000000
100 2.500000000000000 6.200000000000000
101 2.500000000000000 6.700000000000000
102 2.500000000000000 8.800000000000001
103 2.500000000000000 3.400000000000000
104 2.600000000000000 6.900000000000000
105 2.600000000000000 3.900000000000000
106 2.600000000000000 4.800000000000000
107 2.600000000000000 8.699999999999999
108 2.600000000000000 6.700000000000000
109 2.600000000000000 8.400000000000000
110 2.600000000000000 6.100000000000000
111 2.700000000000000 8.400000000000000
112 2.700000000000000 8.199999999999999
113 2.700000000000000 5.000000000000000
114 2.700000000000000 5.300000000000000
115 2.700000000000000 4.400000000000000
116 2.700000000000000 6.100000000000000
117 2.700000000000000 7.100000000000000
118 2.800000000000000 2.600000000000000
119 2.800000000000000 6.700000000000000
120 2.900000000000000 8.199999999999999
121 2.900000000000000 3.000000000000000
122 2.900000000000000 6.800000000000000
123 2.900000000000000 3.600000000000000
124 2.900000000000000 3.100000000000000
125 2.900000000000000 5.000000000000000
126 2.900000000000000 4.800000000000000
127 2.900000000000000 8.699999999999999
128 2.900000000000000 2.800000000000000
129 3.000000000000000 4.000000000000000
130 3.000000000000000 4.700000000000000
131 3.000000000000000 4.400000000000000
132 3.000000000000000 5.900000000000000
133 3.000000000000000 5.200000000000000
134 3.000000000000000 6.900000000000000
135 3.000000000000000 7.000000000000000
136 3.000000000000000 4.800000000000000
137 3.000000000000000 3.300000000000000
138 3.000000000000000 5.200000000000000
139 3.100000000000000 5.300000000000000
140 3.100000000000000 2.500000000000000
141 3.100000000000000 3.100000000000000
142 3.200000000000000 4.600000000000000
143 3.200000000000000 4.700000000000000
144 3.200000000000000 2.700000000000000
145 3.200000000000000 6.300000000000000
146 3.200000000000000 8.199999999999999
147 3.200000000000000 6.000000000000000
148 3.200000000000000 5.200000000000000
149 3.200000000000000 6.300000000000000
150 3.300000000000000 4.200000000000000
151 3.300000000000000 7.800000000000000
152 3.300000000000000 4.500000000000000
153 3.300000000000000 6.800000000000000
154 3.300000000000000 8.000000000000000
155 3.300000000000000 7.800000000000000
156 3.300000000000000 7.000000000000000
157 3.300000000000000 7.100000000000000
158 3.300000000000000 4.700000000000000
159 3.400000000000000 3.200000000000000
160 3.400000000000000 4.400000000000000
161 3.400000000000000 4.300000000000000
162 3.400000000000000 6.500000000000000
163 3.400000000000000 3.300000000000000
164 3.400000000000000 4.400000000000000
165 3.500000000000000 6.600000000000000
166 3.500000000000000 5.900000000000000
167 3.500000000000000 7.300000000000000
168 3.500000000000000 5.700000000000000
169 3.500000000000000 4.700000000000000
170 3.600000000000000 6.600000000000000
171 3.600000000000000 2.300000000000000
172 3.600000000000000 5.400000000000000
173 3.600000000000000 5.100000000000000
174 3.600000000000000 7.300000000000000
175 3.600000000000000 3.400000000000000
176 3.600000000000000 8.100000000000000
177 3.600000000000000 4.500000000000000
178 3.700000000000000 3.100000000000000
179 3.700000000000000 3.600000000000000
180 3.700000000000000 4.400000000000000
181 3.700000000000000 5.000000000000000
182 3.700000000000000 5.700000000000000
183 3.700000000000000 7.500000000000000
184 3.700000000000000 5.300000000000000
185 3.700000000000000 7.200000000000000
186 3.700000000000000 2.900000000000000
187 3.800000000000000 3.100000000000000
188 3.800000000000000 3.000000000000000
189 3.800000000000000 4.500000000000000
190 3.800000000000000 3.900000000000000
191 3.800000000000000 2.300000000000000
192 3.800000000000000 3.600000000000000
193 3.800000000000000 3.300000000000000
194 3.800000000000000 4.800000000000000
195 3.800000000000000 5.800000000000000
196 3.800000000000000 7.100000000000000
197 3.800000000000000 4.500000000000000
198 3.800000000000000 5.000000000000000
199 3.800000000000000 7.600000000000000
200 3.800000000000000 8.400000000000000
201 3.900000000000000 3.500000000000000
202 3.900000000000000 4.800000000000000
203 3.900000000000000 7.800000000000000
204 3.900000000000000 8.600000000000000
205 4.000000000000000 4.100000000000000
206 4.000000000000000 8.199999999999999
207 4.000000000000000 7.800000000000000
208 4.000000000000000 4.400000000000000
209 4.000000000000000 2.600000000000000
210 4.100000000000000 7.200000000000000
211 4.100000000000000 2.800000000000000
212 4.100000000000000 6.400000000000000
213 4.100000000000000 8.699999999999999
214 4.100000000000000 8.100000000000000
215 4.100000000000000 2.600000000000000
216 4.100000000000000 5.700000000000000
217 4.100000000000000 1.900000000000000
218 4.100000000000000 6.800000000000000
219 4.100000000000000 9.400000000000000
220 4.200000000000000 2.600000000000000
221 4.200000000000000 4.600000000000000
222 4.200000000000000 9.000000000000000
223 4.200000000000000 2.600000000000000
224 4.200000000000000 5.900000000000000
225 4.300000000000000 8.699999999999999
226 4.300000000000000 2.500000000000000
227 4.300000000000000 5.900000000000000
228 4.300000000000000 7.100000000000000
229 4.300000000000000 3.100000000000000
230 4.300000000000000 4.900000000000000
231 4.300000000000000 3.800000000000000
232 4.300000000000000 5.600000000000000
233 4.300000000000000 4.200000000000000
234 4.400000000000000 4.000000000000000
235 4.400000000000000 4.300000000000000
236 4.400000000000000 7.800000000000000
237 4.400000000000000 4.100000000000000
238 4.500000000000000 4.700000000000000
239 4.500000000000000 7.500000000000000
240 4.500000000000000 5.600000000000000
241 4.500000000000000 6.100000000000000
242 4.500000000000000 3.800000000000000
243 4.500000000000000 2.900000000000000
244 4.500000000000000 2.100000000000000
245 4.500000000000000 4.700000000000000
246 4.500000000000000 3.400000000000000
247 4.500000000000000 6.400000000000000
248 4.600000000000000 6.800000000000000
249 4.600000000000000 2.200000000000000
250 4.600000000000000 7.400000000000000
251 4.600000000000000 6.100000000000000
252 4.600000000000000 6.200000000000000
253 4.600000000000000 4.600000000000000
254 4.600000000000000 6.900000000000000
255 4.600000000000000 3.900000000000000
256 4.600000000000000 6.400000000000000
257 4.600000000000000 5.400000000000000
258 4.600000000000000 5.700000000000000
259 4.700000000000000 5.300000000000000
260 4.700000000000000 4.800000000000000
261 4.700000000000000 4.200000000000000
262 4.700000000000000 5.100000000000000
263 4.700000000000000 8.900000000000000
264 4.700000000000000 8.800000000000001
265 4.700000000000000 2.600000000000000
266 4.700000000000000 7.000000000000000
267 4.700000000000000 7.900000000000000
268 4.700000000000000 4.400000000000000
269 4.700000000000000 5.400000000000000
270 4.700000000000000 2.300000000000000
271 4.800000000000000 8.100000000000000
272 4.800000000000000 4.900000000000000
273 4.800000000000000 3.900000000000000
274 4.800000000000000 8.400000000000000
275 4.800000000000000 5.100000000000000
276 4.800000000000000 7.600000000000000
277 4.800000000000000 2.700000000000000
278 4.800000000000000 8.500000000000000
279 4.800000000000000 4.000000000000000
280 4.800000000000000 8.100000000000000
281 4.800000000000000 3.400000000000000
282 4.800000000000000 4.400000000000000
283 4.900000000000000 7.800000000000000
284 4.900000000000000 8.000000000000000
285 4.900000000000000 2.700000000000000
286 4.900000000000000 4.600000000000000
287 4.900000000000000 3.600000000000000
288 5.000000000000000 5.700000000000000
289 5.000000000000000 6.400000000000000
290 5.000000000000000 2.400000000000000
291 5.000000000000000 3.000000000000000
292 5.000000000000000 7.800000000000000
293 5.000000000000000 6.500000000000000
294 5.000000000000000 5.100000000000000
295 5.100000000000000 8.000000000000000
296 5.100000000000000 4.700000000000000
297 5.200000000000000 8.400000000000000
298 5.200000000000000 5.200000000000000
299 5.200000000000000 7.000000000000000
300 5.200000000000000 7.000000000000000
301 5.300000000000000 3.300000000000000
302 5.300000000000000 6.900000000000000
303 5.300000000000000 3.400000000000000
304 5.300000000000000 5.600000000000000
305 5.300000000000000 8.100000000000000
306 5.300000000000000 7.600000000000000
307 5.400000000000000 5.500000000000000
308 5.400000000000000 3.400000000000000
309 5.400000000000000 6.300000000000000
310 5.400000000000000 3.500000000000000
311 5.400000000000000 3.500000000000000
312 5.400000000000000 4.400000000000000
313 5.400000000000000 2.500000000000000
314 5.500000000000000 6.300000000000000
315 5.500000000000000 8.000000000000000
316 5.500000000000000 6.300000000000000
317 5.500000000000000 5.900000000000000
318 5.500000000000000 6.200000000000000
319 5.600000000000000 2.400000000000000
320 5.600000000000000 6.400000000000000
321 5.700000000000000 2.800000000000000
322 5.700000000000000 4.400000000000000
323 5.700000000000000 7.200000000000000
324 5.700000000000000 6.000000000000000
325 5.800000000000000 2.800000000000000
326 5.800000000000000 7.000000000000000
327 5.800000000000000 6.100000000000000
328 5.800000000000000 3.500000000000000
329 5.800000000000000 8.100000000000000
330 5.900000000000000 8.400000000000000
331 5.900000000000000 7.000000000000000
332 5.900000000000000 7.900000000000000
333 5.900000000000000 4.300000000000000
334 5.900000000000000 8.500000000000000
335 5.900000000000000 4.400000000000000
336 5.900000000000000 3.400000000000000
337 5.900000000000000 4.000000000000000
338 5.900000000000000 4.500000000000000
339 6.000000000000000 4.500000000000000
340 6.000000000000000 2.800000000000000
341 6.000000000000000 6.400000000000000
342 6.000000000000000 5.300000000000000
343 6.000000000000000 5.400000000000000
344 6.000000000000000 4.700000000000000
345 6.000000000000000 7.500000000000000
346 6.100000000000000 3.300000000000000
347 6.100000000000000 7.500000000000000
348 6.100000000000000 3.300000000000000
349 6.200000000000000 5.000000000000000
350 6.200000000000000 4.800000000000000
351 6.200000000000000 4.500000000000000
352 6.200000000000000 4.300000000000000
353 6.300000000000000 7.800000000000000
354 6.300000000000000 6.800000000000000
355 6.300000000000000 3.000000000000000
356 6.300000000000000 3.400000000000000
357 6.300000000000000 5.500000000000000
358 6.300000000000000 4.500000000000000
359 6.300000000000000 8.400000000000000
360 6.300000000000000 5.800000000000000
361 6.400000000000000 5.300000000000000
362 6.400000000000000 5.200000000000000
363 6.400000000000000 5.900000000000000
364 6.400000000000000 7.700000000000000
365 6.400000000000000 2.800000000000000
366 6.400000000000000 3.200000000000000
367 6.400000000000000 5.600000000000000
368 6.400000000000000 6.900000000000000
369 6.400000000000000 3.100000000000000
370 6.400000000000000 3.300000000000000
371 6.400000000000000 2.800000000000000
372 6.400000000000000 5.000000000000000
373 6.400000000000000 4.600000000000000
374 6.400000000000000 6.800000000000000
375 6.500000000000000 6.600000000000000
376 6.500000000000000 3.400000000000000
377 6.500000000000000 4.100000000000000
378 6.500000000000000 6.700000000000000
379 6.500000000000000 7.700000000000000
380 6.600000000000000 8.300000000000001
381 6.600000000000000 8.100000000000000
382 6.600000000000000 7.800000000000000
383 6.600000000000000 7.400000000000000
384 6.600000000000000 7.100000000000000
385 6.600000000000000 7.200000000000000
386 6.600000000000000 3.400000000000000
387 6.700000000000000 6.400000000000000
388 6.700000000000000 5.700000000000000
389 6.700000000000000 7.400000000000000
390 6.700000000000000 7.600000000000000
391 6.700000000000000 6.400000000000000
392 6.700000000000000 6.900000000000000
393 6.800000000000000 5.800000000000000
394 6.800000000000000 8.500000000000000
395 6.800000000000000 3.500000000000000
396 6.800000000000000 4.600000000000000
397 6.800000000000000 8.100000000000000
398 6.800000000000000 7.900000000000000
399 6.900000000000000 8.100000000000000
400 6.900000000000000 2.600000000000000
401 6.900000000000000 7.400000000000000
402 6.900000000000000 5.800000000000000
403 6.900000000000000 4.500000000000000
404 7.000000000000000 2.800000000000000
405 7.000000000000000 7.200000000000000
406 7.000000000000000 8.300000000000001
407 7.000000000000000 7.600000000000000
408 7.000000000000000 4.100000000000000
409 7.000000000000000 7.300000000000000
410 7.000000000000000 4.500000000000000
411 7.000000000000000 7.200000000000000
412 7.000000000000000 2.800000000000000
413 7.000000000000000 3.100000000000000
414 7.000000000000000 3.000000000000000
415 7.100000000000000 6.500000000000000
416 7.100000000000000 3.600000000000000
417 7.100000000000000 5.600000000000000
418 7.200000000000000 2.600000000000000
419 7.200000000000000 7.800000000000000
420 7.200000000000000 5.500000000000000
421 7.200000000000000 5.100000000000000
422 7.300000000000000 2.700000000000000
423 7.300000000000000 5.900000000000000
424 7.300000000000000 3.600000000000000
425 7.300000000000000 4.100000000000000
426 7.400000000000000 7.000000000000000
427 7.400000000000000 7.100000000000000
428 7.400000000000000 2.500000000000000
429 7.400000000000000 4.600000000000000
430 7.400000000000000 7.500000000000000
431 7.400000000000000 3.900000000000000
432 7.500000000000000 3.100000000000000
433 7.500000000000000 4.300000000000000
434 7.500000000000000 2.200000000000000
435 7.500000000000000 5.700000000000000
436 7.500000000000000 5.100000000000000
437 7.500000000000000 5.600000000000000
438 7.500000000000000 6.400000000000000
439 7.500000000000000 3.300000000000000
440 7.500000000000000 5.200000000000000
441 7.600000000000000 4.900000000000000
442 7.600000000000000 3.900000000000000
443 7.600000000000000 6.600000000000000
444 7.600000000000000 6.000000000000000
445 7.600000000000000 3.300000000000000
446 7.600000000000000 6.500000000000000
447 7.600000000000000 3.200000000000000
448 7.600000000000000 6.700000000000000
449 7.600000000000000 2.700000000000000
450 7.600000000000000 3.700000000000000
451 7.700000000000000 3.500000000000000
452 7.700000000000000 4.600000000000000
453 7.700000000000000 6.900000000000000
454 7.700000000000000 6.800000000000000
455 7.700000000000000 5.900000000000000
456 7.700000000000000 2.500000000000000
457 7.800000000000000 3.700000000000000
458 7.800000000000000 3.000000000000000
459 7.800000000000000 7.300000000000000
460 7.800000000000000 4.400000000000000
461 7.800000000000000 6.200000000000000
462 7.800000000000000 7.100000000000000
463 7.800000000000000 4.900000000000000
464 7.800000000000000 7.200000000000000
465 7.800000000000000 3.800000000000000
466 7.900000000000000 1.900000000000000
467 7.900000000000000 1.700000000000000
468 7.900000000000000 7.600000000000000
469 7.900000000000000 3.900000000000000
470 7.900000000000000 6.900000000000000
471 7.900000000000000 4.000000000000000
472 7.900000000000000 7.400000000000000
473 7.900000000000000 8.199999999999999
474 7.900000000000000 7.800000000000000
475 7.900000000000000 5.700000000000000
476 8.000000000000000 7.700000000000000
477 8.000000000000000 3.500000000000000
478 8.000000000000000 6.300000000000000
479 8.000000000000000 2.400000000000000
480 8.100000000000000 2.300000000000000
481 8.100000000000000 6.600000000000000
482 8.100000000000000 6.900000000000000
483 8.100000000000000 2.900000000000000
484 8.100000000000000 5.600000000000000
485 8.100000000000000 3.300000000000000
486 8.100000000000000 5.200000000000000
487 8.199999999999999 4.700000000000000
488 8.199999999999999 4.000000000000000
489 8.199999999999999 2.100000000000000
490 8.199999999999999 6.500000000000000
491 8.199999999999999 3.100000000000000
492 8.199999999999999 3.400000000000000
493 8.300000000000001 5.300000000000000
494 8.300000000000001 6.400000000000000
495 8.300000000000001 5.600000000000000
496 8.300000000000001 1.400000000000000
497 8.300000000000001 6.800000000000000
498 8.300000000000001 3.600000000000000
499 8.300000000000001 2.100000000000000
500 8.300000000000001 7.600000000000000
501 8.300000000000001 7.000000000000000
502 8.300000000000001 3.200000000000000
503 8.400000000000000 3.800000000000000
504 8.400000000000000 3.800000000000000
505 8.400000000000000 1.500000000000000
506 8.400000000000000 6.800000000000000
507 8.400000000000000 3.800000000000000
508 8.400000000000000 2.000000000000000
509 8.400000000000000 8.300000000000001
510 8.400000000000000 5.600000000000000
511 8.400000000000000 2.400000000000000
512 8.500000000000000 4.700000000000000
513 8.500000000000000 5.700000000000000
514 8.500000000000000 7.800000000000000
515 8.500000000000000 5.500000000000000
516 8.500000000000000 7.300000000000000
517 8.600000000000000 1.200000000000000
518 8.600000000000000 3.800000000000000
519 8.600000000000000 6.000000000000000
520 8.699999999999999 3.400000000000000
521 8.699999999999999 5.800000000000000
522 8.699999999999999 1.300000000000000
523 8.699999999999999 5.500000000000000
524 8.699999999999999 4.200000000000000
525 8.699999999999999 4.500000000000000
526 8.699999999999999 2.700000000000000
527 8.699999999999999 4.600000000000000
528 8.800000000000001 3.700000000000000
529 8.800000000000001 2.800000000000000
530 8.800000000000001 1.200000000000000
531 8.800000000000001 6.700000000000000
532 8.900000000000000 4.900000000000000
533 8.900000000000000 1.800000000000000
534 8.900000000000000 2.400000000000000
535 8.900000000000000 5.500000000000000
536 9.000000000000000 2.400000000000000
537 9.000000000000000 5.900000000000000
538 9.000000000000000 6.600000000000000
539 9.100000000000000 4.300000000000000
540 9.100000000000000 4.000000000000000
541 9.100000000000000 6.200000000000000
542 9.100000000000000 1.800000000000000
543 9.100000000000000 4.400000000000000
544 9.199999999999999 1.800000000000000
545 9.199999999999999 1.200000000000000
546 9.199999999999999 3.400000000000000
547 9.199999999999999 4.200000000000000
548 9.199999999999999 4.200000000000000
549 9.199999999999999 4.100000000000000
550 9.199999999999999 7.100000000000000
551 9.300000000000001 2.500000000000000
552 9.300000000000001 5.700000000000000
553 9.300000000000001 6.300000000000000
554 9.300000000000001 3.300000000000000
555 9.300000000000001 6.700000000000000
556 9.300000000000001 2.700000000000000
557 9.300000000000001 2.900000000000000
558 9.300000000000001 2.600000000000000
559 9.400000000000000 0.600000000000000
560 9.400000000000000 5.300000000000000
561 9.400000000000000 3.300000000000000
562 9.400000000000000 5.300000000000000
563 9.400000000000000 0.900000000000000
564 9.400000000000000 3.900000000000000
565 9.400000000000000 2.900000000000000
566 9.400000000000000 2.200000000000000
567 9.500000000000000 4.900000000000000
568 9.500000000000000 3.300000000000000
569 9.500000000000000 6.700000000000000
570 9.500000000000000 5.900000000000000
571 9.500000000000000 0.700000000000000
572 9.500000000000000 1.200000000000000
573 9.500000000000000 6.100000000000000
574 9.500000000000000 2.600000000000000
575 9.500000000000000 4.300000000000000
