245
0 5.940000000000000 5.290000000000000
1 7.770000000000000 3.250000000000000
2 6.898287112561175 4.221745513866231
3 6.663087605821364 4.483935127936840
4 7.566520021322630 3.476830140164937
5 4.920000000000000 6.360000000000000
6 2.420000000000000 7.960000000000000
7 2.945250764361959 7.623839510808346
8 3.658474213792378 7.167376503172878
9 2.711073203047367 7.773713150049685
10 3.634732528041417 7.182571182053493
11 4.911229037952339 6.365613415710503
12 3.087269187986652 7.532947719688543
13 3.355094379415797 7.361539597173890
14 3.460742696233721 7.293924674410419
15 1.310000000000000 8.930000000000000
16 3.480000000000000 6.230000000000000
17 2.445757087687168 7.516846019928408
18 3.393134743429548 6.338081194811162
19 2.187124474836079 7.838646966793819
20 2.203837107377649 7.817852447041635
21 1.348614226479184 8.881954649081200
22 2.616972833117725 7.303812603954905
23 2.859394770862465 7.002181621507532
24 1.200000000000000 7.250000000000000
25 9.930000000000000 9.119999999999999
26 3.867747516459542 7.821441907878504
27 7.973581509743331 8.700927539887747
28 3.302656677524430 7.700397249366630
29 2.739902347846243 7.579853080237397
30 1.289947012069473 7.269267000294377
31 8.141010723549224 8.736791529557507
32 1.495813314804875 7.313364364110551
33 1.403879419448199 7.293671765677908
34 5.243719563915777 8.116180479326747
35 7.841014618180674 8.672531195417854
36 7.823976252953883 8.668881511228379
37 2.996970192625590 7.634918013769743
38 1.788000706384173 7.375952041344605
39 3.304882598752984 7.700874050362896
40 3.566698781608515 7.756956096404115
41 5.085928003348681 8.082380912515696
42 3.986492774251427 7.846877604564739
43 8.889220029653464 8.897060876913169
44 8.050000000000001 1.820000000000000
45 9.510000000000000 4.300000000000000
46 8.246669060811273 2.154067993706819
47 8.088465366110855 1.885338430106109
48 8.270836624806618 2.195119746246855
49 8.480346251522722 2.550999112175581
50 6.660000000000000 4.310000000000000
51 9.279999999999999 0.750000000000000
52 7.433462399914164 3.259035823017395
53 8.167672423293084 2.261406936288786
54 4.520000000000000 9.859999999999999
55 1.490000000000000 0.390000000000000
56 3.231756690620229 5.833708204677746
57 3.808942639494759 7.637652407925863
58 2.643418306366734 3.994908040030684
59 3.659778071432341 7.171451596192830
60 2.844537106350395 4.623487259781598
61 2.619181891888114 3.919159246264171
62 2.893642810301326 4.776962842756950
63 3.592790292706866 6.962087152453472
64 2.737506788709826 4.288973362733351
65 3.441124904866731 6.488070247223744
66 3.470676196067237 6.580430223352058
67 3.261087873110811 5.925380250283623
68 2.609423505786419 3.888660263959536
69 2.577241931479643 3.788079568023833
70 3.125392600048646 5.501276542066232
71 3.777493662458710 7.539361380687783
72 3.742737500000000 7.430734034653465
73 3.902859594926656 7.931181638269120
74 7.740000000000000 9.369999999999999
75 8.602522600086095 6.899384416702539
76 8.146238981390793 8.206366307541627
77 8.007811219112309 8.602879728305423
78 7.952773453203230 8.760530278112780
79 7.950404772191021 8.767315144063009
80 8.876287208688559 6.115211215790399
81 8.735896249063707 6.517348032342944
82 9.160000000000000 7.010000000000000
83 0.290000000000000 5.250000000000000
84 0.529551742517365 5.297532251051924
85 1.286806531021770 5.447787992626642
86 2.292168661573222 5.647273601394462
87 5.965841756178698 6.376209863683710
88 4.573931392054019 6.100024718152770
89 1.333220578049240 5.456997544235250
90 6.699261589958159 6.521736234309623
91 4.388725579675819 6.063275876012338
92 2.318130514201122 5.652424994926040
93 3.956871242266693 5.977586627552354
94 3.571203272646479 5.901061754211703
95 3.363158906542585 5.859781248648811
96 2.755189634789909 5.739146985031594
97 5.531044292806760 6.289936635325806
98 8.762556582414499 6.931138622891716
99 1.450000000000000 7.930000000000000
100 6.130000000000000 7.350000000000000
101 2.145334669564971 7.843826045224854
102 5.530884662642235 7.424249336681090
103 2.894153726034529 7.751023683525635
104 1.624225650049608 7.908407932258809
105 3.304996051866013 7.700107326905494
106 3.664991652754591 7.655492487479131
107 4.095931226120180 7.602085446335533
108 4.248037791449104 7.583234632683657
109 0.780000000000000 8.449999999999999
110 0.150000000000000 0.520000000000000
111 0.680806644121743 7.201423314103839
112 0.481890681795969 4.697608105781001
113 3.240000000000000 0.530000000000000
114 3.279934863769958 0.574138533640480
115 6.296804999198846 3.908573946482935
116 4.207701608550146 1.599564935765950
117 5.339572948942477 2.850580627778527
118 6.042166177386354 3.627131038163864
119 7.060000000000000 7.650000000000000
120 8.868555709787724 8.576333412330298
121 2.580000000000000 4.530000000000000
122 3.060000000000000 0.480000000000000
123 2.651654896315955 3.925411812334128
124 3.051626496019840 0.550651439832600
125 2.940527155605461 1.488052124578926
126 2.658209113700044 3.870110603155877
127 5.510000000000000 6.350000000000000
128 1.415632096161684 8.167795475277053
129 5.114437204272002 6.525619845883466
130 3.243872565480189 7.356103089321691
131 1.564814399592828 8.101562317305509
132 3.363775942797583 7.302869031738917
133 4.491728495246929 6.802086714583815
134 3.424034514610133 7.276115754612837
135 5.441122257744461 6.380579970134594
136 1.280000000000000 1.500000000000000
137 1.290000000000000 7.300000000000000
138 1.283727624291637 3.662022089149321
139 1.288478645690494 6.417614500486176
140 1.286596861280719 5.326179542816774
141 1.289814272710567 7.192278172128940
142 1.284986635220126 4.392248427672956
143 8.930000000000000 9.529999999999999
144 1.620000000000000 5.990000000000000
145 1.300000000000000 9.400000000000000
146 1.517407271391847 7.083253764230627
147 1.599821054292218 6.205031890198553
148 1.359079294729743 8.770436265536178
149 1.521126727842955 7.043618306423510
150 6.090000000000000 1.060000000000000
151 8.869999999999999 1.120000000000000
152 3.100000000000000 4.150000000000000
153 2.801062588356253 4.704065030201774
154 2.356243557608359 5.528514095812094
155 1.548168760269253 7.026238935707850
156 1.970605604921395 6.243274094326726
157 1.830473374940691 6.503001934377167
158 5.160000000000000 3.680000000000000
159 4.140000000000000 5.240000000000000
160 4.737001909611712 4.326938255887970
161 4.580481042421868 4.566323111590084
162 6.620000000000000 4.800000000000000
163 5.709405596866130 6.994098895170181
164 5.228950094468695 8.151767867613525
165 6.340124643421698 5.474366335374385
166 5.480000000000000 4.470000000000000
167 0.650000000000000 3.540000000000000
168 2.838279869215374 3.961345813327184
169 0.957153562809602 3.599141369236631
170 3.829971029532581 4.152292558481428
171 2.559456149754671 3.907659258648415
172 2.577699524007579 3.911171958038726
173 4.903228669991870 4.358944650743776
174 4.445638589234811 5.999006763177016
175 2.647115843452869 4.582847120829030
176 4.161370767213707 5.775173832451738
177 3.649473684210526 5.372105263157895
178 3.861816293907887 5.539304168431407
179 3.504312497458212 5.257805116108829
180 4.913119765494137 6.367102177554439
181 5.217067976875901 6.606431477855041
182 9.480000000000000 4.980000000000000
183 9.440000000000000 6.990000000000000
184 9.450440780673338 6.465350771164725
185 8.550000000000001 3.610000000000000
186 7.814337185588036 3.882467709041468
187 8.548610342316096 3.610514688031076
188 8.100000000000000 1.070000000000000
189 0.240000000000000 7.770000000000000
190 1.553673904081352 6.075551051257387
191 3.134413926702029 0.559168149796880
192 4.343249079754601 0.683526380368098
193 1.680000000000000 6.430000000000000
194 0.993273662622962 4.503165907747924
195 6.720000000000000 7.690000000000000
196 6.674682686479009 5.137124671650839
197 1.000000000000000 9.890000000000001
198 8.350000000000000 1.590000000000000
199 6.289953214258018 3.916311336280060
200 6.230133868074540 3.983862434691336
201 3.378373520983997 7.204217656575895
202 7.204245958295041 2.883844700156621
203 7.211225715878358 2.875962797035323
204 3.347559764696066 7.239014143268388
205 3.500000000000000 1.810000000000000
206 3.474432443538944 1.893123745206720
207 1.981159872293291 6.747964250809027
208 2.893907871501488 3.780491303611601
209 2.177231143942352 6.110508792297011
210 2.027156564984330 6.598422491923091
211 0.960000000000000 3.610000000000000
212 2.540000000000000 7.380000000000000
213 3.491758730883360 6.437953092901164
214 2.901215151722721 7.022470717172409
215 4.194730161639535 1.687226810855395
216 5.301742424796496 2.864964857491827
217 6.027186113669207 3.636756337598072
218 3.160000000000000 8.680000000000000
219 2.094008225245177 9.277152799746915
220 2.060000000000000 0.820000000000000
221 4.094636016755452 2.363669499668809
222 4.937775116665579 3.003355468948450
223 5.889357453371313 3.725316850492583
224 4.400000000000000 0.300000000000000
225 3.599817407181984 5.707685586947559
226 3.944072232852871 3.381189265074954
227 3.683415519706420 5.142724149080808
228 3.247887323943662 8.086051794638802
229 3.371505611041295 7.250631435059637
230 6.900000000000000 4.910000000000000
231 9.949999999999999 6.770000000000000
232 8.703185339239660 6.009647452782218
233 5.230000000000000 4.660000000000000
234 2.133538535267721 6.650033546813053
235 0.160000000000000 4.820000000000000
236 2.577660733693735 3.900737363614549
237 6.836254204161003 2.281500302600379
238 2.570000000000000 1.840000000000000
239 7.990000000000000 4.170000000000000
240 7.202755587540118 2.881405198552509
241 8.449999999999999 2.080000000000000
242 1.820000000000000 9.560000000000000
243 3.837968848663440 7.476935382024837
244 4.185991879864547 7.645778238746166
416
0 3
3 2
2 4
4 1
6 9
9 7
7 12
12 13
13 14
14 10
10 8
8 11
11 5
15 21
21 19
19 20
20 17
17 22
22 23
23 18
18 16
24 30
30 33
33 32
32 38
38 17
17 29
29 7
7 37
37 28
28 39
39 40
40 26
26 42
42 41
41 34
34 36
36 35
35 27
27 31
31 43
43 25
44 47
47 46
46 48
48 49
49 45
50 52
52 53
53 46
46 51
55 69
69 68
68 61
61 58
58 64
64 60
60 62
62 70
70 56
56 67
67 18
18 65
65 66
66 63
63 8
8 59
59 72
72 71
71 57
57 26
26 73
73 54
74 79
79 78
78 27
27 77
77 76
76 75
75 81
81 80
80 45
83 84
84 85
85 89
89 86
86 92
92 96
96 56
56 95
95 94
94 93
93 91
91 88
88 97
97 87
87 90
90 75
75 98
98 82
99 104
104 101
101 19
19 9
9 103
103 28
28 105
105 106
106 57
57 107
107 108
108 102
102 100
110 112
112 84
84 111
111 109
113 114
114 116
116 117
117 118
118 115
115 50
119 76
76 120
120 25
121 58
58 123
123 126
126 125
125 124
124 122
109 128
128 131
131 101
101 20
20 29
29 130
130 132
132 134
134 10
10 59
59 133
133 129
129 135
135 127
136 138
138 142
142 140
140 85
85 139
139 141
141 30
30 137
119 77
77 31
31 143
145 21
21 148
148 128
128 32
32 146
146 149
149 147
147 144
150 151
109 33
33 146
146 155
155 157
157 156
156 86
86 154
154 153
153 60
60 152
159 161
161 160
160 158
54 164
164 34
34 102
102 163
163 87
87 165
165 162
167 169
169 138
138 171
171 172
172 61
61 123
123 168
168 170
170 160
160 173
173 166
121 175
175 153
153 62
62 179
179 177
177 178
178 176
176 174
174 88
88 11
11 180
180 129
129 181
181 163
163 35
35 78
78 143
100 36
36 79
79 143
183 184
184 182
50 2
2 186
186 187
187 185
150 188
189 111
111 139
139 190
190 144
55 124
124 191
191 114
114 192
192 188
167 194
194 140
140 89
89 190
190 147
147 193
50 3
3 196
196 90
90 195
197 103
103 37
37 12
12 130
130 204
204 201
201 63
63 91
91 174
174 200
200 199
199 115
115 202
202 203
203 47
47 198
15 148
148 131
131 104
104 38
38 207
207 210
210 209
209 92
92 154
154 175
175 64
64 168
168 208
208 206
206 205
110 169
169 211
212 22
22 214
214 65
65 213
213 93
93 176
176 166
122 191
191 215
215 216
216 217
217 199
199 50
197 219
219 218
220 125
125 206
206 221
221 222
222 223
223 200
200 50
218 228
228 39
39 105
105 13
13 132
132 229
229 201
201 66
66 213
213 94
94 225
225 177
177 227
227 170
170 226
226 221
221 215
215 116
116 192
192 224
230 232
232 80
80 184
184 231
24 141
141 149
149 155
155 207
207 234
234 67
67 95
95 225
225 178
178 233
235 112
112 194
194 142
142 171
171 236
236 68
68 126
126 208
208 226
226 222
222 216
216 117
117 237
237 44
238 69
69 236
236 172
172 121
150 237
237 240
240 202
202 52
52 4
4 186
186 239
193 156
156 209
209 96
96 70
70 179
179 227
227 161
161 173
173 223
223 217
217 118
118 240
240 203
203 53
53 48
48 241
242 219
219 228
228 40
40 106
106 71
71 243
243 133
133 180
180 5
193 157
157 210
210 234
234 23
23 214
214 204
204 229
229 134
134 14
14 72
72 243
243 107
107 244
244 41
41 164
164 74
218 73
73 42
42 244
244 108
108 181
181 135
135 97
97 165
165 196
196 230
241 49
49 187
187 232
232 81
81 98
98 120
120 43
43 143
697
0 0.200000000000000 1.000000000000000
1 0.200000000000000 0.800000000000000
2 0.300000000000000 2.100000000000000
3 0.300000000000000 2.200000000000000
4 0.300000000000000 1.500000000000000
5 0.400000000000000 1.600000000000000
6 0.400000000000000 2.400000000000000
7 0.400000000000000 3.500000000000000
8 0.400000000000000 3.300000000000000
9 0.500000000000000 3.100000000000000
10 0.500000000000000 3.600000000000000
11 0.500000000000000 3.600000000000000
12 0.500000000000000 3.000000000000000
13 0.600000000000000 5.600000000000000
14 0.600000000000000 4.100000000000000
15 0.600000000000000 3.100000000000000
16 0.700000000000000 7.200000000000000
17 0.700000000000000 6.800000000000000
18 0.700000000000000 3.400000000000000
19 0.700000000000000 4.100000000000000
20 0.700000000000000 2.900000000000000
21 0.800000000000000 7.200000000000000
22 0.800000000000000 7.600000000000000
23 0.800000000000000 3.000000000000000
24 0.800000000000000 7.300000000000000
25 0.800000000000000 5.600000000000000
26 0.800000000000000 4.600000000000000
27 0.800000000000000 5.700000000000000
28 0.800000000000000 5.800000000000000
29 0.900000000000000 3.500000000000000
30 0.900000000000000 6.300000000000000
31 0.900000000000000 4.800000000000000
32 0.900000000000000 7.400000000000000
33 0.900000000000000 5.400000000000000
34 0.900000000000000 7.100000000000000
35 0.900000000000000 4.400000000000000
36 1.000000000000000 8.300000000000001
37 1.000000000000000 6.400000000000000
38 1.000000000000000 7.900000000000000
39 1.000000000000000 6.900000000000000
40 1.100000000000000 8.900000000000000
41 1.100000000000000 4.800000000000000
42 1.200000000000000 4.200000000000000
43 1.200000000000000 4.300000000000000
44 1.200000000000000 6.400000000000000
45 1.200000000000000 5.200000000000000
46 1.200000000000000 4.000000000000000
47 1.200000000000000 4.700000000000000
48 1.300000000000000 9.699999999999999
49 1.300000000000000 7.200000000000000
50 1.300000000000000 5.000000000000000
51 1.300000000000000 5.100000000000000
52 1.300000000000000 8.500000000000000
53 1.300000000000000 5.900000000000000
54 1.400000000000000 7.500000000000000
55 1.400000000000000 4.900000000000000
56 1.400000000000000 3.700000000000000
57 1.400000000000000 9.400000000000000
58 1.500000000000000 6.500000000000000
59 1.500000000000000 7.600000000000000
60 1.500000000000000 6.200000000000000
61 1.500000000000000 6.800000000000000
62 1.500000000000000 0.600000000000000
63 1.500000000000000 4.800000000000000
64 1.500000000000000 7.300000000000000
65 1.500000000000000 5.000000000000000
66 1.600000000000000 6.700000000000000
67 1.600000000000000 1.300000000000000
68 1.600000000000000 1.600000000000000
69 1.600000000000000 8.500000000000000
70 1.600000000000000 5.600000000000000
71 1.600000000000000 0.800000000000000
72 1.600000000000000 0.800000000000000
73 1.600000000000000 3.500000000000000
74 1.600000000000000 6.400000000000000
75 1.600000000000000 7.600000000000000
76 1.600000000000000 2.000000000000000
77 1.700000000000000 2.900000000000000
78 1.700000000000000 5.100000000000000
79 1.700000000000000 5.500000000000000
80 1.700000000000000 6.100000000000000
81 1.700000000000000 1.500000000000000
82 1.700000000000000 4.400000000000000
83 1.700000000000000 7.400000000000000
84 1.700000000000000 6.400000000000000
85 1.700000000000000 1.300000000000000
86 1.700000000000000 1.800000000000000
87 1.700000000000000 6.500000000000000
88 1.700000000000000 6.200000000000000
89 1.700000000000000 8.500000000000000
90 1.700000000000000 1.100000000000000
91 1.700000000000000 1.800000000000000
92 1.700000000000000 6.000000000000000
93 1.700000000000000 4.200000000000000
94 1.700000000000000 8.000000000000000
95 1.800000000000000 5.800000000000000
96 1.800000000000000 3.400000000000000
97 1.800000000000000 7.000000000000000
98 1.800000000000000 4.300000000000000
99 1.800000000000000 5.100000000000000
100 1.800000000000000 2.600000000000000
101 1.800000000000000 2.900000000000000
102 1.800000000000000 5.900000000000000
103 1.800000000000000 8.400000000000000
104 1.800000000000000 8.100000000000000
105 1.800000000000000 9.400000000000000
106 1.800000000000000 2.500000000000000
107 1.900000000000000 6.200000000000000
108 1.900000000000000 6.300000000000000
109 1.900000000000000 3.900000000000000
110 1.900000000000000 5.000000000000000
111 1.900000000000000 6.100000000000000
112 1.900000000000000 0.800000000000000
113 1.900000000000000 5.500000000000000
114 1.900000000000000 6.600000000000000
115 2.000000000000000 6.800000000000000
116 2.000000000000000 5.900000000000000
117 2.000000000000000 8.900000000000000
118 2.000000000000000 4.600000000000000
119 2.000000000000000 8.400000000000000
120 2.100000000000000 1.400000000000000
121 2.100000000000000 2.400000000000000
122 2.100000000000000 1.600000000000000
123 2.100000000000000 1.100000000000000
124 2.100000000000000 1.200000000000000
125 2.100000000000000 1.300000000000000
126 2.100000000000000 8.800000000000001
127 2.100000000000000 6.100000000000000
128 2.200000000000000 0.500000000000000
129 2.200000000000000 1.700000000000000
130 2.200000000000000 5.500000000000000
131 2.200000000000000 8.900000000000000
132 2.200000000000000 3.600000000000000
133 2.200000000000000 7.600000000000000
134 2.200000000000000 5.200000000000000
135 2.200000000000000 7.900000000000000
136 2.300000000000000 7.800000000000000
137 2.300000000000000 1.700000000000000
138 2.300000000000000 0.600000000000000
139 2.300000000000000 3.700000000000000
140 2.300000000000000 5.500000000000000
141 2.300000000000000 2.300000000000000
142 2.300000000000000 3.200000000000000
143 2.300000000000000 2.800000000000000
144 2.300000000000000 9.000000000000000
145 2.300000000000000 2.800000000000000
146 2.300000000000000 5.000000000000000
147 2.300000000000000 2.600000000000000
148 2.300000000000000 4.900000000000000
149 2.300000000000000 2.600000000000000
150 2.400000000000000 2.100000000000000
151 2.400000000000000 2.900000000000000
152 2.400000000000000 1.400000000000000
153 2.400000000000000 6.200000000000000
154 2.400000000000000 4.100000000000000
155 2.500000000000000 3.900000000000000
156 2.500000000000000 7.100000000000000
157 2.500000000000000 1.500000000000000
158 2.500000000000000 1.700000000000000
159 2.500000000000000 5.500000000000000
160 2.500000000000000 0.700000000000000
161 2.600000000000000 5.500000000000000
162 2.600000000000000 5.500000000000000
163 2.600000000000000 1.000000000000000
164 2.700000000000000 5.000000000000000
165 2.700000000000000 8.699999999999999
166 2.700000000000000 6.600000000000000
167 2.700000000000000 4.900000000000000
168 2.700000000000000 8.300000000000001
169 2.800000000000000 6.500000000000000
170 2.800000000000000 4.100000000000000
171 2.800000000000000 5.900000000000000
172 2.800000000000000 6.100000000000000
173 2.800000000000000 2.100000000000000
174 2.800000000000000 2.900000000000000
175 2.800000000000000 1.600000000000000
176 2.800000000000000 5.800000000000000
177 2.800000000000000 1.300000000000000
178 2.800000000000000 3.000000000000000
179 2.800000000000000 7.300000000000000
180 2.800000000000000 5.400000000000000
181 2.800000000000000 8.500000000000000
182 2.900000000000000 8.500000000000000
183 2.900000000000000 5.000000000000000
184 2.900000000000000 8.100000000000000
185 2.900000000000000 3.400000000000000
186 2.900000000000000 2.100000000000000
187 2.900000000000000 6.400000000000000
188 2.900000000000000 4.500000000000000
189 2.900000000000000 8.600000000000000
190 2.900000000000000 6.900000000000000
191 2.900000000000000 7.400000000000000
192 2.900000000000000 2.500000000000000
193 3.000000000000000 2.600000000000000
194 3.000000000000000 4.200000000000000
195 3.000000000000000 7.200000000000000
196 3.000000000000000 3.100000000000000
197 3.000000000000000 7.000000000000000
198 3.000000000000000 6.600000000000000
199 3.000000000000000 2.400000000000000
200 3.100000000000000 3.300000000000000
201 3.100000000000000 4.700000000000000
202 3.100000000000000 3.500000000000000
203 3.100000000000000 7.400000000000000
204 3.100000000000000 4.000000000000000
205 3.100000000000000 6.900000000000000
206 3.100000000000000 0.900000000000000
207 3.100000000000000 4.100000000000000
208 3.200000000000000 8.000000000000000
209 3.200000000000000 6.100000000000000
210 3.200000000000000 3.500000000000000
211 3.200000000000000 5.700000000000000
212 3.200000000000000 6.800000000000000
213 3.200000000000000 6.800000000000000
214 3.200000000000000 7.100000000000000
215 3.200000000000000 8.400000000000000
216 3.200000000000000 1.500000000000000
217 3.200000000000000 4.400000000000000
218 3.200000000000000 0.600000000000000
219 3.300000000000000 1.800000000000000
220 3.300000000000000 3.000000000000000
221 3.300000000000000 2.900000000000000
222 3.300000000000000 3.900000000000000
223 3.300000000000000 1.900000000000000
224 3.300000000000000 0.900000000000000
225 3.300000000000000 1.500000000000000
226 3.300000000000000 0.600000000000000
227 3.300000000000000 2.300000000000000
228 3.400000000000000 2.000000000000000
229 3.400000000000000 5.500000000000000
230 3.400000000000000 2.900000000000000
231 3.400000000000000 7.000000000000000
232 3.400000000000000 7.200000000000000
233 3.400000000000000 8.199999999999999
234 3.400000000000000 3.800000000000000
235 3.400000000000000 2.300000000000000
236 3.400000000000000 2.900000000000000
237 3.400000000000000 1.400000000000000
238 3.400000000000000 5.200000000000000
239 3.400000000000000 6.500000000000000
240 3.500000000000000 7.200000000000000
241 3.500000000000000 3.500000000000000
242 3.500000000000000 8.100000000000000
243 3.500000000000000 7.900000000000000
244 3.500000000000000 3.700000000000000
245 3.500000000000000 7.100000000000000
246 3.500000000000000 2.200000000000000
247 3.500000000000000 3.000000000000000
248 3.500000000000000 2.600000000000000
249 3.500000000000000 7.100000000000000
250 3.500000000000000 4.000000000000000
251 3.500000000000000 4.000000000000000
252 3.500000000000000 3.300000000000000
253 3.600000000000000 4.200000000000000
254 3.600000000000000 4.100000000000000
255 3.600000000000000 4.000000000000000
256 3.600000000000000 7.300000000000000
257 3.600000000000000 5.800000000000000
258 3.600000000000000 4.100000000000000
259 3.600000000000000 6.200000000000000
260 3.600000000000000 2.100000000000000
261 3.700000000000000 3.100000000000000
262 3.700000000000000 7.000000000000000
263 3.700000000000000 5.700000000000000
264 3.700000000000000 5.100000000000000
265 3.700000000000000 3.300000000000000
266 3.700000000000000 2.900000000000000
267 3.700000000000000 4.500000000000000
268 3.700000000000000 4.600000000000000
269 3.700000000000000 5.500000000000000
270 3.700000000000000 6.400000000000000
271 3.700000000000000 5.200000000000000
272 3.700000000000000 5.400000000000000
273 3.700000000000000 6.300000000000000
274 3.700000000000000 2.900000000000000
275 3.700000000000000 2.800000000000000
276 3.800000000000000 1.600000000000000
277 3.800000000000000 3.400000000000000
278 3.800000000000000 6.200000000000000
279 3.800000000000000 1.100000000000000
280 3.800000000000000 2.400000000000000
281 3.800000000000000 5.400000000000000
282 3.800000000000000 6.600000000000000
283 3.900000000000000 4.000000000000000
284 3.900000000000000 4.400000000000000
285 3.900000000000000 4.500000000000000
286 3.900000000000000 6.300000000000000
287 3.900000000000000 2.800000000000000
288 3.900000000000000 1.700000000000000
289 3.900000000000000 3.100000000000000
290 4.000000000000000 3.700000000000000
291 4.000000000000000 2.700000000000000
292 4.000000000000000 4.100000000000000
293 4.000000000000000 8.100000000000000
294 4.000000000000000 4.100000000000000
295 4.000000000000000 2.900000000000000
296 4.000000000000000 7.800000000000000
297 4.000000000000000 6.600000000000000
298 4.000000000000000 7.000000000000000
299 4.000000000000000 6.400000000000000
300 4.100000000000000 7.800000000000000
301 4.100000000000000 6.300000000000000
302 4.100000000000000 3.800000000000000
303 4.100000000000000 4.200000000000000
304 4.100000000000000 6.000000000000000
305 4.200000000000000 7.000000000000000
306 4.200000000000000 7.900000000000000
307 4.200000000000000 1.600000000000000
308 4.200000000000000 1.000000000000000
309 4.200000000000000 0.900000000000000
310 4.200000000000000 2.300000000000000
311 4.200000000000000 1.300000000000000
312 4.300000000000000 3.800000000000000
313 4.300000000000000 6.300000000000000
314 4.300000000000000 4.800000000000000
315 4.300000000000000 4.900000000000000
316 4.300000000000000 4.600000000000000
317 4.300000000000000 5.700000000000000
318 4.300000000000000 9.000000000000000
319 4.400000000000000 1.300000000000000
320 4.400000000000000 6.900000000000000
321 4.400000000000000 4.800000000000000
322 4.400000000000000 6.500000000000000
323 4.500000000000000 6.600000000000000
324 4.500000000000000 7.100000000000000
325 4.500000000000000 1.200000000000000
326 4.500000000000000 3.100000000000000
327 4.500000000000000 8.699999999999999
328 4.500000000000000 3.300000000000000
329 4.500000000000000 5.500000000000000
330 4.500000000000000 6.800000000000000
331 4.600000000000000 8.100000000000000
332 4.600000000000000 2.700000000000000
333 4.600000000000000 2.200000000000000
334 4.600000000000000 6.800000000000000
335 4.600000000000000 9.000000000000000
336 4.600000000000000 7.900000000000000
337 4.600000000000000 5.300000000000000
338 4.600000000000000 7.000000000000000
339 4.600000000000000 8.900000000000000
340 4.600000000000000 6.500000000000000
341 4.600000000000000 7.500000000000000
342 4.700000000000000 8.699999999999999
343 4.700000000000000 4.300000000000000
344 4.700000000000000 8.699999999999999
345 4.700000000000000 1.400000000000000
346 4.700000000000000 1.200000000000000
347 4.700000000000000 1.100000000000000
348 4.700000000000000 7.400000000000000
349 4.700000000000000 6.700000000000000
350 4.700000000000000 6.200000000000000
351 4.800000000000000 6.100000000000000
352 4.800000000000000 2.700000000000000
353 4.800000000000000 1.100000000000000
354 4.800000000000000 4.200000000000000
355 4.800000000000000 1.200000000000000
356 4.800000000000000 8.199999999999999
357 4.800000000000000 4.200000000000000
358 4.800000000000000 3.400000000000000
359 4.800000000000000 1.800000000000000
360 4.900000000000000 4.800000000000000
361 4.900000000000000 5.900000000000000
362 4.900000000000000 2.400000000000000
363 4.900000000000000 4.400000000000000
364 4.900000000000000 7.300000000000000
365 4.900000000000000 8.500000000000000
366 4.900000000000000 3.300000000000000
367 4.900000000000000 3.400000000000000
368 4.900000000000000 8.800000000000001
369 4.900000000000000 5.400000000000000
370 5.000000000000000 1.600000000000000
371 5.000000000000000 2.000000000000000
372 5.000000000000000 4.400000000000000
373 5.000000000000000 5.500000000000000
374 5.000000000000000 8.699999999999999
375 5.000000000000000 4.200000000000000
376 5.000000000000000 5.300000000000000
377 5.000000000000000 8.500000000000000
378 5.000000000000000 3.000000000000000
379 5.000000000000000 4.900000000000000
380 5.100000000000000 1.500000000000000
381 5.100000000000000 3.200000000000000
382 5.100000000000000 5.200000000000000
383 5.100000000000000 4.400000000000000
384 5.200000000000000 6.000000000000000
385 5.200000000000000 6.500000000000000
386 5.200000000000000 3.700000000000000
387 5.200000000000000 6.900000000000000
388 5.200000000000000 7.200000000000000
389 5.200000000000000 3.600000000000000
390 5.300000000000000 1.300000000000000
391 5.300000000000000 2.800000000000000
392 5.300000000000000 2.700000000000000
393 5.300000000000000 7.500000000000000
394 5.300000000000000 5.600000000000000
395 5.400000000000000 1.300000000000000
396 5.400000000000000 3.900000000000000
397 5.400000000000000 1.400000000000000
398 5.400000000000000 6.200000000000000
399 5.400000000000000 7.300000000000000
400 5.400000000000000 3.300000000000000
401 5.400000000000000 3.000000000000000
402 5.500000000000000 5.200000000000000
403 5.500000000000000 8.100000000000000
404 5.500000000000000 7.700000000000000
405 5.500000000000000 3.700000000000000
406 5.500000000000000 1.600000000000000
407 5.500000000000000 7.000000000000000
408 5.600000000000000 8.000000000000000
409 5.600000000000000 5.600000000000000
410 5.600000000000000 2.900000000000000
411 5.600000000000000 6.200000000000000
412 5.600000000000000 2.900000000000000
413 5.600000000000000 6.000000000000000
414 5.600000000000000 6.800000000000000
415 5.700000000000000 4.700000000000000
416 5.700000000000000 6.300000000000000
417 5.700000000000000 7.200000000000000
418 5.700000000000000 3.600000000000000
419 5.800000000000000 6.000000000000000
420 5.800000000000000 5.700000000000000
421 5.800000000000000 3.700000000000000
422 5.800000000000000 8.300000000000001
423 5.900000000000000 3.200000000000000
424 5.900000000000000 3.000000000000000
425 5.900000000000000 5.700000000000000
426 5.900000000000000 5.700000000000000
427 5.900000000000000 1.800000000000000
428 5.900000000000000 7.700000000000000
429 5.900000000000000 4.600000000000000
430 5.900000000000000 6.900000000000000
431 6.000000000000000 5.300000000000000
432 6.000000000000000 5.100000000000000
433 6.000000000000000 3.700000000000000
434 6.000000000000000 4.100000000000000
435 6.000000000000000 2.100000000000000
436 6.000000000000000 2.800000000000000
437 6.000000000000000 1.200000000000000
438 6.000000000000000 4.600000000000000
439 6.000000000000000 3.100000000000000
440 6.100000000000000 5.400000000000000
441 6.100000000000000 7.500000000000000
442 6.100000000000000 0.900000000000000
443 6.100000000000000 1.700000000000000
444 6.100000000000000 5.400000000000000
445 6.100000000000000 8.300000000000001
446 6.100000000000000 4.700000000000000
447 6.100000000000000 2.900000000000000
448 6.100000000000000 4.800000000000000
449 6.100000000000000 8.199999999999999
450 6.100000000000000 3.800000000000000
451 6.200000000000000 1.100000000000000
452 6.200000000000000 5.200000000000000
453 6.200000000000000 1.400000000000000
454 6.200000000000000 6.900000000000000
455 6.200000000000000 5.700000000000000
456 6.200000000000000 8.000000000000000
457 6.200000000000000 6.500000000000000
458 6.200000000000000 7.000000000000000
459 6.300000000000000 7.900000000000000
460 6.300000000000000 6.000000000000000
461 6.300000000000000 5.100000000000000
462 6.400000000000000 6.300000000000000
463 6.400000000000000 6.300000000000000
464 6.400000000000000 3.400000000000000
465 6.400000000000000 2.300000000000000
466 6.400000000000000 5.600000000000000
467 6.400000000000000 2.200000000000000
468 6.400000000000000 5.800000000000000
469 6.400000000000000 6.100000000000000
470 6.400000000000000 2.300000000000000
471 6.400000000000000 4.700000000000000
472 6.400000000000000 1.000000000000000
473 6.500000000000000 5.400000000000000
474 6.500000000000000 4.400000000000000
475 6.500000000000000 4.000000000000000
476 6.500000000000000 4.600000000000000
477 6.500000000000000 1.600000000000000
478 6.500000000000000 7.200000000000000
479 6.600000000000000 1.200000000000000
480 6.600000000000000 3.000000000000000
481 6.600000000000000 6.400000000000000
482 6.600000000000000 1.500000000000000
483 6.600000000000000 2.500000000000000
484 6.700000000000000 8.500000000000000
485 6.700000000000000 4.200000000000000
486 6.700000000000000 7.200000000000000
487 6.700000000000000 2.900000000000000
488 6.700000000000000 3.200000000000000
489 6.700000000000000 1.700000000000000
490 6.700000000000000 3.700000000000000
491 6.700000000000000 4.300000000000000
492 6.700000000000000 2.000000000000000
493 6.700000000000000 1.300000000000000
494 6.700000000000000 8.300000000000001
495 6.800000000000000 6.900000000000000
496 6.800000000000000 7.500000000000000
497 6.800000000000000 2.200000000000000
498 6.800000000000000 2.300000000000000
499 6.800000000000000 7.700000000000000
500 6.800000000000000 8.000000000000000
501 6.800000000000000 4.400000000000000
502 6.800000000000000 2.100000000000000
503 6.800000000000000 2.000000000000000
504 6.800000000000000 2.900000000000000
505 6.800000000000000 6.900000000000000
506 6.800000000000000 1.200000000000000
507 6.800000000000000 1.600000000000000
508 6.800000000000000 4.000000000000000
509 6.800000000000000 2.500000000000000
510 6.800000000000000 1.000000000000000
511 6.900000000000000 2.600000000000000
512 6.900000000000000 2.600000000000000
513 6.900000000000000 8.100000000000000
514 6.900000000000000 8.400000000000000
515 6.900000000000000 3.500000000000000
516 6.900000000000000 4.100000000000000
517 6.900000000000000 1.300000000000000
518 7.000000000000000 4.300000000000000
519 7.000000000000000 8.400000000000000
520 7.000000000000000 5.600000000000000
521 7.000000000000000 5.100000000000000
522 7.000000000000000 2.900000000000000
523 7.000000000000000 4.600000000000000
524 7.000000000000000 7.100000000000000
525 7.000000000000000 2.700000000000000
526 7.000000000000000 6.000000000000000
527 7.000000000000000 8.600000000000000
528 7.000000000000000 6.200000000000000
529 7.000000000000000 7.100000000000000
530 7.000000000000000 3.200000000000000
531 7.000000000000000 3.600000000000000
532 7.100000000000000 3.400000000000000
533 7.100000000000000 3.900000000000000
534 7.100000000000000 6.600000000000000
535 7.100000000000000 3.200000000000000
536 7.100000000000000 5.800000000000000
537 7.100000000000000 5.100000000000000
538 7.100000000000000 3.500000000000000
539 7.100000000000000 5.800000000000000
540 7.200000000000000 3.700000000000000
541 7.200000000000000 6.600000000000000
542 7.200000000000000 2.400000000000000
543 7.300000000000000 6.300000000000000
544 7.300000000000000 4.700000000000000
545 7.300000000000000 6.500000000000000
546 7.300000000000000 6.000000000000000
547 7.300000000000000 4.000000000000000
548 7.300000000000000 1.300000000000000
549 7.300000000000000 7.500000000000000
550 7.300000000000000 2.800000000000000
551 7.300000000000000 2.200000000000000
552 7.300000000000000 2.300000000000000
553 7.400000000000000 2.600000000000000
554 7.400000000000000 7.900000000000000
555 7.400000000000000 7.500000000000000
556 7.400000000000000 4.500000000000000
557 7.400000000000000 5.100000000000000
558 7.400000000000000 2.800000000000000
559 7.400000000000000 3.400000000000000
560 7.400000000000000 7.300000000000000
561 7.400000000000000 2.000000000000000
562 7.400000000000000 8.900000000000000
563 7.400000000000000 8.300000000000001
564 7.400000000000000 3.600000000000000
565 7.400000000000000 7.200000000000000
566 7.500000000000000 5.200000000000000
567 7.500000000000000 2.800000000000000
568 7.500000000000000 1.100000000000000
569 7.500000000000000 5.200000000000000
570 7.500000000000000 1.800000000000000
571 7.600000000000000 8.500000000000000
572 7.600000000000000 5.500000000000000
573 7.600000000000000 9.100000000000000
574 7.600000000000000 1.600000000000000
575 7.600000000000000 4.100000000000000
576 7.600000000000000 2.500000000000000
577 7.600000000000000 3.300000000000000
578 7.600000000000000 9.100000000000000
579 7.700000000000000 4.300000000000000
580 7.700000000000000 7.500000000000000
581 7.700000000000000 3.000000000000000
582 7.700000000000000 2.100000000000000
583 7.700000000000000 2.500000000000000
584 7.700000000000000 5.700000000000000
585 7.700000000000000 7.800000000000000
586 7.700000000000000 8.100000000000000
587 7.800000000000000 7.800000000000000
588 7.800000000000000 3.000000000000000
589 7.800000000000000 3.400000000000000
590 7.800000000000000 8.699999999999999
591 7.800000000000000 2.500000000000000
592 7.800000000000000 2.600000000000000
593 7.800000000000000 5.000000000000000
594 7.900000000000000 8.600000000000000
595 7.900000000000000 3.600000000000000
596 7.900000000000000 5.300000000000000
597 7.900000000000000 4.100000000000000
598 7.900000000000000 6.200000000000000
599 7.900000000000000 2.000000000000000
600 8.000000000000000 7.000000000000000
601 8.000000000000000 3.700000000000000
602 8.000000000000000 5.000000000000000
603 8.000000000000000 5.500000000000000
604 8.000000000000000 2.400000000000000
605 8.000000000000000 7.400000000000000
606 8.000000000000000 3.800000000000000
607 8.000000000000000 6.700000000000000
608 8.000000000000000 2.000000000000000
609 8.100000000000000 8.600000000000000
610 8.100000000000000 1.400000000000000
611 8.199999999999999 5.100000000000000
612 8.199999999999999 6.700000000000000
613 8.199999999999999 7.700000000000000
614 8.199999999999999 7.700000000000000
615 8.199999999999999 5.200000000000000
616 8.300000000000001 4.900000000000000
617 8.300000000000001 7.500000000000000
618 8.300000000000001 4.100000000000000
619 8.300000000000001 6.000000000000000
620 8.300000000000001 6.200000000000000
621 8.300000000000001 7.200000000000000
622 8.300000000000001 2.700000000000000
623 8.300000000000001 6.500000000000000
624 8.300000000000001 6.700000000000000
625 8.300000000000001 7.500000000000000
626 8.300000000000001 2.300000000000000
627 8.300000000000001 8.699999999999999
628 8.300000000000001 4.700000000000000
629 8.400000000000000 4.300000000000000
630 8.400000000000000 5.500000000000000
631 8.400000000000000 5.100000000000000
632 8.400000000000000 3.500000000000000
633 8.400000000000000 9.000000000000000
634 8.400000000000000 8.500000000000000
635 8.400000000000000 8.699999999999999
636 8.400000000000000 5.900000000000000
637 8.500000000000000 4.100000000000000
638 8.500000000000000 7.900000000000000
639 8.500000000000000 6.100000000000000
640 8.500000000000000 5.400000000000000
641 8.500000000000000 7.400000000000000
642 8.500000000000000 7.000000000000000
643 8.500000000000000 5.500000000000000
644 8.500000000000000 4.900000000000000
645 8.500000000000000 6.900000000000000
646 8.500000000000000 4.500000000000000
647 8.600000000000000 8.400000000000000
648 8.600000000000000 9.000000000000000
649 8.600000000000000 5.500000000000000
650 8.600000000000000 5.200000000000000
651 8.600000000000000 4.500000000000000
652 8.600000000000000 4.100000000000000
653 8.600000000000000 8.500000000000000
654 8.600000000000000 7.700000000000000
655 8.699999999999999 8.100000000000000
656 8.699999999999999 3.900000000000000
657 8.699999999999999 6.700000000000000
658 8.699999999999999 6.500000000000000
659 8.699999999999999 5.700000000000000
660 8.699999999999999 3.400000000000000
661 8.699999999999999 4.900000000000000
662 8.699999999999999 3.400000000000000
663 8.699999999999999 6.300000000000000
664 8.800000000000001 3.500000000000000
665 8.800000000000001 3.200000000000000
666 8.900000000000000 8.400000000000000
667 8.900000000000000 6.500000000000000
668 8.900000000000000 4.300000000000000
669 8.900000000000000 9.400000000000000
670 8.900000000000000 6.300000000000000
671 9.000000000000000 3.700000000000000
672 9.000000000000000 5.400000000000000
673 9.000000000000000 5.800000000000000
674 9.000000000000000 3.700000000000000
675 9.000000000000000 5.100000000000000
676 9.000000000000000 8.800000000000001
677 9.100000000000000 4.900000000000000
678 9.100000000000000 7.400000000000000
679 9.100000000000000 6.400000000000000
680 9.100000000000000 8.800000000000001
681 9.100000000000000 7.400000000000000
682 9.100000000000000 7.400000000000000
683 9.199999999999999 4.100000000000000
684 9.199999999999999 8.100000000000000
685 9.199999999999999 8.800000000000001
686 9.199999999999999 7.700000000000000
687 9.300000000000001 5.000000000000000
688 9.300000000000001 6.000000000000000
689 9.300000000000001 4.400000000000000
690 9.400000000000000 8.000000000000000
691 9.400000000000000 8.100000000000000
692 9.500000000000000 6.800000000000000
693 9.500000000000000 8.400000000000000
694 9.500000000000000 6.700000000000000
695 9.500000000000000 6.100000000000000
696 9.500000000000000 8.699999999999999
