353
0 3.770000000000000 8.830000000000000
1 2.570000000000000 1.480000000000000
2 2.772938643702906 2.722999192680303
3 2.678774564782757 2.146244209294387
4 3.748003327787022 8.695270382695508
5 3.134954385964912 4.940345614035087
6 3.268047760815861 5.755542534997150
7 3.466725320608410 6.972442588726514
8 3.473378874687821 7.013195607462905
9 3.550064295343772 7.482893808980607
10 3.334714459295261 6.163876063183475
11 2.936751674951372 3.726354009077157
12 3.671368919500646 8.225884631941454
13 3.475512641538700 7.026264929424539
14 3.061892293802114 4.492840299537948
15 3.481314395763120 7.061800674049110
16 2.571746599856835 1.490697924123119
17 3.130333803213984 4.912044544685650
18 3.667386153276564 8.201490188818955
19 3.450963855421687 6.875903614457831
20 3.524189944134078 7.324413407821229
21 9.830000000000000 3.920000000000000
22 2.060000000000000 0.180000000000000
23 3.141491821261755 0.700563630826121
24 8.169758927211351 3.120862083368140
25 2.196583870035697 0.245743072578315
26 4.582165657227040 1.394015387133736
27 6.810004928063245 2.466360158424265
28 5.390804092321281 1.783244183433924
29 3.313902397104467 0.783551475568946
30 5.212673576759475 1.697503111593364
31 5.878940354465771 2.018202950540795
32 6.281588243182481 2.212012873809843
33 7.072843971631206 2.592874704491726
34 7.850000000000000 7.080000000000000
35 7.020000000000000 5.240000000000000
36 7.745248003802281 6.847778707224335
37 7.565758331335411 6.449873891153201
38 7.569072170429973 6.457220233242353
39 7.577472927172026 6.475843597586179
40 7.542400736216849 6.398093198360244
41 8.630000000000001 3.880000000000000
42 4.210000000000000 2.920000000000000
43 5.706627687399571 3.245059407218006
44 6.425637261341741 3.401224382553862
45 4.263176591259834 2.931549666879964
46 5.567033961102076 3.214740407841175
47 5.222083664462893 3.139819076444429
48 6.460846303501945 3.408871595330739
49 8.170000000000000 5.100000000000000
50 8.122369717940654 5.105798469120268
51 7.559667719923358 5.174301321052808
52 4.980000000000000 7.050000000000000
53 3.740000000000000 1.410000000000000
54 3.951536999460612 2.372152158836977
55 4.877271756343682 6.582752182079329
56 4.748504122497056 5.997067137809188
57 4.353420530822673 4.200074027290219
58 4.788851167934583 6.180581118670196
59 4.856122650840752 6.486557863501483
60 4.809011979221881 6.272280292589844
61 4.270750996659843 3.824060984807672
62 4.116451304181385 3.122246254502428
63 4.620286177105832 5.413882289416847
64 4.737018611521418 5.944826587887739
65 4.696636197440585 5.761151736745886
66 2.850000000000000 3.720000000000000
67 3.743346774193549 8.681958713183732
68 3.072375733199262 4.955152170269816
69 3.214916764632430 5.746874638338826
70 3.438599767619803 6.989287839714343
71 3.438470687341157 6.988570882949256
72 3.530196839942187 7.498049839244103
73 3.289393373775082 6.160543630424639
74 3.661331711139522 8.226418526003217
75 3.459923167596893 7.107725420021871
76 3.002936750529039 4.569463907829768
77 3.451696902552740 7.062033882657065
78 3.060372215725203 4.888480459082380
79 3.659745753917465 8.217609567954616
80 3.410973618488609 6.835842598344342
81 3.503824302998422 7.351567596002104
82 3.240000000000000 0.160000000000000
83 1.640000000000000 8.940000000000000
84 2.871798657649402 2.180504866148908
85 3.192581628807346 0.420208311919690
86 2.391344663671290 4.816996158103796
87 2.334346199625914 5.129775229552798
88 2.250560787013213 5.589547681264995
89 1.678105116987193 8.730898170532781
90 1.818677204545144 7.959508840058524
91 2.159964516668166 6.086694714783436
92 2.161618405394685 6.077619000396668
93 1.751525473498752 8.328003964175597
94 2.260645367833300 5.534208544014765
95 3.101473091411829 0.920166410877589
96 1.980114597740377 7.073621144899682
97 2.862021489017781 2.234157079014928
98 2.417760468908477 4.672039426864735
99 2.237642807220906 5.660435095375279
100 0.390000000000000 1.740000000000000
101 9.010000000000000 3.270000000000000
102 1.398171092488479 1.918944521056540
103 7.011113942482710 2.915209319257372
104 1.376214268917838 1.915047312232517
105 6.342232375158685 2.796486720880834
106 6.000006897698676 2.735743683698257
107 3.492525061006654 2.290680202243641
108 4.604423912100980 2.488035798783585
109 5.705521331147312 2.683474203788328
110 5.025403411700616 2.562757218086072
111 2.838785805093163 2.174645276310039
112 3.811008521788916 2.347209169180631
113 2.439013500554891 2.103688011119372
114 6.852242129511133 2.887010493985155
115 3.970000000000000 9.480000000000000
116 8.350000000000000 6.410000000000000
117 4.040000000000000 9.529999999999999
118 7.253585493866195 7.203692171493612
119 5.521203559861348 8.457759836016843
120 5.807725208399395 8.250347412945217
121 6.099933178121126 8.038818673842711
122 6.013625657822103 8.101296507562655
123 5.779420776472620 8.270836932112626
124 8.104783289071646 6.587511864987579
125 5.236068948613364 8.664168185690556
126 6.160000000000000 0.940000000000000
127 1.650000000000000 0.150000000000000
128 4.002105263157895 0.562009569377990
129 3.272498616259372 0.434207074688449
130 2.138088120410395 0.235496588719338
131 2.077526052778805 0.224888155586531
132 1.240000000000000 3.030000000000000
133 1.392214383433032 1.960786770031385
134 4.670000000000000 1.520000000000000
135 6.557261588727792 2.644731653888281
136 5.562706838507838 2.052017206787499
137 5.135703215612446 1.797540300213478
138 5.828789563645651 2.210591760152459
139 5.952164822302618 2.284118429453075
140 6.886701570680628 2.841064572425829
141 3.680000000000000 0.100000000000000
142 1.280000000000000 1.640000000000000
143 2.488037248385276 5.093410829623127
144 2.686467442285436 5.660662362185540
145 3.201011347398503 7.131586786584852
146 3.056802134910938 6.719336537843225
147 3.371541667381274 7.619081070883427
148 2.850029843893481 6.128237488521579
149 3.585407036772298 8.230457072512113
150 3.365414638765269 7.601565760818104
151 2.522969119769120 5.193270418470418
152 3.177436479264324 7.064193413549100
153 2.330337043247319 4.642593938848314
154 3.614387706098928 8.313303985913238
155 2.065061048223516 3.884250605247661
156 2.928475907296707 6.352490908902541
157 3.349801210025928 7.556931719965427
158 1.150000000000000 5.410000000000000
159 3.390000000000000 4.880000000000000
160 1.187948625071689 5.401021084246430
161 2.624678288976910 5.061080583411713
162 3.181595080800894 4.929310092489074
163 1.775717466667873 5.261950777975905
164 1.827606824518755 5.249673385270116
165 6.460000000000000 9.119999999999999
166 7.563118296410710 6.456248906363077
167 7.884000067917352 5.681400757655796
168 7.555667674374268 6.474240270174579
169 8.524152202863322 4.135595602302396
170 6.901423885740384 8.054073197567000
171 7.581717821457463 6.411335767540503
172 5.820000000000000 7.030000000000000
173 3.670000000000000 6.010000000000000
174 5.216669978852964 6.743769013223267
175 4.453244890392548 6.381585948000185
176 4.786485151173406 6.539681327533430
177 5.315562540888130 6.790685484514369
178 4.115333560825799 6.221274526531309
179 5.646919301001375 6.947887296289024
180 3.949022012923010 6.142373234037893
181 4.487722713730128 6.397942868839410
182 4.515908602032529 6.411314778638689
183 4.289554030874785 6.303927958833619
184 5.000000000000000 7.710000000000000
185 5.740000000000000 4.410000000000000
186 5.361680179464081 6.097101902389911
187 5.428926285051102 5.797220620718056
188 5.249851294176207 6.595798282727726
189 5.314070144673389 6.309416922402455
190 5.337817042807806 6.203518592884105
191 5.706268764728804 4.560423076209386
192 5.072128861276448 7.388344267280705
193 5.452064353813560 5.694037341101695
194 7.770000000000000 6.490000000000000
195 5.021022895908416 6.041526393894425
196 1.215923386059385 5.420754872650171
197 5.288681753268154 6.085192793584532
198 3.915697953036216 5.861201478743069
199 2.221690403283602 5.584837709297023
200 6.281141188842152 6.247104604826212
201 4.302816593605780 5.924356785663783
202 4.714858893517693 5.991578188066331
203 1.724925622625579 5.503794512452512
204 2.150601966385269 5.573240199954093
205 4.544643337819650 5.963808882907133
206 7.570000000000000 1.930000000000000
207 6.133207087790389 2.944004567229271
208 4.828343532090508 3.864901095773446
209 3.767806377759607 4.613366312346689
210 5.525878384610317 3.372621714210423
211 5.344950069898806 3.500310357368068
212 3.785954957109126 4.600558104432555
213 4.288192911251139 4.246107873638551
214 5.280000000000000 1.610000000000000
215 5.740000000000000 1.750000000000000
216 1.400000000000000 8.640000000000001
217 1.843317724114711 8.784897621889634
218 3.062683025535233 9.183445035583501
219 1.150000000000000 8.359999999999999
220 3.439079626836928 6.989000437402482
221 7.257581115478799 4.701983503028741
222 4.654691848906561 6.260933224184306
223 5.220850330260578 5.921843652464252
224 8.238214196525194 4.114652459835178
225 3.488283923483923 6.959530484330484
226 4.008913710840700 6.647709435218404
227 6.009327545140223 5.449600614675375
228 3.315347296430862 7.063107501602906
229 4.476012294303524 6.367949855818210
230 4.326217853347502 6.457666312433581
231 5.547523239678300 5.726189289604441
232 4.560427331980835 6.317391116674580
233 3.517171745840280 6.942228686983361
234 4.050315533980581 6.622912621359224
235 0.180000000000000 4.690000000000000
236 3.833120479911752 7.266962376753034
237 5.988900743595146 8.787679983141162
238 2.145409131337090 6.076427142010081
239 4.727122034867104 7.897603601028865
240 5.085838059934795 8.150646911705596
241 3.477462496360247 7.016076251413359
242 4.105040416001647 7.458778510013900
243 3.541608746857916 7.061325915379070
244 4.040876595157618 7.413516451679657
245 1.674436573236527 5.744196499910480
246 3.860876817589606 7.286542086293304
247 3.659260609216349 7.144319187711533
248 5.140000000000000 6.270000000000000
249 5.108175424495126 6.294277604742289
250 2.494013191708069 8.288509936611273
251 3.360442228093748 7.627548357425626
252 4.061645122471954 7.092630720857109
253 4.108533031377573 7.056861944634822
254 4.598926817288801 6.682761542239685
255 4.541646610953939 6.726458156786566
256 4.267354097682119 6.935704159768211
257 3.837781948961900 7.263406341791922
258 3.211786310517529 7.740951585976627
259 6.815275829284788 4.010431264028332
260 5.781111105332952 2.393496190748589
261 5.740751625528444 2.330393421021671
262 6.444482758620690 3.430689655172413
263 6.310000000000000 9.740000000000000
264 5.149202989874408 6.297294337490765
265 5.761982049814775 8.114681805860917
266 5.840205832686777 8.346678837113776
267 0.290000000000000 5.940000000000000
268 5.383924668980588 6.314553284483867
269 3.636308095219482 6.186052065824962
270 3.956993406593407 6.209631868131869
271 6.327783867011143 6.383954696103761
272 4.427712631197974 6.244243575823381
273 4.589461146706094 6.256136849022507
274 1.612885286156765 6.037270976923292
275 2.693100131789250 6.116698539102151
276 4.339198606271776 6.237735191637631
277 6.470000000000000 8.930000000000000
278 5.000000000000000 5.390000000000000
279 6.123451530387228 8.095454705830466
280 5.073273737555630 5.566455123093150
281 4.200000000000000 8.260000000000000
282 4.298113207547170 8.192547169811320
283 4.575152904197498 8.002082378364220
284 9.539999999999999 4.210000000000000
285 3.669035752979416 3.779989165763814
286 3.613502014349449 3.775921672201978
287 5.386889702658963 3.905811054454842
288 5.485621769147731 3.913042551103496
289 3.459583734374713 3.764648136000540
290 4.180472855953702 3.817448684516788
291 6.051625929861849 3.954498760184201
292 8.670000000000000 7.960000000000000
293 3.241560589820099 8.248746777137228
294 4.192670321064996 8.198155833985904
295 5.658671318178408 8.120177057543701
296 3.655421397930860 8.226732904365379
297 4.741726427385817 8.168950721947562
298 2.813878116343490 8.271495844875346
299 2.960000000000000 9.720000000000001
300 3.468692981337414 7.061900055265060
301 3.495709624861389 6.920728579949640
302 3.382231604342581 7.513691194209891
303 3.661205580415899 3.713922084759148
304 3.351121737803327 1.097589662715572
305 4.057453528349164 7.057264145446069
306 3.757716518341654 4.528233123507706
307 3.831182288833827 5.148100562035414
308 4.087914438502674 7.314278074866309
309 4.114771716330204 7.540886356536099
310 4.012025586353944 6.673965884861406
311 2.110000000000000 5.730000000000000
312 4.878519422065887 2.131798101289762
313 4.853001509932991 2.164963337247975
314 3.514316633734357 3.904831378237997
315 4.033020588199056 3.230679866441605
316 2.819819365943761 4.807458742054165
317 2.195786459066186 5.618504665188428
318 5.428609102014698 3.745766806926373
319 5.800997862308094 2.317206476490503
320 5.013318025258323 5.338909299655569
321 6.640000000000000 7.300000000000000
322 4.901593314283253 2.199497135308223
323 6.175711289491276 5.937772209776435
324 5.672184773988898 4.460420301348136
325 5.240000000000000 2.440000000000000
326 3.528699145061790 1.223792474163410
327 1.170000000000000 7.080000000000000
328 4.743039249413604 7.051865832681782
329 4.802078706633680 7.051400955065876
330 4.210306546667276 7.056060578372699
331 3.635321959501428 7.060588016066918
332 3.722574257425742 7.059900990099010
333 4.686603948399972 6.907322357636661
334 4.025258530859613 5.213468278017990
335 4.503316283034954 6.437881500426257
336 2.569149972513775 1.484047378581199
337 4.395737991266375 6.162349344978165
338 4.280000000000000 6.400000000000000
339 4.431609850378220 6.589164583958146
340 3.480000000000000 1.030000000000000
341 4.450000000000000 4.890000000000000
342 0.660000000000000 4.080000000000000
343 8.320000000000000 6.660000000000000
344 4.937964001717923 5.520880825643895
345 1.933841466279517 4.509048431201196
346 4.889166232412715 5.504445023449714
347 3.360000000000000 8.850000000000000
348 4.023732597098996 7.449686106120410
349 1.480000000000000 6.670000000000000
350 1.786867204426801 5.208861659655875
351 3.684848408287013 7.110202122283981
352 2.560000000000000 8.609999999999999
636
1 16
16 3
3 2
2 11
11 14
14 17
17 5
5 6
6 10
10 19
19 7
7 8
8 13
13 15
15 20
20 9
9 18
18 12
12 4
4 0
22 25
25 23
23 29
29 26
26 30
30 28
28 31
31 32
32 27
27 33
33 24
24 21
35 40
40 37
37 38
38 39
39 36
36 34
42 45
45 47
47 46
46 43
43 44
44 48
48 41
35 51
51 50
50 49
53 54
54 62
62 61
61 57
57 63
63 65
65 64
64 56
56 58
58 60
60 59
59 55
55 52
66 76
76 78
78 68
68 69
69 73
73 80
80 71
71 70
70 77
77 75
75 81
81 72
72 79
79 74
74 67
67 0
83 89
89 93
93 90
90 96
96 91
91 92
92 99
99 88
88 94
94 87
87 86
86 98
98 2
2 97
97 84
84 95
95 23
23 85
85 82
100 104
104 102
102 113
113 3
3 111
111 84
84 107
107 112
112 54
54 108
108 110
110 109
109 106
106 105
105 114
114 103
103 24
24 101
0 115
117 125
125 119
119 123
123 120
120 122
122 121
121 118
118 36
36 124
124 116
127 131
131 130
130 25
25 85
85 129
129 128
128 126
132 133
133 102
102 127
134 137
137 136
136 138
138 139
139 135
135 140
140 103
103 41
141 128
128 26
26 134
142 104
104 133
133 155
155 153
153 86
86 143
143 151
151 144
144 148
148 156
156 146
146 152
152 145
145 157
157 150
150 147
147 149
149 154
154 67
67 4
4 117
158 160
160 163
163 164
164 87
87 143
143 161
161 68
68 5
5 162
162 159
165 170
170 118
118 168
168 166
166 37
37 171
171 167
167 50
50 169
169 41
173 180
180 178
178 183
183 175
175 181
181 182
182 176
176 55
55 174
174 177
177 179
179 172
184 192
192 174
174 188
188 189
189 190
190 186
186 187
187 193
193 191
191 185
158 196
196 203
203 204
204 199
199 88
88 144
144 69
69 6
6 198
198 201
201 205
205 202
202 56
56 195
195 197
197 186
186 200
200 166
166 38
38 194
159 209
209 212
212 213
213 57
57 208
208 211
211 210
210 43
43 207
207 105
105 135
135 27
27 206
214 215
216 89
89 217
217 218
218 115
219 90
90 145
145 228
228 70
70 220
220 7
7 225
225 233
233 226
226 234
234 230
230 175
175 229
229 232
232 222
222 58
58 195
195 223
223 187
187 231
231 227
227 221
221 224
224 41
235 160
160 196
196 245
245 238
238 91
91 146
146 71
71 220
220 8
8 241
241 243
243 247
247 236
236 246
246 244
244 242
242 239
239 240
240 119
119 237
237 165
83 217
217 250
250 258
258 251
251 147
147 72
72 9
9 236
236 257
257 252
252 253
253 256
256 255
255 254
254 176
176 59
59 249
249 248
214 28
28 136
136 261
261 260
260 106
106 207
207 44
44 262
262 259
259 221
221 51
51 167
167 116
248 264
264 188
188 177
177 265
265 120
120 266
266 237
237 263
267 274
274 238
238 92
92 275
275 148
148 73
73 10
10 269
269 270
270 178
178 276
276 272
272 273
273 222
222 60
60 249
249 264
264 189
189 268
268 271
271 168
168 39
39 194
278 280
280 223
223 197
197 190
190 268
268 179
179 121
121 279
279 277
281 282
282 283
283 239
239 184
66 11
11 289
289 286
286 285
285 290
290 61
61 208
208 287
287 288
288 291
291 259
259 224
224 169
169 284
219 93
93 250
250 298
298 293
293 149
149 296
296 74
74 12
12 294
294 282
282 297
297 240
240 295
295 265
265 122
122 279
279 170
170 292
299 218
218 293
293 251
251 150
150 302
302 75
75 300
300 13
13 241
241 225
225 301
301 269
269 173
82 129
129 29
29 304
304 107
107 303
303 285
285 306
306 209
209 307
307 198
198 180
180 270
270 226
226 310
310 305
305 252
252 308
308 242
242 309
309 294
294 281
311 317
317 199
199 94
94 151
151 161
161 316
316 76
76 14
14 314
314 286
286 303
303 315
315 62
62 45
45 108
108 313
313 312
312 137
137 30
30 214
278 320
320 287
287 318
318 210
210 46
46 109
109 260
260 319
319 138
138 31
31 126
134 312
312 322
322 110
110 47
47 211
211 318
318 288
288 324
324 191
191 227
227 323
323 200
200 271
271 321
22 130
130 95
95 304
304 326
326 313
313 322
322 325
327 96
96 152
152 228
228 77
77 300
300 15
15 243
243 331
331 332
332 305
305 253
253 330
330 328
328 329
329 52
22 131
131 336
336 16
16 111
111 97
97 289
289 314
314 306
306 212
212 334
334 201
201 337
337 272
272 229
229 181
181 335
335 254
254 333
333 328
328 184
338 230
230 339
339 255
255 333
333 329
329 192
192 295
295 123
123 266
266 165
340 326
326 112
112 315
315 290
290 213
213 341
342 345
345 153
153 98
98 316
316 78
78 17
17 162
162 307
307 334
334 63
63 346
346 344
344 280
280 193
193 231
231 323
323 40
40 171
171 124
124 343
347 154
154 296
296 79
79 18
18 348
348 244
244 308
308 330
330 256
256 339
339 335
335 182
182 232
232 273
273 202
202 64
64 344
344 278
325 261
261 319
319 139
139 32
32 206
349 274
274 245
245 203
203 163
163 350
350 345
345 155
155 113
113 336
336 1
342 350
350 164
164 204
204 317
317 99
99 275
275 156
156 80
80 19
19 301
301 233
233 331
331 351
351 257
257 246
246 348
348 309
309 283
283 297
297 125
125 263
352 298
298 258
258 157
157 302
302 81
81 20
20 247
247 351
351 332
332 310
310 234
234 183
183 276
276 337
337 205
205 65
65 346
346 320
320 324
324 291
291 262
262 48
48 114
114 140
140 33
33 206
533
0 1.100000000000000 4.300000000000000
1 1.200000000000000 5.100000000000000
2 1.200000000000000 6.800000000000000
3 1.200000000000000 8.199999999999999
4 1.300000000000000 7.900000000000000
5 1.300000000000000 7.200000000000000
6 1.300000000000000 4.800000000000000
7 1.300000000000000 4.700000000000000
8 1.400000000000000 2.100000000000000
9 1.400000000000000 3.900000000000000
10 1.400000000000000 4.400000000000000
11 1.400000000000000 7.000000000000000
12 1.400000000000000 5.600000000000000
13 1.500000000000000 4.800000000000000
14 1.500000000000000 2.200000000000000
15 1.500000000000000 4.700000000000000
16 1.500000000000000 6.800000000000000
17 1.500000000000000 1.800000000000000
18 1.500000000000000 5.600000000000000
19 1.500000000000000 5.100000000000000
20 1.600000000000000 2.200000000000000
21 1.600000000000000 5.000000000000000
22 1.600000000000000 2.500000000000000
23 1.600000000000000 8.100000000000000
24 1.600000000000000 5.200000000000000
25 1.600000000000000 8.000000000000000
26 1.600000000000000 4.100000000000000
27 1.600000000000000 4.300000000000000
28 1.600000000000000 2.800000000000000
29 1.600000000000000 2.200000000000000
30 1.700000000000000 8.500000000000000
31 1.700000000000000 7.100000000000000
32 1.700000000000000 6.400000000000000
33 1.700000000000000 7.000000000000000
34 1.700000000000000 3.700000000000000
35 1.700000000000000 6.300000000000000
36 1.700000000000000 3.600000000000000
37 1.700000000000000 5.800000000000000
38 1.700000000000000 5.500000000000000
39 1.800000000000000 1.500000000000000
40 1.800000000000000 2.600000000000000
41 1.800000000000000 4.200000000000000
42 1.800000000000000 4.700000000000000
43 1.800000000000000 3.500000000000000
44 1.800000000000000 6.700000000000000
45 1.800000000000000 8.000000000000000
46 1.800000000000000 7.000000000000000
47 1.900000000000000 2.000000000000000
48 1.900000000000000 5.500000000000000
49 1.900000000000000 7.900000000000000
50 1.900000000000000 3.600000000000000
51 1.900000000000000 8.400000000000000
52 1.900000000000000 3.400000000000000
53 1.900000000000000 2.400000000000000
54 2.000000000000000 3.000000000000000
55 2.000000000000000 6.300000000000000
56 2.000000000000000 7.900000000000000
57 2.000000000000000 0.500000000000000
58 2.000000000000000 5.300000000000000
59 2.000000000000000 3.400000000000000
60 2.000000000000000 3.400000000000000
61 2.000000000000000 0.700000000000000
62 2.000000000000000 2.600000000000000
63 2.000000000000000 1.900000000000000
64 2.000000000000000 2.900000000000000
65 2.000000000000000 5.700000000000000
66 2.000000000000000 6.100000000000000
67 2.000000000000000 2.500000000000000
68 2.000000000000000 0.900000000000000
69 2.100000000000000 8.400000000000000
70 2.100000000000000 3.900000000000000
71 2.100000000000000 8.699999999999999
72 2.100000000000000 2.500000000000000
73 2.100000000000000 8.100000000000000
74 2.100000000000000 2.500000000000000
75 2.200000000000000 5.000000000000000
76 2.200000000000000 8.400000000000000
77 2.200000000000000 7.000000000000000
78 2.200000000000000 8.400000000000000
79 2.200000000000000 5.400000000000000
80 2.200000000000000 8.000000000000000
81 2.200000000000000 3.500000000000000
82 2.200000000000000 4.600000000000000
83 2.200000000000000 8.300000000000001
84 2.300000000000000 5.800000000000000
85 2.300000000000000 3.500000000000000
86 2.300000000000000 3.000000000000000
87 2.300000000000000 4.900000000000000
88 2.300000000000000 2.200000000000000
89 2.300000000000000 0.600000000000000
90 2.300000000000000 0.400000000000000
91 2.300000000000000 6.000000000000000
92 2.300000000000000 8.000000000000000
93 2.300000000000000 0.900000000000000
94 2.300000000000000 0.900000000000000
95 2.300000000000000 5.000000000000000
96 2.300000000000000 3.100000000000000
97 2.300000000000000 7.400000000000000
98 2.400000000000000 5.400000000000000
99 2.400000000000000 7.800000000000000
100 2.400000000000000 5.900000000000000
101 2.400000000000000 5.800000000000000
102 2.400000000000000 8.600000000000000
103 2.400000000000000 1.000000000000000
104 2.400000000000000 2.700000000000000
105 2.400000000000000 2.400000000000000
106 2.400000000000000 1.800000000000000
107 2.400000000000000 1.400000000000000
108 2.400000000000000 3.100000000000000
109 2.400000000000000 1.800000000000000
110 2.400000000000000 1.400000000000000
111 2.400000000000000 4.800000000000000
112 2.500000000000000 0.900000000000000
113 2.500000000000000 3.600000000000000
114 2.500000000000000 1.600000000000000
115 2.600000000000000 0.500000000000000
116 2.600000000000000 3.300000000000000
117 2.600000000000000 1.400000000000000
118 2.600000000000000 2.600000000000000
119 2.600000000000000 8.400000000000000
120 2.600000000000000 8.300000000000001
121 2.700000000000000 8.000000000000000
122 2.700000000000000 0.800000000000000
123 2.700000000000000 8.699999999999999
124 2.700000000000000 3.200000000000000
125 2.700000000000000 5.400000000000000
126 2.700000000000000 2.800000000000000
127 2.800000000000000 4.700000000000000
128 2.800000000000000 4.400000000000000
129 2.800000000000000 3.700000000000000
130 2.800000000000000 0.500000000000000
131 2.800000000000000 1.100000000000000
132 2.800000000000000 3.400000000000000
133 2.800000000000000 1.600000000000000
134 2.800000000000000 7.900000000000000
135 2.800000000000000 6.800000000000000
136 2.800000000000000 2.300000000000000
137 2.800000000000000 5.300000000000000
138 2.800000000000000 3.800000000000000
139 2.800000000000000 5.700000000000000
140 2.800000000000000 3.100000000000000
141 2.800000000000000 5.100000000000000
142 2.900000000000000 4.200000000000000
143 2.900000000000000 6.500000000000000
144 2.900000000000000 7.000000000000000
145 2.900000000000000 1.800000000000000
146 2.900000000000000 3.400000000000000
147 2.900000000000000 4.700000000000000
148 2.900000000000000 3.600000000000000
149 2.900000000000000 5.500000000000000
150 3.000000000000000 3.700000000000000
151 3.000000000000000 2.200000000000000
152 3.000000000000000 3.600000000000000
153 3.000000000000000 2.800000000000000
154 3.000000000000000 8.100000000000000
155 3.000000000000000 4.400000000000000
156 3.000000000000000 3.700000000000000
157 3.000000000000000 3.500000000000000
158 3.000000000000000 2.300000000000000
159 3.000000000000000 7.100000000000000
160 3.000000000000000 1.400000000000000
161 3.000000000000000 4.400000000000000
162 3.000000000000000 6.500000000000000
163 3.100000000000000 1.400000000000000
164 3.100000000000000 6.700000000000000
165 3.100000000000000 8.600000000000000
166 3.100000000000000 1.800000000000000
167 3.100000000000000 3.600000000000000
168 3.100000000000000 3.200000000000000
169 3.100000000000000 1.800000000000000
170 3.100000000000000 6.500000000000000
171 3.100000000000000 3.000000000000000
172 3.100000000000000 7.500000000000000
173 3.100000000000000 2.100000000000000
174 3.200000000000000 2.300000000000000
175 3.200000000000000 8.100000000000000
176 3.200000000000000 5.000000000000000
177 3.200000000000000 6.000000000000000
178 3.200000000000000 8.300000000000001
179 3.200000000000000 2.100000000000000
180 3.200000000000000 7.400000000000000
181 3.200000000000000 0.700000000000000
182 3.200000000000000 1.500000000000000
183 3.200000000000000 1.400000000000000
184 3.200000000000000 1.800000000000000
185 3.300000000000000 0.900000000000000
186 3.300000000000000 6.500000000000000
187 3.300000000000000 1.600000000000000
188 3.300000000000000 1.400000000000000
189 3.300000000000000 4.300000000000000
190 3.300000000000000 8.600000000000000
191 3.300000000000000 3.100000000000000
192 3.300000000000000 4.400000000000000
193 3.300000000000000 6.100000000000000
194 3.300000000000000 7.600000000000000
195 3.300000000000000 3.300000000000000
196 3.300000000000000 5.100000000000000
197 3.400000000000000 1.300000000000000
198 3.400000000000000 4.300000000000000
199 3.400000000000000 8.000000000000000
200 3.400000000000000 4.600000000000000
201 3.400000000000000 8.900000000000000
202 3.400000000000000 6.900000000000000
203 3.400000000000000 9.199999999999999
204 3.400000000000000 1.400000000000000
205 3.400000000000000 4.100000000000000
206 3.400000000000000 6.900000000000000
207 3.400000000000000 4.100000000000000
208 3.400000000000000 4.500000000000000
209 3.500000000000000 3.300000000000000
210 3.500000000000000 4.100000000000000
211 3.500000000000000 5.700000000000000
212 3.500000000000000 6.600000000000000
213 3.500000000000000 1.500000000000000
214 3.500000000000000 5.100000000000000
215 3.500000000000000 9.000000000000000
216 3.600000000000000 1.100000000000000
217 3.600000000000000 5.200000000000000
218 3.600000000000000 1.000000000000000
219 3.600000000000000 7.500000000000000
220 3.600000000000000 3.100000000000000
221 3.600000000000000 5.100000000000000
222 3.600000000000000 1.100000000000000
223 3.700000000000000 6.100000000000000
224 3.700000000000000 7.900000000000000
225 3.700000000000000 5.900000000000000
226 3.700000000000000 4.300000000000000
227 3.700000000000000 1.300000000000000
228 3.700000000000000 4.900000000000000
229 3.700000000000000 2.700000000000000
230 3.700000000000000 3.300000000000000
231 3.700000000000000 2.500000000000000
232 3.800000000000000 3.400000000000000
233 3.800000000000000 7.200000000000000
234 3.800000000000000 0.800000000000000
235 3.800000000000000 8.300000000000001
236 3.800000000000000 3.300000000000000
237 3.800000000000000 7.200000000000000
238 3.900000000000000 8.100000000000000
239 3.900000000000000 1.000000000000000
240 3.900000000000000 7.900000000000000
241 3.900000000000000 3.900000000000000
242 3.900000000000000 5.600000000000000
243 3.900000000000000 4.300000000000000
244 3.900000000000000 8.300000000000001
245 3.900000000000000 3.400000000000000
246 3.900000000000000 3.100000000000000
247 4.000000000000000 8.100000000000000
248 4.000000000000000 1.900000000000000
249 4.000000000000000 2.700000000000000
250 4.000000000000000 1.400000000000000
251 4.000000000000000 7.700000000000000
252 4.000000000000000 4.700000000000000
253 4.000000000000000 2.600000000000000
254 4.000000000000000 1.900000000000000
255 4.000000000000000 5.000000000000000
256 4.000000000000000 2.700000000000000
257 4.000000000000000 8.500000000000000
258 4.000000000000000 7.300000000000000
259 4.000000000000000 4.000000000000000
260 4.100000000000000 7.300000000000000
261 4.100000000000000 6.900000000000000
262 4.100000000000000 6.100000000000000
263 4.100000000000000 3.800000000000000
264 4.100000000000000 9.100000000000000
265 4.100000000000000 2.000000000000000
266 4.100000000000000 3.300000000000000
267 4.100000000000000 5.100000000000000
268 4.100000000000000 9.100000000000000
269 4.200000000000000 4.400000000000000
270 4.200000000000000 9.300000000000001
271 4.200000000000000 2.200000000000000
272 4.200000000000000 1.300000000000000
273 4.200000000000000 6.100000000000000
274 4.200000000000000 5.300000000000000
275 4.200000000000000 4.300000000000000
276 4.200000000000000 6.500000000000000
277 4.200000000000000 2.700000000000000
278 4.300000000000000 1.200000000000000
279 4.300000000000000 3.300000000000000
280 4.300000000000000 1.400000000000000
281 4.300000000000000 2.300000000000000
282 4.300000000000000 5.300000000000000
283 4.300000000000000 5.400000000000000
284 4.300000000000000 2.900000000000000
285 4.300000000000000 6.500000000000000
286 4.300000000000000 8.800000000000001
287 4.300000000000000 2.800000000000000
288 4.300000000000000 9.100000000000000
289 4.300000000000000 7.600000000000000
290 4.300000000000000 8.500000000000000
291 4.300000000000000 7.100000000000000
292 4.300000000000000 6.400000000000000
293 4.300000000000000 1.100000000000000
294 4.400000000000000 5.500000000000000
295 4.400000000000000 2.900000000000000
296 4.400000000000000 8.699999999999999
297 4.400000000000000 1.000000000000000
298 4.400000000000000 7.900000000000000
299 4.400000000000000 2.000000000000000
300 4.400000000000000 3.100000000000000
301 4.500000000000000 4.300000000000000
302 4.500000000000000 5.200000000000000
303 4.500000000000000 6.800000000000000
304 4.500000000000000 2.600000000000000
305 4.500000000000000 8.199999999999999
306 4.500000000000000 8.199999999999999
307 4.500000000000000 4.800000000000000
308 4.500000000000000 4.300000000000000
309 4.500000000000000 4.600000000000000
310 4.600000000000000 6.300000000000000
311 4.600000000000000 0.800000000000000
312 4.600000000000000 1.000000000000000
313 4.600000000000000 8.300000000000001
314 4.700000000000000 2.700000000000000
315 4.700000000000000 2.800000000000000
316 4.700000000000000 9.000000000000000
317 4.700000000000000 5.900000000000000
318 4.700000000000000 4.500000000000000
319 4.700000000000000 2.800000000000000
320 4.800000000000000 5.600000000000000
321 4.800000000000000 8.000000000000000
322 4.800000000000000 5.000000000000000
323 4.800000000000000 7.600000000000000
324 4.800000000000000 8.300000000000001
325 4.800000000000000 8.900000000000000
326 4.900000000000000 5.400000000000000
327 4.900000000000000 3.700000000000000
328 4.900000000000000 5.400000000000000
329 4.900000000000000 4.100000000000000
330 4.900000000000000 4.700000000000000
331 5.000000000000000 5.500000000000000
332 5.000000000000000 7.100000000000000
333 5.000000000000000 4.700000000000000
334 5.000000000000000 2.600000000000000
335 5.000000000000000 5.300000000000000
336 5.000000000000000 8.699999999999999
337 5.000000000000000 1.100000000000000
338 5.000000000000000 8.699999999999999
339 5.000000000000000 4.100000000000000
340 5.000000000000000 8.400000000000000
341 5.000000000000000 7.600000000000000
342 5.100000000000000 1.800000000000000
343 5.100000000000000 0.800000000000000
344 5.100000000000000 4.700000000000000
345 5.100000000000000 5.700000000000000
346 5.100000000000000 2.600000000000000
347 5.100000000000000 1.000000000000000
348 5.100000000000000 0.800000000000000
349 5.200000000000000 3.200000000000000
350 5.200000000000000 5.600000000000000
351 5.200000000000000 7.800000000000000
352 5.200000000000000 4.700000000000000
353 5.200000000000000 6.600000000000000
354 5.200000000000000 8.000000000000000
355 5.200000000000000 7.900000000000000
356 5.200000000000000 5.800000000000000
357 5.300000000000000 1.400000000000000
358 5.300000000000000 6.900000000000000
359 5.300000000000000 5.200000000000000
360 5.300000000000000 7.100000000000000
361 5.300000000000000 4.500000000000000
362 5.300000000000000 4.000000000000000
363 5.300000000000000 1.900000000000000
364 5.300000000000000 7.400000000000000
365 5.300000000000000 7.500000000000000
366 5.400000000000000 6.200000000000000
367 5.400000000000000 6.000000000000000
368 5.400000000000000 3.200000000000000
369 5.400000000000000 6.500000000000000
370 5.400000000000000 1.000000000000000
371 5.400000000000000 1.800000000000000
372 5.400000000000000 5.100000000000000
373 5.400000000000000 1.800000000000000
374 5.400000000000000 1.600000000000000
375 5.400000000000000 1.600000000000000
376 5.500000000000000 8.500000000000000
377 5.500000000000000 8.500000000000000
378 5.500000000000000 1.200000000000000
379 5.500000000000000 6.800000000000000
380 5.500000000000000 5.200000000000000
381 5.500000000000000 8.300000000000001
382 5.500000000000000 5.100000000000000
383 5.600000000000000 5.200000000000000
384 5.600000000000000 8.600000000000000
385 5.600000000000000 3.500000000000000
386 5.600000000000000 5.400000000000000
387 5.600000000000000 5.700000000000000
388 5.600000000000000 7.700000000000000
389 5.600000000000000 4.700000000000000
390 5.600000000000000 6.400000000000000
391 5.600000000000000 8.300000000000001
392 5.700000000000000 4.100000000000000
393 5.700000000000000 1.600000000000000
394 5.700000000000000 8.300000000000001
395 5.700000000000000 7.400000000000000
396 5.700000000000000 3.200000000000000
397 5.800000000000000 8.000000000000000
398 5.800000000000000 3.900000000000000
399 5.800000000000000 1.800000000000000
400 5.800000000000000 6.000000000000000
401 5.800000000000000 2.900000000000000
402 5.800000000000000 4.400000000000000
403 5.800000000000000 2.100000000000000
404 5.800000000000000 2.400000000000000
405 5.900000000000000 8.900000000000000
406 5.900000000000000 8.600000000000000
407 5.900000000000000 1.800000000000000
408 5.900000000000000 6.200000000000000
409 5.900000000000000 5.900000000000000
410 5.900000000000000 1.100000000000000
411 5.900000000000000 1.800000000000000
412 5.900000000000000 1.500000000000000
413 5.900000000000000 2.200000000000000
414 6.000000000000000 8.300000000000001
415 6.000000000000000 8.900000000000000
416 6.000000000000000 3.900000000000000
417 6.000000000000000 1.200000000000000
418 6.000000000000000 3.700000000000000
419 6.000000000000000 3.600000000000000
420 6.000000000000000 5.200000000000000
421 6.000000000000000 1.200000000000000
422 6.100000000000000 9.400000000000000
423 6.100000000000000 3.500000000000000
424 6.100000000000000 3.300000000000000
425 6.100000000000000 9.500000000000000
426 6.100000000000000 2.600000000000000
427 6.200000000000000 2.300000000000000
428 6.200000000000000 2.300000000000000
429 6.200000000000000 2.400000000000000
430 6.200000000000000 3.200000000000000
431 6.200000000000000 7.900000000000000
432 6.200000000000000 4.100000000000000
433 6.300000000000000 5.700000000000000
434 6.300000000000000 4.900000000000000
435 6.300000000000000 3.800000000000000
436 6.300000000000000 7.400000000000000
437 6.300000000000000 2.300000000000000
438 6.300000000000000 3.200000000000000
439 6.300000000000000 3.800000000000000
440 6.300000000000000 6.000000000000000
441 6.300000000000000 9.000000000000000
442 6.300000000000000 4.400000000000000
443 6.400000000000000 7.200000000000000
444 6.400000000000000 5.200000000000000
445 6.400000000000000 6.400000000000000
446 6.400000000000000 3.500000000000000
447 6.500000000000000 5.900000000000000
448 6.500000000000000 6.900000000000000
449 6.500000000000000 4.500000000000000
450 6.500000000000000 6.300000000000000
451 6.500000000000000 7.500000000000000
452 6.500000000000000 5.200000000000000
453 6.500000000000000 3.800000000000000
454 6.500000000000000 8.199999999999999
455 6.600000000000000 7.300000000000000
456 6.600000000000000 7.600000000000000
457 6.600000000000000 3.100000000000000
458 6.600000000000000 6.700000000000000
459 6.600000000000000 4.800000000000000
460 6.600000000000000 7.800000000000000
461 6.600000000000000 7.600000000000000
462 6.700000000000000 8.300000000000001
463 6.700000000000000 5.700000000000000
464 6.700000000000000 4.700000000000000
465 6.700000000000000 3.000000000000000
466 6.700000000000000 8.100000000000000
467 6.800000000000000 5.200000000000000
468 6.800000000000000 6.200000000000000
469 6.900000000000000 3.000000000000000
470 6.900000000000000 7.700000000000000
471 6.900000000000000 7.400000000000000
472 6.900000000000000 2.400000000000000
473 6.900000000000000 4.000000000000000
474 7.000000000000000 7.700000000000000
475 7.000000000000000 4.500000000000000
476 7.000000000000000 5.100000000000000
477 7.000000000000000 5.300000000000000
478 7.000000000000000 6.300000000000000
479 7.100000000000000 5.900000000000000
480 7.100000000000000 3.600000000000000
481 7.100000000000000 4.700000000000000
482 7.100000000000000 5.700000000000000
483 7.100000000000000 4.100000000000000
484 7.100000000000000 4.100000000000000
485 7.100000000000000 3.400000000000000
486 7.200000000000000 6.800000000000000
487 7.200000000000000 6.900000000000000
488 7.200000000000000 4.600000000000000
489 7.300000000000000 2.900000000000000
490 7.300000000000000 7.100000000000000
491 7.300000000000000 7.000000000000000
492 7.300000000000000 4.700000000000000
493 7.300000000000000 6.200000000000000
494 7.400000000000000 4.700000000000000
495 7.500000000000000 6.100000000000000
496 7.500000000000000 3.000000000000000
497 7.500000000000000 4.800000000000000
498 7.500000000000000 6.300000000000000
499 7.600000000000000 6.500000000000000
500 7.600000000000000 3.500000000000000
501 7.600000000000000 5.300000000000000
502 7.600000000000000 3.100000000000000
503 7.600000000000000 3.400000000000000
504 7.600000000000000 5.200000000000000
505 7.600000000000000 3.600000000000000
506 7.700000000000000 4.300000000000000
507 7.700000000000000 4.400000000000000
508 7.700000000000000 6.100000000000000
509 7.700000000000000 4.700000000000000
510 7.700000000000000 3.500000000000000
511 7.700000000000000 5.300000000000000
512 7.700000000000000 6.100000000000000
513 7.800000000000000 5.200000000000000
514 7.800000000000000 5.400000000000000
515 7.800000000000000 4.300000000000000
516 7.800000000000000 4.800000000000000
517 7.900000000000000 4.100000000000000
518 7.900000000000000 4.600000000000000
519 7.900000000000000 4.100000000000000
520 8.000000000000000 4.900000000000000
521 8.000000000000000 5.200000000000000
522 8.000000000000000 5.200000000000000
523 8.100000000000000 4.700000000000000
524 8.100000000000000 5.800000000000000
525 8.100000000000000 3.200000000000000
526 8.100000000000000 6.100000000000000
527 8.199999999999999 4.900000000000000
528 8.199999999999999 5.400000000000000
529 8.300000000000001 5.400000000000000
530 8.300000000000001 4.500000000000000
531 8.300000000000001 4.800000000000000
532 8.400000000000000 3.900000000000000
