61
0 1.683000000000000 0.421000000000000
1 9.548999999999999 6.827000000000000
2 7.405866861778693 5.081651553083437
3 8.748535680198131 6.175109022037787
4 8.544109053418081 6.008625806788232
5 6.215870165668394 4.112528894135741
6 6.015596502607535 3.949427815370438
7 6.087350245083023 4.007863421052867
8 8.112112822322812 5.656811942512069
9 8.092298072043880 5.640674987225159
10 3.338416335536111 1.769156247831722
11 4.098000000000000 9.750000000000000
12 8.528000000000000 3.498000000000000
13 6.227120926647720 6.745199992460149
14 6.743787332979439 6.016035574314346
15 5.671913752318655 7.528756483183694
16 6.675449116952768 6.112480388444989
17 6.170553584758235 6.825032728688830
18 0.841000000000000 7.963000000000000
19 9.753000000000000 5.948000000000000
20 7.272056227075558 6.508940496234600
21 8.545471859632077 6.221021678954373
22 6.342373204610253 6.719141493796045
23 4.849567362158054 7.056664358758026
24 9.792000000000000 5.124000000000000
25 9.781617191465797 5.110643633958375
26 9.513005132766814 4.765103121739588
27 5.179000000000000 4.556000000000000
28 8.555000000000000 7.706000000000000
29 7.927487708649629 7.120495344267280
30 5.260006796117144 4.631583947798875
31 6.803592334475221 6.071837041942224
32 7.037921786626901 6.290479747593229
33 5.510059355326508 4.864897206539839
34 8.550519629395723 7.007725944340869
35 8.540978915020936 5.520787941040728
36 8.539977868883799 5.364773046778780
37 9.917999999999999 1.120000000000000
38 9.781041948938958 5.127475578925516
39 2.076000000000000 4.894000000000000
40 1.444230863069433 8.293971308659833
41 9.121000000000000 2.870000000000000
42 5.216265439850132 4.540061508983429
43 5.597949321257197 4.376814673861078
44 8.101231375192203 3.306156748205466
45 0.396000000000000 0.308000000000000
46 5.526000000000000 4.812000000000000
47 5.209353036462678 4.533992607451833
48 5.292557901614160 4.607044208356760
49 2.189363628656550 1.882524324262983
50 0.538000000000000 8.458000000000000
51 4.761225141892185 7.693592031247791
52 4.651651673974495 7.713424938380602
53 7.361461709715434 2.973611640729641
54 7.422721236774020 3.001149341936254
55 4.440238227087558 1.660448067896044
56 8.017339887571364 5.686871194188906
57 4.971207037374787 6.653017006020889
58 9.630000000000001 4.693000000000000
59 4.634000000000000 7.772000000000000
60 1.546000000000000 1.946000000000000
106
0 10
10 6
6 7
7 5
5 2
2 9
9 8
8 4
4 3
3 1
11 15
15 17
17 13
13 16
16 14
14 2
2 12
18 23
23 13
13 22
22 20
20 21
21 3
3 19
12 26
26 25
25 24
27 30
30 33
33 14
14 31
31 32
32 20
20 29
29 28
12 36
36 35
35 4
4 21
21 34
34 28
19 38
38 25
25 37
39 27
18 40
40 11
27 42
42 43
43 5
5 44
44 41
45 49
49 47
47 42
42 48
48 46
50 40
40 52
52 51
51 15
15 29
29 34
34 1
27 47
47 6
6 53
53 37
19 24
18 30
30 48
48 43
43 7
7 54
54 37
0 55
55 53
53 54
54 44
44 12
18 57
57 16
16 31
31 56
56 8
8 35
35 38
38 24
59 51
51 17
17 22
22 32
32 56
56 9
9 36
36 26
26 58
59 52
52 23
23 57
57 33
33 46
60 49
49 10
10 55
55 37
51
0 1.300000000000000 7.900000000000000
1 1.600000000000000 8.199999999999999
2 1.600000000000000 7.800000000000000
3 1.700000000000000 1.100000000000000
4 2.100000000000000 1.400000000000000
5 2.300000000000000 6.600000000000000
6 2.500000000000000 3.000000000000000
7 2.700000000000000 2.700000000000000
8 2.800000000000000 8.300000000000001
9 2.800000000000000 4.500000000000000
10 3.000000000000000 7.200000000000000
11 3.100000000000000 8.600000000000000
12 3.200000000000000 2.100000000000000
13 3.300000000000000 8.000000000000000
14 3.400000000000000 4.000000000000000
15 3.400000000000000 8.500000000000000
16 3.900000000000000 1.700000000000000
17 4.100000000000000 4.500000000000000
18 4.100000000000000 5.500000000000000
19 4.100000000000000 5.600000000000000
20 4.300000000000000 1.900000000000000
21 4.300000000000000 9.199999999999999
22 4.500000000000000 2.100000000000000
23 4.700000000000000 2.500000000000000
24 4.900000000000000 7.100000000000000
25 5.000000000000000 3.300000000000000
26 5.100000000000000 3.500000000000000
27 5.300000000000000 3.600000000000000
28 5.500000000000000 7.500000000000000
29 5.500000000000000 3.700000000000000
30 5.700000000000000 6.600000000000000
31 5.900000000000000 7.000000000000000
32 6.400000000000000 5.600000000000000
33 6.400000000000000 7.200000000000000
34 6.600000000000000 3.200000000000000
35 6.600000000000000 5.400000000000000
36 6.800000000000000 3.900000000000000
37 6.900000000000000 4.700000000000000
38 7.100000000000000 1.600000000000000
39 7.500000000000000 4.100000000000000
40 7.600000000000000 3.700000000000000
41 7.800000000000000 5.200000000000000
42 8.000000000000000 2.900000000000000
43 8.000000000000000 5.700000000000000
44 8.600000000000000 3.100000000000000
45 8.699999999999999 3.100000000000000
46 8.900000000000000 3.200000000000000
47 9.000000000000000 5.100000000000000
48 9.300000000000001 4.000000000000000
49 9.400000000000000 5.200000000000000
50 9.500000000000000 5.600000000000000
