311
0 7.640000000000000 0.100000000000000
1 5.140000000000000 4.450000000000000
2 5.857353139770425 3.201805536799460
3 5.997094349873235 2.958655831220572
4 5.846562564313644 3.220581138094259
5 6.874336859235150 1.432253864930838
6 6.122152853677392 2.741054034601339
7 6.968073993471164 1.269151251360174
8 6.545991491373197 2.003574805010637
9 2.990000000000000 5.510000000000000
10 9.820000000000000 3.290000000000000
11 5.443916314021380 4.712387376701689
12 5.477636715896947 4.701427011816805
13 4.228598859127153 5.107410034075801
14 8.316968436481762 3.778540273940042
15 8.037014619586666 3.869535511642402
16 3.883156578057926 5.219691419723485
17 3.653388928970173 5.294374315913062
18 6.909246667752448 4.236101375928194
19 6.164381089837280 4.478209953230049
20 7.602561103987676 4.010748806610155
21 5.106022905221815 4.822215102548692
22 7.894704975318655 3.915791355020876
23 7.495414664217598 4.045575321440253
24 2.993545698382026 5.508847518241859
25 3.372511842369498 5.385669650064380
26 1.820000000000000 9.930000000000000
27 2.300000000000000 0.570000000000000
28 2.241613651424784 1.708533797216701
29 2.126053033054849 3.961965855430440
30 2.090532739987285 4.654611570247934
31 2.077384158867838 4.911008902077151
32 1.856954351795496 9.209390139987828
33 2.254765316205534 1.452076333992094
34 2.164360902255639 3.214962406015037
35 1.927715758306832 7.829542713016778
36 1.947366294728742 7.446357252789534
37 2.005709548155313 6.308663810971396
38 2.262460421205519 1.302021786492375
39 2.269615024825502 1.162507015902714
40 2.004890693739425 6.324631472081219
41 1.857477096546864 9.199196617336153
42 1.120000000000000 3.740000000000000
43 0.140000000000000 8.010000000000000
44 0.964805266044981 4.416205626518298
45 1.022828425821065 4.163390430351074
46 0.819652928416486 5.048655097613882
47 0.734049382716049 5.421641975308642
48 0.689467943788016 5.615889673495071
49 4.470000000000000 0.820000000000000
50 1.310000000000000 2.080000000000000
51 2.115366512577295 1.758872846250826
52 3.693661299940370 1.129552772808587
53 1.656600371965216 1.941798585861971
54 2.505756749831109 1.603210916206583
55 2.931182566564231 1.433579103205401
56 8.359999999999999 7.230000000000000
57 5.415287976961842 4.687670986321095
58 6.445186052345513 5.576837647677182
59 6.944066255463941 6.007547885152099
60 7.188213552361396 6.218333439616361
61 5.940854434327055 5.141420909139507
62 7.906995085995086 6.838896378592032
63 7.145757200867451 6.181678577146434
64 6.481205043615535 5.607934789208445
65 8.100000000000000 5.280000000000000
66 3.503922156797391 4.265965633448135
67 3.242951103177037 4.208387492678028
68 7.666569268354638 5.184372016227242
69 1.206529509033997 3.759091037809793
70 1.687512331469910 3.865210457086484
71 1.502332061247509 3.824354065088992
72 4.442572628117613 4.473060436576093
73 4.325054931636485 4.447132463426961
74 2.043942312017239 3.943849736462256
75 7.571353322015365 5.163364486519150
76 3.541439355356332 4.274243066941082
77 6.046823592164920 4.827006924345842
78 2.657986391605355 4.079326510468803
79 7.730411179691936 5.198457480906244
80 4.906698112407211 4.575460615058325
81 2.057853349918234 3.946918933936115
82 2.992370143376133 4.153101722177542
83 6.870217586161486 5.008672647949669
84 2.304603183758219 4.001359441688776
85 4.265489308644933 4.433990477838567
86 8.670000000000000 1.930000000000000
87 7.720000000000000 2.680000000000000
88 8.160000000000000 5.940000000000000
89 0.180000000000000 4.250000000000000
90 2.467745810835206 4.734497546404950
91 7.330495808000729 5.764328059589127
92 7.392209646686104 5.777397782318236
93 0.912947153930160 4.405223144128066
94 1.240614650372406 4.474616385855811
95 1.445490005583120 4.518004775618481
96 4.003069969555995 5.059647650194190
97 3.862990813201768 5.029981763698119
98 2.017927886025860 4.639235354308735
99 8.119830876842368 5.931493005246065
100 0.853704580445327 4.392676784580527
101 5.837479455377990 5.448137879647720
102 2.466376220486215 4.734207495316003
103 7.802074433287920 5.864198720834159
104 5.565025048736528 5.390437635634679
105 1.757136299630783 4.584005055936845
106 7.540394054297230 5.808780194456431
107 2.705125985258404 4.784769788857983
108 6.494598718693224 5.587302234911222
109 2.658078837835632 4.774806169917571
110 3.732242031545543 5.002291858811024
111 1.770000000000000 5.050000000000000
112 2.701906867845993 4.628616024973986
113 7.631219893533856 2.399709265532517
114 5.158195344089821 3.517946453107212
115 5.007755679140353 3.585971345084362
116 2.006562814198261 4.943032466623395
117 6.094232279304631 3.094694969357906
118 6.727130101071509 2.808515084732882
119 2.466069590147911 4.735255489672249
120 7.438521273430527 2.486842554622718
121 4.348281857769375 3.884168203443413
122 7.328126314592690 2.536760275140697
123 6.517801578354002 2.903167981961669
124 2.795348853475713 4.586363996689243
125 2.610215867218836 4.670076303518440
126 5.100587786906072 3.543995087659863
127 1.570000000000000 9.390000000000001
128 7.426093199977649 5.704158797563838
129 4.831929989522607 7.336932273056981
130 5.115415466908006 7.158505732160505
131 5.670004549797534 6.809445834660358
132 1.846717018429467 9.215833545827703
133 7.792729916959409 5.473396637258320
134 5.300226479205810 7.042185171587155
135 7.762083180439083 5.492685777702201
136 6.360311929551546 6.374964467005077
137 5.722820584840493 6.776203276616474
138 1.663129919306834 9.331383772074872
139 2.610000000000000 4.700000000000000
140 6.730000000000000 1.500000000000000
141 6.586835355285961 1.611195840554594
142 6.551595038127701 1.638566960677514
143 5.588578931239631 2.386540635930384
144 4.083079558155401 3.555860537355029
145 5.474046753733968 2.475497667002744
146 5.710899470899471 2.291534391534392
147 2.816668478347747 4.539480793516313
148 2.620252245242032 4.692037091074150
149 8.580000000000000 3.210000000000000
150 6.970000000000000 6.690000000000000
151 8.125908003921102 4.191515618853765
152 7.635030515646242 5.252542736367130
153 7.717130717772554 5.075083914379820
154 8.063451661438808 4.326514421237855
155 7.251318983234181 6.081931638723635
156 8.690000000000000 6.730000000000000
157 8.770000000000000 9.390000000000001
158 8.763957419240850 9.189084189758239
159 8.762010256665587 9.124341034130797
160 8.705555087866989 7.247206671577397
161 2.910000000000000 0.010000000000000
162 0.570000000000000 5.160000000000000
163 1.573943949690909 2.950465238928128
164 0.803859910581222 4.645308316455857
165 2.301171159705638 1.349943815177763
166 2.368016763838140 1.202826353091272
167 9.699999999999999 9.630000000000001
168 4.520000000000000 7.190000000000000
169 5.150336040082931 7.486915045907790
170 4.733292282677426 7.290469723886664
171 3.840000000000000 0.930000000000000
172 0.760000000000000 5.130000000000000
173 1.475266675402962 4.154636351723234
174 2.066202618883529 3.348814610613370
175 2.946338280181033 2.148629617934954
176 3.346050235017626 1.603567861339600
177 3.560000000000000 6.320000000000000
178 5.238634208094905 7.224931470487645
179 5.749965122443474 7.500583803792818
180 5.014270547493799 7.103979725114735
181 1.760000000000000 0.680000000000000
182 1.120000000000000 8.490000000000000
183 1.373474962063733 5.396813353566009
184 1.376862894037220 5.355469996202050
185 1.738300233209452 0.944804966615907
186 1.141934884469496 8.222325862958183
187 1.196858130515868 7.552090626048551
188 9.020000000000000 7.430000000000000
189 7.300000000000000 1.200000000000000
190 7.632473246750803 2.404249027475292
191 8.367476687286491 5.066499861508628
192 7.929964684101622 3.481790687182040
193 7.909504570862333 3.407682253762985
194 1.800000000000000 8.000000000000000
195 6.820000000000000 1.300000000000000
196 1.897046972576704 7.870475156122726
197 5.792221317105668 2.671736489121918
198 5.138499509300810 3.544233722646330
199 4.626107724098684 4.228103236760720
200 5.829981676352023 2.621339196900686
201 5.846440195509279 2.599372647427854
202 3.248507155174345 6.066733478153764
203 5.289629629629632 3.342526191530173
204 1.911206922131321 7.491968812258913
205 5.763935697686041 2.632123216427608
206 4.985345326537665 3.614239842490210
207 1.512242772685360 7.995223590244256
208 1.641806866952790 7.831790987124464
209 4.561803212834423 4.148497350828158
210 5.786582340926661 2.603556661181984
211 5.826250789134773 2.553518741424734
212 3.172659009310687 5.900768723343186
213 1.362486144320208 8.184127126725913
214 4.716656426377083 3.953164963920837
215 3.250000000000000 6.070000000000000
216 8.289999999999999 7.610000000000000
217 5.405869788266020 6.728737990859062
218 7.979797015727921 7.515215754805754
219 7.052516152189519 7.231879935391243
220 6.283128765060241 6.996789344879518
221 5.696070797155542 6.817410521353082
222 5.524856708090286 6.765095105249809
223 2.080000000000000 2.980000000000000
224 1.948109780687926 6.505527016226599
225 2.042620183013275 3.979191261760535
226 1.950393793303494 6.444473602079670
227 1.847081282235425 9.206096494091533
228 4.000000000000000 8.900000000000000
229 8.291921627731730 9.340889223813113
230 6.101057005725834 3.104252820815090
231 6.458661884916021 3.605069132666750
232 7.754198012388834 5.419433709293367
233 8.207958395153314 6.054913297477747
234 5.725735815177537 2.578625276705983
235 7.834065296127270 5.531285758320419
236 4.493253054585540 0.852565296824773
237 7.151498191793964 4.575368320735149
238 5.847025678914044 2.748488569284834
239 0.648959625363878 5.430401215036071
240 0.645480628626841 5.448034078840027
241 6.723320280609480 2.819818947642201
242 7.439143117928937 2.492619399890569
243 4.360830542767498 3.899702870715187
244 7.330410747940338 2.542320499703838
245 6.530021491182615 2.908174994954481
246 2.778750474204391 4.622864882253109
247 2.621490954460387 4.694747534017282
248 5.071723627643715 3.574756691654605
249 4.910000000000000 8.199999999999999
250 5.770990467644304 5.645412898198218
251 7.048285154900380 1.855637452493377
252 6.673699355668901 2.967045867795566
253 7.266937759336099 1.206887966804978
254 5.355798184504961 6.877302089930335
255 7.252028092798342 1.251125438949975
256 3.360000000000000 1.680000000000000
257 1.110000000000000 9.369999999999999
258 1.657088853774158 7.500171873100764
259 3.149351405905406 2.399950083816632
260 1.994085047144027 6.348393772205524
261 2.533960312102611 4.503220088858188
262 1.407128287048415 8.354481543376750
263 1.678149491407366 7.043156036460148
264 1.586225113654178 9.037915033704342
265 7.990000000000000 7.610000000000000
266 7.484994416081685 2.918571314613911
267 7.527887599255525 3.317042769895531
268 7.772500315006930 5.589459448107859
269 7.590536593376262 3.899042845712809
270 8.400000000000000 8.900000000000000
271 2.090467367631276 1.089102674989321
272 6.611767154684504 6.686253917395575
273 3.558991718745189 2.907065049410460
274 6.151273305726409 6.116184724860102
275 4.548650577430966 4.132215022060623
276 8.740000000000000 9.080000000000000
277 9.060000000000000 9.600000000000000
278 2.080000000000000 3.900000000000000
279 1.393813463708161 5.353725084618278
280 0.896733860040441 6.406816409914323
281 8.410000000000000 5.170000000000000
282 7.673163826718659 3.376568559371829
283 7.772596774793312 3.618584602798815
284 6.937596898392275 1.586226413067991
285 1.430000000000000 5.350000000000000
286 0.070000000000000 5.490000000000000
287 0.641072618654499 5.431213112785566
288 0.970000000000000 0.630000000000000
289 7.950000000000000 3.490000000000000
290 5.861863862871455 2.634402671606356
291 4.025199782906176 1.881844037122015
292 7.875803075813549 3.459598394960852
293 5.928467510763982 2.661692991516474
294 4.790000000000000 0.200000000000000
295 5.970000000000000 2.880000000000000
296 5.891313832424393 2.701289043133366
297 5.740000000000000 7.510000000000000
298 9.779999999999999 0.930000000000000
299 9.148700257447590 1.498738506803972
300 0.520000000000000 9.590000000000000
301 2.683932169170111 4.831376330560342
302 1.288204725684776 7.900669233213106
303 9.440000000000000 1.050000000000000
304 5.610000000000000 6.950000000000000
305 5.885352220318884 6.525828172354723
306 2.240000000000000 3.860000000000000
307 3.079812701164405 5.697609969874589
308 1.662416556040205 9.328661577849422
309 6.090000000000000 6.390000000000000
310 2.280000000000000 6.550000000000000
544
1 4
4 2
2 3
3 6
6 8
8 5
5 7
7 0
9 24
24 25
25 17
17 16
16 13
13 21
21 11
11 12
12 19
19 18
18 23
23 20
20 22
22 15
15 14
14 10
26 32
32 41
41 35
35 36
36 40
40 37
37 31
31 30
30 29
29 34
34 28
28 33
33 38
38 39
39 27
43 48
48 47
47 46
46 44
44 45
45 42
50 53
53 51
51 28
28 54
54 55
55 52
52 49
1 57
57 11
11 61
61 58
58 64
64 59
59 63
63 60
60 62
62 56
42 69
69 71
71 70
70 74
74 81
81 29
29 84
84 78
78 82
82 67
67 66
66 76
76 85
85 73
73 72
72 80
80 57
57 12
12 77
77 83
83 75
75 68
68 79
79 65
87 86
89 100
100 93
93 44
44 94
94 95
95 105
105 98
98 30
30 102
102 90
90 109
109 107
107 110
110 97
97 96
96 13
13 104
104 101
101 58
58 108
108 91
91 92
92 106
106 103
103 99
99 88
111 116
116 31
31 119
119 90
90 125
125 112
112 124
124 66
66 121
121 115
115 126
126 114
114 2
2 117
117 123
123 118
118 122
122 120
120 113
113 86
127 138
138 132
132 32
32 129
129 130
130 134
134 131
131 137
137 136
136 59
59 91
91 128
128 135
135 133
133 65
139 148
148 112
112 147
147 67
67 144
144 145
145 143
143 146
146 142
142 141
141 140
150 60
60 155
155 92
92 128
128 152
152 68
68 153
153 154
154 151
151 14
14 149
156 160
160 159
159 158
158 157
162 164
164 93
93 45
45 69
69 163
163 51
51 33
33 165
165 166
166 161
168 170
170 129
129 169
169 158
158 167
172 46
46 94
94 173
173 70
70 174
174 34
34 175
175 176
176 52
52 171
177 180
180 130
130 178
178 179
179 159
159 167
182 186
186 187
187 183
183 184
184 95
95 173
173 71
71 163
163 53
53 185
185 181
189 113
113 190
190 193
193 192
192 15
15 151
151 191
191 188
194 196
196 35
35 202
202 16
16 96
96 72
72 199
199 198
198 114
114 203
203 197
197 200
200 201
201 141
141 195
182 213
213 207
207 208
208 204
204 36
36 212
212 17
17 97
97 73
73 209
209 214
214 206
206 115
115 205
205 210
210 211
211 142
142 195
215 217
217 222
222 131
131 221
221 220
220 219
219 218
218 216
26 132
132 227
227 196
196 204
204 224
224 226
226 116
116 98
98 225
225 74
74 174
174 223
228 229
229 157
49 236
236 143
143 234
234 205
205 197
197 238
238 3
3 117
117 230
230 231
231 18
18 237
237 75
75 152
152 232
232 133
133 235
235 99
99 233
233 156
43 240
240 239
239 164
164 100
100 50
139 247
247 246
246 76
76 243
243 206
206 248
248 198
198 4
4 230
230 245
245 241
241 244
244 242
242 190
190 86
249 169
169 178
178 134
134 254
254 217
217 250
250 101
101 61
61 77
77 19
19 231
231 252
252 241
241 118
118 251
251 255
255 253
253 0
257 262
262 207
207 258
258 224
224 260
260 37
37 119
119 102
102 261
261 78
78 259
259 256
127 264
264 208
208 258
258 263
263 111
189 120
120 242
242 266
266 267
267 269
269 20
20 153
153 79
79 232
232 135
135 268
268 103
103 62
62 218
218 265
181 271
271 38
38 165
165 54
54 175
175 259
259 273
273 144
144 121
121 243
243 275
275 209
209 199
199 80
80 21
21 104
104 250
250 274
274 136
136 272
272 219
219 270
270 276
88 233
233 160
160 167
249 229
229 277
43 280
280 183
183 279
279 105
105 225
225 81
81 278
195 5
5 284
284 251
251 122
122 244
244 266
266 282
282 283
283 22
22 154
154 191
191 281
286 287
287 239
239 47
47 184
184 279
279 285
288 185
185 271
271 39
39 166
166 55
55 176
176 291
291 145
145 234
234 210
210 200
200 290
290 293
293 6
6 123
123 245
245 252
252 267
267 282
282 292
292 192
192 289
294 146
146 211
211 201
201 290
290 296
296 295
297 179
179 220
220 272
272 63
63 155
155 106
106 268
268 235
235 65
86 299
299 298
300 186
186 302
302 263
263 226
226 260
260 40
40 301
301 107
107 246
246 124
124 147
147 82
82 273
273 291
291 236
236 294
195 7
7 253
253 189
304 221
221 137
137 305
305 274
274 64
64 108
108 83
83 237
237 23
23 269
269 283
283 292
292 193
193 299
299 303
306 84
84 261
261 125
125 148
148 247
247 109
109 301
301 24
24 307
307 212
212 202
202 215
162 287
287 240
240 48
48 280
280 187
187 302
302 213
213 262
262 264
264 308
308 138
138 26
127 308
308 227
227 41
41 170
170 180
180 254
254 222
222 305
305 309
310 307
307 25
25 110
110 85
85 275
275 214
214 248
248 126
126 203
203 238
238 296
296 293
293 8
8 284
284 255
255 189
609
0 0.400000000000000 7.000000000000000
1 0.400000000000000 6.700000000000000
2 0.500000000000000 6.300000000000000
3 0.600000000000000 6.200000000000000
4 0.600000000000000 5.400000000000000
5 0.600000000000000 6.700000000000000
6 0.600000000000000 6.600000000000000
7 0.700000000000000 5.100000000000000
8 0.700000000000000 6.700000000000000
9 0.800000000000000 6.400000000000000
10 0.800000000000000 6.600000000000000
11 0.900000000000000 5.000000000000000
12 1.100000000000000 6.300000000000000
13 1.100000000000000 4.000000000000000
14 1.100000000000000 4.800000000000000
15 1.100000000000000 6.500000000000000
16 1.200000000000000 6.600000000000000
17 1.200000000000000 3.000000000000000
18 1.200000000000000 3.500000000000000
19 1.200000000000000 8.300000000000001
20 1.200000000000000 3.300000000000000
21 1.200000000000000 6.700000000000000
22 1.200000000000000 6.300000000000000
23 1.200000000000000 5.300000000000000
24 1.200000000000000 4.400000000000000
25 1.200000000000000 8.199999999999999
26 1.200000000000000 3.100000000000000
27 1.300000000000000 7.500000000000000
28 1.400000000000000 7.400000000000000
29 1.400000000000000 5.800000000000000
30 1.400000000000000 4.000000000000000
31 1.400000000000000 7.000000000000000
32 1.400000000000000 7.300000000000000
33 1.400000000000000 2.900000000000000
34 1.400000000000000 3.500000000000000
35 1.400000000000000 7.100000000000000
36 1.400000000000000 5.000000000000000
37 1.400000000000000 2.800000000000000
38 1.500000000000000 2.700000000000000
39 1.500000000000000 7.100000000000000
40 1.500000000000000 7.800000000000000
41 1.600000000000000 6.500000000000000
42 1.600000000000000 2.600000000000000
43 1.600000000000000 6.300000000000000
44 1.600000000000000 2.700000000000000
45 1.600000000000000 7.000000000000000
46 1.600000000000000 5.800000000000000
47 1.600000000000000 9.100000000000000
48 1.600000000000000 7.300000000000000
49 1.600000000000000 3.500000000000000
50 1.700000000000000 2.000000000000000
51 1.700000000000000 1.700000000000000
52 1.700000000000000 2.900000000000000
53 1.700000000000000 2.500000000000000
54 1.700000000000000 3.900000000000000
55 1.700000000000000 9.400000000000000
56 1.700000000000000 8.400000000000000
57 1.700000000000000 4.800000000000000
58 1.700000000000000 1.500000000000000
59 1.800000000000000 1.400000000000000
60 1.800000000000000 2.500000000000000
61 1.800000000000000 3.100000000000000
62 1.800000000000000 9.000000000000000
63 1.800000000000000 6.400000000000000
64 1.800000000000000 3.600000000000000
65 1.800000000000000 4.700000000000000
66 1.900000000000000 7.900000000000000
67 1.900000000000000 2.400000000000000
68 1.900000000000000 3.600000000000000
69 1.900000000000000 3.300000000000000
70 1.900000000000000 8.600000000000000
71 1.900000000000000 2.000000000000000
72 1.900000000000000 2.500000000000000
73 1.900000000000000 1.300000000000000
74 1.900000000000000 8.000000000000000
75 1.900000000000000 3.000000000000000
76 2.000000000000000 3.800000000000000
77 2.000000000000000 7.200000000000000
78 2.000000000000000 2.000000000000000
79 2.000000000000000 5.000000000000000
80 2.100000000000000 8.000000000000000
81 2.100000000000000 6.400000000000000
82 2.100000000000000 7.900000000000000
83 2.100000000000000 8.500000000000000
84 2.100000000000000 3.400000000000000
85 2.100000000000000 2.000000000000000
86 2.100000000000000 5.800000000000000
87 2.100000000000000 7.200000000000000
88 2.100000000000000 3.400000000000000
89 2.100000000000000 2.300000000000000
90 2.100000000000000 8.800000000000001
91 2.100000000000000 6.900000000000000
92 2.200000000000000 5.500000000000000
93 2.200000000000000 5.300000000000000
94 2.200000000000000 4.200000000000000
95 2.200000000000000 3.600000000000000
96 2.200000000000000 3.200000000000000
97 2.200000000000000 5.900000000000000
98 2.200000000000000 6.100000000000000
99 2.200000000000000 3.700000000000000
100 2.300000000000000 8.900000000000000
101 2.300000000000000 8.600000000000000
102 2.300000000000000 8.100000000000000
103 2.300000000000000 8.199999999999999
104 2.300000000000000 2.000000000000000
105 2.300000000000000 3.800000000000000
106 2.300000000000000 7.800000000000000
107 2.400000000000000 2.900000000000000
108 2.400000000000000 6.000000000000000
109 2.400000000000000 4.100000000000000
110 2.400000000000000 3.600000000000000
111 2.400000000000000 3.500000000000000
112 2.400000000000000 7.700000000000000
113 2.400000000000000 2.200000000000000
114 2.400000000000000 3.800000000000000
115 2.400000000000000 3.200000000000000
116 2.500000000000000 6.100000000000000
117 2.600000000000000 5.600000000000000
118 2.600000000000000 1.400000000000000
119 2.600000000000000 2.300000000000000
120 2.600000000000000 5.200000000000000
121 2.600000000000000 3.500000000000000
122 2.600000000000000 5.500000000000000
123 2.600000000000000 1.500000000000000
124 2.700000000000000 8.400000000000000
125 2.700000000000000 3.600000000000000
126 2.700000000000000 8.500000000000000
127 2.700000000000000 4.100000000000000
128 2.700000000000000 7.900000000000000
129 2.700000000000000 8.000000000000000
130 2.700000000000000 5.000000000000000
131 2.700000000000000 2.500000000000000
132 2.700000000000000 2.100000000000000
133 2.800000000000000 5.100000000000000
134 2.800000000000000 2.200000000000000
135 2.800000000000000 8.300000000000001
136 2.800000000000000 6.000000000000000
137 2.800000000000000 5.200000000000000
138 2.900000000000000 6.400000000000000
139 2.900000000000000 8.100000000000000
140 2.900000000000000 6.800000000000000
141 2.900000000000000 5.100000000000000
142 2.900000000000000 5.000000000000000
143 2.900000000000000 1.700000000000000
144 2.900000000000000 6.000000000000000
145 2.900000000000000 5.500000000000000
146 2.900000000000000 6.700000000000000
147 3.000000000000000 6.900000000000000
148 3.000000000000000 2.900000000000000
149 3.000000000000000 5.600000000000000
150 3.000000000000000 4.700000000000000
151 3.100000000000000 7.400000000000000
152 3.100000000000000 7.000000000000000
153 3.100000000000000 7.900000000000000
154 3.100000000000000 8.100000000000000
155 3.100000000000000 3.500000000000000
156 3.100000000000000 7.600000000000000
157 3.100000000000000 3.300000000000000
158 3.200000000000000 7.000000000000000
159 3.200000000000000 2.900000000000000
160 3.200000000000000 2.300000000000000
161 3.200000000000000 8.300000000000001
162 3.200000000000000 5.700000000000000
163 3.200000000000000 4.400000000000000
164 3.200000000000000 3.000000000000000
165 3.200000000000000 7.900000000000000
166 3.300000000000000 1.600000000000000
167 3.300000000000000 8.000000000000000
168 3.300000000000000 2.600000000000000
169 3.300000000000000 4.900000000000000
170 3.300000000000000 7.400000000000000
171 3.300000000000000 6.600000000000000
172 3.300000000000000 3.200000000000000
173 3.300000000000000 6.700000000000000
174 3.300000000000000 5.700000000000000
175 3.300000000000000 7.000000000000000
176 3.300000000000000 4.100000000000000
177 3.300000000000000 6.400000000000000
178 3.300000000000000 2.000000000000000
179 3.400000000000000 1.300000000000000
180 3.400000000000000 7.400000000000000
181 3.400000000000000 3.000000000000000
182 3.400000000000000 5.400000000000000
183 3.400000000000000 2.400000000000000
184 3.400000000000000 5.500000000000000
185 3.400000000000000 2.800000000000000
186 3.500000000000000 3.600000000000000
187 3.500000000000000 6.500000000000000
188 3.500000000000000 7.800000000000000
189 3.500000000000000 7.600000000000000
190 3.500000000000000 6.000000000000000
191 3.500000000000000 4.800000000000000
192 3.500000000000000 3.200000000000000
193 3.500000000000000 4.100000000000000
194 3.600000000000000 2.400000000000000
195 3.600000000000000 7.800000000000000
196 3.600000000000000 5.000000000000000
197 3.600000000000000 6.500000000000000
198 3.700000000000000 3.700000000000000
199 3.700000000000000 5.900000000000000
200 3.700000000000000 7.100000000000000
201 3.700000000000000 1.600000000000000
202 3.700000000000000 5.900000000000000
203 3.700000000000000 6.900000000000000
204 3.700000000000000 4.200000000000000
205 3.700000000000000 1.200000000000000
206 3.700000000000000 3.300000000000000
207 3.700000000000000 7.800000000000000
208 3.700000000000000 3.000000000000000
209 3.700000000000000 3.000000000000000
210 3.800000000000000 3.000000000000000
211 3.800000000000000 2.700000000000000
212 3.800000000000000 3.500000000000000
213 3.800000000000000 3.700000000000000
214 3.800000000000000 3.400000000000000
215 3.800000000000000 1.200000000000000
216 3.800000000000000 6.700000000000000
217 3.900000000000000 3.300000000000000
218 3.900000000000000 5.100000000000000
219 3.900000000000000 7.100000000000000
220 3.900000000000000 4.200000000000000
221 3.900000000000000 2.000000000000000
222 4.000000000000000 4.500000000000000
223 4.000000000000000 3.700000000000000
224 4.000000000000000 3.700000000000000
225 4.000000000000000 3.600000000000000
226 4.000000000000000 1.400000000000000
227 4.000000000000000 7.600000000000000
228 4.000000000000000 4.700000000000000
229 4.000000000000000 3.100000000000000
230 4.100000000000000 3.700000000000000
231 4.100000000000000 5.400000000000000
232 4.100000000000000 2.000000000000000
233 4.100000000000000 6.100000000000000
234 4.100000000000000 7.600000000000000
235 4.100000000000000 1.300000000000000
236 4.100000000000000 6.000000000000000
237 4.200000000000000 5.100000000000000
238 4.200000000000000 1.900000000000000
239 4.200000000000000 4.600000000000000
240 4.200000000000000 5.700000000000000
241 4.200000000000000 6.400000000000000
242 4.200000000000000 4.700000000000000
243 4.200000000000000 3.800000000000000
244 4.200000000000000 5.100000000000000
245 4.300000000000000 0.900000000000000
246 4.300000000000000 6.300000000000000
247 4.300000000000000 6.800000000000000
248 4.300000000000000 6.600000000000000
249 4.300000000000000 4.400000000000000
250 4.400000000000000 1.000000000000000
251 4.400000000000000 2.700000000000000
252 4.400000000000000 6.400000000000000
253 4.400000000000000 1.400000000000000
254 4.400000000000000 4.600000000000000
255 4.400000000000000 5.100000000000000
256 4.400000000000000 7.000000000000000
257 4.500000000000000 1.800000000000000
258 4.500000000000000 5.800000000000000
259 4.500000000000000 2.400000000000000
260 4.500000000000000 3.600000000000000
261 4.500000000000000 2.600000000000000
262 4.500000000000000 4.500000000000000
263 4.500000000000000 1.300000000000000
264 4.500000000000000 2.000000000000000
265 4.500000000000000 6.900000000000000
266 4.600000000000000 6.000000000000000
267 4.600000000000000 5.400000000000000
268 4.600000000000000 6.100000000000000
269 4.600000000000000 2.300000000000000
270 4.700000000000000 1.900000000000000
271 4.700000000000000 1.000000000000000
272 4.700000000000000 7.000000000000000
273 4.700000000000000 1.900000000000000
274 4.700000000000000 0.400000000000000
275 4.800000000000000 4.000000000000000
276 4.800000000000000 2.200000000000000
277 4.800000000000000 3.500000000000000
278 4.800000000000000 1.300000000000000
279 4.800000000000000 0.400000000000000
280 4.800000000000000 4.700000000000000
281 4.800000000000000 2.400000000000000
282 4.800000000000000 0.900000000000000
283 4.900000000000000 5.600000000000000
284 4.900000000000000 4.100000000000000
285 4.900000000000000 5.400000000000000
286 4.900000000000000 3.600000000000000
287 4.900000000000000 3.700000000000000
288 4.900000000000000 3.600000000000000
289 4.900000000000000 3.900000000000000
290 4.900000000000000 6.000000000000000
291 4.900000000000000 6.200000000000000
292 4.900000000000000 6.700000000000000
293 4.900000000000000 2.600000000000000
294 5.000000000000000 8.199999999999999
295 5.000000000000000 3.200000000000000
296 5.000000000000000 4.600000000000000
297 5.000000000000000 4.900000000000000
298 5.000000000000000 1.200000000000000
299 5.000000000000000 3.500000000000000
300 5.000000000000000 6.800000000000000
301 5.000000000000000 3.400000000000000
302 5.000000000000000 8.199999999999999
303 5.100000000000000 6.600000000000000
304 5.100000000000000 6.800000000000000
305 5.100000000000000 7.500000000000000
306 5.100000000000000 7.100000000000000
307 5.100000000000000 8.199999999999999
308 5.200000000000000 4.600000000000000
309 5.200000000000000 7.400000000000000
310 5.200000000000000 6.900000000000000
311 5.200000000000000 7.900000000000000
312 5.200000000000000 1.600000000000000
313 5.200000000000000 5.000000000000000
314 5.200000000000000 3.100000000000000
315 5.300000000000000 2.000000000000000
316 5.300000000000000 5.100000000000000
317 5.300000000000000 5.500000000000000
318 5.300000000000000 6.000000000000000
319 5.300000000000000 7.700000000000000
320 5.300000000000000 7.300000000000000
321 5.300000000000000 3.300000000000000
322 5.300000000000000 7.400000000000000
323 5.400000000000000 2.400000000000000
324 5.400000000000000 8.100000000000000
325 5.400000000000000 8.100000000000000
326 5.400000000000000 7.000000000000000
327 5.400000000000000 3.800000000000000
328 5.500000000000000 7.500000000000000
329 5.500000000000000 5.100000000000000
330 5.500000000000000 7.800000000000000
331 5.500000000000000 3.200000000000000
332 5.500000000000000 2.000000000000000
333 5.500000000000000 3.900000000000000
334 5.500000000000000 2.600000000000000
335 5.500000000000000 5.700000000000000
336 5.500000000000000 5.100000000000000
337 5.500000000000000 7.600000000000000
338 5.500000000000000 4.300000000000000
339 5.500000000000000 5.000000000000000
340 5.600000000000000 4.200000000000000
341 5.600000000000000 5.000000000000000
342 5.600000000000000 7.900000000000000
343 5.600000000000000 3.100000000000000
344 5.600000000000000 4.100000000000000
345 5.600000000000000 2.100000000000000
346 5.600000000000000 3.100000000000000
347 5.600000000000000 4.400000000000000
348 5.700000000000000 5.800000000000000
349 5.700000000000000 3.600000000000000
350 5.700000000000000 5.200000000000000
351 5.700000000000000 5.600000000000000
352 5.700000000000000 6.700000000000000
353 5.700000000000000 6.000000000000000
354 5.700000000000000 4.600000000000000
355 5.700000000000000 6.900000000000000
356 5.700000000000000 7.400000000000000
357 5.700000000000000 6.000000000000000
358 5.800000000000000 2.800000000000000
359 5.800000000000000 2.600000000000000
360 5.800000000000000 7.300000000000000
361 5.800000000000000 5.400000000000000
362 5.800000000000000 5.100000000000000
363 5.800000000000000 8.500000000000000
364 5.900000000000000 6.800000000000000
365 5.900000000000000 7.800000000000000
366 5.900000000000000 7.700000000000000
367 5.900000000000000 2.600000000000000
368 5.900000000000000 6.100000000000000
369 5.900000000000000 7.900000000000000
370 5.900000000000000 7.700000000000000
371 6.000000000000000 8.000000000000000
372 6.000000000000000 7.300000000000000
373 6.000000000000000 7.700000000000000
374 6.000000000000000 6.100000000000000
375 6.000000000000000 8.300000000000001
376 6.100000000000000 5.300000000000000
377 6.100000000000000 3.900000000000000
378 6.100000000000000 4.000000000000000
379 6.100000000000000 8.600000000000000
380 6.200000000000000 8.600000000000000
381 6.200000000000000 2.400000000000000
382 6.200000000000000 7.000000000000000
383 6.200000000000000 8.000000000000000
384 6.200000000000000 3.500000000000000
385 6.200000000000000 2.100000000000000
386 6.200000000000000 7.000000000000000
387 6.200000000000000 3.300000000000000
388 6.200000000000000 5.000000000000000
389 6.300000000000000 4.600000000000000
390 6.300000000000000 3.700000000000000
391 6.300000000000000 3.200000000000000
392 6.300000000000000 2.500000000000000
393 6.300000000000000 2.100000000000000
394 6.300000000000000 5.800000000000000
395 6.300000000000000 5.800000000000000
396 6.300000000000000 8.100000000000000
397 6.400000000000000 7.700000000000000
398 6.400000000000000 7.500000000000000
399 6.400000000000000 7.800000000000000
400 6.400000000000000 6.300000000000000
401 6.400000000000000 7.600000000000000
402 6.400000000000000 6.100000000000000
403 6.500000000000000 6.800000000000000
404 6.500000000000000 6.700000000000000
405 6.500000000000000 1.800000000000000
406 6.500000000000000 2.000000000000000
407 6.500000000000000 6.200000000000000
408 6.500000000000000 3.200000000000000
409 6.600000000000000 3.200000000000000
410 6.600000000000000 3.100000000000000
411 6.600000000000000 3.900000000000000
412 6.600000000000000 5.700000000000000
413 6.700000000000000 1.500000000000000
414 6.700000000000000 3.500000000000000
415 6.700000000000000 2.500000000000000
416 6.700000000000000 4.600000000000000
417 6.700000000000000 5.800000000000000
418 6.700000000000000 1.600000000000000
419 6.700000000000000 8.199999999999999
420 6.700000000000000 8.100000000000000
421 6.800000000000000 8.300000000000001
422 6.800000000000000 7.000000000000000
423 6.800000000000000 4.000000000000000
424 6.800000000000000 7.000000000000000
425 6.800000000000000 4.000000000000000
426 6.800000000000000 2.300000000000000
427 6.800000000000000 5.000000000000000
428 6.900000000000000 5.700000000000000
429 6.900000000000000 3.600000000000000
430 6.900000000000000 3.300000000000000
431 6.900000000000000 4.300000000000000
432 6.900000000000000 4.500000000000000
433 6.900000000000000 6.100000000000000
434 6.900000000000000 8.100000000000000
435 6.900000000000000 5.700000000000000
436 6.900000000000000 4.100000000000000
437 7.000000000000000 8.100000000000000
438 7.000000000000000 6.200000000000000
439 7.000000000000000 7.200000000000000
440 7.000000000000000 5.300000000000000
441 7.000000000000000 4.300000000000000
442 7.000000000000000 5.900000000000000
443 7.000000000000000 7.200000000000000
444 7.000000000000000 5.800000000000000
445 7.000000000000000 3.000000000000000
446 7.000000000000000 7.700000000000000
447 7.000000000000000 1.500000000000000
448 7.000000000000000 3.400000000000000
449 7.100000000000000 6.700000000000000
450 7.100000000000000 4.500000000000000
451 7.100000000000000 3.800000000000000
452 7.100000000000000 6.400000000000000
453 7.100000000000000 7.100000000000000
454 7.100000000000000 8.900000000000000
455 7.100000000000000 8.600000000000000
456 7.200000000000000 1.800000000000000
457 7.200000000000000 6.500000000000000
458 7.200000000000000 5.200000000000000
459 7.200000000000000 6.500000000000000
460 7.200000000000000 2.900000000000000
461 7.200000000000000 1.700000000000000
462 7.200000000000000 3.300000000000000
463 7.200000000000000 8.600000000000000
464 7.300000000000000 0.700000000000000
465 7.300000000000000 7.200000000000000
466 7.300000000000000 3.400000000000000
467 7.300000000000000 1.900000000000000
468 7.300000000000000 4.900000000000000
469 7.300000000000000 3.300000000000000
470 7.300000000000000 6.000000000000000
471 7.300000000000000 3.700000000000000
472 7.400000000000000 1.200000000000000
473 7.400000000000000 6.800000000000000
474 7.400000000000000 3.300000000000000
475 7.400000000000000 2.800000000000000
476 7.400000000000000 4.900000000000000
477 7.400000000000000 4.400000000000000
478 7.400000000000000 1.000000000000000
479 7.400000000000000 2.900000000000000
480 7.400000000000000 5.800000000000000
481 7.400000000000000 3.400000000000000
482 7.400000000000000 6.500000000000000
483 7.500000000000000 0.900000000000000
484 7.500000000000000 4.700000000000000
485 7.500000000000000 8.300000000000001
486 7.500000000000000 4.000000000000000
487 7.500000000000000 6.400000000000000
488 7.500000000000000 2.100000000000000
489 7.500000000000000 4.400000000000000
490 7.500000000000000 3.700000000000000
491 7.500000000000000 3.700000000000000
492 7.500000000000000 8.400000000000000
493 7.500000000000000 2.300000000000000
494 7.600000000000000 3.400000000000000
495 7.600000000000000 0.800000000000000
496 7.600000000000000 6.200000000000000
497 7.600000000000000 8.100000000000000
498 7.600000000000000 8.400000000000000
499 7.600000000000000 2.400000000000000
500 7.600000000000000 8.000000000000000
501 7.700000000000000 3.700000000000000
502 7.700000000000000 8.199999999999999
503 7.700000000000000 6.200000000000000
504 7.700000000000000 4.500000000000000
505 7.700000000000000 3.200000000000000
506 7.800000000000000 6.700000000000000
507 7.800000000000000 2.900000000000000
508 7.800000000000000 3.500000000000000
509 7.800000000000000 4.600000000000000
510 7.800000000000000 6.400000000000000
511 7.800000000000000 3.000000000000000
512 7.800000000000000 6.600000000000000
513 7.800000000000000 7.700000000000000
514 7.800000000000000 8.900000000000000
515 7.800000000000000 4.700000000000000
516 7.900000000000000 6.600000000000000
517 7.900000000000000 3.800000000000000
518 7.900000000000000 4.400000000000000
519 7.900000000000000 8.400000000000000
520 8.000000000000000 6.500000000000000
521 8.000000000000000 4.500000000000000
522 8.000000000000000 3.400000000000000
523 8.000000000000000 5.700000000000000
524 8.100000000000000 4.100000000000000
525 8.100000000000000 4.100000000000000
526 8.100000000000000 2.400000000000000
527 8.100000000000000 8.000000000000000
528 8.100000000000000 3.400000000000000
529 8.199999999999999 6.500000000000000
530 8.199999999999999 4.000000000000000
531 8.199999999999999 4.800000000000000
532 8.199999999999999 4.000000000000000
533 8.199999999999999 8.199999999999999
534 8.199999999999999 5.500000000000000
535 8.199999999999999 6.300000000000000
536 8.300000000000001 8.500000000000000
537 8.300000000000001 8.600000000000000
538 8.300000000000001 8.400000000000000
539 8.300000000000001 7.600000000000000
540 8.300000000000001 9.199999999999999
541 8.300000000000001 4.600000000000000
542 8.300000000000001 4.300000000000000
543 8.300000000000001 4.500000000000000
544 8.300000000000001 5.300000000000000
545 8.300000000000001 6.100000000000000
546 8.400000000000000 4.700000000000000
547 8.400000000000000 5.700000000000000
548 8.400000000000000 3.000000000000000
549 8.400000000000000 5.900000000000000
550 8.400000000000000 2.200000000000000
551 8.400000000000000 3.500000000000000
552 8.400000000000000 3.000000000000000
553 8.400000000000000 8.699999999999999
554 8.400000000000000 7.500000000000000
555 8.400000000000000 5.400000000000000
556 8.500000000000000 6.200000000000000
557 8.500000000000000 3.000000000000000
558 8.500000000000000 7.800000000000000
559 8.500000000000000 3.900000000000000
560 8.500000000000000 6.100000000000000
561 8.500000000000000 8.900000000000000
562 8.500000000000000 6.700000000000000
563 8.500000000000000 4.300000000000000
564 8.500000000000000 7.000000000000000
565 8.500000000000000 2.500000000000000
566 8.600000000000000 4.700000000000000
567 8.600000000000000 5.500000000000000
568 8.600000000000000 6.200000000000000
569 8.600000000000000 7.400000000000000
570 8.600000000000000 6.000000000000000
571 8.600000000000000 9.199999999999999
572 8.600000000000000 4.100000000000000
573 8.699999999999999 9.300000000000001
574 8.699999999999999 7.900000000000000
575 8.699999999999999 5.900000000000000
576 8.699999999999999 3.800000000000000
577 8.699999999999999 3.900000000000000
578 8.699999999999999 9.199999999999999
579 8.699999999999999 6.000000000000000
580 8.699999999999999 4.900000000000000
581 8.699999999999999 4.900000000000000
582 8.699999999999999 9.000000000000000
583 8.699999999999999 8.300000000000001
584 8.699999999999999 2.300000000000000
585 8.800000000000001 6.200000000000000
586 8.800000000000001 7.600000000000000
587 8.800000000000001 9.199999999999999
588 8.800000000000001 2.100000000000000
589 8.800000000000001 5.600000000000000
590 8.800000000000001 2.500000000000000
591 8.900000000000000 8.500000000000000
592 8.900000000000000 4.000000000000000
593 8.900000000000000 4.300000000000000
594 8.900000000000000 3.500000000000000
595 8.900000000000000 5.800000000000000
596 9.000000000000000 7.400000000000000
597 9.000000000000000 2.600000000000000
598 9.000000000000000 8.300000000000001
599 9.000000000000000 1.900000000000000
600 9.000000000000000 6.000000000000000
601 9.000000000000000 5.600000000000000
602 9.000000000000000 1.800000000000000
603 9.000000000000000 2.700000000000000
604 9.100000000000000 8.600000000000000
605 9.100000000000000 8.000000000000000
606 9.100000000000000 6.500000000000000
607 9.100000000000000 4.300000000000000
608 9.300000000000001 9.199999999999999
