427
0 4.910000000000000 0.320000000000000
1 9.090000000000000 4.550000000000000
2 7.926956004756242 3.373043995243757
3 7.159813111670511 2.596724751762263
4 5.072035732763081 0.483973959231539
5 7.298215148314886 2.736782315160758
6 5.667371821930708 1.086431293484903
7 8.099063165065058 3.547209853642391
8 4.966535983423193 0.377212251167490
9 7.756645319164330 3.200696100494047
10 6.495341040415632 1.924304449989982
11 7.773161541884019 3.217409885686459
12 7.247863642546733 2.685828518653751
13 8.560000000000000 5.230000000000000
14 7.250000000000000 3.560000000000000
15 7.465402684563759 3.834597315436242
16 7.528932922849311 3.915586245159045
17 7.457965957952050 3.825116908228948
18 8.007735379958923 4.525968003459085
19 7.270406981486012 3.586015006932550
20 7.298903825709512 3.622343044988463
21 6.170000000000000 4.300000000000000
22 3.860000000000000 6.000000000000000
23 5.670439532311734 4.667641902627728
24 4.595521770186097 5.458706922373868
25 3.990047694969300 5.904293904135146
26 5.339880746744619 4.910910272958506
27 4.479602487726312 5.544015485223061
28 5.515555373953975 4.781625915271966
29 5.816461089020531 4.560180150937271
30 5.884358855875422 4.510212097407698
31 4.203543632273444 5.747175681876686
32 5.163193491095857 5.040939855037680
33 1.780000000000000 0.350000000000000
34 3.700000000000000 1.610000000000000
35 3.117105652559929 1.227475584492453
36 3.221307802229208 1.295858245212918
37 1.975049363285162 0.478001144655888
38 2.556314626601856 0.859456473707468
39 2.647743514439550 0.919456681350954
40 0.480000000000000 2.880000000000000
41 2.972606337804791 3.130365186071973
42 5.486676706845863 3.382886286655124
43 6.172680237329383 3.451790629451105
44 3.332228357295213 3.166486747852399
45 3.148097832879246 3.147992101382258
46 1.425838300896135 2.975002960799021
47 3.225074472041180 3.155723876069129
48 4.083534569740607 3.241950296517520
49 4.153158697214018 3.248943561906283
50 7.018231761915709 3.536720472393306
51 5.672684201761529 3.401569461919917
52 2.020100851419523 3.034692552284383
53 2.452183497264303 3.078092286283564
54 2.600252672467562 3.092964817914024
55 3.275040233868780 3.160742593652994
56 5.700099646480325 3.404323155037906
57 7.165107528394437 3.551473134314360
58 3.962445963158360 3.229787777687989
59 4.488252624006801 3.282601445247360
60 3.659409972483790 3.199349893838844
61 6.748639488602100 3.509641780243638
62 9.890000000000001 1.410000000000000
63 6.160000000000000 5.140000000000000
64 7.132948113207547 4.167051886792453
65 7.505277280858676 3.794722719141324
66 7.472865105908584 3.827134894091415
67 8.385448851774530 2.914551148225470
68 6.509105058365758 4.790894941634241
69 7.604417845484222 3.695582154515778
70 6.366146788990825 4.933853211009175
71 7.129756097560975 4.170243902439024
72 7.790000000000000 2.570000000000000
73 2.100346633155304 2.811284889702032
74 5.384994961747847 2.671990637737095
75 5.139730342381510 2.682391736506393
76 7.269889169102006 2.592056683663253
77 3.112805735010768 2.768348867598722
78 3.070854875691229 2.770127905408443
79 1.337026847956233 2.843655496187902
80 5.628859259259254 2.661648923341946
81 2.164629447589347 2.808558805916184
82 3.477560840434271 2.752880456835209
83 4.101637341766857 2.726414832291693
84 3.789500549542050 2.739651823480433
85 6.095756090328678 2.641848920929974
86 1.964036262904181 2.817065493638810
87 2.708735980809755 2.785484520649654
88 3.510587113760858 2.751479889840511
89 5.625348771301105 2.661797794924303
90 4.587181638196479 2.705824034495087
91 3.867040865938227 2.736363520049131
92 3.300953003121649 2.760369982083760
93 6.915191133150597 2.607098597636568
94 7.590000000000000 6.010000000000000
95 7.780000000000000 5.120000000000000
96 7.771998707858570 5.157479736873017
97 7.752367413887370 5.249436850738109
98 0.730000000000000 2.310000000000000
99 5.587369624491750 4.086868667782827
100 3.351312700753520 3.268899315165350
101 3.398103465104930 3.286015789624781
102 3.158386955137704 3.198325375133094
103 1.057097884471640 2.429655292297530
104 1.180923353604109 2.474951741483856
105 1.357045456761949 2.539378760837551
106 2.134025916689537 2.823605068789004
107 3.190915553028149 3.210224623258459
108 4.073314020343755 3.533013768471337
109 4.455942439637347 3.672982620382045
110 5.710389635204230 4.131870473172135
111 5.341202824805118 3.996818680397460
112 1.948209886607037 2.755631925431619
113 1.466231031486062 2.579319807473762
114 2.631129173788170 3.005449826440893
115 3.236883411990910 3.227040071665793
116 5.775749638149890 4.155779738955566
117 3.770936236283791 3.422401307022930
118 5.271503518084186 3.971322059005061
119 3.871622359400689 3.459233179266061
120 7.960000000000000 0.330000000000000
121 6.880000000000000 0.600000000000000
122 7.289880906646178 0.497529773338456
123 5.040000000000000 0.260000000000000
124 6.200000000000000 8.369999999999999
125 5.415906222845687 2.888102989033207
126 5.512236048373491 3.561581338197422
127 6.107970516649117 7.726586974158914
128 5.382507192802547 2.654597701404009
129 5.191660400667709 1.320315387426822
130 5.796752669456793 5.550744956288435
131 5.600930948056618 4.181681024775146
132 5.526815231854440 3.663509939947847
133 5.701536028647791 4.885049303735844
134 5.429348638947054 2.982084018845349
135 5.714431361010701 4.975205463617913
136 5.613906911142454 4.272400904625261
137 5.785177240920042 5.469816744708225
138 5.842892302359339 5.873324631150204
139 5.321775966882731 2.230002665016331
140 7.654130676724272 4.555257829164993
141 6.499623212438776 3.695316055355632
142 5.091222518012971 2.646260394075505
143 4.058826889116662 1.877274349506650
144 7.982200695041898 4.799622739928328
145 4.036690506766769 1.860785933023807
146 4.129603313577587 1.929992591594828
147 6.564130722320415 3.743364859012325
148 5.799507135189624 3.173830417569226
149 4.027259672171913 1.853761319601301
150 5.666956288068793 3.075099128150006
151 5.630797962648556 3.048166383701188
152 6.880858010950638 3.979281069885043
153 4.164770314701737 1.956186942226398
154 7.124121565362199 4.160477379961144
155 8.710000000000001 9.949999999999999
156 7.512676419091910 3.832527059294727
157 8.175147280631711 7.217282554047260
158 7.891728350021824 5.769213154483088
159 7.419078849022139 3.354309966315294
160 6.971754041012589 1.068797969108036
161 7.477740136321821 3.654027472463950
162 7.446820160366553 3.496048360342766
163 7.765172030876991 5.122600267049107
164 7.290203528839324 2.695848630955014
165 7.809316931045647 5.348149347145787
166 8.380000000000001 3.950000000000000
167 3.391683717503062 3.274367288320035
168 3.167730793851731 3.244034423977386
169 1.450478528215808 3.011444560150749
170 8.065454157322657 3.907396955485474
171 3.169568868474894 3.244283378388372
172 4.079126773620869 3.367476664275232
173 4.254785286281053 3.391268386876041
174 6.630703689523061 3.713069993391098
175 5.578573534883938 3.570566288902002
176 2.034489371055701 3.090544762915139
177 2.616275963302754 3.169343706422018
178 2.575264904385481 3.163789044011704
179 3.222808988764044 3.251494382022472
180 5.718746823995522 3.589551785022178
181 3.855642103446181 3.337207221606002
182 7.115707793047753 3.778760422602670
183 4.676846027461565 3.448433575871376
184 3.761576332277841 3.324466667789530
185 6.885946659625032 3.747640876683390
186 3.050000000000000 8.480000000000000
187 9.949999999999999 6.780000000000000
188 5.876791192006619 7.783544199070834
189 4.620810979114772 8.092988599348535
190 7.746760857642788 7.322827035073516
191 7.164530821706065 7.466275014941984
192 6.134567198177677 7.720034168564920
193 7.147142857142857 7.470559006211181
194 3.045542044190112 2.646300270227308
195 2.523516922196748 1.699096315841157
196 3.012732897295386 2.586768741246380
197 2.928097188246258 2.433198970528278
198 3.278935605552325 3.069788134961459
199 4.041023847562639 4.452581732455285
200 4.234434935662620 4.803522213577875
201 4.561493076746740 5.396962551020103
202 2.786747728278699 2.176723253573567
203 3.650888600445528 3.744689270491659
204 2.870133819006957 2.328025617293165
205 3.302636825427157 3.112793515820315
206 2.745371164632135 2.101646321346090
207 1.858327717459129 0.492124048421315
208 2.174809801177964 1.066374345123816
209 3.579423699347131 3.615017662616287
210 4.772357519975351 5.779571789638533
211 1.987853456471547 0.727145864457422
212 2.369419370985234 1.419489446900809
213 4.705947909079824 5.659072902900494
214 2.708644727333370 2.035006948690867
215 4.050000000000000 7.560000000000000
216 2.940000000000000 2.130000000000000
217 3.843726503563540 6.550932355270290
218 3.033494089693499 2.587362979311443
219 2.995232573302038 2.400191777504564
220 3.168221223610916 3.246433553339886
221 3.550173721528013 5.114903880988390
222 3.863904274620103 6.649639829898342
223 3.221232401860918 3.505758506400706
224 3.183291545635224 3.320155939458799
225 2.947776608217162 2.168042326683953
226 3.300842842049657 3.895204173269941
227 3.847473283767198 6.569261198969265
228 3.697560892654232 5.835905988389620
229 2.991355407209613 2.381225100133512
230 1.010000000000000 2.360000000000000
231 4.810000000000000 7.980000000000000
232 1.113909936865697 2.513677327680320
233 1.126832750147690 2.532789488376320
234 2.418344072784627 4.442866760276212
235 3.961238608847097 6.724726574137023
236 3.032141554617816 5.350640930776876
237 3.884934050034167 6.611876147682112
238 2.361037520314672 4.358113385307488
239 1.210924726540012 2.657157095567070
240 2.224917317323312 4.156798769304477
241 2.482509715688280 4.537764368991615
242 2.555149770780810 4.645195187312672
243 3.852954981167667 6.564580787937444
244 3.396012080413131 5.888786287347842
245 0.450000000000000 6.430000000000000
246 5.140000000000000 8.300000000000001
247 1.028355017359234 6.660602107134705
248 3.343702430929790 7.583779007641516
249 3.174662844429232 7.516379428375835
250 1.217359858267520 6.735962246260184
251 2.877144176052130 7.397752581922704
252 4.050000000000000 1.110000000000000
253 2.700000000000000 1.280000000000000
254 3.401646379814274 1.191644529949314
255 1.083007616917013 2.531535101736444
256 4.171144623026134 0.746968344255779
257 1.785845883383860 2.125380257006167
258 2.159492785717629 1.909457893580783
259 2.622410993296119 1.641947597553484
260 2.462937066110077 1.734104088207269
261 0.680000000000000 2.520000000000000
262 6.270000000000000 2.680000000000000
263 2.637582275977775 2.576030977487736
264 3.571646493898666 2.602766268161679
265 4.105442699167560 2.618044871532524
266 3.694263887616430 2.606275889448771
267 6.077577654073695 2.674492383658639
268 1.896476828531633 2.554818656988383
269 1.576623274677830 2.545663635768954
270 2.781183941180529 2.580141221930033
271 3.595780124333702 2.603457033970196
272 5.625323596344415 2.661547723687855
273 4.340062164892379 2.624760276633771
274 3.719933649976433 2.607010623255139
275 3.162700866002623 2.591061205466980
276 4.950000000000000 8.380000000000001
277 8.289999999999999 8.550000000000001
278 7.635362593317350 8.516680131995194
279 2.060000000000000 2.860000000000000
280 7.450000000000000 0.210000000000000
281 4.011893943685910 1.900348988725851
282 4.132730364605852 1.840939616659461
283 3.403709472601309 2.199363617366703
284 2.813075360868319 2.489749590667710
285 3.995929152472963 1.908198097578228
286 5.476216097572550 1.180413235887336
287 3.259458481747145 2.270284790977748
288 3.309186168599361 2.245836113768403
289 3.003517049059619 2.396118705007794
290 3.984902153162365 1.913619535087149
291 3.680000000000000 0.250000000000000
292 3.130000000000000 1.060000000000000
293 3.663940452826576 0.273651333109952
294 8.109999999999999 3.430000000000000
295 7.580000000000000 9.109999999999999
296 8.070938884733403 3.848617235309946
297 7.914074560517276 5.529729238229945
298 2.500000000000000 9.250000000000000
299 0.590000000000000 7.360000000000000
300 0.760881950610766 7.529092610813795
301 4.137692125969943 1.699637282160315
302 3.627792562535132 2.513184900224846
303 1.377441211414737 6.103633123360757
304 2.393204588066615 4.482976949376861
305 3.061395964948034 3.416873853678418
306 1.744890385043401 5.517365902515023
307 3.871819980217607 2.123837784371908
308 3.691255623929027 2.411929229236834
309 1.841951902487235 5.362503706143962
310 3.622618395303327 2.521440313111546
311 1.279469103668116 6.259948171675591
312 3.398213759852181 2.879479169674048
313 4.001164342629482 1.917468127490040
314 4.190000000000000 0.210000000000000
315 3.960000000000000 6.760000000000000
316 4.086563919588058 3.155679681296624
317 4.025359874325958 4.898664448543363
318 3.970603250415107 6.458037868613252
319 4.057932752361264 3.971045530581386
320 4.139103916427860 1.659431945206593
321 4.107881329869723 2.548596910231831
322 4.088410320261975 3.103097401235074
323 3.970382725738306 6.464318027887376
324 4.094271889283252 2.936170109542170
325 3.994276204618772 5.783873303248012
326 4.067482312759210 3.699090658379032
327 4.128980927521773 1.947717064053877
328 7.310000000000000 7.670000000000000
329 3.040000000000000 1.690000000000000
330 5.010899400093619 4.450182298023382
331 5.054629653479994 4.511425135318586
332 5.071069244506981 4.534448262799003
333 3.638834905264337 2.528649352103216
334 5.935783945986497 5.745453863465867
335 3.513963842000461 2.353771375916336
336 4.065483144428644 3.126156722174072
337 5.510264912128820 5.149527909726077
338 3.652363058805300 2.547595103432247
339 5.744108622468430 5.477018632871479
340 0.880000000000000 6.330000000000000
341 9.670000000000000 2.330000000000000
342 5.115154114697133 4.402739879546242
343 2.660319700777674 5.519843139577850
344 4.960654478996301 4.473046881002821
345 1.568764615808835 6.016569003044899
346 1.653624488528626 5.977952451181513
347 5.770585014346103 4.104477809171284
348 7.060918265163236 3.517295442474067
349 7.833923764981001 3.165529572249829
350 5.541494803686662 4.208728189448617
351 4.770229986601294 4.559701940113177
352 6.817073196090664 3.628260206557149
353 3.240000000000000 7.770000000000000
354 5.048727373949372 4.522024003074286
355 5.695667553227397 3.360297695392134
356 5.832618975657770 3.114370675540916
357 3.964135606183272 6.469651975594884
358 5.327823297968433 4.020844624075690
359 4.384099222645469 5.715513034869418
360 4.923333029399865 4.747197695424472
361 6.208272727765756 2.439800042301873
362 1.380000000000000 0.550000000000000
363 1.870997588248191 2.455915369436527
364 2.273616281468239 4.018768576451983
365 2.430568325878442 4.628012533786208
366 1.690595056427387 1.755643176024591
367 1.594158599382080 1.381303810504634
368 2.459720778068017 4.741174203038218
369 3.095969532565909 7.210913992003151
370 2.783057120798332 5.996275490410728
371 2.883923818009690 2.147096396948265
372 2.816867344580540 2.167540443725445
373 2.580353158210642 3.149367122126893
374 3.111568523195534 3.444774690947760
375 5.857920929426045 4.972014565632044
376 3.521844864675121 3.672928363770555
377 5.773289266588836 4.924951104346963
378 4.482214878654893 4.206987786178818
379 1.310000000000000 6.750000000000000
380 1.469546948192687 6.297787177515207
381 2.928777056671479 2.161809814832985
382 1.776193837199184 5.428640780453847
383 1.496313278070736 6.221921874425276
384 2.893600976966803 2.261511341357896
385 0.110000000000000 8.660000000000000
386 3.703668450694372 2.416001066918529
387 2.235850440604541 4.966334859449611
388 3.636140668753089 2.533330588041509
389 1.515107271251305 6.218626116200858
390 3.420916763500703 2.907282123417528
391 3.991861052755293 1.915266420837680
392 5.450000000000000 0.920000000000000
393 5.665387199983953 3.059512853173926
394 5.846859248752565 4.862135204275474
395 5.804348102069316 4.439857813888536
396 5.905903942652330 5.448645830346475
397 5.963529705441838 6.021061740722251
398 5.588227599738391 2.293060824068018
399 7.220000000000000 5.820000000000000
400 6.294369519868392 4.480039685904720
401 6.981846287200230 5.475244149089857
402 6.849202704426585 5.283226772122295
403 1.460000000000000 1.680000000000000
404 7.321732323974718 3.602851499338527
405 3.383125734430082 2.310851938895417
406 2.769532129592863 2.109571955805751
407 6.681191471858503 3.392731884554740
408 3.628482679645004 0.277941597480676
409 0.140000000000000 2.170000000000000
410 2.516310837495644 0.881153444070159
411 2.046797533401850 1.135804727646454
412 1.996611524292764 1.163024258010704
413 4.350000000000000 2.840000000000000
414 4.179696618255621 3.011284957431667
415 3.809706006273115 3.383408080146060
416 2.570000000000000 7.660000000000000
417 6.068940501753145 4.672516648093285
418 4.967128149458093 5.613271730312421
419 5.358013602720543 5.279523904780957
420 6.973801879818355 3.899923258351815
421 1.790000000000000 0.910000000000000
422 6.777727918877938 5.295760756254738
423 5.547443064182193 5.511506361208630
424 7.687091875474564 5.136292584155910
425 7.350000000000000 2.710000000000000
426 8.070000000000000 5.800000000000000
780
0 8
8 4
4 6
6 10
10 3
3 12
12 5
5 9
9 11
11 2
2 7
7 1
14 19
19 20
20 17
17 15
15 16
16 18
18 13
22 25
25 31
31 27
27 24
24 32
32 26
26 28
28 23
23 29
29 30
30 21
33 37
37 38
38 39
39 35
35 36
36 34
40 46
46 52
52 53
53 54
54 41
41 45
45 47
47 55
55 44
44 60
60 58
58 48
48 49
49 59
59 42
42 51
51 56
56 43
43 61
61 50
50 57
57 14
63 70
70 68
68 71
71 64
64 15
15 66
66 65
65 69
69 2
2 67
67 62
40 79
79 86
86 73
73 81
81 87
87 78
78 77
77 92
92 82
82 88
88 84
84 91
91 83
83 90
90 75
75 74
74 89
89 80
80 85
85 93
93 3
3 76
76 72
94 97
97 96
96 95
98 103
103 104
104 105
105 113
113 112
112 73
73 106
106 114
114 41
41 102
102 107
107 115
115 100
100 101
101 117
117 119
119 108
108 109
109 118
118 111
111 99
99 110
110 116
116 21
121 122
122 120
123 4
4 129
129 139
139 128
128 74
74 125
125 134
134 42
42 126
126 132
132 99
99 131
131 136
136 23
23 133
133 135
135 137
137 130
130 138
138 127
127 124
34 149
149 145
145 143
143 146
146 153
153 142
142 75
75 125
125 151
151 150
150 148
148 43
43 141
141 147
147 152
152 154
154 64
64 140
140 144
144 13
121 160
160 76
76 164
164 5
5 159
159 162
162 161
161 65
65 156
156 16
16 140
140 163
163 96
96 165
165 158
158 157
157 155
40 169
169 176
176 178
178 177
177 168
168 171
171 179
179 100
100 167
167 184
184 181
181 172
172 173
173 183
183 126
126 175
175 180
180 141
141 174
174 185
185 182
182 17
17 66
66 156
156 170
170 166
186 189
189 188
188 127
127 192
192 193
193 191
191 190
190 157
157 187
33 207
207 211
211 208
208 212
212 195
195 214
214 206
206 202
202 204
204 197
197 196
196 194
194 77
77 198
198 205
205 44
44 167
167 101
101 209
209 203
203 199
199 200
200 201
201 24
24 213
213 210
210 188
188 124
216 225
225 229
229 219
219 218
218 194
194 78
78 45
45 102
102 168
168 220
220 224
224 223
223 226
226 221
221 228
228 217
217 227
227 222
222 215
230 103
103 232
232 233
233 239
239 79
79 46
46 169
169 240
240 238
238 234
234 241
241 242
242 236
236 244
244 217
217 243
243 237
237 235
235 231
245 247
247 250
250 251
251 249
249 248
248 189
189 246
253 35
35 254
254 252
40 255
255 232
232 104
104 257
257 258
258 260
260 195
195 259
259 36
36 254
254 256
256 0
261 255
255 233
233 105
105 269
269 268
268 263
263 270
270 196
196 218
218 275
275 264
264 271
271 266
266 274
274 265
265 273
273 142
142 128
128 272
272 80
80 267
267 262
276 278
278 277
279 106
106 81
81 263
263 284
284 197
197 219
219 289
289 287
287 288
288 283
283 290
290 285
285 281
281 143
143 282
282 129
129 286
286 6
6 280
292 293
293 291
295 278
278 190
190 158
158 297
297 144
144 18
18 170
170 296
296 7
7 294
299 300
300 298
299 247
247 311
311 303
303 306
306 309
309 304
304 234
234 305
305 220
220 171
171 107
107 47
47 198
198 312
312 82
82 264
264 310
310 302
302 308
308 307
307 313
313 281
281 145
145 301
301 8
8 123
315 235
235 323
323 318
318 25
25 325
325 317
317 199
199 319
319 326
326 108
108 172
172 48
48 316
316 322
322 324
324 83
83 265
265 321
321 327
327 146
146 282
282 301
301 320
320 256
256 314
329 283
283 335
335 302
302 333
333 338
338 266
266 84
84 336
336 316
316 49
49 173
173 109
109 330
330 331
331 332
332 26
26 337
337 339
339 130
130 334
334 191
191 328
340 303
303 345
345 346
346 343
343 236
236 221
221 317
317 200
200 351
351 344
344 330
330 342
342 350
350 131
131 110
110 347
347 147
147 174
174 352
352 50
50 348
348 159
159 9
9 349
349 67
67 341
353 248
248 222
222 237
237 357
357 318
318 359
359 27
27 201
201 360
360 354
354 331
331 342
342 358
358 111
111 132
132 175
175 51
51 355
355 148
148 356
356 267
267 85
85 361
361 10
10 160
160 122
122 280
362 367
367 366
366 257
257 363
363 268
268 112
112 86
86 52
52 176
176 364
364 238
238 304
304 365
365 368
368 343
343 370
370 369
369 249
249 353
40 239
239 113
113 269
269 363
363 202
202 372
372 371
371 216
279 53
53 373
373 177
177 305
305 374
374 223
223 376
376 203
203 319
319 378
378 344
344 354
354 332
332 28
28 133
133 377
377 375
375 63
379 380
380 383
383 345
345 306
306 382
382 240
240 364
364 178
178 373
373 54
54 114
114 87
87 270
270 284
284 204
204 384
384 381
381 216
385 300
300 250
250 380
380 389
389 346
346 387
387 365
365 241
241 374
374 224
224 179
179 115
115 55
55 205
205 390
390 88
88 271
271 388
388 333
333 386
386 307
307 391
391 285
285 149
149 320
320 0
392 286
286 398
398 272
272 89
89 393
393 150
150 355
355 56
56 180
180 347
347 116
116 395
395 29
29 394
394 375
375 396
396 334
334 397
397 192
192 124
21 400
400 68
68 402
402 401
401 399
403 366
366 258
258 206
206 406
406 371
371 381
381 225
225 287
287 405
405 335
335 308
308 386
386 321
321 273
273 90
90 134
134 151
151 393
393 356
356 407
407 348
348 57
57 19
19 404
404 161
161 69
69 296
296 166
362 207
207 37
37 408
408 293
293 314
409 367
367 412
412 411
411 208
208 410
410 38
38 408
408 291
340 382
382 309
309 387
387 368
368 242
242 226
226 376
376 209
209 117
117 415
415 181
181 58
58 336
336 322
322 414
414 413
416 251
251 369
369 227
227 243
243 357
357 323
323 210
210 418
418 419
419 337
337 135
135 377
377 394
394 417
417 400
400 152
152 420
420 182
182 20
20 404
404 162
162 11
11 349
349 62
362 211
211 410
410 39
39 292
421 411
411 212
212 259
259 288
288 405
405 310
310 388
388 338
338 274
274 91
91 324
324 414
414 59
59 183
183 118
118 358
358 350
350 136
136 395
395 30
30 417
417 70
70 422
422 401
401 94
340 311
311 383
383 389
389 370
370 244
244 228
228 325
325 31
31 359
359 213
213 418
418 423
423 339
339 137
137 396
396 422
422 402
402 424
424 163
163 95
421 412
412 260
260 214
214 406
406 372
372 384
384 229
229 289
289 275
275 92
92 312
312 390
390 60
60 184
184 415
415 119
119 326
326 378
378 351
351 360
360 32
32 419
419 423
423 138
138 397
397 193
193 328
329 290
290 391
391 313
313 327
327 153
153 139
139 398
398 361
361 93
93 12
12 164
164 425
262 407
407 61
61 352
352 185
185 420
420 154
154 71
71 424
424 97
97 165
165 297
297 426
522
0 0.600000000000000 5.900000000000000
1 0.600000000000000 3.700000000000000
2 0.700000000000000 4.200000000000000
3 0.700000000000000 5.000000000000000
4 0.700000000000000 3.700000000000000
5 0.700000000000000 6.400000000000000
6 0.800000000000000 6.500000000000000
7 0.800000000000000 5.500000000000000
8 0.800000000000000 4.600000000000000
9 0.800000000000000 3.400000000000000
10 0.900000000000000 4.200000000000000
11 0.900000000000000 7.000000000000000
12 0.900000000000000 3.400000000000000
13 0.900000000000000 6.100000000000000
14 0.900000000000000 4.800000000000000
15 1.000000000000000 6.300000000000000
16 1.000000000000000 4.800000000000000
17 1.100000000000000 6.500000000000000
18 1.100000000000000 3.700000000000000
19 1.100000000000000 4.900000000000000
20 1.100000000000000 4.500000000000000
21 1.200000000000000 3.500000000000000
22 1.200000000000000 5.500000000000000
23 1.200000000000000 4.400000000000000
24 1.200000000000000 6.200000000000000
25 1.200000000000000 6.500000000000000
26 1.300000000000000 6.600000000000000
27 1.300000000000000 6.600000000000000
28 1.300000000000000 4.700000000000000
29 1.300000000000000 3.100000000000000
30 1.300000000000000 6.200000000000000
31 1.400000000000000 5.400000000000000
32 1.400000000000000 3.100000000000000
33 1.400000000000000 1.500000000000000
34 1.400000000000000 6.300000000000000
35 1.400000000000000 6.800000000000000
36 1.400000000000000 6.400000000000000
37 1.400000000000000 5.800000000000000
38 1.400000000000000 1.200000000000000
39 1.400000000000000 3.900000000000000
40 1.500000000000000 1.200000000000000
41 1.500000000000000 1.500000000000000
42 1.500000000000000 4.700000000000000
43 1.500000000000000 6.500000000000000
44 1.500000000000000 5.800000000000000
45 1.500000000000000 5.300000000000000
46 1.500000000000000 5.500000000000000
47 1.500000000000000 3.300000000000000
48 1.500000000000000 1.500000000000000
49 1.500000000000000 6.700000000000000
50 1.500000000000000 4.100000000000000
51 1.600000000000000 4.300000000000000
52 1.600000000000000 6.200000000000000
53 1.600000000000000 1.700000000000000
54 1.600000000000000 5.600000000000000
55 1.700000000000000 6.000000000000000
56 1.700000000000000 3.200000000000000
57 1.700000000000000 2.300000000000000
58 1.700000000000000 4.400000000000000
59 1.700000000000000 2.200000000000000
60 1.700000000000000 4.000000000000000
61 1.700000000000000 1.400000000000000
62 1.700000000000000 1.500000000000000
63 1.800000000000000 4.700000000000000
64 1.800000000000000 2.100000000000000
65 1.900000000000000 6.500000000000000
66 1.900000000000000 5.800000000000000
67 1.900000000000000 6.500000000000000
68 1.900000000000000 0.700000000000000
69 1.900000000000000 5.500000000000000
70 1.900000000000000 4.700000000000000
71 1.900000000000000 1.000000000000000
72 1.900000000000000 4.000000000000000
73 1.900000000000000 3.400000000000000
74 1.900000000000000 3.300000000000000
75 1.900000000000000 0.600000000000000
76 1.900000000000000 4.000000000000000
77 1.900000000000000 2.900000000000000
78 2.000000000000000 1.400000000000000
79 2.000000000000000 5.400000000000000
80 2.000000000000000 4.300000000000000
81 2.000000000000000 6.000000000000000
82 2.000000000000000 1.000000000000000
83 2.000000000000000 6.000000000000000
84 2.000000000000000 5.800000000000000
85 2.100000000000000 2.600000000000000
86 2.100000000000000 4.600000000000000
87 2.100000000000000 2.400000000000000
88 2.100000000000000 2.500000000000000
89 2.100000000000000 5.700000000000000
90 2.100000000000000 5.800000000000000
91 2.100000000000000 3.500000000000000
92 2.100000000000000 5.100000000000000
93 2.100000000000000 4.800000000000000
94 2.100000000000000 3.000000000000000
95 2.200000000000000 4.500000000000000
96 2.200000000000000 4.200000000000000
97 2.200000000000000 5.600000000000000
98 2.200000000000000 5.500000000000000
99 2.200000000000000 4.300000000000000
100 2.200000000000000 5.900000000000000
101 2.200000000000000 6.600000000000000
102 2.300000000000000 4.100000000000000
103 2.300000000000000 1.700000000000000
104 2.300000000000000 1.400000000000000
105 2.300000000000000 5.300000000000000
106 2.300000000000000 3.500000000000000
107 2.300000000000000 4.100000000000000
108 2.300000000000000 3.100000000000000
109 2.300000000000000 6.800000000000000
110 2.300000000000000 2.200000000000000
111 2.400000000000000 2.200000000000000
112 2.400000000000000 1.400000000000000
113 2.400000000000000 5.900000000000000
114 2.400000000000000 3.700000000000000
115 2.400000000000000 4.000000000000000
116 2.400000000000000 3.000000000000000
117 2.400000000000000 1.400000000000000
118 2.500000000000000 5.600000000000000
119 2.500000000000000 7.000000000000000
120 2.500000000000000 3.400000000000000
121 2.500000000000000 5.200000000000000
122 2.500000000000000 6.200000000000000
123 2.500000000000000 2.400000000000000
124 2.500000000000000 2.000000000000000
125 2.600000000000000 1.400000000000000
126 2.600000000000000 2.700000000000000
127 2.600000000000000 1.500000000000000
128 2.700000000000000 1.000000000000000
129 2.700000000000000 4.800000000000000
130 2.700000000000000 0.400000000000000
131 2.700000000000000 1.100000000000000
132 2.700000000000000 2.200000000000000
133 2.800000000000000 3.300000000000000
134 2.800000000000000 5.800000000000000
135 2.800000000000000 3.500000000000000
136 2.800000000000000 3.300000000000000
137 2.800000000000000 0.600000000000000
138 2.900000000000000 6.300000000000000
139 2.900000000000000 4.200000000000000
140 2.900000000000000 4.500000000000000
141 2.900000000000000 0.800000000000000
142 2.900000000000000 6.300000000000000
143 2.900000000000000 3.000000000000000
144 2.900000000000000 1.300000000000000
145 2.900000000000000 4.200000000000000
146 2.900000000000000 7.000000000000000
147 3.000000000000000 1.900000000000000
148 3.000000000000000 6.300000000000000
149 3.000000000000000 0.900000000000000
150 3.100000000000000 0.500000000000000
151 3.100000000000000 2.500000000000000
152 3.100000000000000 3.700000000000000
153 3.100000000000000 5.900000000000000
154 3.100000000000000 5.600000000000000
155 3.100000000000000 1.200000000000000
156 3.100000000000000 2.200000000000000
157 3.200000000000000 3.000000000000000
158 3.200000000000000 6.800000000000000
159 3.200000000000000 5.100000000000000
160 3.200000000000000 1.800000000000000
161 3.300000000000000 7.600000000000000
162 3.300000000000000 5.700000000000000
163 3.300000000000000 5.900000000000000
164 3.300000000000000 1.500000000000000
165 3.300000000000000 2.500000000000000
166 3.400000000000000 5.200000000000000
167 3.400000000000000 6.800000000000000
168 3.400000000000000 2.900000000000000
169 3.400000000000000 4.700000000000000
170 3.400000000000000 6.800000000000000
171 3.400000000000000 7.500000000000000
172 3.500000000000000 3.300000000000000
173 3.500000000000000 5.300000000000000
174 3.500000000000000 3.500000000000000
175 3.500000000000000 2.000000000000000
176 3.500000000000000 4.200000000000000
177 3.500000000000000 1.000000000000000
178 3.500000000000000 5.600000000000000
179 3.500000000000000 2.200000000000000
180 3.500000000000000 5.100000000000000
181 3.500000000000000 3.300000000000000
182 3.500000000000000 4.900000000000000
183 3.600000000000000 3.900000000000000
184 3.600000000000000 5.800000000000000
185 3.600000000000000 4.700000000000000
186 3.600000000000000 6.800000000000000
187 3.600000000000000 5.600000000000000
188 3.600000000000000 3.700000000000000
189 3.600000000000000 5.000000000000000
190 3.600000000000000 3.200000000000000
191 3.600000000000000 6.900000000000000
192 3.700000000000000 4.100000000000000
193 3.700000000000000 5.600000000000000
194 3.700000000000000 7.200000000000000
195 3.700000000000000 3.200000000000000
196 3.700000000000000 6.300000000000000
197 3.700000000000000 2.000000000000000
198 3.800000000000000 6.900000000000000
199 3.800000000000000 1.700000000000000
200 3.800000000000000 6.600000000000000
201 3.800000000000000 1.500000000000000
202 3.800000000000000 7.300000000000000
203 3.800000000000000 2.300000000000000
204 3.900000000000000 4.200000000000000
205 3.900000000000000 4.000000000000000
206 3.900000000000000 1.000000000000000
207 3.900000000000000 6.800000000000000
208 3.900000000000000 0.800000000000000
209 3.900000000000000 3.300000000000000
210 3.900000000000000 5.300000000000000
211 3.900000000000000 2.500000000000000
212 3.900000000000000 0.600000000000000
213 4.000000000000000 7.400000000000000
214 4.000000000000000 5.200000000000000
215 4.000000000000000 4.500000000000000
216 4.000000000000000 3.000000000000000
217 4.000000000000000 4.400000000000000
218 4.000000000000000 4.000000000000000
219 4.100000000000000 3.700000000000000
220 4.100000000000000 6.000000000000000
221 4.100000000000000 3.300000000000000
222 4.100000000000000 4.100000000000000
223 4.100000000000000 5.300000000000000
224 4.100000000000000 5.300000000000000
225 4.100000000000000 2.600000000000000
226 4.200000000000000 2.200000000000000
227 4.200000000000000 4.400000000000000
228 4.200000000000000 6.000000000000000
229 4.200000000000000 1.400000000000000
230 4.200000000000000 3.400000000000000
231 4.200000000000000 6.600000000000000
232 4.200000000000000 4.800000000000000
233 4.300000000000000 4.000000000000000
234 4.300000000000000 3.100000000000000
235 4.300000000000000 5.800000000000000
236 4.300000000000000 5.100000000000000
237 4.300000000000000 2.800000000000000
238 4.300000000000000 7.400000000000000
239 4.300000000000000 7.700000000000000
240 4.400000000000000 6.100000000000000
241 4.400000000000000 2.200000000000000
242 4.400000000000000 6.900000000000000
243 4.400000000000000 4.500000000000000
244 4.400000000000000 3.800000000000000
245 4.400000000000000 6.400000000000000
246 4.400000000000000 2.000000000000000
247 4.400000000000000 1.800000000000000
248 4.400000000000000 2.100000000000000
249 4.500000000000000 3.600000000000000
250 4.500000000000000 4.700000000000000
251 4.500000000000000 5.200000000000000
252 4.500000000000000 5.900000000000000
253 4.500000000000000 3.700000000000000
254 4.500000000000000 1.400000000000000
255 4.500000000000000 4.700000000000000
256 4.500000000000000 1.500000000000000
257 4.500000000000000 2.400000000000000
258 4.600000000000000 6.200000000000000
259 4.600000000000000 7.300000000000000
260 4.600000000000000 3.600000000000000
261 4.600000000000000 5.300000000000000
262 4.600000000000000 3.800000000000000
263 4.600000000000000 2.200000000000000
264 4.600000000000000 4.400000000000000
265 4.600000000000000 6.500000000000000
266 4.700000000000000 0.600000000000000
267 4.700000000000000 7.100000000000000
268 4.700000000000000 4.300000000000000
269 4.700000000000000 7.400000000000000
270 4.700000000000000 7.300000000000000
271 4.700000000000000 4.400000000000000
272 4.700000000000000 7.100000000000000
273 4.700000000000000 2.700000000000000
274 4.800000000000000 7.900000000000000
275 4.800000000000000 7.800000000000000
276 4.800000000000000 7.300000000000000
277 4.800000000000000 7.700000000000000
278 4.800000000000000 7.900000000000000
279 4.800000000000000 8.000000000000000
280 4.800000000000000 3.000000000000000
281 4.800000000000000 1.700000000000000
282 4.800000000000000 6.500000000000000
283 4.800000000000000 3.500000000000000
284 4.800000000000000 5.800000000000000
285 4.900000000000000 6.300000000000000
286 4.900000000000000 7.800000000000000
287 4.900000000000000 4.900000000000000
288 4.900000000000000 5.500000000000000
289 4.900000000000000 5.600000000000000
290 4.900000000000000 7.800000000000000
291 4.900000000000000 6.800000000000000
292 4.900000000000000 7.000000000000000
293 5.000000000000000 0.800000000000000
294 5.000000000000000 4.800000000000000
295 5.000000000000000 4.100000000000000
296 5.000000000000000 7.800000000000000
297 5.000000000000000 4.400000000000000
298 5.000000000000000 4.600000000000000
299 5.100000000000000 5.900000000000000
300 5.100000000000000 7.500000000000000
301 5.100000000000000 1.600000000000000
302 5.100000000000000 2.900000000000000
303 5.100000000000000 5.600000000000000
304 5.100000000000000 4.700000000000000
305 5.200000000000000 1.100000000000000
306 5.200000000000000 3.800000000000000
307 5.200000000000000 4.500000000000000
308 5.200000000000000 6.900000000000000
309 5.200000000000000 4.000000000000000
310 5.200000000000000 1.100000000000000
311 5.200000000000000 7.300000000000000
312 5.300000000000000 4.400000000000000
313 5.300000000000000 2.300000000000000
314 5.300000000000000 2.900000000000000
315 5.300000000000000 3.900000000000000
316 5.300000000000000 6.900000000000000
317 5.300000000000000 6.700000000000000
318 5.300000000000000 1.200000000000000
319 5.300000000000000 4.400000000000000
320 5.300000000000000 5.400000000000000
321 5.300000000000000 3.500000000000000
322 5.400000000000000 6.100000000000000
323 5.400000000000000 4.500000000000000
324 5.400000000000000 3.000000000000000
325 5.400000000000000 6.500000000000000
326 5.400000000000000 6.900000000000000
327 5.400000000000000 6.600000000000000
328 5.400000000000000 6.400000000000000
329 5.500000000000000 7.000000000000000
330 5.500000000000000 5.100000000000000
331 5.500000000000000 2.900000000000000
332 5.500000000000000 6.400000000000000
333 5.600000000000000 5.800000000000000
334 5.600000000000000 5.100000000000000
335 5.600000000000000 7.000000000000000
336 5.600000000000000 6.500000000000000
337 5.700000000000000 2.300000000000000
338 5.700000000000000 4.900000000000000
339 5.700000000000000 1.600000000000000
340 5.700000000000000 4.300000000000000
341 5.700000000000000 6.000000000000000
342 5.800000000000000 6.400000000000000
343 5.800000000000000 4.200000000000000
344 5.800000000000000 4.200000000000000
345 5.900000000000000 5.500000000000000
346 5.900000000000000 7.700000000000000
347 5.900000000000000 4.100000000000000
348 5.900000000000000 4.800000000000000
349 5.900000000000000 7.300000000000000
350 5.900000000000000 2.200000000000000
351 5.900000000000000 6.200000000000000
352 5.900000000000000 2.100000000000000
353 6.000000000000000 2.100000000000000
354 6.000000000000000 4.400000000000000
355 6.000000000000000 6.700000000000000
356 6.000000000000000 5.300000000000000
357 6.000000000000000 3.500000000000000
358 6.000000000000000 5.000000000000000
359 6.000000000000000 3.600000000000000
360 6.000000000000000 7.400000000000000
361 6.000000000000000 3.600000000000000
362 6.100000000000000 5.700000000000000
363 6.100000000000000 3.000000000000000
364 6.100000000000000 1.700000000000000
365 6.100000000000000 3.500000000000000
366 6.100000000000000 2.100000000000000
367 6.100000000000000 6.600000000000000
368 6.100000000000000 7.300000000000000
369 6.200000000000000 4.600000000000000
370 6.200000000000000 5.700000000000000
371 6.200000000000000 1.100000000000000
372 6.200000000000000 3.800000000000000
373 6.200000000000000 5.300000000000000
374 6.300000000000000 1.300000000000000
375 6.300000000000000 1.300000000000000
376 6.300000000000000 2.400000000000000
377 6.300000000000000 5.800000000000000
378 6.300000000000000 7.200000000000000
379 6.300000000000000 2.100000000000000
380 6.300000000000000 2.700000000000000
381 6.300000000000000 2.800000000000000
382 6.300000000000000 3.100000000000000
383 6.300000000000000 0.800000000000000
384 6.300000000000000 3.800000000000000
385 6.300000000000000 6.400000000000000
386 6.300000000000000 7.600000000000000
387 6.400000000000000 6.200000000000000
388 6.400000000000000 2.900000000000000
389 6.400000000000000 4.000000000000000
390 6.400000000000000 1.200000000000000
391 6.400000000000000 1.100000000000000
392 6.400000000000000 1.400000000000000
393 6.400000000000000 1.600000000000000
394 6.500000000000000 3.200000000000000
395 6.500000000000000 2.000000000000000
396 6.500000000000000 3.200000000000000
397 6.500000000000000 1.000000000000000
398 6.500000000000000 6.800000000000000
399 6.500000000000000 6.400000000000000
400 6.600000000000000 1.400000000000000
401 6.600000000000000 5.400000000000000
402 6.600000000000000 7.300000000000000
403 6.600000000000000 1.100000000000000
404 6.600000000000000 7.000000000000000
405 6.600000000000000 2.900000000000000
406 6.700000000000000 5.000000000000000
407 6.700000000000000 3.200000000000000
408 6.700000000000000 5.900000000000000
409 6.700000000000000 7.400000000000000
410 6.700000000000000 1.400000000000000
411 6.700000000000000 2.900000000000000
412 6.700000000000000 4.400000000000000
413 6.700000000000000 1.300000000000000
414 6.700000000000000 1.700000000000000
415 6.800000000000000 2.500000000000000
416 6.800000000000000 4.100000000000000
417 6.800000000000000 5.900000000000000
418 6.800000000000000 6.800000000000000
419 6.800000000000000 4.700000000000000
420 6.800000000000000 2.800000000000000
421 6.800000000000000 6.000000000000000
422 6.800000000000000 1.900000000000000
423 6.900000000000000 7.500000000000000
424 6.900000000000000 4.600000000000000
425 6.900000000000000 4.500000000000000
426 6.900000000000000 3.300000000000000
427 6.900000000000000 6.900000000000000
428 6.900000000000000 3.800000000000000
429 6.900000000000000 2.500000000000000
430 6.900000000000000 1.900000000000000
431 6.900000000000000 5.900000000000000
432 6.900000000000000 5.600000000000000
433 6.900000000000000 6.800000000000000
434 6.900000000000000 2.600000000000000
435 7.000000000000000 7.000000000000000
436 7.000000000000000 6.700000000000000
437 7.000000000000000 3.000000000000000
438 7.000000000000000 2.900000000000000
439 7.000000000000000 6.600000000000000
440 7.000000000000000 1.300000000000000
441 7.000000000000000 2.700000000000000
442 7.100000000000000 5.500000000000000
443 7.100000000000000 3.400000000000000
444 7.100000000000000 6.400000000000000
445 7.100000000000000 1.700000000000000
446 7.100000000000000 1.500000000000000
447 7.100000000000000 1.600000000000000
448 7.100000000000000 7.100000000000000
449 7.100000000000000 3.500000000000000
450 7.100000000000000 2.800000000000000
451 7.200000000000000 3.000000000000000
452 7.200000000000000 6.000000000000000
453 7.200000000000000 7.100000000000000
454 7.200000000000000 0.700000000000000
455 7.200000000000000 6.600000000000000
456 7.200000000000000 5.700000000000000
457 7.200000000000000 5.900000000000000
458 7.300000000000000 7.500000000000000
459 7.300000000000000 5.200000000000000
460 7.300000000000000 0.600000000000000
461 7.300000000000000 0.800000000000000
462 7.400000000000000 1.300000000000000
463 7.400000000000000 5.300000000000000
464 7.400000000000000 7.300000000000000
465 7.400000000000000 4.200000000000000
466 7.400000000000000 5.900000000000000
467 7.400000000000000 5.200000000000000
468 7.400000000000000 2.300000000000000
469 7.500000000000000 5.700000000000000
470 7.500000000000000 3.500000000000000
471 7.500000000000000 6.900000000000000
472 7.500000000000000 3.900000000000000
473 7.600000000000000 4.700000000000000
474 7.600000000000000 5.100000000000000
475 7.600000000000000 4.500000000000000
476 7.600000000000000 4.300000000000000
477 7.600000000000000 3.500000000000000
478 7.600000000000000 6.900000000000000
479 7.700000000000000 4.700000000000000
480 7.700000000000000 5.200000000000000
481 7.700000000000000 6.200000000000000
482 7.700000000000000 4.600000000000000
483 7.700000000000000 4.200000000000000
484 7.700000000000000 7.200000000000000
485 7.800000000000000 6.600000000000000
486 7.800000000000000 3.400000000000000
487 7.800000000000000 4.200000000000000
488 7.800000000000000 6.000000000000000
489 7.800000000000000 3.900000000000000
490 7.800000000000000 7.200000000000000
491 7.800000000000000 7.100000000000000
492 7.900000000000000 5.400000000000000
493 7.900000000000000 6.100000000000000
494 7.900000000000000 3.700000000000000
495 7.900000000000000 7.200000000000000
496 7.900000000000000 5.500000000000000
497 8.000000000000000 3.800000000000000
498 8.000000000000000 6.400000000000000
499 8.000000000000000 4.500000000000000
500 8.100000000000000 5.100000000000000
501 8.100000000000000 3.800000000000000
502 8.100000000000000 6.900000000000000
503 8.100000000000000 6.800000000000000
504 8.199999999999999 4.500000000000000
505 8.199999999999999 3.200000000000000
506 8.199999999999999 4.200000000000000
507 8.300000000000001 3.200000000000000
508 8.300000000000001 4.700000000000000
509 8.300000000000001 4.600000000000000
510 8.300000000000001 3.300000000000000
511 8.300000000000001 3.200000000000000
512 8.300000000000001 3.600000000000000
513 8.400000000000000 4.900000000000000
514 8.500000000000000 4.100000000000000
515 8.500000000000000 4.800000000000000
516 8.500000000000000 4.400000000000000
517 8.500000000000000 4.700000000000000
518 8.500000000000000 3.300000000000000
519 8.500000000000000 4.000000000000000
520 8.900000000000000 2.300000000000000
521 8.900000000000000 2.300000000000000
