340
0 5.720000000000000 6.580000000000000
1 0.160000000000000 6.910000000000000
2 0.231574553895936 6.905751870002580
3 3.006831203588994 6.741033399786985
4 2.109580997150623 6.794287458802211
5 2.027174433784110 6.799178495836554
6 4.775612888371557 6.636051753028307
7 4.111104426930494 6.675492003437578
8 4.350094102566711 6.661307364416005
9 2.857226787509374 6.749912798583077
10 3.324723101179797 6.722165715217746
11 2.126976400487362 6.793254997812801
12 3.668319816354074 6.701772385000567
13 5.576620285188593 6.588509947102116
14 3.079235123001914 6.736736044857800
15 0.180000000000000 7.700000000000000
16 0.580000000000000 1.540000000000000
17 0.532550091074681 2.270728597449910
18 0.230684102413616 6.919464822830314
19 0.234435794261721 6.861688768369490
20 0.360875098958650 4.914523476036782
21 0.491118428480036 2.908776201407444
22 5.690000000000000 6.700000000000000
23 8.570000000000000 6.760000000000000
24 7.693200326563936 6.741733340136749
25 7.988701298701297 6.747889610389611
26 6.054963503649637 6.707603406326034
27 6.894285714285715 6.725089285714286
28 5.878296593186372 6.703922845691383
29 7.240000000000000 1.290000000000000
30 7.920000000000000 9.470000000000001
31 7.652735224896718 6.254961970081109
32 7.900822846646866 9.239310125840237
33 7.647639575971731 6.193664310954065
34 7.363262699903638 2.772777772370227
35 7.284817664770826 1.829130143860823
36 7.336270005834567 2.448071540774651
37 7.480176428660176 4.179181156529758
38 7.612090177638139 5.766025960411728
39 7.874413057335525 8.921615895594996
40 7.674256251868088 6.513847265119060
41 7.320834178946770 2.262387623212613
42 7.717698344503638 7.036430085352581
43 7.524126361949325 4.707873001096297
44 7.301502107372349 2.029834173979133
45 7.860150257258640 8.750042800552460
46 3.470000000000000 3.110000000000000
47 3.880000000000000 4.900000000000000
48 3.690688424059140 4.073493363575269
49 3.505784324713794 3.266229124969978
50 3.691353441172155 4.076396730971114
51 3.789552804951088 4.505120782591335
52 3.799360079825288 4.547937909481136
53 3.476023592493298 3.136298123324396
54 3.540414603650913 3.417419854963741
55 3.688471968760425 4.063816644100390
56 0.960000000000000 2.570000000000000
57 2.504984704743466 3.420655179090029
58 7.702080721602201 6.282131172603576
59 2.235452026622322 3.272252824119255
60 3.199288713069447 3.802932944515241
61 3.692513733810295 4.074498363293710
62 2.324378111354514 3.321214755134746
63 4.972450149824729 4.779220253320054
64 6.859559315979819 5.818246193686655
65 5.092125809816978 4.845112633788848
66 4.144977555024113 4.323621019126286
67 3.347860881715186 3.884735492035037
68 2.916902393340271 3.647453485952134
69 5.711778996331365 5.186288304156165
70 2.164335745736120 3.233096816640519
71 3.686759432609758 4.071330094958593
72 4.510000000000000 9.279999999999999
73 9.510000000000000 9.220000000000001
74 8.157467725918570 9.236230387288977
75 6.908982128062492 9.251212214463250
76 6.140000000000000 2.890000000000000
77 4.310000000000000 0.770000000000000
78 6.117760774164510 2.864236525261618
79 5.391114152257641 2.022438252888634
80 5.130953901807101 1.721050421765604
81 5.278516225558479 1.891996938898348
82 5.857395623480375 2.562611323376172
83 2.250000000000000 3.460000000000000
84 5.620000000000000 2.940000000000000
85 2.276300341461261 3.455941787074227
86 3.388192373338124 3.284373877111031
87 4.257419467884499 3.150249815044528
88 2.265433528556960 3.457618565326523
89 5.159894468665721 3.010995512253360
90 4.435423551736637 3.122783309524317
91 3.452362602251627 3.274472239415179
92 4.269738255033557 3.148348993288590
93 2.375406251358518 3.440649480502543
94 5.621199764174118 2.900699616782942
95 5.099076481050759 2.052249281707484
96 5.013509369676320 1.913202725724021
97 5.237656367746797 2.277441597588545
98 7.393799250388518 5.781173781881342
99 7.820329670329670 6.474285714285715
100 8.972167377159524 8.346021987884228
101 5.895427817565021 3.346320203543160
102 5.825596850840485 3.232844882615789
103 6.368279859800485 4.114704772175790
104 5.495343883140596 2.696183810103469
105 6.615342431134698 4.516181450593885
106 2.090000000000000 3.160000000000000
107 9.580000000000000 2.610000000000000
108 3.327063197026023 3.069160913436006
109 7.691424849034266 2.748680418295214
110 2.208553593738517 3.151294462409054
111 3.470426338738915 3.058633579932390
112 6.655333205117605 2.824761914176945
113 4.353028377092327 2.993823016368387
114 2.404008456546566 3.136941969145446
115 5.168059262922160 2.933974286434287
116 6.428713224510807 2.841402900736857
117 7.213325216643989 2.783787867936690
118 3.489563538297819 3.057228311606969
119 4.771969996052112 2.963059613106988
120 8.070098617950915 2.720873933261281
121 0.180000000000000 2.170000000000000
122 2.113161937273309 2.722331982078088
123 3.453438077634011 3.105268022181146
124 2.531521662557239 2.841863332159211
125 5.460000000000000 0.180000000000000
126 6.550000000000000 2.750000000000000
127 6.206137310612737 1.939241181903425
128 5.909896828192007 1.240765916012347
129 6.412806228168848 2.426524776508202
130 6.387566393362297 2.367014340312939
131 2.770000000000000 2.290000000000000
132 8.060000000000000 1.750000000000000
133 6.678182077897343 1.891055137605942
134 3.788294954141306 2.186053067063080
135 6.121322474787297 1.947899029038726
136 4.917174206975398 2.070817755809695
137 5.263305489340725 2.035484883885824
138 7.230273249915454 1.834698004734528
139 3.636083253255050 2.201590745414419
140 8.520000000000000 3.450000000000000
141 5.590000000000000 0.970000000000000
142 7.205404751177192 2.337305045364996
143 7.221061479346782 2.350557156580212
144 6.981586236981297 2.147861388298162
145 8.216330895164644 3.192969494883385
146 3.100000000000000 7.160000000000000
147 1.510000000000000 0.010000000000000
148 2.674077650063857 5.244688803746275
149 3.065107215429040 7.003092195168325
150 2.754965774203748 5.608430997205534
151 2.272854403068563 3.440445900591338
152 2.863292012923509 6.095558422895023
153 2.680605911982615 5.274045453255154
154 2.923170026795221 6.364821189676624
155 2.940006154682354 6.440530821370336
156 2.610049057424881 4.956761484646478
157 3.092985294117647 7.128455882352942
158 3.064287167891464 6.999404560015074
159 2.244211044482234 3.311640860407530
160 3.042103127321312 6.899646138583257
161 3.061134649676460 6.985228141626850
162 4.020000000000000 1.550000000000000
163 1.980000000000000 7.150000000000000
164 1.988218724109362 7.127438796562536
165 2.226746721673788 6.472656058150386
166 3.164769230769231 3.897692307692307
167 2.351172224038357 6.131095855580981
168 2.658050623438386 5.288684563110312
169 3.506085049348118 2.960746923358108
170 3.308565934946323 3.502956257010094
171 2.777817745803357 4.959912070343726
172 2.117850903035738 6.771585756372485
173 3.079166447541414 4.132680340082391
174 5.270000000000000 0.550000000000000
175 9.600000000000000 7.660000000000000
176 5.557832296471408 1.022629937162058
177 5.398423148836789 0.760874962639624
178 8.412731775427449 5.710467187826596
179 6.598397799756511 2.731272137706419
180 7.196719019191475 3.713734925277457
181 7.928544584815405 4.915416165828529
182 6.378582737743486 2.370328698696578
183 1.100000000000000 7.230000000000000
184 4.757418691108045 6.807683680547437
185 1.878481182795700 7.140110015929909
186 3.992942929860363 6.895956480865797
187 4.521618773273380 6.834911122040329
188 2.808804409084588 7.032687072589361
189 3.620819147889402 6.938925022139133
190 2.254749588133565 7.096662901588064
191 3.298337051341812 6.976161516947460
192 2.902790697674422 7.021834625322997
193 3.017265606200459 7.008616389697987
194 2.565093833780160 7.060827945119067
195 1.990000000000000 6.860000000000000
196 5.331403633772711 1.393092388077425
197 3.563588924387647 4.285433676487989
198 2.439245654853317 6.124984192476102
199 3.142622233519127 4.974181956825650
200 3.168574696284248 4.931720844134939
201 4.255332964436972 3.153663566518399
202 3.147105368921251 4.966847049181620
203 2.087740386508567 6.700085867629039
204 3.440053022269353 4.487552138564864
205 3.682185833534790 4.091395955688913
206 1.210000000000000 5.900000000000000
207 1.625593482719919 4.938274056013520
208 1.483889318195328 5.266192026483889
209 2.303374805598756 3.369818558838777
210 4.560000000000000 8.670000000000000
211 4.888270154831821 5.573318206086491
212 4.847505127899744 5.957868293479077
213 4.596714760856326 8.323657422588653
214 4.703269668030923 7.318489464908292
215 4.934236698736525 5.139700475252116
216 5.085453521678458 3.713221778833208
217 4.731964026689875 7.047806014892178
218 5.111276611133881 3.469623968303718
219 5.180971830483059 2.812165732443144
220 4.662656227936677 7.701609583130677
221 4.862532249481623 5.816112446556692
222 4.762092050209205 6.763598326359833
223 4.855792000000000 5.879695466666666
224 4.647352975886078 7.845970260807993
225 4.766144124764722 6.725373756386125
226 2.910000000000000 3.650000000000000
227 7.230000000000000 7.850000000000000
228 5.254740755427779 5.929609067777006
229 6.251899441340782 6.899068901303537
230 4.765700597568514 5.454153358747166
231 3.819888798001459 4.534614109168086
232 6.090664146868252 6.742312365010800
233 3.319827478042660 4.048443381430364
234 4.286479277800575 4.988243742306114
235 5.018798759208996 5.700221015897634
236 3.624468209358347 4.344621870209504
237 9.140000000000001 5.660000000000000
238 1.070000000000000 6.220000000000000
239 4.482137622689392 5.983222172403214
240 1.241452522750407 6.208102427169736
241 2.970553258970790 6.088115263318012
242 1.862406742929623 6.165012667157300
243 4.653210679037934 5.971350931813972
244 4.929503266435171 5.952178211994585
245 8.983853428060483 5.670835449849583
246 3.231197371106831 6.070028435214396
247 0.630000000000000 7.600000000000000
248 8.363704862098379 9.010878589707136
249 3.349676019167998 8.096157111604972
250 6.299449681654411 8.634291495977495
251 2.648596950517836 7.968257551783659
252 2.619571474223510 7.962962363540775
253 2.096433894272820 7.867525102333555
254 2.792549407526188 7.994519148670318
255 3.670000000000000 7.380000000000000
256 2.769967807320854 7.259482868786553
257 2.296625573552988 7.196100860276326
258 2.893928660397335 7.276081615494800
259 2.954455129200744 7.284186299351666
260 8.650000000000000 8.119999999999999
261 8.893722198306788 8.431737695508682
262 7.910000000000000 6.450000000000000
263 4.070000000000000 7.490000000000000
264 4.936891054030117 7.255217006200177
265 6.534471256210078 6.822539034776438
266 4.291608190040752 7.429981115197297
267 7.550000000000000 9.900000000000000
268 8.448929069642665 8.917755553170942
269 2.340000000000000 9.980000000000000
270 6.025936902619057 3.102817726429181
271 5.674441458672106 3.758634225793360
272 3.871540657519108 7.122467562681453
273 2.972233063714349 8.800386204806649
274 4.379838263460311 6.174091240017473
275 4.007727734507281 6.868371147985100
276 4.647435344827587 5.674811422413793
277 3.535971845909332 7.748568319079694
278 4.023725247016500 6.838523157540267
279 7.910000000000000 1.880000000000000
280 7.221484486094600 2.326868778702472
281 5.306452618603251 3.569786235925890
282 3.163639510036538 4.960541066389188
283 3.153731800905306 4.966971489218880
284 1.743367230574026 5.882343590995180
285 3.619907120743035 4.664408668730649
286 3.539716528236578 4.716454950060648
287 4.250000000000000 6.560000000000000
288 4.488679245283019 6.801572327044026
289 5.603350029463759 7.929754272245138
290 4.459559161181693 6.772099272226320
291 7.190000000000000 4.090000000000000
292 7.226293193717278 2.057581151832461
293 5.580000000000000 6.650000000000000
294 8.180000000000000 7.120000000000000
295 5.652476038338659 6.663101437699681
296 4.430000000000000 3.120000000000000
297 8.600000000000000 5.260000000000000
298 6.834248406653195 4.353834913726100
299 3.960000000000000 0.310000000000000
300 2.400000000000000 9.420000000000000
301 3.420295546328423 3.461735623684660
302 2.913525087857673 6.421145160010641
303 3.162510132688129 4.967136340519964
304 2.640850948325586 8.013492218431994
305 2.748679272526005 7.383802453389805
306 2.808418290854572 7.034941904047977
307 3.272797820368282 4.323084523362144
308 2.810387255817878 7.023443653525082
309 2.830000000000000 6.360000000000000
310 4.920000000000000 7.890000000000000
311 3.483798701298701 6.838618188032064
312 3.601510758431253 6.924790172440104
313 4.888754963793506 7.867126839523475
314 3.117185338274107 6.570236156726978
315 3.576728719172634 6.906648296810588
316 4.380000000000000 4.990000000000000
317 0.120000000000000 4.910000000000000
318 1.343563858858659 4.932977725048989
319 3.942664881966415 4.981787133933642
320 3.481214704315397 4.973121402897942
321 3.170000000000000 9.270000000000000
322 2.464443833928159 7.594599070531748
323 2.260788024394752 7.111001663278508
324 2.736471506146006 8.240551068105901
325 2.259286015082295 7.107435019091737
326 0.920000000000000 8.740000000000000
327 3.313706725468577 6.964762954796031
328 4.821829319032870 5.846298830382322
329 2.968990822296366 7.220413504995518
330 3.344303797468354 6.942071346375144
331 3.017896675568652 7.005847683948799
332 3.564089776651077 4.609521613706892
333 5.588367731303461 6.600061602448403
334 7.980000000000000 2.430000000000000
335 7.660000000000000 8.109999999999999
336 3.210000000000000 7.720000000000000
337 3.760000000000000 3.750000000000000
338 3.021209561242819 6.991312981307914
339 6.210000000000000 8.279999999999999
594
1 2
2 5
5 4
4 11
11 9
9 3
3 14
14 10
10 12
12 7
7 8
8 6
6 13
13 0
15 18
18 2
2 19
19 20
20 21
21 17
17 16
22 28
28 26
26 27
27 24
24 25
25 23
29 35
35 44
44 41
41 36
36 34
34 37
37 43
43 38
38 33
33 31
31 40
40 24
24 42
42 45
45 39
39 32
32 30
46 53
53 49
49 54
54 55
55 48
48 50
50 51
51 52
52 47
56 70
70 59
59 62
62 57
57 68
68 60
60 67
67 71
71 48
48 61
61 66
66 63
63 65
65 69
69 64
64 31
31 58
58 23
72 75
75 32
32 74
74 73
77 80
80 81
81 79
79 82
82 78
78 76
83 88
88 85
85 93
93 57
57 86
86 91
91 49
49 87
87 92
92 90
90 89
89 84
77 96
96 95
95 97
97 104
104 94
94 102
102 101
101 103
103 105
105 98
98 33
33 58
58 99
99 25
25 100
100 73
106 110
110 114
114 108
108 111
111 118
118 113
113 119
119 115
115 94
94 78
78 116
116 112
112 117
117 34
34 109
109 120
120 107
121 17
17 122
122 124
124 108
108 123
123 46
125 128
128 127
127 130
130 129
129 126
131 139
139 134
134 136
136 95
95 137
137 79
79 135
135 127
127 133
133 138
138 35
35 132
141 128
128 133
133 144
144 142
142 143
143 36
36 109
109 145
145 140
147 122
122 110
110 59
59 159
159 151
151 85
85 156
156 148
148 153
153 150
150 152
152 154
154 155
155 3
3 160
160 161
161 158
158 149
149 157
157 146
163 164
164 4
4 172
172 165
165 167
167 168
168 148
148 171
171 173
173 166
166 60
60 170
170 86
86 123
123 111
111 169
169 134
134 162
174 177
177 176
176 135
135 182
182 129
129 179
179 112
112 180
180 37
37 181
181 178
178 175
183 185
185 164
164 190
190 194
194 188
188 192
192 193
193 149
149 191
191 189
189 186
186 187
187 184
184 22
195 5
5 203
203 165
165 198
198 150
150 199
199 202
202 200
200 204
204 197
197 205
205 50
50 61
61 201
201 87
87 113
113 136
136 96
96 80
80 196
196 176
176 141
206 208
208 207
207 88
88 151
151 209
209 62
62 114
114 124
124 131
210 213
213 224
224 220
220 214
214 217
217 184
184 222
222 225
225 6
6 212
212 223
223 221
221 211
211 215
215 63
63 216
216 218
218 89
89 115
115 219
219 97
97 137
137 81
81 196
196 177
177 125
226 166
166 233
233 197
197 236
236 51
51 231
231 234
234 230
230 211
211 235
235 228
228 26
26 232
232 229
229 227
238 240
240 242
242 167
167 198
198 152
152 241
241 246
246 239
239 243
243 212
212 244
244 228
228 64
64 98
98 38
38 178
178 245
245 237
247 253
253 252
252 251
251 254
254 249
249 213
213 250
250 39
39 248
248 73
1 18
18 185
185 257
257 256
256 258
258 259
259 255
260 261
261 73
263 266
266 214
214 264
264 229
229 265
265 27
27 40
40 99
99 262
267 74
74 248
248 268
268 261
261 100
100 175
269 273
273 249
249 277
277 272
272 186
186 275
275 278
278 7
7 274
274 239
239 276
276 230
230 215
215 65
65 271
271 101
101 270
270 76
1 19
19 240
240 284
284 168
168 153
153 199
199 283
283 282
282 286
286 285
285 52
52 231
231 66
66 216
216 281
281 102
102 270
270 116
116 179
179 142
142 280
280 41
41 279
287 8
8 290
290 288
288 187
187 217
217 264
264 289
289 250
250 75
75 267
291 180
180 117
117 143
143 280
280 292
292 138
138 29
293 295
295 28
28 232
232 265
265 42
42 294
296 90
90 218
218 281
281 271
271 103
103 298
298 43
43 181
181 297
300 304
304 251
251 305
305 256
256 306
306 188
188 308
308 9
9 302
302 154
154 241
241 303
303 282
282 200
200 307
307 233
233 67
67 301
301 91
91 53
53 118
118 169
169 139
139 299
226 68
68 170
170 301
301 54
54 201
201 92
92 119
119 219
219 104
104 82
82 182
182 130
130 144
144 292
292 44
44 132
309 302
302 155
155 314
314 10
10 311
311 315
315 312
312 189
189 272
272 266
266 220
220 313
313 310
317 20
20 318
318 207
207 156
156 171
171 202
202 283
283 303
303 320
320 319
319 234
234 316
121 21
21 318
318 208
208 284
284 242
242 203
203 172
172 11
11 190
190 325
325 323
323 257
257 322
322 252
252 304
304 324
324 273
273 321
326 253
253 322
322 305
305 258
258 329
329 157
157 191
191 327
327 330
330 311
311 12
12 274
274 243
243 328
328 221
221 235
235 69
69 105
105 298
298 291
163 323
323 306
306 192
192 331
331 158
158 327
327 312
312 275
275 288
288 222
222 293
106 70
70 159
159 209
209 93
93 173
173 307
307 204
204 332
332 285
285 319
319 276
276 328
328 223
223 244
244 13
13 333
333 295
295 22
334 120
120 145
145 245
245 175
336 277
277 224
224 313
313 289
289 335
269 324
324 254
254 259
259 329
329 193
193 331
331 338
338 160
160 14
14 314
314 246
246 320
320 286
286 332
332 236
236 205
205 71
71 55
55 337
339 45
45 268
268 73
163 325
325 194
194 308
308 338
338 161
161 330
330 315
315 278
278 290
290 225
225 333
333 0
551
0 0.200000000000000 4.500000000000000
1 0.300000000000000 3.900000000000000
2 0.300000000000000 2.600000000000000
3 0.300000000000000 5.300000000000000
4 0.300000000000000 2.400000000000000
5 0.400000000000000 6.700000000000000
6 0.400000000000000 6.200000000000000
7 0.400000000000000 5.700000000000000
8 0.400000000000000 3.800000000000000
9 0.500000000000000 3.500000000000000
10 0.500000000000000 4.100000000000000
11 0.500000000000000 2.800000000000000
12 0.500000000000000 6.200000000000000
13 0.500000000000000 4.900000000000000
14 0.600000000000000 6.800000000000000
15 0.600000000000000 2.500000000000000
16 0.600000000000000 6.900000000000000
17 0.600000000000000 3.900000000000000
18 0.700000000000000 5.700000000000000
19 0.700000000000000 5.900000000000000
20 0.700000000000000 3.800000000000000
21 0.700000000000000 2.600000000000000
22 0.700000000000000 2.900000000000000
23 0.800000000000000 3.000000000000000
24 0.800000000000000 5.800000000000000
25 0.800000000000000 6.500000000000000
26 0.900000000000000 6.200000000000000
27 0.900000000000000 3.700000000000000
28 1.000000000000000 3.300000000000000
29 1.000000000000000 5.200000000000000
30 1.000000000000000 2.700000000000000
31 1.100000000000000 4.800000000000000
32 1.100000000000000 3.600000000000000
33 1.100000000000000 2.800000000000000
34 1.100000000000000 6.800000000000000
35 1.200000000000000 4.900000000000000
36 1.200000000000000 3.100000000000000
37 1.200000000000000 5.200000000000000
38 1.300000000000000 5.400000000000000
39 1.300000000000000 4.200000000000000
40 1.300000000000000 6.300000000000000
41 1.400000000000000 6.000000000000000
42 1.400000000000000 4.300000000000000
43 1.400000000000000 5.300000000000000
44 1.500000000000000 4.500000000000000
45 1.500000000000000 4.700000000000000
46 1.500000000000000 3.600000000000000
47 1.600000000000000 6.900000000000000
48 1.600000000000000 3.600000000000000
49 1.600000000000000 3.400000000000000
50 1.700000000000000 4.500000000000000
51 1.700000000000000 2.800000000000000
52 1.700000000000000 3.500000000000000
53 1.700000000000000 6.000000000000000
54 1.800000000000000 3.900000000000000
55 1.800000000000000 6.200000000000000
56 1.800000000000000 5.200000000000000
57 1.800000000000000 4.300000000000000
58 1.800000000000000 5.700000000000000
59 1.900000000000000 7.100000000000000
60 1.900000000000000 5.600000000000000
61 1.900000000000000 5.500000000000000
62 1.900000000000000 4.200000000000000
63 1.900000000000000 3.400000000000000
64 1.900000000000000 2.800000000000000
65 1.900000000000000 3.900000000000000
66 1.900000000000000 3.800000000000000
67 2.000000000000000 2.900000000000000
68 2.000000000000000 4.900000000000000
69 2.000000000000000 4.600000000000000
70 2.000000000000000 4.100000000000000
71 2.000000000000000 3.700000000000000
72 2.000000000000000 5.100000000000000
73 2.100000000000000 7.500000000000000
74 2.100000000000000 5.800000000000000
75 2.100000000000000 6.500000000000000
76 2.100000000000000 3.700000000000000
77 2.100000000000000 3.400000000000000
78 2.200000000000000 5.600000000000000
79 2.200000000000000 3.900000000000000
80 2.200000000000000 4.100000000000000
81 2.200000000000000 5.400000000000000
82 2.200000000000000 7.000000000000000
83 2.200000000000000 4.800000000000000
84 2.300000000000000 6.700000000000000
85 2.300000000000000 7.500000000000000
86 2.300000000000000 2.800000000000000
87 2.300000000000000 2.800000000000000
88 2.300000000000000 6.900000000000000
89 2.300000000000000 4.900000000000000
90 2.400000000000000 9.199999999999999
91 2.400000000000000 9.699999999999999
92 2.400000000000000 5.100000000000000
93 2.400000000000000 6.600000000000000
94 2.400000000000000 8.699999999999999
95 2.400000000000000 3.800000000000000
96 2.400000000000000 5.400000000000000
97 2.400000000000000 8.900000000000000
98 2.400000000000000 4.500000000000000
99 2.400000000000000 4.200000000000000
100 2.400000000000000 8.500000000000000
101 2.500000000000000 9.300000000000001
102 2.500000000000000 6.300000000000000
103 2.500000000000000 7.800000000000000
104 2.500000000000000 7.000000000000000
105 2.500000000000000 3.400000000000000
106 2.500000000000000 7.100000000000000
107 2.600000000000000 7.200000000000000
108 2.600000000000000 4.600000000000000
109 2.600000000000000 6.700000000000000
110 2.600000000000000 6.800000000000000
111 2.600000000000000 5.600000000000000
112 2.600000000000000 5.400000000000000
113 2.600000000000000 3.000000000000000
114 2.700000000000000 3.200000000000000
115 2.700000000000000 3.800000000000000
116 2.700000000000000 8.400000000000000
117 2.700000000000000 2.800000000000000
118 2.700000000000000 2.800000000000000
119 2.800000000000000 5.600000000000000
120 2.800000000000000 3.900000000000000
121 2.800000000000000 4.000000000000000
122 2.800000000000000 6.100000000000000
123 2.800000000000000 8.699999999999999
124 2.800000000000000 4.200000000000000
125 2.800000000000000 7.500000000000000
126 2.800000000000000 6.600000000000000
127 2.800000000000000 3.500000000000000
128 2.900000000000000 6.800000000000000
129 2.900000000000000 2.500000000000000
130 2.900000000000000 8.300000000000001
131 2.900000000000000 6.600000000000000
132 2.900000000000000 6.500000000000000
133 2.900000000000000 8.100000000000000
134 2.900000000000000 7.800000000000000
135 3.000000000000000 2.900000000000000
136 3.000000000000000 4.800000000000000
137 3.000000000000000 6.000000000000000
138 3.000000000000000 7.500000000000000
139 3.000000000000000 5.200000000000000
140 3.000000000000000 6.800000000000000
141 3.000000000000000 5.700000000000000
142 3.000000000000000 3.200000000000000
143 3.000000000000000 5.800000000000000
144 3.000000000000000 8.500000000000000
145 3.000000000000000 7.000000000000000
146 3.100000000000000 7.500000000000000
147 3.100000000000000 5.300000000000000
148 3.100000000000000 8.100000000000000
149 3.100000000000000 3.200000000000000
150 3.100000000000000 3.100000000000000
151 3.100000000000000 4.400000000000000
152 3.100000000000000 6.300000000000000
153 3.100000000000000 5.200000000000000
154 3.100000000000000 2.600000000000000
155 3.100000000000000 2.500000000000000
156 3.200000000000000 5.100000000000000
157 3.200000000000000 6.400000000000000
158 3.200000000000000 3.100000000000000
159 3.200000000000000 6.100000000000000
160 3.200000000000000 7.200000000000000
161 3.200000000000000 3.000000000000000
162 3.200000000000000 5.600000000000000
163 3.200000000000000 4.700000000000000
164 3.300000000000000 4.000000000000000
165 3.300000000000000 2.300000000000000
166 3.300000000000000 7.200000000000000
167 3.400000000000000 4.800000000000000
168 3.400000000000000 6.000000000000000
169 3.400000000000000 4.200000000000000
170 3.400000000000000 2.500000000000000
171 3.400000000000000 2.700000000000000
172 3.400000000000000 7.000000000000000
173 3.400000000000000 7.600000000000000
174 3.400000000000000 6.600000000000000
175 3.500000000000000 5.600000000000000
176 3.500000000000000 8.000000000000000
177 3.500000000000000 5.900000000000000
178 3.500000000000000 6.300000000000000
179 3.500000000000000 2.300000000000000
180 3.500000000000000 4.800000000000000
181 3.600000000000000 4.300000000000000
182 3.600000000000000 4.800000000000000
183 3.600000000000000 3.300000000000000
184 3.600000000000000 7.200000000000000
185 3.700000000000000 5.300000000000000
186 3.700000000000000 3.900000000000000
187 3.700000000000000 5.200000000000000
188 3.700000000000000 6.900000000000000
189 3.700000000000000 6.800000000000000
190 3.700000000000000 3.200000000000000
191 3.700000000000000 2.900000000000000
192 3.700000000000000 7.200000000000000
193 3.900000000000000 3.500000000000000
194 3.900000000000000 4.700000000000000
195 3.900000000000000 2.800000000000000
196 3.900000000000000 5.900000000000000
197 3.900000000000000 3.300000000000000
198 4.000000000000000 4.900000000000000
199 4.000000000000000 6.900000000000000
200 4.000000000000000 7.600000000000000
201 4.000000000000000 3.500000000000000
202 4.000000000000000 3.000000000000000
203 4.000000000000000 5.800000000000000
204 4.000000000000000 2.400000000000000
205 4.100000000000000 2.300000000000000
206 4.100000000000000 6.800000000000000
207 4.100000000000000 2.900000000000000
208 4.100000000000000 8.199999999999999
209 4.100000000000000 2.200000000000000
210 4.100000000000000 5.600000000000000
211 4.100000000000000 8.000000000000000
212 4.100000000000000 5.400000000000000
213 4.200000000000000 2.700000000000000
214 4.200000000000000 7.300000000000000
215 4.200000000000000 6.700000000000000
216 4.200000000000000 4.300000000000000
217 4.200000000000000 5.000000000000000
218 4.300000000000000 5.500000000000000
219 4.300000000000000 2.700000000000000
220 4.300000000000000 7.000000000000000
221 4.300000000000000 7.100000000000000
222 4.300000000000000 6.700000000000000
223 4.300000000000000 2.300000000000000
224 4.300000000000000 3.800000000000000
225 4.300000000000000 5.500000000000000
226 4.300000000000000 3.000000000000000
227 4.400000000000000 0.900000000000000
228 4.400000000000000 2.800000000000000
229 4.400000000000000 6.600000000000000
230 4.400000000000000 5.500000000000000
231 4.400000000000000 7.900000000000000
232 4.400000000000000 4.600000000000000
233 4.400000000000000 3.800000000000000
234 4.500000000000000 7.000000000000000
235 4.500000000000000 5.800000000000000
236 4.500000000000000 5.700000000000000
237 4.500000000000000 3.300000000000000
238 4.500000000000000 4.600000000000000
239 4.600000000000000 2.600000000000000
240 4.600000000000000 1.300000000000000
241 4.600000000000000 2.600000000000000
242 4.600000000000000 7.100000000000000
243 4.600000000000000 2.500000000000000
244 4.600000000000000 4.000000000000000
245 4.600000000000000 8.300000000000001
246 4.600000000000000 5.700000000000000
247 4.600000000000000 4.200000000000000
248 4.700000000000000 6.400000000000000
249 4.700000000000000 4.100000000000000
250 4.700000000000000 4.000000000000000
251 4.700000000000000 5.000000000000000
252 4.700000000000000 1.900000000000000
253 4.800000000000000 4.600000000000000
254 4.800000000000000 4.200000000000000
255 4.800000000000000 6.800000000000000
256 4.800000000000000 8.300000000000001
257 4.900000000000000 5.200000000000000
258 4.900000000000000 5.800000000000000
259 4.900000000000000 1.800000000000000
260 4.900000000000000 6.000000000000000
261 4.900000000000000 2.500000000000000
262 4.900000000000000 7.800000000000000
263 5.000000000000000 3.300000000000000
264 5.000000000000000 6.400000000000000
265 5.000000000000000 7.900000000000000
266 5.000000000000000 5.600000000000000
267 5.000000000000000 6.100000000000000
268 5.000000000000000 1.700000000000000
269 5.100000000000000 7.200000000000000
270 5.100000000000000 7.600000000000000
271 5.100000000000000 6.900000000000000
272 5.100000000000000 4.800000000000000
273 5.100000000000000 6.500000000000000
274 5.200000000000000 2.200000000000000
275 5.200000000000000 2.200000000000000
276 5.200000000000000 8.300000000000001
277 5.200000000000000 4.500000000000000
278 5.200000000000000 3.700000000000000
279 5.200000000000000 3.400000000000000
280 5.300000000000000 2.600000000000000
281 5.300000000000000 5.300000000000000
282 5.300000000000000 5.600000000000000
283 5.300000000000000 7.200000000000000
284 5.400000000000000 8.300000000000001
285 5.400000000000000 7.900000000000000
286 5.400000000000000 8.000000000000000
287 5.400000000000000 4.300000000000000
288 5.400000000000000 4.800000000000000
289 5.400000000000000 8.199999999999999
290 5.400000000000000 8.100000000000000
291 5.400000000000000 6.200000000000000
292 5.400000000000000 4.500000000000000
293 5.500000000000000 1.000000000000000
294 5.500000000000000 0.900000000000000
295 5.500000000000000 4.500000000000000
296 5.500000000000000 5.700000000000000
297 5.600000000000000 2.300000000000000
298 5.600000000000000 6.200000000000000
299 5.600000000000000 0.600000000000000
300 5.600000000000000 8.400000000000000
301 5.600000000000000 3.500000000000000
302 5.600000000000000 4.600000000000000
303 5.600000000000000 2.100000000000000
304 5.600000000000000 0.700000000000000
305 5.600000000000000 2.500000000000000
306 5.700000000000000 1.700000000000000
307 5.700000000000000 6.000000000000000
308 5.700000000000000 2.300000000000000
309 5.700000000000000 2.200000000000000
310 5.700000000000000 3.800000000000000
311 5.700000000000000 2.300000000000000
312 5.700000000000000 5.500000000000000
313 5.800000000000000 1.000000000000000
314 5.800000000000000 1.200000000000000
315 5.800000000000000 8.300000000000001
316 5.800000000000000 1.900000000000000
317 5.800000000000000 2.000000000000000
318 5.800000000000000 8.000000000000000
319 5.900000000000000 8.300000000000001
320 5.900000000000000 4.700000000000000
321 5.900000000000000 4.500000000000000
322 5.900000000000000 2.000000000000000
323 5.900000000000000 3.200000000000000
324 5.900000000000000 2.300000000000000
325 5.900000000000000 1.700000000000000
326 5.900000000000000 8.100000000000000
327 5.900000000000000 1.300000000000000
328 6.000000000000000 1.900000000000000
329 6.000000000000000 1.400000000000000
330 6.000000000000000 7.800000000000000
331 6.000000000000000 5.700000000000000
332 6.000000000000000 4.700000000000000
333 6.000000000000000 4.700000000000000
334 6.100000000000000 4.400000000000000
335 6.100000000000000 2.900000000000000
336 6.100000000000000 4.100000000000000
337 6.100000000000000 4.000000000000000
338 6.100000000000000 1.800000000000000
339 6.100000000000000 4.500000000000000
340 6.100000000000000 2.900000000000000
341 6.100000000000000 7.000000000000000
342 6.200000000000000 7.600000000000000
343 6.200000000000000 5.600000000000000
344 6.200000000000000 3.000000000000000
345 6.200000000000000 2.300000000000000
346 6.200000000000000 6.300000000000000
347 6.200000000000000 4.500000000000000
348 6.200000000000000 8.600000000000000
349 6.200000000000000 7.400000000000000
350 6.200000000000000 7.100000000000000
351 6.200000000000000 7.600000000000000
352 6.300000000000000 6.500000000000000
353 6.300000000000000 7.400000000000000
354 6.300000000000000 3.600000000000000
355 6.300000000000000 8.000000000000000
356 6.300000000000000 6.700000000000000
357 6.300000000000000 2.500000000000000
358 6.300000000000000 2.000000000000000
359 6.300000000000000 3.700000000000000
360 6.400000000000000 8.199999999999999
361 6.400000000000000 3.800000000000000
362 6.400000000000000 5.800000000000000
363 6.400000000000000 8.699999999999999
364 6.400000000000000 7.600000000000000
365 6.400000000000000 7.300000000000000
366 6.500000000000000 7.400000000000000
367 6.500000000000000 8.800000000000001
368 6.500000000000000 3.600000000000000
369 6.500000000000000 7.100000000000000
370 6.500000000000000 6.000000000000000
371 6.500000000000000 8.300000000000001
372 6.500000000000000 7.500000000000000
373 6.600000000000000 6.300000000000000
374 6.600000000000000 7.200000000000000
375 6.600000000000000 8.000000000000000
376 6.600000000000000 2.500000000000000
377 6.600000000000000 6.600000000000000
378 6.600000000000000 4.000000000000000
379 6.600000000000000 2.500000000000000
380 6.700000000000000 6.300000000000000
381 6.700000000000000 7.700000000000000
382 6.700000000000000 5.400000000000000
383 6.700000000000000 7.100000000000000
384 6.700000000000000 4.300000000000000
385 6.700000000000000 5.500000000000000
386 6.700000000000000 8.000000000000000
387 6.700000000000000 7.300000000000000
388 6.700000000000000 3.900000000000000
389 6.700000000000000 5.800000000000000
390 6.800000000000000 6.600000000000000
391 6.800000000000000 2.900000000000000
392 6.800000000000000 5.100000000000000
393 6.800000000000000 4.400000000000000
394 6.800000000000000 8.900000000000000
395 6.800000000000000 8.300000000000001
396 6.800000000000000 5.700000000000000
397 6.800000000000000 6.100000000000000
398 6.800000000000000 3.300000000000000
399 6.900000000000000 4.100000000000000
400 6.900000000000000 3.100000000000000
401 6.900000000000000 2.400000000000000
402 6.900000000000000 7.700000000000000
403 6.900000000000000 5.900000000000000
404 6.900000000000000 3.500000000000000
405 6.900000000000000 5.600000000000000
406 6.900000000000000 4.100000000000000
407 6.900000000000000 2.700000000000000
408 6.900000000000000 5.700000000000000
409 6.900000000000000 9.199999999999999
410 6.900000000000000 3.900000000000000
411 6.900000000000000 7.500000000000000
412 6.900000000000000 4.400000000000000
413 7.000000000000000 4.500000000000000
414 7.000000000000000 4.600000000000000
415 7.000000000000000 3.300000000000000
416 7.000000000000000 2.100000000000000
417 7.000000000000000 8.600000000000000
418 7.000000000000000 4.100000000000000
419 7.000000000000000 4.600000000000000
420 7.000000000000000 3.900000000000000
421 7.000000000000000 3.200000000000000
422 7.000000000000000 3.000000000000000
423 7.100000000000000 6.200000000000000
424 7.100000000000000 6.200000000000000
425 7.100000000000000 1.900000000000000
426 7.100000000000000 8.199999999999999
427 7.100000000000000 8.300000000000001
428 7.100000000000000 6.000000000000000
429 7.100000000000000 3.300000000000000
430 7.100000000000000 6.500000000000000
431 7.100000000000000 7.600000000000000
432 7.100000000000000 6.000000000000000
433 7.200000000000000 9.400000000000000
434 7.200000000000000 5.700000000000000
435 7.200000000000000 4.300000000000000
436 7.200000000000000 3.000000000000000
437 7.200000000000000 5.200000000000000
438 7.200000000000000 2.600000000000000
439 7.200000000000000 8.800000000000001
440 7.200000000000000 7.100000000000000
441 7.300000000000000 8.600000000000000
442 7.300000000000000 5.000000000000000
443 7.300000000000000 4.400000000000000
444 7.300000000000000 9.500000000000000
445 7.300000000000000 6.400000000000000
446 7.300000000000000 9.100000000000000
447 7.300000000000000 8.300000000000001
448 7.300000000000000 5.600000000000000
449 7.400000000000000 4.600000000000000
450 7.400000000000000 3.400000000000000
451 7.400000000000000 6.200000000000000
452 7.400000000000000 6.800000000000000
453 7.400000000000000 7.300000000000000
454 7.500000000000000 3.600000000000000
455 7.500000000000000 2.700000000000000
456 7.500000000000000 8.800000000000001
457 7.500000000000000 8.699999999999999
458 7.500000000000000 3.100000000000000
459 7.500000000000000 2.400000000000000
460 7.500000000000000 9.400000000000000
461 7.500000000000000 3.800000000000000
462 7.500000000000000 9.300000000000001
463 7.600000000000000 7.200000000000000
464 7.600000000000000 3.000000000000000
465 7.600000000000000 6.500000000000000
466 7.600000000000000 5.300000000000000
467 7.700000000000000 9.699999999999999
468 7.700000000000000 6.500000000000000
469 7.700000000000000 8.199999999999999
470 7.700000000000000 5.400000000000000
471 7.700000000000000 6.900000000000000
472 7.700000000000000 2.900000000000000
473 7.700000000000000 3.600000000000000
474 7.700000000000000 8.400000000000000
475 7.700000000000000 9.300000000000001
476 7.700000000000000 3.800000000000000
477 7.700000000000000 9.300000000000001
478 7.800000000000000 3.700000000000000
479 7.800000000000000 2.700000000000000
480 7.800000000000000 2.100000000000000
481 7.800000000000000 3.100000000000000
482 7.800000000000000 9.300000000000001
483 7.800000000000000 9.100000000000000
484 7.800000000000000 4.300000000000000
485 7.800000000000000 7.500000000000000
486 7.800000000000000 9.100000000000000
487 7.900000000000000 4.600000000000000
488 7.900000000000000 4.500000000000000
489 7.900000000000000 6.700000000000000
490 7.900000000000000 3.300000000000000
491 7.900000000000000 6.000000000000000
492 7.900000000000000 3.400000000000000
493 7.900000000000000 4.600000000000000
494 7.900000000000000 3.900000000000000
495 8.000000000000000 9.100000000000000
496 8.000000000000000 2.100000000000000
497 8.000000000000000 7.400000000000000
498 8.000000000000000 8.100000000000000
499 8.000000000000000 4.900000000000000
500 8.000000000000000 6.400000000000000
501 8.000000000000000 6.400000000000000
502 8.000000000000000 2.200000000000000
503 8.100000000000000 6.000000000000000
504 8.100000000000000 6.500000000000000
505 8.100000000000000 7.400000000000000
506 8.199999999999999 8.900000000000000
507 8.199999999999999 6.000000000000000
508 8.199999999999999 3.600000000000000
509 8.199999999999999 6.200000000000000
510 8.300000000000001 3.800000000000000
511 8.300000000000001 4.800000000000000
512 8.300000000000001 8.199999999999999
513 8.300000000000001 4.900000000000000
514 8.300000000000001 5.900000000000000
515 8.400000000000000 9.199999999999999
516 8.400000000000000 4.600000000000000
517 8.400000000000000 6.600000000000000
518 8.400000000000000 7.300000000000000
519 8.400000000000000 5.200000000000000
520 8.500000000000000 7.800000000000000
521 8.699999999999999 6.500000000000000
522 8.699999999999999 5.300000000000000
523 8.699999999999999 7.900000000000000
524 8.699999999999999 6.000000000000000
525 8.699999999999999 6.400000000000000
526 8.699999999999999 7.100000000000000
527 8.699999999999999 7.800000000000000
528 8.800000000000001 6.800000000000000
529 8.800000000000001 6.900000000000000
530 8.900000000000000 8.100000000000000
531 8.900000000000000 8.800000000000001
532 9.000000000000000 7.200000000000000
533 9.000000000000000 6.100000000000000
534 9.000000000000000 8.000000000000000
535 9.100000000000000 7.400000000000000
536 9.100000000000000 8.800000000000001
537 9.100000000000000 6.600000000000000
538 9.100000000000000 7.700000000000000
539 9.100000000000000 8.100000000000000
540 9.100000000000000 6.600000000000000
541 9.199999999999999 7.900000000000000
542 9.199999999999999 7.700000000000000
543 9.199999999999999 9.100000000000000
544 9.300000000000001 9.199999999999999
545 9.300000000000001 9.100000000000000
546 9.400000000000000 8.900000000000000
547 9.400000000000000 8.900000000000000
548 9.400000000000000 9.199999999999999
549 9.400000000000000 8.199999999999999
550 9.500000000000000 8.500000000000000
