392
0 5.690000000000000 8.640000000000001
1 3.440000000000000 1.740000000000000
2 3.828434952722530 2.931200521682426
3 4.974363311107497 6.445380820729658
4 4.260999876710640 4.257732955245962
5 5.122521569718899 6.899732813804622
6 3.720318198069360 2.599642474079371
7 3.652850076752516 2.392740235374382
8 3.583288700195950 2.179418680600914
9 4.541876982374433 5.119089412614928
10 5.473797415151834 7.976978739798956
11 4.285976383118303 4.334327574896129
12 4.989458854263855 6.491673819742489
13 4.573085988651244 5.214797031863815
14 4.510009060180507 5.021361117886888
15 4.909251170046802 6.245703588143525
16 5.090676658905704 6.802075087310827
17 4.021633371124751 3.523675671449236
18 4.976012977649604 6.450439798125451
19 4.230000000000000 2.110000000000000
20 2.230000000000000 6.200000000000000
21 2.782142429661880 5.070868731341456
22 3.147665206571882 4.323374652560502
23 3.566078408138738 3.467719655356281
24 3.937545606148247 2.708069235426835
25 4.110887315828464 2.353585439130792
26 3.228107108081791 4.158870963972737
27 4.190148899516920 2.191495500487899
28 2.909366778772116 4.810694937411023
29 3.490952403994460 3.621352333831330
30 2.408500005464063 5.834967488825992
31 3.268610951183298 4.076040604830157
32 4.052344702959115 2.473305082448612
33 3.399892557038425 3.807569720856422
34 4.720000000000000 6.580000000000000
35 8.140000000000001 4.770000000000000
36 4.927675370435907 6.470089935529534
37 8.105304760180287 4.788362100606339
38 6.933452167568881 5.408553092602434
39 6.707420244857636 5.528178174505169
40 7.201147178781306 5.266878247487087
41 6.768222196518420 5.495999363830895
42 6.380845850308635 5.701014330684611
43 6.021818526761283 5.891025867415812
44 5.586192373363688 6.121576550939101
45 5.858970781352594 5.977211370102867
46 5.035696377124516 6.412920923217727
47 5.918147228210346 5.945892841210314
48 7.155085717958193 5.291255804238500
49 4.992408414829724 6.435830634256784
50 4.250000000000000 8.990000000000000
51 1.220000000000000 0.900000000000000
52 2.516124632639765 4.360609992757656
53 1.968172136190716 2.897594911479502
54 1.778140426464144 2.390216518183147
55 1.685040428260748 2.141642595587278
56 1.760138649943168 2.342152368990176
57 1.509111502969590 1.671918171295044
58 2.667591535528372 4.765021624562552
59 4.088238273844113 8.558101529834612
60 1.606183357289051 1.931096818636444
61 3.250646506495732 6.321759154307087
62 3.556108768350160 7.137333312195641
63 3.734493631926481 7.613615010655193
64 2.468308270758682 4.232941884632917
65 3.718509808871259 7.570938730616661
66 2.416173840402077 4.093744676189043
67 2.125828695095179 3.318532720567658
68 1.000000000000000 4.450000000000000
69 9.650000000000000 3.940000000000000
70 3.933122222977354 4.277064470090353
71 1.611768492773227 4.413930412564816
72 8.121203862399671 4.030137113315164
73 6.748399178553984 4.111077042651731
74 7.871021673952350 4.044887739454833
75 6.423087783476696 4.130257252072473
76 3.323100143370583 4.313031089812833
77 6.868561800665312 4.103992310018577
78 6.712351611738256 4.113202390521791
79 5.451805775193316 4.187523590133111
80 4.204295319636177 4.261076229709312
81 1.561776616448827 4.416877910475272
82 5.826733422890154 4.165418029401852
83 4.870458992535492 4.221799527607734
84 5.932497251236943 4.159182242990655
85 5.272449996884542 4.198098323883108
86 6.749038868853398 4.111039326807488
87 3.442493723420608 4.305991699543988
88 7.862272487470325 4.045403587443946
89 4.988075337517175 4.214864922296675
90 2.140163742409044 4.382776472990912
91 7.040324269934676 4.093865274258187
92 7.661853301473688 4.057220209970915
93 2.294407229659267 4.373682348309107
94 1.617575164873743 4.413588053862935
95 5.880000000000000 8.570000000000000
96 3.100000000000000 2.440000000000000
97 4.293727438860355 5.072211942523014
98 5.589124460287177 7.928608971784316
99 3.735011986653229 3.840224272728163
100 4.944192863913749 6.506511602802619
101 4.417466160442757 5.345060274645361
102 4.390694657860449 5.286028148447679
103 4.701044699149932 5.970361153161543
104 5.080889186342762 6.807931910892492
105 3.665252952838355 3.686403093848602
106 4.935240118804899 6.486770477796414
107 3.118128195628011 2.479973323453132
108 2.480000000000000 0.720000000000000
109 1.380000000000000 5.400000000000000
110 2.101465441046491 2.330492487184021
111 2.143707834257417 2.150770305159351
112 2.317201079180804 1.412635408576218
113 1.577642415947466 4.559121357605328
114 2.394239680208843 1.084871178747831
115 2.092774135202351 2.367470042957269
116 1.597150727961707 4.476122357399282
117 2.065234863606121 2.484637125748503
118 1.556444347731476 4.649309502378810
119 1.605974025974026 4.438583234946872
120 8.830000000000000 4.460000000000000
121 5.120000000000000 2.210000000000000
122 7.881833266474600 3.884966266729879
123 5.202841740856858 2.260240947959010
124 5.827801414674929 2.639259618064310
125 8.153407210079262 4.049667445465860
126 6.673521728208993 3.152162773172570
127 6.884422855506570 3.280067769512071
128 5.636252744732618 2.523091287236762
129 6.164666284732168 2.843557719851045
130 7.727916861279776 3.791620737972910
131 5.883957860768712 2.673316761921725
132 6.967135233021932 3.330230262614379
133 7.865967475347378 3.875344156207978
134 8.020000000000000 8.130000000000001
135 5.640000000000000 9.150000000000000
136 6.748349381017881 8.674993122420908
137 6.746736596736598 8.675684315684316
138 7.265413975337640 8.453394010569584
139 7.450549833623832 8.374050071304072
140 3.120000000000000 2.300000000000000
141 8.930000000000000 5.200000000000000
142 3.356546039042134 2.418069451501237
143 6.332560275269092 3.903515455814177
144 6.890935670401156 4.182222623780267
145 6.711522028424919 4.092670203516741
146 4.811400037665201 3.144244424996399
147 6.211691249094621 3.843184960821755
148 5.256153943060909 3.366238629066546
149 6.006348748487950 3.740690425234949
150 4.947405537569899 3.212130130628693
151 6.750248144255406 4.111999934309927
152 4.266777126614157 2.872401663886584
153 8.296422753823919 4.883756624111767
154 4.831085760210746 3.154070345027739
155 7.056723839223840 4.264974033347528
156 7.295142427702224 4.383978148078564
157 3.182781734128973 2.331336838033394
158 8.109999999999999 0.510000000000000
159 7.870000000000000 4.060000000000000
160 8.007884731387207 2.020455014897545
161 8.019020236425566 1.855742336205170
162 7.985010064201017 2.358809467026625
163 8.029994715222561 1.693411503999617
164 7.883542495247204 3.859683924468445
165 9.300000000000001 1.910000000000000
166 5.660845249111045 2.221089035156636
167 8.145906367161214 2.008656391194283
168 5.861913731399511 2.203900922961009
169 4.864883658877919 2.289130913031403
170 6.632546434601897 2.138024256396934
171 8.432601079183550 1.984148617424632
172 5.776869435147930 2.211170838608322
173 6.283912917830652 2.167826798959638
174 4.649198414066540 2.307568522668505
175 4.495276135395421 2.320726394877488
176 6.842960878642099 2.120037215212853
177 3.993415473393833 2.363627386951817
178 7.153871848286761 2.093459342001293
179 6.851080231804167 2.119343141474805
180 3.136887296328848 2.436846731120276
181 0.020000000000000 5.390000000000000
182 3.050000000000000 8.260000000000000
183 2.057828409675151 7.320220308834219
184 0.743080642126138 6.074898165974263
185 1.317677658058025 6.619153425289284
186 0.814920343196526 6.142944351476577
187 4.810000000000000 0.090000000000000
188 5.609820431149886 2.093288556524950
189 7.602456287207826 7.084189579174741
190 5.886903720696823 2.787291562119148
191 6.745687427791198 4.938263837832160
192 7.726149294550659 7.394000102239035
193 7.090875981629230 5.802848253052652
194 6.284230508050537 3.782465197734056
195 5.713238929248867 2.352318065782209
196 6.086412504765535 3.286995806328632
197 6.260460548594649 3.722929224517439
198 7.027167378251525 5.643279040854287
199 5.847961189105302 2.689753258693654
200 7.239889800903178 6.176079127495812
201 6.726635967401664 4.890546161342487
202 1.988821828887627 2.147687996594778
203 1.931972484935351 2.055429632695085
204 1.604888722648214 1.524619412754816
205 3.724663554177343 4.964711139350659
206 2.163129621330942 2.430564642617072
207 4.115029018420389 5.598218521322231
208 4.192949620478932 5.724672526948667
209 2.774076086956518 3.422043478260865
210 3.096889928519114 3.945924226853876
211 2.735546843314857 3.359516020008112
212 2.376927731554700 2.777528432923056
213 9.789999999999999 3.990000000000000
214 1.850000000000000 2.200000000000000
215 1.225362399026226 3.853452473165873
216 1.100000000000000 2.130000000000000
217 1.878003426124198 2.145482655246253
218 1.209834372178050 2.132185758650309
219 4.684770294747242 2.201338712333278
220 1.844497052172509 2.144815861734776
221 4.613711408287931 2.199924605140058
222 4.336252035756940 2.194403025587203
223 3.897804070162946 2.185677692938566
224 3.251732764150318 2.172820552520404
225 6.670000000000000 0.230000000000000
226 8.251417224918768 2.135810501825184
227 7.924348519144323 1.741650779481621
228 2.990000000000000 0.290000000000000
229 1.270000000000000 3.160000000000000
230 2.679768594110692 0.807653566803671
231 2.486639631134501 1.129909452699989
232 1.866550394786718 2.164593236605883
233 1.920000000000000 1.040000000000000
234 0.470000000000000 3.270000000000000
235 1.082016938160455 2.328760157173921
236 6.400000000000000 2.440000000000000
237 5.793649692340336 2.173948334394229
238 6.247676880222841 2.373164345403899
239 4.404155742003146 1.564272417409544
240 3.304736424556487 1.081874145468663
241 6.397415587473512 2.438866023075112
242 6.770000000000000 5.540000000000000
243 6.217999352357114 5.435722581294498
244 5.326280897407973 5.267269701590068
245 1.655489071167797 4.573827224882652
246 4.660624693050391 5.141521822430663
247 4.471910662325548 5.105872204841395
248 5.723703630623519 5.342346093133386
249 5.644758007189716 5.327432621808803
250 3.976585872705829 5.012301317374238
251 5.579197575119122 5.315047722162885
252 1.702361862286643 4.582681876931099
253 6.132852147415483 5.419637580707604
254 2.165445189738875 4.670162089569390
255 1.552254082654852 4.554325294643638
256 8.590000000000000 6.670000000000000
257 3.130000000000000 8.960000000000001
258 7.708212509035247 7.039833947675693
259 7.983933125815845 6.924192883128519
260 6.391364311478888 7.592138411485961
261 6.039106858533362 7.739880090468609
262 6.727025231901830 7.451357549257291
263 7.337573514312494 7.195285101139998
264 1.420000000000000 0.610000000000000
265 6.590000000000000 3.130000000000000
266 5.583760513453469 2.639531236731671
267 6.151809324253535 2.916413829229963
268 4.600662243269937 2.160342137918809
269 3.629976445020159 1.687203218849285
270 5.764747846332945 2.727749433802519
271 6.686219462038332 3.466431685448713
272 7.780943567961165 7.294138349514563
273 7.331844254106691 5.723861028345075
274 6.681499180268707 3.449927203736737
275 6.906306734512371 4.235967603190108
276 7.267642343066052 5.499378821909275
277 7.128355801695450 5.012362942991087
278 7.019007981543843 4.630027907495954
279 6.610000000000000 1.580000000000000
280 6.685420009364758 3.446645231777743
281 6.711044771731781 4.080858100361583
282 6.614374240583232 1.688262454434995
283 6.640222131147541 2.327997745901639
284 6.743164384081338 4.875818506013127
285 7.080000000000000 6.840000000000000
286 4.330000000000000 2.360000000000000
287 6.551819578209553 5.979546076501381
288 5.570100059357246 4.380235733061986
289 5.125530559972428 3.655991603155083
290 5.821277620867254 4.789426815085562
291 5.056845058264997 3.544096676737158
292 6.528556223063863 5.941647956118584
293 4.820420810714428 3.158940084363866
294 6.181511136313872 5.376279960249507
295 7.240000000000000 8.279999999999999
296 6.663279252871605 8.416947067043866
297 6.568165151263226 8.439532689833815
298 7.179916117952333 8.294267410118342
299 1.460000000000000 1.800000000000000
300 6.235971974874025 6.083078069993787
301 4.932394785505384 4.914033757819775
302 4.666065920401936 4.675190789826646
303 5.680840412073016 5.585237664919573
304 5.750277608128366 5.647508744656044
305 5.764847487648799 5.660574971129885
306 6.258478906601065 6.103262222289922
307 3.597822121052432 3.717192791833497
308 5.813494458342692 5.704201435951453
309 2.865596794746691 3.060535203829773
310 2.427800502560514 2.667920735392348
311 1.080000000000000 3.610000000000000
312 3.540000000000000 7.730000000000000
313 2.882937520681669 6.629553896426209
314 3.396940769927484 7.490404866707820
315 1.669684995310788 4.597602512471727
316 1.974760076775432 5.108541266794626
317 1.592312057285133 4.468018567485669
318 7.411567665980293 7.967320466734140
319 5.553508823965593 6.306783330861634
320 5.927234929683635 6.184279286707027
321 5.074234199302055 6.463885226832105
322 6.028411687658459 6.151114458677275
323 6.360329616313690 6.042314757597888
324 7.200668944793106 5.766859110732901
325 4.894982032390923 6.522642469192524
326 0.290000000000000 8.800000000000001
327 9.680000000000000 0.940000000000000
328 4.331729128726156 5.416827374676508
329 5.949536934950385 4.062624035281147
330 5.383882728448394 4.536110942960130
331 2.645711840146159 6.828126191315357
332 6.309149749553169 3.761606279926741
333 4.301568217775148 5.442073887996521
334 7.281243651517124 2.947904675087902
335 5.229922436777895 4.664985052920740
336 6.956541679758473 3.219699935793227
337 5.107164398933932 3.696732010099593
338 3.341556313644133 7.613260442386080
339 5.402571283924278 3.041450991737030
340 4.313333577476809 5.457632975928515
341 4.925819807302862 4.098996394297796
342 5.486770775959825 2.854676980398509
343 6.430000000000000 1.340000000000000
344 5.410000000000000 7.120000000000000
345 5.697892720306514 5.488607918263090
346 6.040340066850749 3.548072954512425
347 5.440344559081176 6.948047498540004
348 5.691602417170244 5.524252969368619
349 5.510430390403030 6.550894454382827
350 6.221943159286186 2.518988764044945
351 5.631178707224334 5.866653992395437
352 4.050000000000000 0.490000000000000
353 6.750000000000000 8.680000000000000
354 4.709685468651709 2.491045921576849
355 5.738290398126464 5.611147540983610
356 5.959505837432998 6.282167706880094
357 4.915550380865927 3.115502821959979
358 5.779077568827049 5.734868625442047
359 3.640000000000000 7.950000000000000
360 1.693914791103776 5.754195892617092
361 7.780000000000000 4.930000000000000
362 5.284001991225582 2.947263553593278
363 7.066110328704617 4.362910176604793
364 7.199695777432383 4.469025941509667
365 0.530000000000000 8.430000000000000
366 0.842570581172197 4.975272523886249
367 0.718038393289240 6.351680916276819
368 5.255419202393500 6.703493149287730
369 3.151399547783714 3.921034504007849
370 5.028620679758633 6.403563674456315
371 2.732350719821526 3.366863809070100
372 2.342614588335735 2.851457659676645
373 6.892156210237839 2.212961730449251
374 6.852956290145699 2.138917436941877
375 7.802283048211509 3.932090202177294
376 7.500000000000000 8.890000000000001
377 3.250000000000000 0.980000000000000
378 6.064930164925573 6.219081789308538
379 4.499472490870840 3.305488800656082
380 5.796448578233736 5.719390177371496
381 7.180056125194830 5.551790414683413
382 0.000000000000000 5.360000000000000
383 0.063206268390253 5.331139286540814
384 6.861398944425777 2.227005853888230
385 2.327698942135384 4.297145730967108
386 1.495186176685325 4.677280692050710
387 0.710000000000000 4.450000000000000
388 7.085991248877132 4.570342428043333
389 8.680000000000000 3.150000000000000
390 0.380000000000000 7.080000000000000
391 2.580000000000000 2.340000000000000
708
1 8
8 7
7 6
6 2
2 17
17 4
4 11
11 14
14 9
9 13
13 15
15 3
3 18
18 12
12 16
16 5
5 10
10 0
20 30
30 21
21 28
28 22
22 26
26 31
31 33
33 29
29 23
23 2
2 24
24 32
32 25
25 27
27 19
34 36
36 3
3 49
49 46
46 44
44 45
45 47
47 43
43 42
42 39
39 41
41 38
38 48
48 40
40 37
37 35
51 57
57 60
60 55
55 56
56 54
54 53
53 67
67 66
66 64
64 52
52 58
58 21
21 61
61 62
62 65
65 63
63 59
59 50
68 81
81 71
71 94
94 90
90 93
93 52
52 22
22 76
76 87
87 70
70 80
80 4
4 83
83 89
89 85
85 79
79 82
82 84
84 75
75 78
78 73
73 86
86 77
77 91
91 92
92 88
88 74
74 72
72 69
96 107
107 23
23 105
105 99
99 70
70 97
97 102
102 101
101 103
103 36
36 106
106 100
100 104
104 5
5 98
98 95
109 118
118 113
113 116
116 119
119 71
71 53
53 117
117 115
115 110
110 111
111 112
112 114
114 108
121 123
123 128
128 124
124 131
131 129
129 126
126 127
127 132
132 130
130 133
133 122
122 72
72 125
125 120
135 137
137 136
136 138
138 139
139 134
140 157
157 142
142 6
6 24
24 152
152 146
146 154
154 150
150 148
148 149
149 147
147 143
143 145
145 73
73 151
151 144
144 155
155 156
156 37
37 153
153 141
159 74
74 122
122 164
164 162
162 160
160 161
161 163
163 158
96 180
180 142
142 7
7 177
177 25
25 175
175 174
174 169
169 123
123 166
166 172
172 168
168 173
173 170
170 176
176 179
179 178
178 160
160 167
167 171
171 165
181 184
184 186
186 185
185 183
183 182
187 188
188 166
166 195
195 124
124 199
199 190
190 196
196 197
197 194
194 143
143 75
75 201
201 191
191 38
38 198
198 193
193 200
200 189
189 192
192 134
51 204
204 203
203 202
202 110
110 206
206 212
212 211
211 209
209 210
210 26
26 76
76 205
205 207
207 208
208 34
159 125
125 213
68 215
215 54
54 214
216 218
218 55
55 220
220 217
217 202
202 111
111 224
224 8
8 223
223 27
27 222
222 221
221 219
219 121
225 227
227 161
161 167
167 226
226 213
229 56
56 232
232 217
217 203
203 112
112 231
231 230
230 228
234 235
235 218
218 57
57 204
204 233
108 230
230 240
240 239
239 188
188 237
237 168
168 238
238 241
241 236
68 255
255 113
113 245
245 252
252 254
254 58
58 28
28 205
205 250
250 97
97 247
247 9
9 246
246 244
244 251
251 249
249 248
248 253
253 243
243 39
39 242
257 59
59 10
10 98
98 261
261 260
260 262
262 263
263 189
189 258
258 259
259 256
264 114
114 231
231 269
269 268
268 219
219 169
169 266
266 270
270 190
190 267
267 265
265 274
274 271
271 77
77 144
144 275
275 278
278 277
277 40
40 276
276 273
273 258
258 272
272 134
279 282
282 170
170 283
283 126
126 280
280 271
271 281
281 145
145 78
78 284
284 191
191 41
41 242
286 146
146 293
293 291
291 289
289 79
79 288
288 290
290 294
294 243
243 42
42 292
292 287
287 285
50 297
297 296
296 298
298 295
299 60
60 220
220 232
232 115
115 206
206 310
310 309
309 29
29 307
307 99
99 80
80 11
11 302
302 301
301 244
244 303
303 304
304 305
305 308
308 43
43 300
300 306
306 285
311 215
215 81
81 317
317 116
116 245
245 315
315 316
316 30
30 313
313 314
314 312
295 318
318 192
192 272
272 259
259 141
34 325
325 100
100 12
12 321
321 319
319 320
320 322
322 300
300 323
323 287
287 193
193 324
324 273
273 141
326 183
183 331
331 313
313 61
61 207
207 333
333 328
328 101
101 13
13 246
246 301
301 335
335 330
330 288
288 82
82 329
329 147
147 194
194 332
332 274
274 280
280 127
127 336
336 334
334 162
162 226
226 171
171 327
182 338
338 314
314 62
62 208
208 340
340 328
328 102
102 247
247 14
14 302
302 83
83 341
341 337
337 289
289 148
148 339
339 342
342 266
266 128
128 195
195 172
172 237
237 225
344 347
347 349
349 319
319 44
44 351
351 303
303 348
348 345
345 248
248 290
290 84
84 329
329 149
149 346
346 196
196 267
267 129
129 350
350 238
238 173
173 343
352 239
239 268
268 221
221 174
174 354
354 357
357 150
150 291
291 337
337 85
85 330
330 249
249 345
345 355
355 304
304 358
358 45
45 320
320 356
356 260
260 296
296 136
136 353
109 360
360 331
331 338
338 359
19 222
222 175
175 354
354 362
362 339
339 346
346 197
197 332
332 281
281 86
86 151
151 275
275 363
363 364
364 361
365 367
367 184
184 366
366 235
235 216
214 117
117 372
372 371
371 209
209 369
369 31
31 87
87 250
250 333
333 340
340 103
103 15
15 370
370 46
46 321
321 368
368 347
347 261
261 297
297 137
137 353
343 282
282 176
176 374
374 373
373 334
334 130
130 375
375 88
88 159
377 240
240 269
269 223
223 177
177 32
32 152
152 379
379 341
341 89
89 335
335 251
251 348
348 355
355 305
305 380
380 47
47 322
322 378
378 262
262 298
298 138
138 376
312 63
63 104
104 16
16 368
368 349
349 356
356 378
378 306
306 323
323 292
292 198
198 381
381 276
276 153
153 213
382 383
383 366
366 386
386 118
118 315
315 252
252 90
90 385
385 64
64 210
210 369
369 33
33 307
307 105
105 17
17 379
379 293
293 154
154 357
357 362
362 342
342 270
270 199
199 131
131 350
350 241
241 283
283 384
384 373
373 178
178 227
227 163
163 327
181 383
383 387
225 179
179 374
374 384
384 336
336 132
132 91
91 155
155 363
363 388
388 277
277 48
48 381
381 324
324 200
200 263
263 318
318 139
139 376
312 65
65 325
325 106
106 18
18 49
49 370
370 351
351 358
358 380
380 308
308 253
253 294
294 201
201 284
284 278
278 388
388 364
364 156
156 92
92 375
375 133
133 164
164 389
365 185
185 360
360 316
316 254
254 93
93 385
385 66
66 371
371 211
211 309
309 107
107 180
180 157
157 224
224 1
390 367
367 186
186 386
386 255
255 317
317 119
119 94
94 67
67 372
372 212
212 310
310 391
553
0 0.100000000000000 5.400000000000000
1 0.300000000000000 5.600000000000000
2 0.400000000000000 5.700000000000000
3 0.600000000000000 5.800000000000000
4 0.600000000000000 8.199999999999999
5 0.700000000000000 7.700000000000000
6 0.700000000000000 6.200000000000000
7 0.800000000000000 7.500000000000000
8 0.800000000000000 7.400000000000000
9 0.800000000000000 7.000000000000000
10 0.800000000000000 6.900000000000000
11 0.800000000000000 5.500000000000000
12 0.900000000000000 7.000000000000000
13 0.900000000000000 5.200000000000000
14 0.900000000000000 6.400000000000000
15 0.900000000000000 6.000000000000000
16 0.900000000000000 6.500000000000000
17 0.900000000000000 6.800000000000000
18 0.900000000000000 6.100000000000000
19 0.900000000000000 6.700000000000000
20 1.000000000000000 6.300000000000000
21 1.100000000000000 4.500000000000000
22 1.100000000000000 4.100000000000000
23 1.100000000000000 6.200000000000000
24 1.200000000000000 4.700000000000000
25 1.200000000000000 3.300000000000000
26 1.200000000000000 3.100000000000000
27 1.200000000000000 5.000000000000000
28 1.200000000000000 5.800000000000000
29 1.200000000000000 5.000000000000000
30 1.200000000000000 3.600000000000000
31 1.200000000000000 4.500000000000000
32 1.300000000000000 1.600000000000000
33 1.300000000000000 6.500000000000000
34 1.300000000000000 2.200000000000000
35 1.300000000000000 3.900000000000000
36 1.300000000000000 3.500000000000000
37 1.300000000000000 4.300000000000000
38 1.300000000000000 4.300000000000000
39 1.300000000000000 2.000000000000000
40 1.400000000000000 3.800000000000000
41 1.400000000000000 4.800000000000000
42 1.400000000000000 4.800000000000000
43 1.400000000000000 6.600000000000000
44 1.400000000000000 5.000000000000000
45 1.400000000000000 1.300000000000000
46 1.400000000000000 4.800000000000000
47 1.400000000000000 2.100000000000000
48 1.500000000000000 2.500000000000000
49 1.500000000000000 4.000000000000000
50 1.500000000000000 3.200000000000000
51 1.500000000000000 1.500000000000000
52 1.500000000000000 3.000000000000000
53 1.500000000000000 1.800000000000000
54 1.500000000000000 3.200000000000000
55 1.500000000000000 2.000000000000000
56 1.600000000000000 4.700000000000000
57 1.600000000000000 6.300000000000000
58 1.600000000000000 3.500000000000000
59 1.600000000000000 6.200000000000000
60 1.600000000000000 5.000000000000000
61 1.600000000000000 5.200000000000000
62 1.700000000000000 3.400000000000000
63 1.700000000000000 6.200000000000000
64 1.700000000000000 5.900000000000000
65 1.700000000000000 5.500000000000000
66 1.700000000000000 5.800000000000000
67 1.800000000000000 3.900000000000000
68 1.800000000000000 2.200000000000000
69 1.900000000000000 3.800000000000000
70 1.900000000000000 4.400000000000000
71 1.900000000000000 2.100000000000000
72 1.900000000000000 6.800000000000000
73 1.900000000000000 6.700000000000000
74 1.900000000000000 6.700000000000000
75 1.900000000000000 6.300000000000000
76 1.900000000000000 6.900000000000000
77 1.900000000000000 6.800000000000000
78 2.000000000000000 3.700000000000000
79 2.000000000000000 2.300000000000000
80 2.000000000000000 6.500000000000000
81 2.000000000000000 5.000000000000000
82 2.000000000000000 5.100000000000000
83 2.100000000000000 5.900000000000000
84 2.100000000000000 3.500000000000000
85 2.100000000000000 6.200000000000000
86 2.100000000000000 2.200000000000000
87 2.200000000000000 6.600000000000000
88 2.200000000000000 5.800000000000000
89 2.200000000000000 5.800000000000000
90 2.300000000000000 3.600000000000000
91 2.300000000000000 2.900000000000000
92 2.300000000000000 3.200000000000000
93 2.300000000000000 5.800000000000000
94 2.300000000000000 4.500000000000000
95 2.300000000000000 7.000000000000000
96 2.300000000000000 4.200000000000000
97 2.300000000000000 3.800000000000000
98 2.300000000000000 3.100000000000000
99 2.400000000000000 7.600000000000000
100 2.400000000000000 5.100000000000000
101 2.400000000000000 6.700000000000000
102 2.400000000000000 6.800000000000000
103 2.400000000000000 3.300000000000000
104 2.400000000000000 6.100000000000000
105 2.500000000000000 7.500000000000000
106 2.500000000000000 7.400000000000000
107 2.500000000000000 2.600000000000000
108 2.500000000000000 2.000000000000000
109 2.500000000000000 1.600000000000000
110 2.500000000000000 5.900000000000000
111 2.500000000000000 2.200000000000000
112 2.500000000000000 5.200000000000000
113 2.500000000000000 1.400000000000000
114 2.600000000000000 2.600000000000000
115 2.600000000000000 1.200000000000000
116 2.600000000000000 2.700000000000000
117 2.600000000000000 3.400000000000000
118 2.600000000000000 2.300000000000000
119 2.600000000000000 7.600000000000000
120 2.600000000000000 1.100000000000000
121 2.700000000000000 4.500000000000000
122 2.700000000000000 1.500000000000000
123 2.700000000000000 3.900000000000000
124 2.700000000000000 7.900000000000000
125 2.700000000000000 7.200000000000000
126 2.800000000000000 6.700000000000000
127 2.800000000000000 3.800000000000000
128 2.800000000000000 5.800000000000000
129 2.800000000000000 3.700000000000000
130 2.800000000000000 6.900000000000000
131 2.800000000000000 6.400000000000000
132 2.800000000000000 3.500000000000000
133 2.900000000000000 1.900000000000000
134 2.900000000000000 6.200000000000000
135 2.900000000000000 7.400000000000000
136 2.900000000000000 6.400000000000000
137 2.900000000000000 4.000000000000000
138 2.900000000000000 1.800000000000000
139 3.000000000000000 3.200000000000000
140 3.000000000000000 6.200000000000000
141 3.000000000000000 1.400000000000000
142 3.000000000000000 8.000000000000000
143 3.000000000000000 3.400000000000000
144 3.100000000000000 7.200000000000000
145 3.100000000000000 7.100000000000000
146 3.100000000000000 7.500000000000000
147 3.100000000000000 7.800000000000000
148 3.100000000000000 7.200000000000000
149 3.200000000000000 4.500000000000000
150 3.200000000000000 1.500000000000000
151 3.200000000000000 5.300000000000000
152 3.200000000000000 2.500000000000000
153 3.200000000000000 6.900000000000000
154 3.200000000000000 6.900000000000000
155 3.200000000000000 4.600000000000000
156 3.200000000000000 6.400000000000000
157 3.300000000000000 2.600000000000000
158 3.300000000000000 7.000000000000000
159 3.300000000000000 6.200000000000000
160 3.300000000000000 1.800000000000000
161 3.300000000000000 7.400000000000000
162 3.300000000000000 3.800000000000000
163 3.300000000000000 6.000000000000000
164 3.300000000000000 5.700000000000000
165 3.300000000000000 1.900000000000000
166 3.400000000000000 5.400000000000000
167 3.400000000000000 3.700000000000000
168 3.400000000000000 6.800000000000000
169 3.400000000000000 3.200000000000000
170 3.500000000000000 3.400000000000000
171 3.500000000000000 4.300000000000000
172 3.500000000000000 1.800000000000000
173 3.500000000000000 1.200000000000000
174 3.500000000000000 1.900000000000000
175 3.500000000000000 5.600000000000000
176 3.500000000000000 7.100000000000000
177 3.500000000000000 3.100000000000000
178 3.500000000000000 3.100000000000000
179 3.500000000000000 4.800000000000000
180 3.600000000000000 2.300000000000000
181 3.600000000000000 3.900000000000000
182 3.600000000000000 6.000000000000000
183 3.600000000000000 2.200000000000000
184 3.600000000000000 4.400000000000000
185 3.600000000000000 4.700000000000000
186 3.700000000000000 1.400000000000000
187 3.700000000000000 4.800000000000000
188 3.700000000000000 3.500000000000000
189 3.700000000000000 4.800000000000000
190 3.700000000000000 4.900000000000000
191 3.700000000000000 4.500000000000000
192 3.700000000000000 2.700000000000000
193 3.700000000000000 4.700000000000000
194 3.700000000000000 7.200000000000000
195 3.800000000000000 5.400000000000000
196 3.800000000000000 3.000000000000000
197 3.800000000000000 6.800000000000000
198 3.800000000000000 1.700000000000000
199 3.800000000000000 7.100000000000000
200 3.900000000000000 3.800000000000000
201 3.900000000000000 5.100000000000000
202 3.900000000000000 3.800000000000000
203 3.900000000000000 4.300000000000000
204 3.900000000000000 4.200000000000000
205 4.000000000000000 1.600000000000000
206 4.000000000000000 7.400000000000000
207 4.000000000000000 2.000000000000000
208 4.000000000000000 8.300000000000001
209 4.000000000000000 2.700000000000000
210 4.000000000000000 3.900000000000000
211 4.000000000000000 2.000000000000000
212 4.000000000000000 3.000000000000000
213 4.000000000000000 5.600000000000000
214 4.100000000000000 4.100000000000000
215 4.100000000000000 2.900000000000000
216 4.100000000000000 6.600000000000000
217 4.100000000000000 1.600000000000000
218 4.100000000000000 4.400000000000000
219 4.100000000000000 2.800000000000000
220 4.100000000000000 4.000000000000000
221 4.100000000000000 8.300000000000001
222 4.100000000000000 2.100000000000000
223 4.100000000000000 6.400000000000000
224 4.200000000000000 3.500000000000000
225 4.200000000000000 7.600000000000000
226 4.200000000000000 5.100000000000000
227 4.200000000000000 4.100000000000000
228 4.200000000000000 7.900000000000000
229 4.300000000000000 7.400000000000000
230 4.300000000000000 4.800000000000000
231 4.300000000000000 2.200000000000000
232 4.300000000000000 7.100000000000000
233 4.300000000000000 8.699999999999999
234 4.300000000000000 7.600000000000000
235 4.300000000000000 5.800000000000000
236 4.300000000000000 3.800000000000000
237 4.300000000000000 6.300000000000000
238 4.400000000000000 7.700000000000000
239 4.400000000000000 5.200000000000000
240 4.400000000000000 3.500000000000000
241 4.400000000000000 1.700000000000000
242 4.400000000000000 5.800000000000000
243 4.500000000000000 6.400000000000000
244 4.500000000000000 5.800000000000000
245 4.500000000000000 8.699999999999999
246 4.500000000000000 1.700000000000000
247 4.500000000000000 1.900000000000000
248 4.500000000000000 4.400000000000000
249 4.500000000000000 6.100000000000000
250 4.600000000000000 6.500000000000000
251 4.600000000000000 6.300000000000000
252 4.600000000000000 4.900000000000000
253 4.600000000000000 2.300000000000000
254 4.700000000000000 8.300000000000001
255 4.700000000000000 4.700000000000000
256 4.700000000000000 3.900000000000000
257 4.700000000000000 4.800000000000000
258 4.700000000000000 5.200000000000000
259 4.700000000000000 5.300000000000000
260 4.700000000000000 8.400000000000000
261 4.700000000000000 6.100000000000000
262 4.700000000000000 3.400000000000000
263 4.700000000000000 1.900000000000000
264 4.700000000000000 3.200000000000000
265 4.800000000000000 4.700000000000000
266 4.800000000000000 4.800000000000000
267 4.800000000000000 4.100000000000000
268 4.800000000000000 2.000000000000000
269 4.800000000000000 8.600000000000000
270 4.800000000000000 5.500000000000000
271 4.800000000000000 8.300000000000001
272 4.900000000000000 2.500000000000000
273 4.900000000000000 5.800000000000000
274 4.900000000000000 3.600000000000000
275 4.900000000000000 7.500000000000000
276 4.900000000000000 4.300000000000000
277 4.900000000000000 4.000000000000000
278 4.900000000000000 6.400000000000000
279 5.000000000000000 6.500000000000000
280 5.000000000000000 4.400000000000000
281 5.000000000000000 2.300000000000000
282 5.000000000000000 3.800000000000000
283 5.000000000000000 2.400000000000000
284 5.000000000000000 4.900000000000000
285 5.000000000000000 5.000000000000000
286 5.000000000000000 5.200000000000000
287 5.000000000000000 2.500000000000000
288 5.100000000000000 3.700000000000000
289 5.100000000000000 2.800000000000000
290 5.100000000000000 5.500000000000000
291 5.100000000000000 4.900000000000000
292 5.100000000000000 6.700000000000000
293 5.100000000000000 6.200000000000000
294 5.200000000000000 5.600000000000000
295 5.200000000000000 7.200000000000000
296 5.200000000000000 4.000000000000000
297 5.200000000000000 3.200000000000000
298 5.200000000000000 7.000000000000000
299 5.300000000000000 5.000000000000000
300 5.300000000000000 4.300000000000000
301 5.300000000000000 5.500000000000000
302 5.300000000000000 3.000000000000000
303 5.300000000000000 8.600000000000000
304 5.300000000000000 7.100000000000000
305 5.300000000000000 3.200000000000000
306 5.300000000000000 3.100000000000000
307 5.400000000000000 6.200000000000000
308 5.400000000000000 6.700000000000000
309 5.400000000000000 2.800000000000000
310 5.400000000000000 4.000000000000000
311 5.400000000000000 4.000000000000000
312 5.400000000000000 8.699999999999999
313 5.400000000000000 4.100000000000000
314 5.400000000000000 3.500000000000000
315 5.400000000000000 7.300000000000000
316 5.500000000000000 2.600000000000000
317 5.500000000000000 7.100000000000000
318 5.500000000000000 3.900000000000000
319 5.500000000000000 2.200000000000000
320 5.500000000000000 4.500000000000000
321 5.600000000000000 2.300000000000000
322 5.600000000000000 4.600000000000000
323 5.600000000000000 8.500000000000000
324 5.600000000000000 4.900000000000000
325 5.700000000000000 4.100000000000000
326 5.700000000000000 7.400000000000000
327 5.700000000000000 2.300000000000000
328 5.700000000000000 8.199999999999999
329 5.700000000000000 3.200000000000000
330 5.700000000000000 5.700000000000000
331 5.700000000000000 4.700000000000000
332 5.700000000000000 6.100000000000000
333 5.700000000000000 7.600000000000000
334 5.800000000000000 6.400000000000000
335 5.800000000000000 8.500000000000000
336 5.800000000000000 4.400000000000000
337 5.800000000000000 5.100000000000000
338 5.800000000000000 4.700000000000000
339 5.900000000000000 3.200000000000000
340 5.900000000000000 7.100000000000000
341 5.900000000000000 6.500000000000000
342 5.900000000000000 8.400000000000000
343 5.900000000000000 4.200000000000000
344 5.900000000000000 8.500000000000000
345 5.900000000000000 4.300000000000000
346 5.900000000000000 4.200000000000000
347 6.000000000000000 2.500000000000000
348 6.000000000000000 8.500000000000000
349 6.000000000000000 6.800000000000000
350 6.000000000000000 5.700000000000000
351 6.000000000000000 2.400000000000000
352 6.000000000000000 5.300000000000000
353 6.000000000000000 8.300000000000001
354 6.100000000000000 2.800000000000000
355 6.100000000000000 7.600000000000000
356 6.100000000000000 1.900000000000000
357 6.100000000000000 1.700000000000000
358 6.100000000000000 7.300000000000000
359 6.100000000000000 4.300000000000000
360 6.100000000000000 2.300000000000000
361 6.100000000000000 2.800000000000000
362 6.100000000000000 3.300000000000000
363 6.200000000000000 1.600000000000000
364 6.200000000000000 3.500000000000000
365 6.200000000000000 8.199999999999999
366 6.200000000000000 2.700000000000000
367 6.300000000000000 5.600000000000000
368 6.300000000000000 6.500000000000000
369 6.300000000000000 1.300000000000000
370 6.300000000000000 5.900000000000000
371 6.300000000000000 4.400000000000000
372 6.300000000000000 7.000000000000000
373 6.300000000000000 1.100000000000000
374 6.300000000000000 4.400000000000000
375 6.300000000000000 5.000000000000000
376 6.300000000000000 5.900000000000000
377 6.400000000000000 6.700000000000000
378 6.400000000000000 3.600000000000000
379 6.400000000000000 5.900000000000000
380 6.400000000000000 2.600000000000000
381 6.400000000000000 5.600000000000000
382 6.400000000000000 7.400000000000000
383 6.500000000000000 0.700000000000000
384 6.500000000000000 2.000000000000000
385 6.500000000000000 3.400000000000000
386 6.500000000000000 6.300000000000000
387 6.500000000000000 7.800000000000000
388 6.500000000000000 2.200000000000000
389 6.500000000000000 2.800000000000000
390 6.500000000000000 4.900000000000000
391 6.500000000000000 1.700000000000000
392 6.600000000000000 1.400000000000000
393 6.600000000000000 7.400000000000000
394 6.600000000000000 4.200000000000000
395 6.600000000000000 8.100000000000000
396 6.600000000000000 1.900000000000000
397 6.600000000000000 7.500000000000000
398 6.600000000000000 2.200000000000000
399 6.600000000000000 2.100000000000000
400 6.700000000000000 6.600000000000000
401 6.700000000000000 5.300000000000000
402 6.700000000000000 2.700000000000000
403 6.700000000000000 7.400000000000000
404 6.700000000000000 6.000000000000000
405 6.700000000000000 8.500000000000000
406 6.700000000000000 1.700000000000000
407 6.800000000000000 8.600000000000000
408 6.800000000000000 1.800000000000000
409 6.800000000000000 7.000000000000000
410 6.800000000000000 6.600000000000000
411 6.800000000000000 4.500000000000000
412 6.800000000000000 1.300000000000000
413 6.800000000000000 4.500000000000000
414 6.800000000000000 4.600000000000000
415 6.800000000000000 8.199999999999999
416 6.900000000000000 1.300000000000000
417 6.900000000000000 5.300000000000000
418 6.900000000000000 2.300000000000000
419 6.900000000000000 0.800000000000000
420 6.900000000000000 5.000000000000000
421 6.900000000000000 6.400000000000000
422 6.900000000000000 3.700000000000000
423 7.000000000000000 5.800000000000000
424 7.000000000000000 1.400000000000000
425 7.000000000000000 3.800000000000000
426 7.000000000000000 8.500000000000000
427 7.000000000000000 5.000000000000000
428 7.000000000000000 7.400000000000000
429 7.000000000000000 8.000000000000000
430 7.000000000000000 6.500000000000000
431 7.000000000000000 6.200000000000000
432 7.000000000000000 3.200000000000000
433 7.000000000000000 3.600000000000000
434 7.100000000000000 4.000000000000000
435 7.100000000000000 4.200000000000000
436 7.100000000000000 0.900000000000000
437 7.100000000000000 4.200000000000000
438 7.100000000000000 7.700000000000000
439 7.100000000000000 3.300000000000000
440 7.200000000000000 8.199999999999999
441 7.200000000000000 5.400000000000000
442 7.200000000000000 7.000000000000000
443 7.200000000000000 2.100000000000000
444 7.200000000000000 3.000000000000000
445 7.200000000000000 3.100000000000000
446 7.200000000000000 4.100000000000000
447 7.200000000000000 0.900000000000000
448 7.200000000000000 4.300000000000000
449 7.200000000000000 2.100000000000000
450 7.200000000000000 5.600000000000000
451 7.200000000000000 7.400000000000000
452 7.200000000000000 3.100000000000000
453 7.300000000000000 6.400000000000000
454 7.300000000000000 2.300000000000000
455 7.300000000000000 4.800000000000000
456 7.300000000000000 8.100000000000000
457 7.300000000000000 5.500000000000000
458 7.300000000000000 7.800000000000000
459 7.300000000000000 2.600000000000000
460 7.300000000000000 6.900000000000000
461 7.300000000000000 8.100000000000000
462 7.300000000000000 1.000000000000000
463 7.300000000000000 4.900000000000000
464 7.400000000000000 7.700000000000000
465 7.400000000000000 3.500000000000000
466 7.400000000000000 4.000000000000000
467 7.400000000000000 8.500000000000000
468 7.400000000000000 7.300000000000000
469 7.400000000000000 4.600000000000000
470 7.500000000000000 8.400000000000000
471 7.500000000000000 8.500000000000000
472 7.500000000000000 6.900000000000000
473 7.500000000000000 6.400000000000000
474 7.500000000000000 2.300000000000000
475 7.600000000000000 2.300000000000000
476 7.600000000000000 3.300000000000000
477 7.600000000000000 8.000000000000000
478 7.600000000000000 7.900000000000000
479 7.600000000000000 2.900000000000000
480 7.700000000000000 6.900000000000000
481 7.700000000000000 1.700000000000000
482 7.700000000000000 8.199999999999999
483 7.700000000000000 8.000000000000000
484 7.700000000000000 3.900000000000000
485 7.700000000000000 2.400000000000000
486 7.700000000000000 3.700000000000000
487 7.700000000000000 7.700000000000000
488 7.700000000000000 4.400000000000000
489 7.800000000000000 3.900000000000000
490 7.800000000000000 8.100000000000000
491 7.800000000000000 6.500000000000000
492 7.800000000000000 7.100000000000000
493 7.800000000000000 7.300000000000000
494 7.800000000000000 1.800000000000000
495 7.900000000000000 3.700000000000000
496 7.900000000000000 5.700000000000000
497 8.000000000000000 4.400000000000000
498 8.000000000000000 2.600000000000000
499 8.000000000000000 5.000000000000000
500 8.000000000000000 7.100000000000000
501 8.000000000000000 2.700000000000000
502 8.000000000000000 5.000000000000000
503 8.100000000000000 6.100000000000000
504 8.100000000000000 4.000000000000000
505 8.100000000000000 2.600000000000000
506 8.100000000000000 5.200000000000000
507 8.100000000000000 4.400000000000000
508 8.100000000000000 2.500000000000000
509 8.100000000000000 5.600000000000000
510 8.199999999999999 2.800000000000000
511 8.199999999999999 2.900000000000000
512 8.199999999999999 2.900000000000000
513 8.199999999999999 2.500000000000000
514 8.300000000000001 5.500000000000000
515 8.400000000000000 4.400000000000000
516 8.500000000000000 2.100000000000000
517 8.500000000000000 5.900000000000000
518 8.600000000000000 4.900000000000000
519 8.600000000000000 5.200000000000000
520 8.600000000000000 4.700000000000000
521 8.600000000000000 3.700000000000000
522 8.699999999999999 2.200000000000000
523 8.699999999999999 4.300000000000000
524 8.699999999999999 2.700000000000000
525 8.699999999999999 2.100000000000000
526 8.800000000000001 3.800000000000000
527 8.800000000000001 1.800000000000000
528 8.800000000000001 4.700000000000000
529 8.800000000000001 3.300000000000000
530 8.900000000000000 3.300000000000000
531 8.900000000000000 3.100000000000000
532 8.900000000000000 2.900000000000000
533 9.000000000000000 2.500000000000000
534 9.000000000000000 2.600000000000000
535 9.100000000000000 3.800000000000000
536 9.199999999999999 2.100000000000000
537 9.199999999999999 2.900000000000000
538 9.300000000000001 1.400000000000000
539 9.400000000000000 3.300000000000000
540 9.400000000000000 3.300000000000000
541 9.400000000000000 1.400000000000000
542 9.500000000000000 3.900000000000000
543 9.500000000000000 2.800000000000000
544 9.500000000000000 3.700000000000000
545 9.500000000000000 3.000000000000000
546 9.500000000000000 1.500000000000000
547 9.600000000000000 2.900000000000000
548 9.600000000000000 2.600000000000000
549 9.600000000000000 2.500000000000000
550 9.600000000000000 4.000000000000000
551 9.600000000000000 1.100000000000000
552 9.600000000000000 2.800000000000000
