52
0 2.214000000000000 7.580000000000000
1 7.474000000000000 1.429000000000000
2 5.592113759737502 3.629662027348788
3 5.985348244821190 3.169816909905867
4 6.868125243599071 2.137504871981392
5 3.991935159963989 5.500897496399524
6 5.075715308414889 4.233534056642589
7 6.442629672728447 2.635075833278958
8 4.708326989772972 4.663154883252176
9 2.598008783744984 7.130943340529392
10 4.419000000000000 9.585000000000001
11 8.521000000000001 6.718000000000000
12 7.145228226176876 7.679564523537518
13 8.344316552302603 6.841488894331652
14 6.004000000000000 3.545000000000000
15 0.740000000000000 4.627000000000000
16 5.887916672981007 3.568860592673737
17 4.548852095102783 3.844101450056761
18 3.564156618662601 4.046502761893439
19 5.998000000000000 3.118000000000000
20 5.328488492638837 5.860071512415860
21 5.772552700543295 4.041348755912929
22 5.514628229817068 5.097711993523131
23 9.696999999999999 2.959000000000000
24 9.180165704338206 4.611023909347519
25 7.165000000000000 8.074999999999999
26 6.827000000000000 1.315000000000000
27 7.077757765633854 6.330155312677084
28 6.947120356472795 3.717407129455910
29 7.057718115509709 5.929362310194184
30 7.100435597909622 6.783711958192438
31 8.441000000000001 8.231000000000000
32 9.344264512817507 4.439590357027154
33 8.093999999999999 3.244000000000000
34 8.332193671587497 6.667261787339603
35 8.104725460034739 3.398143715254327
36 8.328505395812424 6.614254780739354
37 8.256277130737672 5.576207639737099
38 1.285000000000000 5.279000000000000
39 5.650000000000000 3.360000000000000
40 1.998673512364669 4.965245253097869
41 3.799704693087616 4.173451705375685
42 0.511000000000000 2.401000000000000
43 9.677000000000000 8.608000000000001
44 2.213402786174689 5.022949778420675
45 5.490890738726240 5.903714115753318
46 7.441118283026229 6.427801738826352
47 6.055916463157317 3.963198027279485
48 4.305384601613572 4.445988554952034
49 5.696963250937172 5.195981692171756
50 7.625379764556800 6.235304300073871
51 9.520000000000000 4.256000000000000
88
0 9
9 5
5 8
8 6
6 2
2 3
3 7
7 4
4 1
10 12
12 13
13 11
15 18
18 17
17 2
2 16
16 14
10 20
20 22
22 21
21 16
16 3
3 19
11 24
24 23
26 4
4 28
28 29
29 27
27 30
30 12
12 25
31 32
32 23
33 35
35 37
37 36
36 34
34 13
13 31
38 40
40 41
41 17
17 39
42 15
31 43
15 40
40 44
44 5
5 20
20 45
45 27
27 46
46 34
34 11
38 44
44 48
48 6
6 21
21 47
47 28
28 35
35 23
10 45
45 49
49 47
47 7
7 26
39 19
42 18
18 41
41 48
48 8
8 22
22 49
49 29
29 50
50 36
36 11
10 30
30 46
46 50
50 37
37 24
24 32
32 51
15 9
9 10
33
0 1.000000000000000 3.600000000000000
1 1.000000000000000 2.900000000000000
2 1.100000000000000 3.900000000000000
3 1.400000000000000 3.700000000000000
4 1.500000000000000 4.000000000000000
5 1.600000000000000 3.700000000000000
6 1.900000000000000 3.400000000000000
7 2.100000000000000 3.400000000000000
8 2.300000000000000 4.800000000000000
9 2.700000000000000 6.100000000000000
10 3.000000000000000 4.400000000000000
11 3.700000000000000 6.700000000000000
12 3.800000000000000 8.600000000000000
13 4.000000000000000 5.900000000000000
14 4.000000000000000 4.100000000000000
15 4.000000000000000 5.000000000000000
16 4.100000000000000 5.900000000000000
17 4.300000000000000 3.900000000000000
18 4.300000000000000 7.700000000000000
19 4.700000000000000 4.400000000000000
20 5.000000000000000 3.700000000000000
21 5.000000000000000 4.300000000000000
22 5.400000000000000 6.900000000000000
23 5.700000000000000 5.100000000000000
24 6.500000000000000 6.600000000000000
25 6.600000000000000 4.700000000000000
26 6.600000000000000 7.600000000000000
27 6.600000000000000 2.600000000000000
28 6.800000000000000 6.800000000000000
29 6.900000000000000 6.800000000000000
30 8.000000000000000 6.200000000000000
31 8.199999999999999 5.600000000000000
32 8.900000000000000 6.000000000000000
