294
0 7.040000000000000 6.130000000000000
1 1.350000000000000 9.619999999999999
2 2.324479163863316 9.022296611268370
3 4.616043579735490 7.616750071480340
4 3.047419359240257 8.578876350835062
5 5.956151820917203 6.794785614235319
6 3.030194751286268 8.589441180669759
7 5.311270699560663 7.190327813450489
8 2.851351522002584 8.699135885450083
9 5.491000037545211 7.080089607902849
10 5.844980329901446 6.862973400464666
11 3.716634590776475 8.168408660490352
12 4.467421293272371 7.707908556499020
13 0.310000000000000 6.590000000000000
14 2.860000000000000 4.350000000000000
15 1.276806172210496 5.740727127156270
16 0.982365780230808 5.999372804816859
17 0.825637301781465 6.137048017258635
18 2.344619041221879 4.802726803005094
19 1.649223183287442 5.413584340955345
20 3.980000000000000 0.970000000000000
21 2.290000000000000 9.190000000000000
22 2.722961491774320 7.084116294446800
23 2.537416798765139 7.986588114881984
24 3.468893087497557 3.455975633591765
25 3.010845349604810 5.683876465235777
26 2.634407409809135 7.514834965307049
27 2.549721125793719 7.926741033121674
28 3.023723277978173 5.621239440839891
29 3.485025396648554 3.377509609200525
30 3.127060162515550 5.118618617823773
31 2.428531370351765 8.516196530005024
32 2.954976763147166 5.955615980432126
33 3.395013196183258 3.815320430398593
34 3.525648486174349 3.179922747720032
35 3.271099669710511 4.418024091703905
36 3.942376964414132 1.152994883145467
37 3.041073856572230 5.536847869216729
38 3.597686367388081 2.829537313650873
39 0.990000000000000 9.410000000000000
40 7.800000000000000 0.270000000000000
41 1.976144602597403 8.086452031168831
42 1.337244305131462 8.943948171967465
43 4.688116880350981 4.446594965285173
44 4.723454652780705 4.399166589366278
45 3.887911021367628 5.520586382481627
46 2.015512749089352 8.033614313263337
47 1.982427635172038 8.078019297287456
48 4.708989766518436 4.418580548314462
49 1.461391943900401 8.777324175146891
50 4.915803394683307 4.141006897590979
51 3.742835740557997 5.715298286534495
52 4.693084141359810 4.439928186192560
53 3.824125580408881 5.606195623357245
54 5.713732662130001 3.070070993851951
55 8.109999999999999 8.529999999999999
56 7.475979610267369 7.107898191253911
57 7.094234142130134 6.251646673936750
58 7.278810824230387 6.665650446871896
59 7.414851007254545 6.970787305991503
60 7.494080479006285 7.148498270668302
61 7.070758489873340 6.198991005323379
62 7.397808595107850 6.932561334821347
63 7.970000000000000 7.020000000000000
64 1.900000000000000 8.100000000000000
65 3.724250851697397 7.775421594755652
66 3.699229113771700 7.779873567895645
67 1.946101265822786 8.091797468354430
68 6.911534853975698 7.208326582818162
69 3.954574819829814 7.734441382962735
70 5.249905378415514 7.503970706970550
71 5.890725117735865 7.389953356317177
72 7.279556505083248 7.142846618535435
73 7.269815941005860 7.144579700776552
74 4.445318610212407 7.647126178084118
75 2.600000000000000 9.109999999999999
76 7.090000000000000 3.780000000000000
77 5.423065802190721 5.758788257087629
78 5.946605644809480 5.137303321417699
79 3.900137118890143 7.566630101629295
80 3.211144399780151 8.384521235895722
81 5.718670260872004 5.407881405245483
82 6.949958351695415 3.946240976717915
83 3.297974354615440 8.281446924253832
84 6.500075923441940 4.480288491771595
85 4.260493565266581 7.138857304483100
86 5.431680335525934 5.748562096135138
87 1.270000000000000 5.380000000000000
88 1.296833199033038 6.802159548751008
89 1.330895930073750 8.607484293908769
90 1.321556420233463 8.112490272373540
91 1.280486180178096 5.935767549439112
92 1.334745635442087 8.811518678430637
93 1.326589842082800 8.379261630388392
94 7.910000000000000 1.980000000000000
95 9.470000000000001 3.500000000000000
96 9.295504249001741 3.329978499027336
97 0.840000000000000 1.320000000000000
98 5.640000000000000 5.220000000000000
99 4.790782064650678 4.530010427528675
100 5.614352546561921 5.199161444081561
101 5.503964365256125 5.109471046770602
102 4.133951627568649 3.996335697399527
103 3.432860215053763 3.426698924731182
104 4.673154816866728 4.434438288704216
105 2.143202817484980 2.378852289206546
106 4.222842703727101 4.068559696778269
107 3.060756938603868 3.124365012615643
108 4.095901421800948 3.965419905213270
109 5.434981400067636 5.053422387554955
110 2.691612903225807 2.824435483870968
111 2.152272174969624 2.386221142162819
112 4.690909723430162 4.448864150287006
113 6.000000000000000 6.880000000000000
114 4.410000000000000 3.790000000000000
115 5.402501047339757 5.718822790113112
116 5.177000862252102 5.280586581357859
117 5.214013965087282 5.352517705735661
118 5.668487595854818 6.235740044774456
119 4.728908710569789 4.409765984692232
120 5.812292125493455 6.515209225015583
121 5.815299866025691 6.521054456615966
122 4.550342581041209 4.062741242400840
123 5.171635079671656 5.270158739739257
124 4.709569153251634 4.372181561979589
125 5.417141248451634 5.747274501707894
126 1.390000000000000 7.040000000000000
127 0.160000000000000 3.900000000000000
128 1.005174159565188 6.057599074011945
129 9.400000000000000 6.100000000000000
130 6.100000000000000 6.080000000000000
131 7.125826589595375 6.086217130846032
132 8.105740578439965 6.092156003505696
133 7.227175713868043 6.086831367962836
134 7.905881288958148 6.090944735084594
135 9.650000000000000 2.220000000000000
136 9.039999999999999 4.130000000000000
137 9.250128206123161 3.472057584106166
138 8.170000000000000 2.370000000000000
139 5.871521954187296 5.151282231378389
140 6.812601718383867 4.012525030178229
141 7.734997567817359 2.896376372156373
142 3.868478812484141 7.575072316670895
143 3.169314871164053 8.421098342612975
144 7.496401376279419 3.185090614699590
145 5.713042602642356 5.343050782439949
146 6.874163356406827 3.938032132462833
147 3.280918431657148 8.286052023452569
148 6.437170578814916 4.466816929764356
149 4.250861385016434 7.112368808795194
150 5.381590178653417 5.744126067482221
151 7.430210441007350 3.265185211420190
152 6.850000000000000 7.840000000000000
153 5.430000000000000 8.590000000000000
154 5.970131865048748 8.304719085361576
155 1.850000000000000 5.900000000000000
156 8.940000000000000 4.580000000000000
157 5.334896141489328 5.251189999045710
158 7.357195986431865 4.874682834684053
159 2.976565367769108 5.690258633927331
160 7.189228305689040 4.905954673694001
161 6.672929339968352 5.002078035436075
162 5.699181269639311 5.183368226244868
163 3.155667254408060 5.656913853904283
164 1.878705395342967 5.894655695084244
165 7.883848677059223 4.776631840096167
166 5.153691813174966 5.284926206856001
167 8.802572549995974 4.605585928632626
168 3.685719947159842 5.558229854689564
169 4.455853622503250 5.414848126698972
170 3.555747518375390 5.582427824505570
171 0.970000000000000 8.910000000000000
172 1.953259005145799 8.085797598627787
173 5.679960493121994 4.961944880765387
174 6.898345953222278 3.940651186269561
175 6.304527655905252 4.438410641373538
176 3.985409836065574 6.382377049180327
177 4.807486972305171 5.693282979097137
178 6.810000000000000 7.740000000000000
179 7.001024390243902 6.739726829268292
180 7.383699062921717 4.735903088700828
181 7.696796420099203 3.096411472935087
182 7.666449665478203 3.255318115314138
183 7.522657504973841 4.008266155773340
184 7.117653791130186 6.129012875536480
185 6.891911037891268 7.311084019769357
186 7.109610160769698 6.171132249060488
187 7.395877961956193 4.672129944665754
188 7.161060880959581 5.901717568793469
189 7.659586026164400 3.291258626630055
190 4.254571855293728 7.472114171921673
191 5.449222640592737 7.153540629175270
192 5.860678733031675 7.043819004524886
193 7.754542177361209 6.538788752703677
194 5.911445783132530 7.030281124497991
195 7.612687660197730 6.576616623947272
196 4.370441988950276 7.441215469613259
197 5.170000000000000 2.480000000000000
198 0.640000000000000 9.109999999999999
199 3.471194009508461 4.966331946348543
200 4.147521796130068 3.976474722220232
201 3.470730844793713 4.967009823182710
202 3.079084468235850 5.540214122648193
203 4.835072075848947 2.970192524750879
204 8.900000000000000 3.410000000000000
205 6.270827398203411 5.709034438484762
206 5.781922633752893 6.136548740833325
207 8.139432687177663 4.075064911968701
208 3.342888143568693 8.269320201236454
209 7.444678315963640 4.682580837175516
210 4.351012209120316 7.387783575080872
211 6.152609303080544 5.812408203962852
212 8.877473964703006 3.429697501364090
213 6.070000000000000 0.940000000000000
214 3.090000000000000 3.750000000000000
215 3.622117791753530 3.248237921198852
216 4.015751989189347 2.877059365898636
217 5.560000000000000 3.580000000000000
218 6.800000000000000 2.550000000000000
219 6.118503456689711 3.116081806136772
220 8.570000000000000 2.710000000000000
221 0.480000000000000 6.290000000000000
222 7.777025957480488 3.060908167147077
223 5.598619793173571 4.024900017359532
224 3.682467703809575 4.872838766422957
225 1.996327920048401 5.618992094712821
226 5.199129816889861 4.201682973490025
227 3.470582712225340 4.966602458619689
228 4.696986184350267 4.423892393081093
229 2.325218149337823 5.473451053815896
230 7.338868614384618 3.254802269530663
231 4.498432003963339 8.825175253901412
232 4.842146938775510 8.738404081632654
233 4.490000000000000 8.840000000000000
234 5.814461398668947 6.511395312666280
235 7.254695283797350 3.979244976584551
236 5.081606164633701 7.799866335548900
237 6.918718471898201 4.569943338809415
238 4.727347799879445 8.422706449668475
239 6.209180969652873 5.817418240854867
240 7.646832051450732 3.289808866063524
241 6.060000000000000 9.340000000000000
242 5.906963528413909 7.577019847328245
243 5.621823382860958 4.292205370558245
244 5.671037024290917 4.859146519831369
245 5.750695692593740 5.776814378679888
246 2.263809016062575 2.286345440559334
247 3.655939854374299 1.218559221644844
248 9.570000000000000 4.230000000000000
249 6.800000000000000 3.930000000000000
250 9.062490357438437 4.175035056762286
251 8.086442786069652 6.116697761194029
252 7.216093750000001 7.223554687500000
253 7.242124218244554 7.190450722449862
254 8.184235588972431 5.992330827067669
255 7.169264561861679 6.128356806417012
256 7.888817961785946 6.119209941163738
257 7.223317183284699 7.221604360513131
258 4.552781456953642 7.942649006622516
259 4.267455501016411 4.002159254301156
260 3.522866941015089 5.110384087791496
261 3.225370592076622 5.553169351327819
262 5.870000000000000 7.060000000000000
263 8.449999999999999 5.210000000000000
264 8.428304305376209 5.225556990331012
265 7.449687183766223 5.927278569780034
266 3.150428200645070 2.914208811615608
267 2.920342997915482 3.453443244267576
268 3.897538953090313 1.163258129243937
269 2.068142965093461 5.450684247831155
270 3.205574853435604 2.784965497932772
271 8.600000000000000 4.930000000000000
272 6.207501122690742 4.417631819378417
273 4.773250284623435 4.110478282369447
274 3.410000000000000 6.720000000000000
275 3.947362229102167 6.277746130030960
276 4.672086333512448 5.681291778613648
277 1.690000000000000 1.880000000000000
278 4.020000000000000 3.530000000000000
279 2.576452968996322 2.507745664739884
280 2.274113779411953 2.293642805162971
281 2.922479123462677 2.752785645370566
282 7.976518377427322 5.973935206857032
283 2.450000000000000 2.160000000000000
284 5.290000000000000 9.970000000000001
285 2.492667836770513 2.277336551118912
286 3.699136915077990 5.595126516464472
287 4.440000000000000 5.480000000000000
288 5.044915546432024 2.994045699594424
289 2.410000000000000 2.350000000000000
290 3.711753272574001 1.205783747673808
291 1.640000000000000 1.680000000000000
292 2.810000000000000 2.740000000000000
293 9.320000000000000 3.480000000000000
519
1 2
2 8
8 6
6 4
4 11
11 12
12 3
3 7
7 9
9 10
10 5
5 0
13 17
17 16
16 15
15 19
19 18
18 14
21 2
2 31
31 23
23 27
27 26
26 22
22 32
32 25
25 28
28 37
37 30
30 35
35 33
33 24
24 29
29 34
34 38
38 36
36 20
39 42
42 49
49 41
41 47
47 46
46 22
22 51
51 53
53 45
45 43
43 52
52 48
48 44
44 50
50 54
54 40
0 61
61 57
57 58
58 62
62 59
59 56
56 60
60 55
64 67
67 41
41 23
23 66
66 65
65 69
69 74
74 3
3 70
70 71
71 68
68 73
73 72
72 56
56 63
75 4
4 80
80 83
83 65
65 79
79 85
85 77
77 86
86 81
81 78
78 84
84 82
82 76
87 15
15 91
91 88
88 90
90 93
93 89
89 92
92 42
42 1
94 96
96 95
97 105
105 111
111 110
110 107
107 103
103 24
24 108
108 102
102 106
106 104
104 43
43 112
112 99
99 109
109 101
101 100
100 98
114 122
122 124
124 44
44 119
119 99
99 123
123 116
116 117
117 115
115 125
125 77
77 118
118 120
120 121
121 5
5 113
127 16
16 128
128 88
88 126
130 131
131 133
133 134
134 132
132 129
136 137
137 96
96 135
75 6
6 143
143 147
147 66
66 142
142 149
149 150
150 115
115 145
145 139
139 148
148 140
140 146
146 151
151 144
144 141
141 138
153 154
154 152
155 164
164 159
159 25
25 163
163 170
170 168
168 45
45 169
169 166
166 116
116 157
157 100
100 162
162 139
139 78
78 161
161 160
160 158
158 165
165 167
167 156
171 89
89 67
67 172
172 46
46 26
26 176
176 177
177 117
117 157
157 101
101 173
173 175
175 140
140 174
174 76
178 185
185 68
68 179
179 57
57 186
186 184
184 131
131 188
188 158
158 180
180 187
187 183
183 189
189 182
182 181
181 141
141 94
64 172
172 47
47 27
27 142
142 79
79 190
190 196
196 7
7 191
191 192
192 194
194 179
179 58
58 195
195 193
193 129
198 90
90 159
159 28
28 202
202 201
201 199
199 102
102 200
200 203
203 197
21 8
8 143
143 80
80 208
208 69
69 190
190 210
210 118
118 206
206 211
211 205
205 160
160 180
180 209
209 207
207 212
212 204
214 103
103 29
29 215
215 216
216 213
217 219
219 218
221 17
17 128
128 91
91 225
225 229
229 30
30 227
227 199
199 224
224 104
104 228
228 48
48 119
119 226
226 223
223 230
230 144
144 181
181 222
222 220
1 231
231 232
232 153
138 220
233 231
231 238
238 236
236 70
70 191
191 9
9 120
120 234
234 239
239 205
205 161
161 237
237 235
235 240
240 182
182 222
222 138
217 223
223 243
243 244
244 173
173 162
162 145
145 81
81 245
245 206
206 234
234 121
121 10
10 192
192 71
71 242
242 154
154 241
127 105
105 246
246 247
247 20
249 146
146 174
174 82
82 235
235 183
183 207
207 250
250 248
178 252
252 253
253 72
72 59
59 193
193 251
251 132
132 254
254 248
0 184
184 255
255 256
256 251
251 129
171 92
92 49
49 31
31 147
147 83
83 208
208 11
11 258
258 236
236 242
242 185
185 252
252 257
257 60
60 63
171 93
93 32
32 163
163 261
261 260
260 224
224 106
106 259
259 114
262 194
194 61
61 186
186 255
255 133
133 265
265 264
264 263
126 164
164 225
225 269
269 18
18 267
267 107
107 266
266 270
270 268
268 20
129 248
214 33
33 108
108 200
200 259
259 122
122 273
273 50
50 226
226 243
243 272
272 175
175 148
148 84
84 237
237 187
187 209
209 165
165 271
274 275
275 276
276 166
166 123
123 109
109 244
244 272
272 249
277 246
246 280
280 279
279 281
281 266
266 34
34 215
215 278
152 257
257 253
253 73
73 62
62 195
195 256
256 134
134 282
282 264
264 167
167 250
250 95
283 285
285 279
279 110
110 267
267 35
35 227
227 201
201 260
260 168
168 286
286 51
51 275
275 176
176 149
149 85
85 210
210 196
196 74
74 12
12 258
258 238
238 232
232 284
127 111
111 280
280 283
287 169
169 112
112 52
52 228
228 124
124 273
273 288
288 197
289 285
285 290
290 20
291 247
247 290
290 268
268 36
36 40
87 19
19 269
269 229
229 37
37 202
202 261
261 170
170 286
286 53
53 276
276 177
177 150
150 125
125 86
86 245
245 211
211 239
239 188
188 265
265 282
282 254
254 129
292 281
281 270
270 38
38 216
216 203
203 288
288 54
54 219
219 230
230 151
151 240
240 189
189 212
212 137
137 293
540
0 0.400000000000000 3.900000000000000
1 0.600000000000000 3.800000000000000
2 0.600000000000000 3.900000000000000
3 0.600000000000000 4.700000000000000
4 0.700000000000000 5.100000000000000
5 0.700000000000000 3.800000000000000
6 0.700000000000000 4.400000000000000
7 0.800000000000000 5.400000000000000
8 0.800000000000000 3.500000000000000
9 0.900000000000000 5.200000000000000
10 0.900000000000000 5.000000000000000
11 0.900000000000000 4.100000000000000
12 1.000000000000000 8.300000000000001
13 1.000000000000000 6.300000000000000
14 1.000000000000000 7.200000000000000
15 1.000000000000000 7.600000000000000
16 1.000000000000000 4.900000000000000
17 1.000000000000000 4.000000000000000
18 1.000000000000000 4.000000000000000
19 1.000000000000000 3.300000000000000
20 1.100000000000000 5.100000000000000
21 1.100000000000000 5.800000000000000
22 1.100000000000000 8.300000000000001
23 1.100000000000000 8.600000000000000
24 1.200000000000000 3.500000000000000
25 1.200000000000000 3.800000000000000
26 1.200000000000000 8.000000000000000
27 1.200000000000000 8.600000000000000
28 1.200000000000000 5.400000000000000
29 1.200000000000000 4.200000000000000
30 1.200000000000000 7.800000000000000
31 1.200000000000000 5.300000000000000
32 1.300000000000000 5.000000000000000
33 1.300000000000000 4.200000000000000
34 1.300000000000000 4.600000000000000
35 1.300000000000000 8.699999999999999
36 1.300000000000000 8.300000000000001
37 1.400000000000000 8.800000000000001
38 1.400000000000000 4.600000000000000
39 1.400000000000000 9.500000000000000
40 1.400000000000000 3.300000000000000
41 1.400000000000000 8.800000000000001
42 1.400000000000000 5.500000000000000
43 1.400000000000000 6.300000000000000
44 1.400000000000000 9.600000000000000
45 1.400000000000000 7.200000000000000
46 1.500000000000000 3.100000000000000
47 1.500000000000000 8.100000000000000
48 1.500000000000000 7.000000000000000
49 1.500000000000000 4.800000000000000
50 1.500000000000000 8.100000000000000
51 1.500000000000000 5.200000000000000
52 1.500000000000000 3.000000000000000
53 1.500000000000000 7.300000000000000
54 1.600000000000000 4.300000000000000
55 1.600000000000000 7.700000000000000
56 1.600000000000000 8.400000000000000
57 1.600000000000000 7.800000000000000
58 1.600000000000000 6.800000000000000
59 1.600000000000000 3.200000000000000
60 1.600000000000000 4.100000000000000
61 1.700000000000000 6.600000000000000
62 1.700000000000000 7.100000000000000
63 1.700000000000000 7.800000000000000
64 1.700000000000000 8.199999999999999
65 1.700000000000000 6.100000000000000
66 1.700000000000000 9.000000000000000
67 1.700000000000000 8.199999999999999
68 1.700000000000000 2.800000000000000
69 1.700000000000000 6.500000000000000
70 1.700000000000000 5.300000000000000
71 1.800000000000000 6.400000000000000
72 1.800000000000000 7.000000000000000
73 1.800000000000000 6.800000000000000
74 1.800000000000000 9.100000000000000
75 1.800000000000000 2.700000000000000
76 1.900000000000000 4.900000000000000
77 1.900000000000000 7.200000000000000
78 1.900000000000000 3.100000000000000
79 1.900000000000000 6.600000000000000
80 1.900000000000000 6.800000000000000
81 1.900000000000000 2.700000000000000
82 1.900000000000000 8.400000000000000
83 1.900000000000000 5.000000000000000
84 2.000000000000000 3.600000000000000
85 2.000000000000000 7.100000000000000
86 2.000000000000000 7.900000000000000
87 2.000000000000000 5.700000000000000
88 2.000000000000000 7.600000000000000
89 2.000000000000000 5.200000000000000
90 2.000000000000000 4.600000000000000
91 2.000000000000000 2.800000000000000
92 2.000000000000000 2.700000000000000
93 2.000000000000000 3.300000000000000
94 2.000000000000000 8.100000000000000
95 2.100000000000000 2.500000000000000
96 2.100000000000000 5.700000000000000
97 2.100000000000000 6.900000000000000
98 2.100000000000000 5.100000000000000
99 2.100000000000000 3.400000000000000
100 2.100000000000000 6.200000000000000
101 2.200000000000000 9.000000000000000
102 2.200000000000000 3.800000000000000
103 2.200000000000000 3.800000000000000
104 2.200000000000000 8.199999999999999
105 2.200000000000000 5.900000000000000
106 2.200000000000000 8.900000000000000
107 2.200000000000000 9.000000000000000
108 2.200000000000000 5.800000000000000
109 2.200000000000000 7.400000000000000
110 2.300000000000000 3.900000000000000
111 2.300000000000000 7.600000000000000
112 2.300000000000000 4.400000000000000
113 2.300000000000000 7.200000000000000
114 2.300000000000000 4.400000000000000
115 2.400000000000000 6.800000000000000
116 2.400000000000000 8.800000000000001
117 2.400000000000000 6.800000000000000
118 2.400000000000000 6.200000000000000
119 2.400000000000000 8.400000000000000
120 2.500000000000000 3.300000000000000
121 2.500000000000000 5.800000000000000
122 2.500000000000000 5.200000000000000
123 2.600000000000000 4.800000000000000
124 2.600000000000000 3.500000000000000
125 2.600000000000000 4.700000000000000
126 2.600000000000000 2.800000000000000
127 2.600000000000000 8.500000000000000
128 2.600000000000000 2.100000000000000
129 2.700000000000000 3.900000000000000
130 2.700000000000000 4.500000000000000
131 2.700000000000000 7.900000000000000
132 2.700000000000000 2.000000000000000
133 2.700000000000000 7.000000000000000
134 2.800000000000000 5.300000000000000
135 2.900000000000000 5.100000000000000
136 2.900000000000000 6.200000000000000
137 2.900000000000000 7.600000000000000
138 2.900000000000000 2.600000000000000
139 2.900000000000000 5.100000000000000
140 2.900000000000000 5.000000000000000
141 2.900000000000000 7.200000000000000
142 2.900000000000000 8.100000000000000
143 3.000000000000000 7.200000000000000
144 3.000000000000000 3.000000000000000
145 3.000000000000000 8.699999999999999
146 3.000000000000000 2.000000000000000
147 3.000000000000000 2.000000000000000
148 3.000000000000000 4.200000000000000
149 3.100000000000000 7.200000000000000
150 3.100000000000000 8.600000000000000
151 3.100000000000000 8.100000000000000
152 3.100000000000000 2.400000000000000
153 3.100000000000000 2.100000000000000
154 3.100000000000000 8.500000000000000
155 3.200000000000000 6.400000000000000
156 3.200000000000000 4.300000000000000
157 3.200000000000000 2.700000000000000
158 3.200000000000000 2.400000000000000
159 3.200000000000000 1.600000000000000
160 3.200000000000000 4.500000000000000
161 3.200000000000000 6.200000000000000
162 3.300000000000000 4.300000000000000
163 3.300000000000000 3.500000000000000
164 3.300000000000000 2.900000000000000
165 3.300000000000000 2.600000000000000
166 3.300000000000000 5.200000000000000
167 3.300000000000000 3.500000000000000
168 3.300000000000000 5.000000000000000
169 3.300000000000000 7.600000000000000
170 3.300000000000000 4.600000000000000
171 3.300000000000000 2.100000000000000
172 3.400000000000000 5.500000000000000
173 3.400000000000000 4.000000000000000
174 3.400000000000000 2.200000000000000
175 3.400000000000000 4.500000000000000
176 3.400000000000000 5.100000000000000
177 3.400000000000000 8.800000000000001
178 3.400000000000000 8.400000000000000
179 3.500000000000000 7.600000000000000
180 3.500000000000000 3.700000000000000
181 3.500000000000000 7.200000000000000
182 3.500000000000000 2.500000000000000
183 3.600000000000000 3.300000000000000
184 3.600000000000000 6.000000000000000
185 3.600000000000000 8.900000000000000
186 3.600000000000000 8.400000000000000
187 3.600000000000000 4.900000000000000
188 3.600000000000000 6.800000000000000
189 3.600000000000000 6.600000000000000
190 3.600000000000000 2.100000000000000
191 3.600000000000000 3.900000000000000
192 3.600000000000000 8.500000000000000
193 3.600000000000000 6.100000000000000
194 3.700000000000000 2.500000000000000
195 3.700000000000000 1.900000000000000
196 3.700000000000000 8.100000000000000
197 3.800000000000000 3.700000000000000
198 3.800000000000000 5.300000000000000
199 3.800000000000000 2.800000000000000
200 3.800000000000000 8.500000000000000
201 3.800000000000000 6.500000000000000
202 3.800000000000000 8.300000000000001
203 3.900000000000000 2.300000000000000
204 3.900000000000000 3.100000000000000
205 3.900000000000000 2.800000000000000
206 3.900000000000000 8.600000000000000
207 3.900000000000000 5.600000000000000
208 3.900000000000000 8.400000000000000
209 3.900000000000000 3.100000000000000
210 3.900000000000000 6.500000000000000
211 3.900000000000000 5.600000000000000
212 3.900000000000000 1.300000000000000
213 4.000000000000000 7.600000000000000
214 4.000000000000000 2.900000000000000
215 4.000000000000000 4.400000000000000
216 4.100000000000000 8.600000000000000
217 4.100000000000000 7.100000000000000
218 4.200000000000000 4.100000000000000
219 4.200000000000000 6.800000000000000
220 4.200000000000000 1.100000000000000
221 4.200000000000000 2.600000000000000
222 4.200000000000000 8.400000000000000
223 4.300000000000000 7.700000000000000
224 4.300000000000000 5.300000000000000
225 4.300000000000000 6.200000000000000
226 4.300000000000000 3.300000000000000
227 4.400000000000000 8.400000000000000
228 4.400000000000000 7.700000000000000
229 4.400000000000000 6.900000000000000
230 4.400000000000000 4.300000000000000
231 4.400000000000000 3.700000000000000
232 4.400000000000000 5.100000000000000
233 4.400000000000000 3.600000000000000
234 4.400000000000000 4.100000000000000
235 4.400000000000000 6.800000000000000
236 4.400000000000000 7.800000000000000
237 4.400000000000000 8.699999999999999
238 4.500000000000000 8.300000000000001
239 4.500000000000000 8.100000000000000
240 4.500000000000000 5.600000000000000
241 4.500000000000000 6.200000000000000
242 4.500000000000000 7.500000000000000
243 4.500000000000000 3.500000000000000
244 4.500000000000000 2.300000000000000
245 4.500000000000000 8.600000000000000
246 4.500000000000000 7.500000000000000
247 4.500000000000000 1.600000000000000
248 4.500000000000000 4.300000000000000
249 4.600000000000000 5.400000000000000
250 4.600000000000000 5.300000000000000
251 4.600000000000000 5.200000000000000
252 4.600000000000000 3.100000000000000
253 4.600000000000000 6.500000000000000
254 4.600000000000000 2.800000000000000
255 4.600000000000000 2.300000000000000
256 4.600000000000000 6.700000000000000
257 4.700000000000000 2.000000000000000
258 4.700000000000000 8.199999999999999
259 4.700000000000000 8.400000000000000
260 4.700000000000000 4.800000000000000
261 4.700000000000000 8.699999999999999
262 4.700000000000000 6.400000000000000
263 4.700000000000000 4.800000000000000
264 4.800000000000000 7.400000000000000
265 4.800000000000000 1.600000000000000
266 4.800000000000000 5.300000000000000
267 4.800000000000000 4.900000000000000
268 4.800000000000000 3.100000000000000
269 4.800000000000000 8.000000000000000
270 4.800000000000000 2.700000000000000
271 4.800000000000000 4.000000000000000
272 4.900000000000000 1.100000000000000
273 4.900000000000000 1.400000000000000
274 4.900000000000000 2.500000000000000
275 4.900000000000000 2.600000000000000
276 4.900000000000000 2.600000000000000
277 4.900000000000000 1.200000000000000
278 4.900000000000000 6.300000000000000
279 4.900000000000000 1.600000000000000
280 4.900000000000000 6.100000000000000
281 4.900000000000000 2.500000000000000
282 4.900000000000000 5.400000000000000
283 4.900000000000000 5.500000000000000
284 4.900000000000000 3.900000000000000
285 5.000000000000000 7.100000000000000
286 5.000000000000000 1.400000000000000
287 5.000000000000000 7.300000000000000
288 5.000000000000000 3.900000000000000
289 5.000000000000000 1.500000000000000
290 5.000000000000000 6.900000000000000
291 5.000000000000000 6.400000000000000
292 5.100000000000000 3.900000000000000
293 5.100000000000000 6.400000000000000
294 5.100000000000000 2.300000000000000
295 5.100000000000000 6.100000000000000
296 5.100000000000000 7.000000000000000
297 5.100000000000000 3.400000000000000
298 5.100000000000000 5.800000000000000
299 5.200000000000000 3.300000000000000
300 5.200000000000000 8.000000000000000
301 5.200000000000000 2.000000000000000
302 5.200000000000000 3.900000000000000
303 5.200000000000000 7.700000000000000
304 5.200000000000000 6.400000000000000
305 5.200000000000000 5.700000000000000
306 5.200000000000000 6.800000000000000
307 5.200000000000000 1.400000000000000
308 5.300000000000000 4.700000000000000
309 5.300000000000000 1.000000000000000
310 5.300000000000000 1.200000000000000
311 5.300000000000000 7.300000000000000
312 5.300000000000000 2.700000000000000
313 5.300000000000000 8.400000000000000
314 5.300000000000000 6.900000000000000
315 5.300000000000000 5.700000000000000
316 5.300000000000000 1.000000000000000
317 5.300000000000000 3.800000000000000
318 5.300000000000000 8.199999999999999
319 5.400000000000000 3.100000000000000
320 5.400000000000000 0.900000000000000
321 5.400000000000000 2.800000000000000
322 5.400000000000000 5.500000000000000
323 5.400000000000000 7.500000000000000
324 5.500000000000000 5.600000000000000
325 5.500000000000000 1.600000000000000
326 5.500000000000000 2.700000000000000
327 5.500000000000000 3.800000000000000
328 5.500000000000000 1.700000000000000
329 5.500000000000000 3.000000000000000
330 5.500000000000000 4.600000000000000
331 5.500000000000000 2.400000000000000
332 5.500000000000000 2.600000000000000
333 5.500000000000000 5.200000000000000
334 5.500000000000000 8.500000000000000
335 5.500000000000000 6.500000000000000
336 5.600000000000000 7.900000000000000
337 5.600000000000000 3.600000000000000
338 5.600000000000000 3.200000000000000
339 5.600000000000000 3.800000000000000
340 5.600000000000000 1.000000000000000
341 5.600000000000000 5.000000000000000
342 5.600000000000000 5.000000000000000
343 5.700000000000000 5.500000000000000
344 5.700000000000000 1.400000000000000
345 5.800000000000000 1.700000000000000
346 5.800000000000000 4.900000000000000
347 5.800000000000000 3.500000000000000
348 5.800000000000000 6.100000000000000
349 5.800000000000000 5.400000000000000
350 5.800000000000000 5.800000000000000
351 5.800000000000000 6.200000000000000
352 5.800000000000000 3.200000000000000
353 5.800000000000000 6.900000000000000
354 5.900000000000000 0.800000000000000
355 5.900000000000000 4.000000000000000
356 5.900000000000000 0.900000000000000
357 5.900000000000000 4.000000000000000
358 5.900000000000000 2.800000000000000
359 5.900000000000000 8.100000000000000
360 5.900000000000000 2.000000000000000
361 6.000000000000000 5.100000000000000
362 6.000000000000000 4.700000000000000
363 6.000000000000000 5.800000000000000
364 6.000000000000000 5.800000000000000
365 6.000000000000000 0.900000000000000
366 6.100000000000000 2.100000000000000
367 6.100000000000000 3.000000000000000
368 6.100000000000000 6.500000000000000
369 6.100000000000000 4.700000000000000
370 6.100000000000000 1.600000000000000
371 6.100000000000000 1.700000000000000
372 6.100000000000000 4.500000000000000
373 6.100000000000000 3.500000000000000
374 6.200000000000000 4.700000000000000
375 6.200000000000000 3.800000000000000
376 6.200000000000000 5.000000000000000
377 6.200000000000000 1.700000000000000
378 6.200000000000000 1.600000000000000
379 6.300000000000000 4.200000000000000
380 6.300000000000000 1.100000000000000
381 6.300000000000000 7.800000000000000
382 6.300000000000000 8.000000000000000
383 6.400000000000000 0.800000000000000
384 6.400000000000000 5.500000000000000
385 6.400000000000000 5.500000000000000
386 6.400000000000000 3.500000000000000
387 6.400000000000000 0.700000000000000
388 6.400000000000000 7.300000000000000
389 6.400000000000000 1.000000000000000
390 6.500000000000000 3.900000000000000
391 6.500000000000000 2.800000000000000
392 6.500000000000000 2.400000000000000
393 6.500000000000000 1.200000000000000
394 6.500000000000000 2.400000000000000
395 6.500000000000000 6.700000000000000
396 6.500000000000000 4.300000000000000
397 6.600000000000000 4.000000000000000
398 6.600000000000000 0.900000000000000
399 6.600000000000000 4.000000000000000
400 6.600000000000000 1.600000000000000
401 6.600000000000000 3.600000000000000
402 6.600000000000000 2.000000000000000
403 6.600000000000000 2.500000000000000
404 6.600000000000000 4.300000000000000
405 6.600000000000000 4.300000000000000
406 6.700000000000000 1.900000000000000
407 6.700000000000000 3.500000000000000
408 6.700000000000000 2.700000000000000
409 6.700000000000000 6.900000000000000
410 6.700000000000000 5.900000000000000
411 6.700000000000000 2.300000000000000
412 6.700000000000000 1.500000000000000
413 6.700000000000000 4.200000000000000
414 6.700000000000000 2.200000000000000
415 6.800000000000000 3.800000000000000
416 6.800000000000000 4.800000000000000
417 6.800000000000000 0.700000000000000
418 6.800000000000000 1.100000000000000
419 6.800000000000000 2.200000000000000
420 6.800000000000000 2.200000000000000
421 6.800000000000000 5.300000000000000
422 6.900000000000000 3.500000000000000
423 6.900000000000000 6.900000000000000
424 6.900000000000000 2.000000000000000
425 6.900000000000000 2.600000000000000
426 6.900000000000000 1.600000000000000
427 6.900000000000000 1.200000000000000
428 6.900000000000000 1.600000000000000
429 7.000000000000000 2.600000000000000
430 7.000000000000000 4.800000000000000
431 7.000000000000000 7.300000000000000
432 7.100000000000000 3.400000000000000
433 7.100000000000000 2.500000000000000
434 7.100000000000000 6.000000000000000
435 7.100000000000000 3.400000000000000
436 7.100000000000000 3.000000000000000
437 7.200000000000000 6.900000000000000
438 7.200000000000000 4.600000000000000
439 7.200000000000000 5.200000000000000
440 7.200000000000000 7.100000000000000
441 7.200000000000000 1.900000000000000
442 7.200000000000000 0.800000000000000
443 7.300000000000000 0.500000000000000
444 7.300000000000000 3.300000000000000
445 7.300000000000000 1.600000000000000
446 7.300000000000000 6.000000000000000
447 7.300000000000000 6.600000000000000
448 7.300000000000000 6.600000000000000
449 7.300000000000000 5.400000000000000
450 7.300000000000000 5.200000000000000
451 7.300000000000000 0.800000000000000
452 7.400000000000000 1.000000000000000
453 7.400000000000000 6.000000000000000
454 7.400000000000000 3.500000000000000
455 7.400000000000000 3.300000000000000
456 7.400000000000000 3.500000000000000
457 7.500000000000000 1.200000000000000
458 7.500000000000000 2.500000000000000
459 7.500000000000000 5.200000000000000
460 7.500000000000000 5.300000000000000
461 7.500000000000000 2.900000000000000
462 7.500000000000000 0.600000000000000
463 7.600000000000000 0.600000000000000
464 7.600000000000000 1.200000000000000
465 7.600000000000000 1.800000000000000
466 7.600000000000000 6.300000000000000
467 7.600000000000000 0.600000000000000
468 7.600000000000000 3.200000000000000
469 7.600000000000000 5.100000000000000
470 7.600000000000000 7.000000000000000
471 7.600000000000000 5.000000000000000
472 7.600000000000000 1.200000000000000
473 7.700000000000000 6.200000000000000
474 7.700000000000000 3.200000000000000
475 7.700000000000000 2.000000000000000
476 7.700000000000000 1.500000000000000
477 7.700000000000000 0.400000000000000
478 7.700000000000000 5.700000000000000
479 7.800000000000000 6.500000000000000
480 7.800000000000000 1.400000000000000
481 7.800000000000000 5.700000000000000
482 7.800000000000000 1.200000000000000
483 7.800000000000000 1.900000000000000
484 7.900000000000000 2.900000000000000
485 7.900000000000000 5.700000000000000
486 7.900000000000000 4.900000000000000
487 7.900000000000000 5.000000000000000
488 8.000000000000000 5.500000000000000
489 8.100000000000000 4.400000000000000
490 8.100000000000000 5.300000000000000
491 8.199999999999999 4.100000000000000
492 8.199999999999999 4.000000000000000
493 8.199999999999999 3.200000000000000
494 8.199999999999999 5.700000000000000
495 8.199999999999999 3.400000000000000
496 8.199999999999999 3.700000000000000
497 8.300000000000001 6.300000000000000
498 8.300000000000001 5.700000000000000
499 8.300000000000001 4.400000000000000
500 8.300000000000001 6.200000000000000
501 8.300000000000001 4.800000000000000
502 8.300000000000001 5.100000000000000
503 8.500000000000000 3.400000000000000
504 8.500000000000000 4.700000000000000
505 8.500000000000000 3.700000000000000
506 8.600000000000000 5.000000000000000
507 8.699999999999999 3.300000000000000
508 8.699999999999999 5.600000000000000
509 8.699999999999999 4.000000000000000
510 8.699999999999999 4.700000000000000
511 8.699999999999999 2.900000000000000
512 8.699999999999999 5.300000000000000
513 8.699999999999999 5.000000000000000
514 8.800000000000001 3.200000000000000
515 8.800000000000001 3.600000000000000
516 8.800000000000001 5.000000000000000
517 8.900000000000000 4.600000000000000
518 8.900000000000000 5.000000000000000
519 8.900000000000000 4.200000000000000
520 8.900000000000000 3.300000000000000
521 9.000000000000000 5.100000000000000
522 9.000000000000000 3.800000000000000
523 9.000000000000000 4.100000000000000
524 9.000000000000000 3.800000000000000
525 9.000000000000000 4.700000000000000
526 9.000000000000000 5.900000000000000
527 9.100000000000000 5.500000000000000
528 9.199999999999999 5.000000000000000
529 9.199999999999999 5.200000000000000
530 9.199999999999999 5.900000000000000
531 9.199999999999999 5.200000000000000
532 9.300000000000001 4.100000000000000
533 9.300000000000001 5.700000000000000
534 9.300000000000001 4.800000000000000
535 9.300000000000001 3.500000000000000
536 9.300000000000001 4.400000000000000
537 9.300000000000001 3.700000000000000
538 9.400000000000000 5.000000000000000
539 9.400000000000000 4.800000000000000
