374
0 2.760000000000000 2.000000000000000
1 8.369999999999999 9.930000000000000
2 4.487285547288145 4.441599713011584
3 4.149921654843679 3.964719914957286
4 4.999143059637712 5.165134485370243
5 5.540642825829934 5.930569983748910
6 6.057293905516220 6.660880689972126
7 4.488287263096913 4.443015685625404
8 5.577651712237060 5.982883792876986
9 4.568003702914113 4.555698638878595
10 5.026704475016357 5.204093847928648
11 4.691028894749098 4.729600558887762
12 3.874228133002364 3.575014098878565
13 6.040556084152659 6.637220988828981
14 3.852232310101830 3.543921964190288
15 6.100529514990853 6.721996266288318
16 7.533288208447114 8.747268358820968
17 7.602435045417651 8.845010679173258
18 4.720696364406646 4.771536928653246
19 3.448876322133809 2.973759221839769
20 6.030000000000000 3.810000000000000
21 6.430000000000000 6.820000000000000
22 6.068812343741446 4.102062886654378
23 6.065161872196845 4.074593088281259
24 6.217423681982263 5.220363206916529
25 6.192154997661001 5.030216357399033
26 6.327076502223793 6.045500679234047
27 6.069575241804469 4.107803694578632
28 6.154466056887037 4.746607078074949
29 6.335213519687173 6.106731735645980
30 6.223545996356113 5.266433622579749
31 6.346673737802291 6.192969876962239
32 6.206747238702212 5.140022971234142
33 6.134921799063356 4.599536537951754
34 7.010000000000000 3.900000000000000
35 1.700000000000000 5.040000000000000
36 3.194045140509758 4.719244546105250
37 3.737702239869063 4.602527202739975
38 2.856571151298965 4.791696588986663
39 6.169013291597561 4.080550818753066
40 1.989999999999999 4.977740112994351
41 3.884779582366516 4.570951276102104
42 6.498205078876492 4.009876875721432
43 5.038385518193632 4.323284465020576
44 4.792820996978852 4.376004531722054
45 4.269565819861431 4.488341801385682
46 5.692529073755126 4.182846865521499
47 5.048544549341128 4.321103430084955
48 5.189159723875267 4.290914861540903
49 6.516405722182414 4.005969392977787
50 5.649235860873488 4.192141453597782
51 3.575263542962258 4.637401047273640
52 3.559848991700066 4.640710385962698
53 3.302627330386315 4.695933115510282
54 1.900000000000000 1.130000000000000
55 4.330000000000000 7.870000000000000
56 2.780616653851191 3.572533434961739
57 2.896079980504198 3.892789740163908
58 3.327481688849203 5.089352503227831
59 4.265896515442223 7.692198565465261
60 1.990000000000000 1.379629629629630
61 3.193419893618811 4.717510322218432
62 3.455634088361170 5.444804014631393
63 3.633445937615583 5.937994082110714
64 3.446619281652713 5.419799982855674
65 3.276236098572883 4.947214528551946
66 2.957985055981143 4.064493529758397
67 3.649103159851301 5.981421933085502
68 2.392711774609416 2.496616197887846
69 3.514149814279819 5.607106892282296
70 0.130000000000000 0.720000000000000
71 7.350000000000000 8.490000000000000
72 0.847218038769010 1.491853761943935
73 3.088458736472196 3.903826091743624
74 4.228001440338802 5.130176065295359
75 5.291574231314024 6.274768944225758
76 1.990000000000000 2.721689750692521
77 3.737393669769768 4.602195126608185
78 5.391361130409879 6.382157338405092
79 4.066592462002411 4.956471389163259
80 4.725695754071148 5.665783380766318
81 4.285906923392421 5.192492630853063
82 5.309585278418531 6.294152024004431
83 5.969275125459055 7.004095252744718
84 3.978613350834426 4.861790268141758
85 4.991501888732867 5.951837905187587
86 3.543385515613477 4.393407957938603
87 2.114512533681718 2.855687311178248
88 3.128831558471532 3.947274405723519
89 0.840000000000000 1.480000000000000
90 3.160000000000000 5.290000000000000
91 2.287962138663779 3.857903339788361
92 3.029598001885828 5.075848442752157
93 1.990000000000000 3.368577586206897
94 2.855072511629467 4.789235460908737
95 3.155975814117577 5.283391315425849
96 2.973676771679546 4.984012284525461
97 1.706451094238500 2.902921840107191
98 1.869921733483714 3.171380088177997
99 9.820000000000000 4.290000000000000
100 0.930000000000000 3.780000000000000
101 6.851037692328568 4.119677077962606
102 1.990000000000000 3.840809898762655
103 7.163499145890355 4.137602313206308
104 8.670359507624472 4.224047620797355
105 6.191932282734648 4.081865631517960
106 6.457508510238989 4.097101163129571
107 4.804982189395577 4.002299315702109
108 5.229871910589298 4.026674316580488
109 3.883166736758228 3.949416764425950
110 8.637622780391998 4.222169585826762
111 5.773997710634230 4.057889632443583
112 5.302577738070462 4.030845292060286
113 4.888189177189704 4.007072719951266
114 7.690751770257967 4.167849651612100
115 7.617304170635302 4.163636122274916
116 6.614194663136399 4.106089907559006
117 5.563159488494994 4.045794301364730
118 2.764873002173983 3.885262680664649
119 3.512412077340272 3.928147374515583
120 3.119154129598339 3.905587019808229
121 6.430000000000000 5.230000000000000
122 2.680000000000000 5.060000000000000
123 6.059734148145264 5.213214614715919
124 5.939306406735892 5.207755223772027
125 5.672738470352334 5.195670810655972
126 3.869596289836867 5.113928365139271
127 4.746605127671746 5.153686099121119
128 5.050584488167210 5.167466496796914
129 4.336155158371591 5.135079033846178
130 6.172537854089692 5.218328382718733
131 6.255002593815048 5.222066784252950
132 4.099948717621213 5.124371008532162
133 2.861625265260266 5.068233678691798
134 3.590509905247565 5.101276449037889
135 3.394663843303335 5.092398094229751
136 8.949999999999999 5.620000000000000
137 7.620000000000000 6.090000000000000
138 7.645303697318598 6.081058091925007
139 8.281203305964874 5.856341688869556
140 7.911329680332376 5.987048909957732
141 8.225983320141316 5.875855518446301
142 8.312786196124073 5.845180817911042
143 4.130000000000000 7.880000000000000
144 7.002780789881089 3.909976547317106
145 5.713541263920277 5.691633947776839
146 5.873069904002532 5.471174229885388
147 5.421583519810451 6.095103330261946
148 4.461958519155338 7.421251768667275
149 5.285670257779912 6.282927907651372
150 6.103290595177388 5.153022024720139
151 6.755890926168084 4.251164622864939
152 6.164577823313673 5.068326480281799
153 6.539399851079672 4.550343261355176
154 5.310806772465250 6.248190640829272
155 8.430000000000000 8.920000000000000
156 7.200000000000000 4.470000000000000
157 7.842036474164134 6.792814886203573
158 8.139529827102381 7.869111976102111
159 7.614533392304290 5.969734630694383
160 7.290924679663290 4.798955141871249
161 1.990000000000000 0.110000000000000
162 1.990000000000000 6.490000000000000
163 1.990000000000000 4.972619311875694
164 1.990000000000000 1.052656250000000
165 1.990000000000000 5.103648648648649
166 1.990000000000000 3.166088794926004
167 1.990000000000000 3.016395348837209
168 8.710000000000001 0.610000000000000
169 5.970000000000000 6.860000000000000
170 7.289981244775261 3.849093875968840
171 6.313390188857179 6.076719459723589
172 6.063040102760448 6.647773488228904
173 6.538430410734500 5.563397785733350
174 7.573647851335656 3.202044134727062
175 8.150736356698966 1.885692617018782
176 7.408987179561857 3.577638732751239
177 7.002860472860473 4.504022644022644
178 6.503126356853667 5.643927105717001
179 7.007512790060296 4.493410606614288
180 8.029999999999999 6.910000000000000
181 8.750000000000000 3.890000000000000
182 8.680313540630541 4.182295982355232
183 8.661111339781849 4.262838547026137
184 8.256251571110896 5.961000354507073
185 8.289538759024360 5.821379094092262
186 0.540000000000000 5.280000000000000
187 9.550000000000001 3.370000000000000
188 6.494547949764381 4.017715140504999
189 5.040349774972462 4.325985785771653
190 4.788642474246181 4.379344381153141
191 4.270213048299431 4.489244514733417
192 5.688832964800095 4.188515986374231
193 5.045164869467126 4.324965049868790
194 5.192211641368967 4.293793092673171
195 7.643028132341982 3.774252637872011
196 7.490384829927307 3.806610984998762
197 6.522160715342866 4.011861601963943
198 5.651729648990041 4.196381395164154
199 3.574529844694803 4.636720088416530
200 3.559791344679677 4.639844454124509
201 3.302279227034890 4.694433593381062
202 0.190000000000000 9.060000000000000
203 3.220629497259948 8.188877028565377
204 3.787938820319839 8.025809855995023
205 0.473255761324633 8.978581073435674
206 3.785254014240778 8.026581575616781
207 4.057638186890946 7.948287574299463
208 7.240000000000000 2.420000000000000
209 3.890000000000000 9.600000000000000
210 5.838551032610452 5.423702562942374
211 5.484409289726681 6.182728746197740
212 4.497767640130127 8.297381595183786
213 5.410355565034582 6.341446878522897
214 4.421189942462489 8.461509317349055
215 6.007148159214934 5.062351109503515
216 4.035814663389338 9.287477825929717
217 4.555491986117779 8.173661952141593
218 7.102341350673770 2.715041523033531
219 6.505322597702000 3.994622014477504
220 6.075233958566760 4.916423933579302
221 6.228389169343735 4.588168884809545
222 5.410636600305335 6.340844540241104
223 4.257982487363850 8.811309176336584
224 2.920000000000000 1.410000000000000
225 8.170000000000000 8.630000000000001
226 4.972367923999900 4.232494554529387
227 5.335009541962499 4.731213122470332
228 5.042129471960759 4.328433292867940
229 4.312622102582633 3.325186967742212
230 4.236998196952307 3.221186091808696
231 4.634443130509568 3.767767505196015
232 6.366670269572652 6.149992256440867
233 5.312034804739222 4.699617388612797
234 1.610000000000000 6.920000000000000
235 4.408987622233111 4.682798525746181
236 6.408603220226672 3.084526733388984
237 5.483999850577610 3.823552517300312
238 3.472008602214772 5.431716037306133
239 5.056180775414809 4.165503820716404
240 2.029998754588747 6.584299396865122
241 7.051123974607033 2.570966627756368
242 5.963726142326193 3.440112319632706
243 5.448930917877850 3.851582747699765
244 2.478154096467748 6.226093528578176
245 4.222098253816456 4.832177239400702
246 3.987316997350040 5.019835437286824
247 2.395310713851392 6.292309376140095
248 3.605409671593873 5.325089960537757
249 3.473210979720691 5.430754989566055
250 3.690000000000000 3.680000000000000
251 4.910518051869143 5.382301493396438
252 4.554440242623933 4.885666654186012
253 5.693479184044892 6.474326230378403
254 4.492509380863039 4.799289399624765
255 7.580000000000000 5.210000000000000
256 8.595721327092740 4.261305968603736
257 7.792991484656422 5.011063790980804
258 7.887257858448796 4.923018040839703
259 7.638777208893027 5.155101490170980
260 4.410000000000000 6.150000000000000
261 4.560000000000000 9.820000000000000
262 4.503997130457255 8.449796458520849
263 4.492212777213545 8.161472615824724
264 2.540000000000000 0.580000000000000
265 7.357893548546369 0.603425738485639
266 3.639200179561005 0.585344571375499
267 3.173226374224520 0.583078896471108
268 3.527522341952087 0.584801567302846
269 7.220000000000000 1.840000000000000
270 4.548808656392570 5.937094196066913
271 5.457238608090272 4.543737223890012
272 6.942551800797396 2.265552220129261
273 6.091488057950991 3.570920452039584
274 5.666894710972164 4.222165051854083
275 5.359361825302231 4.693861399625405
276 4.709710318988332 5.690301966249213
277 7.260000000000000 4.230000000000000
278 7.699536573661479 4.240301638445191
279 7.644096177053212 4.239002254149685
280 1.680000000000000 8.170000000000000
281 3.900522935149711 5.632832097563597
282 5.126600902035561 4.231916297854675
283 2.506169010498531 7.226019885116299
284 2.092093052414318 7.699142775851509
285 6.915112245541528 2.188364528108687
286 5.887705320134759 3.362278939268407
287 5.453166004668271 3.858783247373619
288 4.646420107033639 4.780570527522936
289 4.235456004717894 5.250137814103923
290 3.645309652509652 5.924438610038610
291 3.599869054594554 5.976359004407306
292 8.270000000000000 1.070000000000000
293 4.220699862726003 3.377570602245662
294 7.376851068500985 1.578977884544198
295 7.279356374792121 1.634537087727634
296 6.812756767818819 1.900437737116350
297 5.301223500431371 2.761813682068585
298 4.931791429516940 2.972341565275281
299 6.122154821254864 6.675517996108950
300 5.412236995711318 6.342329896653846
301 2.836738123451470 5.133562425939889
302 3.617039434181489 5.499783841109179
303 3.473608379649423 5.432466866182128
304 6.270000000000000 8.199999999999999
305 3.517750690810049 8.589298422023578
306 5.352461914659495 8.329783347597505
307 5.360253011907130 8.328681317394715
308 0.439674469144746 9.024684203377554
309 3.819870433197166 8.546564379514875
310 4.184549280555082 8.494981516237274
311 7.970000000000000 0.090000000000000
312 4.140607963328181 3.302036778423326
313 6.422901238550770 1.387683306916528
314 6.582798668365887 1.253563733777211
315 5.068603852521169 2.523647703142291
316 4.800267421859232 2.748724288674149
317 8.910000000000000 7.800000000000000
318 8.030589801257630 6.970637536145407
319 6.608745487364621 5.629711191335740
320 6.352786336235765 5.388318821165438
321 5.587058095139820 4.666168610050562
322 3.425855798294547 2.627961565871280
323 1.730000000000000 6.180000000000000
324 4.520000000000000 9.940000000000000
325 2.984840121320355 7.871110701134242
326 2.124486300605140 6.711637451711587
327 2.197884290064283 6.810553738581256
328 3.852772640572888 9.040797537116150
329 8.330000000000000 9.440000000000000
330 7.360000000000000 1.440000000000000
331 8.263050711778975 8.887840921888460
332 7.387362161044206 1.665667307581077
333 7.727995002930380 4.475010333446436
334 7.834789167117036 5.355786945295142
335 8.224608709427029 8.570793479810542
336 4.580000000000000 9.990000000000000
337 5.353573333939587 8.327394625562679
338 7.090672309377103 4.593928170891002
339 6.558403376422770 5.737909161121211
340 7.145234258430319 4.476660698299014
341 0.020000000000000 7.300000000000000
342 7.750167213418806 8.789045289624074
343 0.347128331602629 7.363014018691588
344 1.489711891244738 7.583107403545360
345 1.875284063934166 7.657379332172812
346 3.785167095466551 8.025275944667754
347 4.089101578128473 8.083822182707268
348 9.380000000000001 2.240000000000000
349 6.654173729275147 1.454342360400009
350 2.993729479542107 0.399302272181960
351 3.505110028268742 0.546696124521302
352 6.450000000000000 0.880000000000000
353 8.159166008106661 5.687897876462641
354 9.890000000000001 7.460000000000000
355 2.760000000000000 0.160000000000000
356 4.061293793678939 1.492320433920932
357 6.994090044178234 4.495043102735079
358 3.460000000000000 0.470000000000000
359 5.905278868110383 4.627466083608197
360 0.210000000000000 9.340000000000000
361 2.357360406091370 6.391928934010154
362 3.835752116049316 4.879165283183191
363 3.577811912582832 4.910536389010196
364 3.358634123445200 4.937193147148557
365 1.240000000000000 2.470000000000000
366 3.558599032891272 4.621934408962512
367 1.922534540257266 3.103472860830739
368 3.210435012752033 4.298796978008758
369 2.880000000000000 5.020000000000000
370 3.420000000000000 2.540000000000000
371 3.668426520012221 6.271683470821877
372 2.700000000000000 2.100000000000000
373 1.840000000000000 3.210000000000000
670
0 19
19 14
14 12
12 3
3 2
2 7
7 9
9 11
11 18
18 4
4 10
10 5
5 8
8 13
13 6
6 15
15 16
16 17
17 1
20 23
23 22
22 27
27 33
33 28
28 25
25 32
32 24
24 30
30 26
26 29
29 31
31 21
35 40
40 38
38 36
36 53
53 52
52 51
51 37
37 41
41 45
45 2
2 44
44 43
43 47
47 48
48 50
50 46
46 22
22 39
39 42
42 49
49 34
54 60
60 68
68 56
56 57
57 66
66 61
61 36
36 65
65 58
58 64
64 62
62 69
69 63
63 67
67 59
59 55
70 72
72 76
76 87
87 56
56 73
73 88
88 86
86 77
77 37
37 84
84 79
79 74
74 81
81 80
80 85
85 75
75 82
82 78
78 83
83 71
89 72
72 97
97 98
98 93
93 91
91 94
94 38
38 96
96 92
92 95
95 90
100 102
102 91
91 118
118 57
57 73
73 120
120 119
119 109
109 3
3 107
107 113
113 108
108 112
112 117
117 111
111 23
23 39
39 105
105 106
106 116
116 101
101 103
103 115
115 114
114 110
110 104
104 99
122 133
133 92
92 58
58 135
135 134
134 126
126 132
132 74
74 129
129 127
127 4
4 128
128 125
125 124
124 123
123 130
130 24
24 131
131 121
137 138
138 140
140 141
141 139
139 142
142 136
143 59
59 148
148 149
149 75
75 154
154 147
147 5
5 145
145 146
146 123
123 150
150 152
152 25
25 153
153 151
151 101
101 144
144 34
156 160
160 159
159 138
138 157
157 158
158 155
161 164
164 60
60 76
76 167
167 166
166 93
93 102
102 163
163 40
40 165
165 162
169 6
6 172
172 171
171 26
26 178
178 173
173 177
177 179
179 103
103 170
170 176
176 174
174 175
175 168
180 184
184 139
139 185
185 183
183 104
104 182
182 181
186 163
163 94
94 61
61 201
201 200
200 199
199 77
77 41
41 191
191 7
7 190
190 189
189 193
193 194
194 198
198 192
192 27
27 105
105 188
188 197
197 144
144 170
170 196
196 195
195 187
202 205
205 203
203 206
206 204
204 207
207 55
209 216
216 223
223 214
214 212
212 217
217 78
78 213
213 222
222 211
211 8
8 145
145 210
210 124
124 215
215 220
220 28
28 221
221 106
106 188
188 42
42 219
219 218
218 208
224 230
230 229
229 231
231 107
107 226
226 43
43 189
189 228
228 233
233 227
227 125
125 210
210 146
146 171
171 29
29 232
232 225
234 240
240 247
247 244
244 62
62 238
238 249
249 248
248 126
126 246
246 79
79 245
245 235
235 9
9 190
190 44
44 226
226 239
239 108
108 243
243 237
237 242
242 236
236 241
241 208
250 109
109 45
45 191
191 235
235 254
254 252
252 127
127 251
251 147
147 211
211 253
253 169
255 259
259 257
257 258
258 256
256 110
110 182
182 187
260 148
148 263
263 212
212 262
262 261
264 267
267 268
268 266
266 265
265 168
260 270
270 276
276 80
80 251
251 10
10 128
128 227
227 275
275 271
271 274
274 192
192 46
46 111
111 273
273 236
236 272
272 269
277 279
279 278
278 256
256 183
183 99
280 284
284 283
283 291
291 63
63 290
290 281
281 289
289 81
81 129
129 252
252 288
288 11
11 228
228 193
193 47
47 282
282 112
112 287
287 237
237 286
286 285
285 269
250 12
12 293
293 229
229 298
298 297
297 296
296 295
295 294
294 292
122 301
301 95
95 64
64 238
238 303
303 302
302 281
281 270
270 149
149 82
82 213
213 300
300 253
253 13
13 172
172 299
299 21
202 308
308 305
305 309
309 310
310 214
214 262
262 306
306 307
307 304
250 14
14 312
312 230
230 316
316 315
315 313
313 314
314 265
265 311
0 322
322 312
312 293
293 231
231 113
113 239
239 282
282 48
48 194
194 271
271 321
321 215
215 150
150 130
130 30
30 320
320 173
173 319
319 157
157 318
318 317
323 240
240 326
326 327
327 283
283 325
325 203
203 305
305 328
328 216
216 324
330 294
294 332
332 174
174 195
195 114
114 278
278 333
333 257
257 334
334 140
140 318
318 158
158 335
335 331
331 329
336 306
306 337
337 83
83 15
15 299
299 31
31 232
232 339
339 319
319 338
338 340
340 277
341 343
343 344
344 345
345 284
284 325
325 346
346 204
204 347
347 263
263 217
217 337
337 307
307 16
16 342
342 331
331 155
336 17
17 342
342 225
54 164
164 264
161 350
350 351
351 266
266 313
313 349
349 295
295 332
332 175
175 348
352 314
314 349
349 296
296 285
285 272
272 241
241 218
218 176
176 196
196 115
115 279
279 333
333 258
258 353
353 141
141 184
184 317
255 159
159 137
202 343
343 186
355 350
350 267
267 356
356 315
315 297
297 286
286 242
242 273
273 219
219 49
49 197
197 116
116 151
151 357
357 177
177 338
338 160
160 259
259 334
334 353
353 185
185 142
142 354
358 351
351 268
268 356
356 316
316 298
298 243
243 287
287 117
117 50
50 198
198 274
274 359
359 220
220 152
152 32
32 131
131 320
320 178
178 339
339 335
335 155
360 308
308 205
205 344
344 326
326 361
361 244
244 90
186 165
165 96
96 65
65 364
364 363
363 362
362 84
84 245
245 254
254 288
288 18
18 233
233 275
275 321
321 359
359 33
33 221
221 153
153 357
357 179
179 340
340 156
365 97
97 367
367 166
166 118
118 66
66 368
368 366
366 199
199 51
51 362
362 246
246 132
132 289
289 276
276 85
85 154
154 222
222 300
300 169
280 345
345 327
327 361
361 247
247 301
301 133
133 369
370 322
322 19
19 119
119 86
86 366
366 200
200 52
52 363
363 134
134 248
248 302
302 290
290 67
67 371
371 346
346 206
206 309
309 328
328 209
373 98
98 367
367 167
167 87
87 68
68 372
372 120
120 88
88 368
368 201
201 53
53 364
364 135
135 249
249 303
303 69
69 291
291 371
371 207
207 347
347 310
310 223
223 324
709
0 0.400000000000000 7.300000000000000
1 0.500000000000000 8.100000000000000
2 0.500000000000000 6.600000000000000
3 0.600000000000000 5.900000000000000
4 0.600000000000000 7.500000000000000
5 0.600000000000000 6.900000000000000
6 0.600000000000000 6.900000000000000
7 0.700000000000000 6.400000000000000
8 0.700000000000000 7.000000000000000
9 0.700000000000000 6.400000000000000
10 0.700000000000000 6.900000000000000
11 0.800000000000000 7.800000000000000
12 0.800000000000000 8.600000000000000
13 0.800000000000000 7.800000000000000
14 0.800000000000000 7.600000000000000
15 0.800000000000000 7.200000000000000
16 0.800000000000000 6.900000000000000
17 0.800000000000000 8.699999999999999
18 0.900000000000000 5.300000000000000
19 0.900000000000000 4.900000000000000
20 0.900000000000000 6.100000000000000
21 0.900000000000000 2.700000000000000
22 0.900000000000000 1.700000000000000
23 0.900000000000000 8.600000000000000
24 1.000000000000000 8.500000000000000
25 1.000000000000000 7.600000000000000
26 1.000000000000000 4.500000000000000
27 1.100000000000000 6.100000000000000
28 1.100000000000000 3.600000000000000
29 1.100000000000000 7.100000000000000
30 1.100000000000000 6.600000000000000
31 1.100000000000000 4.600000000000000
32 1.100000000000000 5.300000000000000
33 1.200000000000000 5.200000000000000
34 1.200000000000000 7.100000000000000
35 1.200000000000000 7.600000000000000
36 1.200000000000000 6.800000000000000
37 1.200000000000000 2.800000000000000
38 1.200000000000000 5.900000000000000
39 1.200000000000000 7.800000000000000
40 1.300000000000000 5.800000000000000
41 1.300000000000000 5.800000000000000
42 1.300000000000000 4.700000000000000
43 1.300000000000000 3.400000000000000
44 1.300000000000000 7.900000000000000
45 1.300000000000000 6.700000000000000
46 1.300000000000000 4.700000000000000
47 1.400000000000000 8.300000000000001
48 1.400000000000000 2.900000000000000
49 1.400000000000000 7.300000000000000
50 1.500000000000000 3.100000000000000
51 1.500000000000000 7.500000000000000
52 1.500000000000000 7.900000000000000
53 1.500000000000000 7.700000000000000
54 1.500000000000000 6.900000000000000
55 1.500000000000000 5.400000000000000
56 1.500000000000000 3.400000000000000
57 1.600000000000000 6.100000000000000
58 1.600000000000000 2.800000000000000
59 1.600000000000000 6.800000000000000
60 1.600000000000000 5.800000000000000
61 1.600000000000000 4.200000000000000
62 1.600000000000000 3.500000000000000
63 1.700000000000000 3.400000000000000
64 1.700000000000000 7.500000000000000
65 1.700000000000000 4.300000000000000
66 1.700000000000000 7.100000000000000
67 1.800000000000000 6.800000000000000
68 1.800000000000000 3.300000000000000
69 1.800000000000000 3.500000000000000
70 1.900000000000000 4.300000000000000
71 1.900000000000000 8.699999999999999
72 1.900000000000000 5.400000000000000
73 1.900000000000000 5.400000000000000
74 1.900000000000000 2.900000000000000
75 2.000000000000000 2.600000000000000
76 2.000000000000000 4.500000000000000
77 2.000000000000000 1.300000000000000
78 2.000000000000000 4.100000000000000
79 2.000000000000000 1.900000000000000
80 2.000000000000000 3.800000000000000
81 2.100000000000000 8.400000000000000
82 2.100000000000000 2.100000000000000
83 2.100000000000000 7.000000000000000
84 2.100000000000000 7.800000000000000
85 2.100000000000000 0.900000000000000
86 2.100000000000000 0.500000000000000
87 2.200000000000000 7.400000000000000
88 2.200000000000000 0.600000000000000
89 2.200000000000000 8.400000000000000
90 2.200000000000000 7.700000000000000
91 2.200000000000000 2.400000000000000
92 2.200000000000000 2.700000000000000
93 2.200000000000000 6.700000000000000
94 2.300000000000000 1.900000000000000
95 2.300000000000000 2.100000000000000
96 2.300000000000000 8.699999999999999
97 2.300000000000000 5.000000000000000
98 2.300000000000000 2.400000000000000
99 2.300000000000000 6.000000000000000
100 2.300000000000000 8.300000000000001
101 2.300000000000000 5.700000000000000
102 2.400000000000000 4.500000000000000
103 2.400000000000000 8.199999999999999
104 2.400000000000000 7.600000000000000
105 2.400000000000000 1.100000000000000
106 2.400000000000000 6.900000000000000
107 2.400000000000000 1.500000000000000
108 2.400000000000000 8.600000000000000
109 2.400000000000000 6.100000000000000
110 2.400000000000000 5.400000000000000
111 2.400000000000000 1.000000000000000
112 2.500000000000000 0.800000000000000
113 2.500000000000000 0.400000000000000
114 2.500000000000000 1.700000000000000
115 2.500000000000000 4.800000000000000
116 2.500000000000000 2.400000000000000
117 2.500000000000000 6.500000000000000
118 2.500000000000000 6.300000000000000
119 2.500000000000000 0.400000000000000
120 2.500000000000000 2.000000000000000
121 2.600000000000000 1.100000000000000
122 2.600000000000000 2.400000000000000
123 2.600000000000000 3.200000000000000
124 2.600000000000000 5.400000000000000
125 2.600000000000000 2.900000000000000
126 2.600000000000000 0.600000000000000
127 2.600000000000000 6.400000000000000
128 2.600000000000000 5.600000000000000
129 2.700000000000000 2.400000000000000
130 2.700000000000000 7.200000000000000
131 2.700000000000000 3.700000000000000
132 2.700000000000000 0.400000000000000
133 2.700000000000000 5.500000000000000
134 2.700000000000000 2.400000000000000
135 2.700000000000000 3.800000000000000
136 2.700000000000000 0.500000000000000
137 2.800000000000000 5.300000000000000
138 2.800000000000000 7.200000000000000
139 2.800000000000000 4.900000000000000
140 2.800000000000000 1.600000000000000
141 2.800000000000000 5.900000000000000
142 2.900000000000000 3.600000000000000
143 2.900000000000000 4.800000000000000
144 2.900000000000000 7.900000000000000
145 2.900000000000000 7.600000000000000
146 2.900000000000000 7.500000000000000
147 2.900000000000000 5.500000000000000
148 2.900000000000000 4.700000000000000
149 2.900000000000000 2.200000000000000
150 2.900000000000000 2.700000000000000
151 2.900000000000000 4.800000000000000
152 3.000000000000000 4.200000000000000
153 3.000000000000000 6.100000000000000
154 3.000000000000000 5.000000000000000
155 3.000000000000000 5.200000000000000
156 3.000000000000000 4.000000000000000
157 3.000000000000000 6.900000000000000
158 3.000000000000000 6.500000000000000
159 3.000000000000000 4.100000000000000
160 3.000000000000000 4.300000000000000
161 3.000000000000000 2.600000000000000
162 3.100000000000000 1.300000000000000
163 3.100000000000000 6.200000000000000
164 3.100000000000000 4.800000000000000
165 3.100000000000000 3.700000000000000
166 3.100000000000000 0.900000000000000
167 3.100000000000000 5.400000000000000
168 3.100000000000000 6.800000000000000
169 3.100000000000000 6.200000000000000
170 3.100000000000000 5.900000000000000
171 3.100000000000000 5.500000000000000
172 3.100000000000000 3.400000000000000
173 3.100000000000000 4.800000000000000
174 3.100000000000000 4.300000000000000
175 3.100000000000000 1.300000000000000
176 3.100000000000000 5.600000000000000
177 3.200000000000000 6.200000000000000
178 3.200000000000000 0.800000000000000
179 3.200000000000000 8.400000000000000
180 3.200000000000000 1.500000000000000
181 3.200000000000000 2.600000000000000
182 3.200000000000000 1.500000000000000
183 3.200000000000000 7.500000000000000
184 3.200000000000000 5.500000000000000
185 3.200000000000000 6.600000000000000
186 3.200000000000000 4.600000000000000
187 3.200000000000000 1.600000000000000
188 3.200000000000000 3.600000000000000
189 3.200000000000000 8.100000000000000
190 3.300000000000000 3.500000000000000
191 3.300000000000000 2.400000000000000
192 3.300000000000000 8.600000000000000
193 3.300000000000000 0.600000000000000
194 3.300000000000000 2.000000000000000
195 3.300000000000000 6.000000000000000
196 3.300000000000000 4.900000000000000
197 3.300000000000000 7.400000000000000
198 3.300000000000000 0.500000000000000
199 3.300000000000000 1.500000000000000
200 3.400000000000000 1.400000000000000
201 3.400000000000000 6.700000000000000
202 3.400000000000000 2.700000000000000
203 3.400000000000000 8.600000000000000
204 3.400000000000000 2.700000000000000
205 3.400000000000000 2.000000000000000
206 3.500000000000000 1.900000000000000
207 3.500000000000000 0.900000000000000
208 3.500000000000000 2.400000000000000
209 3.500000000000000 6.900000000000000
210 3.500000000000000 2.300000000000000
211 3.500000000000000 5.800000000000000
212 3.500000000000000 6.400000000000000
213 3.600000000000000 5.000000000000000
214 3.600000000000000 4.700000000000000
215 3.600000000000000 5.100000000000000
216 3.600000000000000 4.200000000000000
217 3.600000000000000 8.400000000000000
218 3.600000000000000 3.100000000000000
219 3.600000000000000 6.700000000000000
220 3.600000000000000 3.600000000000000
221 3.600000000000000 8.199999999999999
222 3.700000000000000 7.100000000000000
223 3.700000000000000 1.600000000000000
224 3.700000000000000 2.700000000000000
225 3.700000000000000 3.700000000000000
226 3.700000000000000 3.700000000000000
227 3.700000000000000 4.400000000000000
228 3.700000000000000 7.700000000000000
229 3.700000000000000 1.300000000000000
230 3.700000000000000 7.300000000000000
231 3.700000000000000 1.200000000000000
232 3.800000000000000 7.000000000000000
233 3.800000000000000 7.600000000000000
234 3.800000000000000 3.700000000000000
235 3.800000000000000 4.100000000000000
236 3.800000000000000 2.100000000000000
237 3.800000000000000 8.199999999999999
238 3.800000000000000 5.700000000000000
239 3.800000000000000 5.900000000000000
240 3.800000000000000 6.400000000000000
241 3.800000000000000 2.600000000000000
242 3.900000000000000 8.400000000000000
243 3.900000000000000 2.000000000000000
244 3.900000000000000 2.500000000000000
245 3.900000000000000 1.500000000000000
246 3.900000000000000 6.200000000000000
247 3.900000000000000 9.199999999999999
248 3.900000000000000 2.100000000000000
249 3.900000000000000 1.500000000000000
250 3.900000000000000 9.300000000000001
251 4.000000000000000 3.800000000000000
252 4.000000000000000 5.200000000000000
253 4.000000000000000 8.699999999999999
254 4.100000000000000 8.300000000000001
255 4.100000000000000 2.200000000000000
256 4.100000000000000 3.700000000000000
257 4.100000000000000 2.600000000000000
258 4.100000000000000 3.200000000000000
259 4.100000000000000 7.800000000000000
260 4.100000000000000 8.000000000000000
261 4.100000000000000 3.000000000000000
262 4.100000000000000 2.300000000000000
263 4.200000000000000 7.900000000000000
264 4.200000000000000 6.200000000000000
265 4.200000000000000 7.600000000000000
266 4.200000000000000 1.600000000000000
267 4.200000000000000 4.600000000000000
268 4.200000000000000 0.900000000000000
269 4.200000000000000 2.700000000000000
270 4.200000000000000 4.400000000000000
271 4.200000000000000 5.800000000000000
272 4.200000000000000 8.199999999999999
273 4.300000000000000 0.600000000000000
274 4.300000000000000 8.300000000000001
275 4.300000000000000 8.600000000000000
276 4.300000000000000 0.900000000000000
277 4.300000000000000 4.400000000000000
278 4.300000000000000 1.000000000000000
279 4.300000000000000 2.200000000000000
280 4.300000000000000 5.000000000000000
281 4.300000000000000 6.700000000000000
282 4.400000000000000 9.699999999999999
283 4.400000000000000 8.699999999999999
284 4.400000000000000 7.200000000000000
285 4.400000000000000 4.400000000000000
286 4.400000000000000 8.199999999999999
287 4.400000000000000 9.699999999999999
288 4.400000000000000 1.600000000000000
289 4.400000000000000 9.600000000000000
290 4.400000000000000 6.300000000000000
291 4.400000000000000 7.800000000000000
292 4.400000000000000 8.100000000000000
293 4.500000000000000 1.600000000000000
294 4.500000000000000 1.600000000000000
295 4.500000000000000 5.600000000000000
296 4.500000000000000 7.700000000000000
297 4.500000000000000 7.200000000000000
298 4.500000000000000 7.300000000000000
299 4.500000000000000 1.600000000000000
300 4.500000000000000 6.400000000000000
301 4.600000000000000 4.600000000000000
302 4.600000000000000 5.700000000000000
303 4.600000000000000 3.400000000000000
304 4.600000000000000 8.199999999999999
305 4.600000000000000 3.700000000000000
306 4.600000000000000 5.500000000000000
307 4.600000000000000 6.500000000000000
308 4.600000000000000 1.600000000000000
309 4.600000000000000 7.700000000000000
310 4.600000000000000 5.300000000000000
311 4.600000000000000 2.700000000000000
312 4.600000000000000 4.500000000000000
313 4.600000000000000 3.900000000000000
314 4.600000000000000 1.200000000000000
315 4.600000000000000 1.400000000000000
316 4.600000000000000 6.100000000000000
317 4.700000000000000 0.600000000000000
318 4.700000000000000 7.000000000000000
319 4.700000000000000 3.600000000000000
320 4.700000000000000 4.000000000000000
321 4.700000000000000 9.199999999999999
322 4.700000000000000 3.200000000000000
323 4.700000000000000 2.800000000000000
324 4.700000000000000 2.900000000000000
325 4.700000000000000 5.900000000000000
326 4.700000000000000 2.400000000000000
327 4.800000000000000 3.100000000000000
328 4.800000000000000 1.100000000000000
329 4.800000000000000 3.200000000000000
330 4.800000000000000 9.100000000000000
331 4.800000000000000 0.600000000000000
332 4.800000000000000 9.800000000000001
333 4.800000000000000 1.900000000000000
334 4.800000000000000 3.600000000000000
335 4.800000000000000 7.100000000000000
336 4.900000000000000 1.100000000000000
337 4.900000000000000 4.300000000000000
338 4.900000000000000 1.200000000000000
339 4.900000000000000 6.600000000000000
340 4.900000000000000 1.700000000000000
341 4.900000000000000 9.300000000000001
342 4.900000000000000 9.300000000000001
343 4.900000000000000 6.800000000000000
344 4.900000000000000 9.300000000000001
345 4.900000000000000 4.000000000000000
346 5.000000000000000 4.800000000000000
347 5.000000000000000 2.100000000000000
348 5.000000000000000 9.199999999999999
349 5.000000000000000 1.900000000000000
350 5.000000000000000 4.400000000000000
351 5.000000000000000 6.800000000000000
352 5.000000000000000 6.400000000000000
353 5.000000000000000 3.000000000000000
354 5.000000000000000 9.400000000000000
355 5.000000000000000 2.300000000000000
356 5.000000000000000 5.700000000000000
357 5.000000000000000 2.100000000000000
358 5.000000000000000 3.200000000000000
359 5.000000000000000 8.199999999999999
360 5.000000000000000 1.000000000000000
361 5.000000000000000 2.300000000000000
362 5.100000000000000 2.500000000000000
363 5.100000000000000 7.700000000000000
364 5.100000000000000 7.900000000000000
365 5.100000000000000 5.900000000000000
366 5.100000000000000 2.500000000000000
367 5.100000000000000 2.100000000000000
368 5.100000000000000 3.200000000000000
369 5.100000000000000 3.100000000000000
370 5.200000000000000 7.100000000000000
371 5.200000000000000 4.200000000000000
372 5.200000000000000 7.800000000000000
373 5.200000000000000 0.700000000000000
374 5.200000000000000 2.800000000000000
375 5.200000000000000 3.500000000000000
376 5.200000000000000 4.100000000000000
377 5.300000000000000 4.200000000000000
378 5.300000000000000 4.600000000000000
379 5.300000000000000 9.300000000000001
380 5.300000000000000 8.199999999999999
381 5.300000000000000 3.500000000000000
382 5.300000000000000 4.500000000000000
383 5.300000000000000 5.900000000000000
384 5.300000000000000 8.000000000000000
385 5.300000000000000 2.400000000000000
386 5.300000000000000 3.400000000000000
387 5.300000000000000 2.900000000000000
388 5.400000000000000 9.500000000000000
389 5.400000000000000 8.800000000000001
390 5.400000000000000 3.300000000000000
391 5.400000000000000 6.800000000000000
392 5.400000000000000 1.700000000000000
393 5.400000000000000 1.000000000000000
394 5.400000000000000 4.400000000000000
395 5.400000000000000 3.300000000000000
396 5.400000000000000 5.200000000000000
397 5.500000000000000 3.500000000000000
398 5.500000000000000 0.700000000000000
399 5.500000000000000 8.500000000000000
400 5.500000000000000 3.700000000000000
401 5.500000000000000 3.200000000000000
402 5.500000000000000 3.900000000000000
403 5.500000000000000 1.400000000000000
404 5.500000000000000 5.900000000000000
405 5.500000000000000 2.800000000000000
406 5.600000000000000 6.700000000000000
407 5.600000000000000 9.400000000000000
408 5.600000000000000 6.400000000000000
409 5.600000000000000 8.400000000000000
410 5.600000000000000 5.000000000000000
411 5.600000000000000 0.600000000000000
412 5.600000000000000 1.300000000000000
413 5.600000000000000 8.100000000000000
414 5.600000000000000 1.400000000000000
415 5.600000000000000 7.500000000000000
416 5.600000000000000 7.600000000000000
417 5.700000000000000 9.000000000000000
418 5.700000000000000 7.400000000000000
419 5.700000000000000 8.900000000000000
420 5.700000000000000 6.200000000000000
421 5.700000000000000 1.200000000000000
422 5.700000000000000 3.000000000000000
423 5.700000000000000 6.600000000000000
424 5.800000000000000 5.200000000000000
425 5.800000000000000 5.000000000000000
426 5.800000000000000 0.700000000000000
427 5.800000000000000 4.800000000000000
428 5.800000000000000 3.100000000000000
429 5.800000000000000 6.300000000000000
430 5.800000000000000 2.000000000000000
431 5.900000000000000 3.000000000000000
432 5.900000000000000 0.700000000000000
433 5.900000000000000 8.699999999999999
434 5.900000000000000 2.300000000000000
435 5.900000000000000 2.900000000000000
436 5.900000000000000 8.600000000000000
437 5.900000000000000 6.500000000000000
438 5.900000000000000 3.600000000000000
439 6.000000000000000 4.500000000000000
440 6.000000000000000 6.200000000000000
441 6.000000000000000 7.800000000000000
442 6.000000000000000 6.500000000000000
443 6.000000000000000 9.000000000000000
444 6.000000000000000 3.900000000000000
445 6.000000000000000 6.600000000000000
446 6.000000000000000 6.000000000000000
447 6.000000000000000 4.900000000000000
448 6.000000000000000 6.200000000000000
449 6.000000000000000 5.600000000000000
450 6.000000000000000 1.900000000000000
451 6.000000000000000 7.600000000000000
452 6.000000000000000 7.100000000000000
453 6.000000000000000 7.500000000000000
454 6.100000000000000 5.400000000000000
455 6.100000000000000 0.600000000000000
456 6.100000000000000 5.900000000000000
457 6.100000000000000 1.500000000000000
458 6.100000000000000 7.200000000000000
459 6.100000000000000 7.200000000000000
460 6.100000000000000 7.900000000000000
461 6.200000000000000 5.700000000000000
462 6.200000000000000 7.100000000000000
463 6.200000000000000 2.600000000000000
464 6.200000000000000 0.900000000000000
465 6.200000000000000 1.400000000000000
466 6.200000000000000 1.200000000000000
467 6.200000000000000 5.600000000000000
468 6.200000000000000 6.700000000000000
469 6.200000000000000 2.800000000000000
470 6.200000000000000 3.800000000000000
471 6.200000000000000 7.900000000000000
472 6.200000000000000 7.600000000000000
473 6.300000000000000 5.300000000000000
474 6.300000000000000 8.900000000000000
475 6.300000000000000 6.900000000000000
476 6.300000000000000 5.800000000000000
477 6.300000000000000 4.200000000000000
478 6.300000000000000 4.800000000000000
479 6.300000000000000 2.800000000000000
480 6.300000000000000 7.600000000000000
481 6.300000000000000 4.600000000000000
482 6.400000000000000 8.600000000000000
483 6.400000000000000 7.200000000000000
484 6.400000000000000 5.400000000000000
485 6.400000000000000 4.900000000000000
486 6.500000000000000 3.500000000000000
487 6.500000000000000 5.400000000000000
488 6.500000000000000 6.100000000000000
489 6.500000000000000 4.500000000000000
490 6.500000000000000 1.700000000000000
491 6.500000000000000 8.600000000000000
492 6.500000000000000 2.200000000000000
493 6.500000000000000 4.500000000000000
494 6.600000000000000 3.500000000000000
495 6.600000000000000 8.199999999999999
496 6.600000000000000 5.300000000000000
497 6.600000000000000 7.100000000000000
498 6.600000000000000 3.800000000000000
499 6.600000000000000 5.900000000000000
500 6.600000000000000 3.200000000000000
501 6.600000000000000 5.100000000000000
502 6.600000000000000 7.700000000000000
503 6.600000000000000 2.200000000000000
504 6.600000000000000 8.400000000000000
505 6.600000000000000 9.100000000000000
506 6.700000000000000 8.699999999999999
507 6.700000000000000 1.600000000000000
508 6.700000000000000 5.900000000000000
509 6.700000000000000 6.400000000000000
510 6.700000000000000 7.200000000000000
511 6.700000000000000 6.000000000000000
512 6.700000000000000 3.100000000000000
513 6.800000000000000 4.700000000000000
514 6.800000000000000 1.900000000000000
515 6.800000000000000 3.600000000000000
516 6.800000000000000 4.600000000000000
517 6.800000000000000 7.100000000000000
518 6.800000000000000 8.300000000000001
519 6.900000000000000 3.700000000000000
520 6.900000000000000 2.600000000000000
521 6.900000000000000 6.900000000000000
522 6.900000000000000 6.600000000000000
523 6.900000000000000 7.800000000000000
524 6.900000000000000 2.000000000000000
525 6.900000000000000 5.400000000000000
526 7.000000000000000 5.200000000000000
527 7.000000000000000 2.400000000000000
528 7.000000000000000 8.800000000000001
529 7.000000000000000 3.900000000000000
530 7.000000000000000 7.200000000000000
531 7.100000000000000 8.500000000000000
532 7.100000000000000 8.100000000000000
533 7.100000000000000 8.699999999999999
534 7.100000000000000 3.700000000000000
535 7.100000000000000 3.200000000000000
536 7.100000000000000 5.800000000000000
537 7.100000000000000 7.300000000000000
538 7.100000000000000 3.000000000000000
539 7.100000000000000 2.600000000000000
540 7.100000000000000 8.300000000000001
541 7.200000000000000 0.800000000000000
542 7.200000000000000 4.300000000000000
543 7.200000000000000 7.700000000000000
544 7.200000000000000 4.100000000000000
545 7.200000000000000 4.500000000000000
546 7.200000000000000 3.100000000000000
547 7.200000000000000 2.800000000000000
548 7.200000000000000 4.400000000000000
549 7.200000000000000 3.800000000000000
550 7.300000000000000 7.800000000000000
551 7.300000000000000 3.600000000000000
552 7.300000000000000 8.199999999999999
553 7.300000000000000 7.900000000000000
554 7.300000000000000 8.199999999999999
555 7.300000000000000 2.100000000000000
556 7.300000000000000 4.600000000000000
557 7.300000000000000 5.800000000000000
558 7.300000000000000 4.700000000000000
559 7.300000000000000 5.400000000000000
560 7.300000000000000 7.700000000000000
561 7.300000000000000 2.200000000000000
562 7.300000000000000 1.500000000000000
563 7.400000000000000 5.600000000000000
564 7.400000000000000 8.400000000000000
565 7.400000000000000 6.400000000000000
566 7.400000000000000 7.200000000000000
567 7.400000000000000 4.300000000000000
568 7.400000000000000 8.800000000000001
569 7.400000000000000 4.800000000000000
570 7.400000000000000 8.199999999999999
571 7.400000000000000 3.600000000000000
572 7.400000000000000 8.000000000000000
573 7.400000000000000 8.900000000000000
574 7.400000000000000 1.300000000000000
575 7.400000000000000 5.700000000000000
576 7.400000000000000 4.200000000000000
577 7.400000000000000 5.100000000000000
578 7.500000000000000 0.800000000000000
579 7.500000000000000 6.300000000000000
580 7.500000000000000 4.500000000000000
581 7.500000000000000 8.300000000000001
582 7.500000000000000 5.200000000000000
583 7.500000000000000 4.700000000000000
584 7.500000000000000 1.300000000000000
585 7.500000000000000 6.400000000000000
586 7.600000000000000 5.800000000000000
587 7.600000000000000 6.500000000000000
588 7.600000000000000 5.200000000000000
589 7.600000000000000 6.900000000000000
590 7.600000000000000 6.000000000000000
591 7.600000000000000 0.800000000000000
592 7.700000000000000 1.700000000000000
593 7.700000000000000 2.500000000000000
594 7.700000000000000 5.500000000000000
595 7.700000000000000 5.200000000000000
596 7.700000000000000 1.800000000000000
597 7.700000000000000 7.000000000000000
598 7.700000000000000 6.500000000000000
599 7.700000000000000 7.000000000000000
600 7.800000000000000 2.700000000000000
601 7.800000000000000 2.500000000000000
602 7.800000000000000 1.300000000000000
603 7.800000000000000 3.000000000000000
604 7.800000000000000 1.200000000000000
605 7.800000000000000 8.600000000000000
606 7.800000000000000 0.800000000000000
607 7.800000000000000 4.800000000000000
608 7.900000000000000 4.000000000000000
609 7.900000000000000 1.500000000000000
610 7.900000000000000 4.600000000000000
611 7.900000000000000 7.600000000000000
612 8.000000000000000 4.800000000000000
613 8.000000000000000 7.900000000000000
614 8.000000000000000 4.600000000000000
615 8.000000000000000 5.200000000000000
616 8.000000000000000 4.500000000000000
617 8.000000000000000 3.800000000000000
618 8.000000000000000 4.400000000000000
619 8.000000000000000 3.700000000000000
620 8.000000000000000 0.900000000000000
621 8.000000000000000 0.900000000000000
622 8.000000000000000 8.000000000000000
623 8.100000000000000 5.200000000000000
624 8.100000000000000 7.100000000000000
625 8.100000000000000 1.200000000000000
626 8.100000000000000 8.500000000000000
627 8.100000000000000 5.800000000000000
628 8.100000000000000 5.000000000000000
629 8.100000000000000 3.900000000000000
630 8.100000000000000 2.200000000000000
631 8.100000000000000 7.400000000000000
632 8.100000000000000 1.400000000000000
633 8.199999999999999 4.800000000000000
634 8.199999999999999 7.900000000000000
635 8.199999999999999 1.700000000000000
636 8.199999999999999 4.900000000000000
637 8.199999999999999 3.400000000000000
638 8.199999999999999 3.400000000000000
639 8.199999999999999 3.000000000000000
640 8.199999999999999 5.800000000000000
641 8.300000000000001 2.800000000000000
642 8.300000000000001 1.800000000000000
643 8.300000000000001 3.600000000000000
644 8.300000000000001 7.600000000000000
645 8.300000000000001 2.400000000000000
646 8.300000000000001 7.600000000000000
647 8.300000000000001 5.400000000000000
648 8.300000000000001 5.200000000000000
649 8.400000000000000 8.500000000000000
650 8.400000000000000 1.600000000000000
651 8.400000000000000 1.000000000000000
652 8.400000000000000 1.600000000000000
653 8.400000000000000 2.600000000000000
654 8.400000000000000 2.900000000000000
655 8.400000000000000 5.800000000000000
656 8.400000000000000 2.000000000000000
657 8.400000000000000 5.500000000000000
658 8.500000000000000 3.000000000000000
659 8.500000000000000 2.900000000000000
660 8.500000000000000 5.900000000000000
661 8.500000000000000 7.200000000000000
662 8.500000000000000 3.300000000000000
663 8.500000000000000 0.700000000000000
664 8.500000000000000 5.600000000000000
665 8.500000000000000 3.600000000000000
666 8.500000000000000 2.400000000000000
667 8.500000000000000 1.000000000000000
668 8.500000000000000 5.400000000000000
669 8.500000000000000 1.400000000000000
670 8.500000000000000 1.600000000000000
671 8.500000000000000 2.400000000000000
672 8.600000000000000 4.000000000000000
673 8.600000000000000 1.000000000000000
674 8.600000000000000 3.400000000000000
675 8.600000000000000 4.200000000000000
676 8.600000000000000 5.400000000000000
677 8.600000000000000 6.800000000000000
678 8.600000000000000 3.700000000000000
679 8.600000000000000 3.400000000000000
680 8.600000000000000 7.000000000000000
681 8.600000000000000 4.700000000000000
682 8.600000000000000 6.500000000000000
683 8.600000000000000 1.000000000000000
684 8.699999999999999 5.000000000000000
685 8.699999999999999 4.100000000000000
686 8.699999999999999 6.800000000000000
687 8.699999999999999 7.600000000000000
688 8.699999999999999 6.300000000000000
689 8.699999999999999 3.800000000000000
690 8.699999999999999 6.900000000000000
691 8.800000000000001 5.000000000000000
692 8.800000000000001 4.000000000000000
693 8.800000000000001 4.500000000000000
694 8.800000000000001 6.900000000000000
695 8.800000000000001 4.300000000000000
696 8.800000000000001 4.200000000000000
697 8.800000000000001 5.900000000000000
698 8.800000000000001 5.700000000000000
699 8.900000000000000 5.400000000000000
700 8.900000000000000 7.400000000000000
701 8.900000000000000 5.600000000000000
702 9.000000000000000 4.000000000000000
703 9.000000000000000 4.100000000000000
704 9.100000000000000 3.600000000000000
705 9.199999999999999 3.500000000000000
706 9.400000000000000 4.000000000000000
707 9.400000000000000 3.500000000000000
708 9.500000000000000 3.800000000000000
