347
0 8.210000000000001 6.000000000000000
1 4.440000000000000 5.150000000000000
2 4.702481355877067 5.209180146550533
3 7.215836102412086 5.775851641127393
4 5.355900946737941 5.356502865975398
5 5.401897714821318 5.366873490079077
6 6.586442365808030 5.633945891495179
7 7.434672212978370 5.825191347753743
8 7.927852344609086 5.936385807139979
9 8.081183828909438 5.970956566199741
10 7.060874327083720 5.740913309819937
11 5.821263060495335 5.461425358467118
12 4.790000000000000 3.190000000000000
13 4.650000000000000 6.420000000000000
14 4.660767052636902 6.171588714162917
15 4.706621331424481 5.113664996420902
16 4.666617054200432 6.036620820947183
17 4.742266925735848 4.291270213380079
18 4.684370053841552 5.627033757798479
19 4.738254118331576 4.383851412778647
20 4.692210852753752 5.446135325752717
21 4.706169870861814 5.124080836545292
22 4.653173408089708 6.346784941930316
23 4.664079967622955 6.095155032698978
24 4.764781967110611 3.771816044519477
25 4.652997940665423 6.350833226076324
26 2.400000000000000 1.430000000000000
27 2.060000000000000 5.230000000000000
28 2.268643586785350 2.898101088869613
29 2.077495969433954 5.034456812208751
30 2.093975761795816 4.850270897576180
31 4.950000000000000 7.510000000000000
32 4.755540047503612 6.610146102173576
33 4.627612018309391 6.018165418059141
34 4.908937516792549 7.319985371824342
35 4.497365837268774 5.415457599910402
36 4.700404983123530 6.355011294453980
37 4.619742988462622 5.981751868179973
38 4.692932136294238 6.320431062067452
39 3.060000000000000 6.030000000000000
40 1.610000000000000 9.650000000000000
41 2.994185379837554 6.194309603440038
42 1.676689495632058 9.483506224697896
43 1.855007096449279 9.038327110933526
44 3.045284524986002 6.066737944517705
45 3.016752168127380 6.137970449226817
46 2.176209644401395 8.236428336046174
47 9.340000000000000 6.760000000000000
48 7.470000000000000 0.110000000000000
49 8.826126209947276 4.932587858903417
50 8.100672378840988 2.352765411386400
51 7.603470539001204 0.584641221581823
52 8.538975917595959 3.911438423536433
53 8.192582786234759 2.679612582064784
54 8.418760312574884 3.483933731883945
55 1.160000000000000 4.890000000000000
56 6.950000000000000 7.660000000000000
57 2.561348982498048 5.560420843094921
58 4.202140716650781 6.345393745271617
59 5.463451489594078 6.948818760997512
60 6.581209448046825 7.483566523504267
61 5.328377416751466 6.884197831502860
62 1.636467551229161 5.117947343161446
63 5.531452631353825 6.981351258868756
64 5.854407616830939 7.135856493717046
65 3.948507617286028 6.224052866991761
66 2.311516761456043 5.440898347017830
67 6.606000455269747 7.495426815388117
68 4.890706919521702 6.674811427819536
69 3.213081387221077 5.872216829465006
70 4.483398347119009 6.479950504580251
71 2.950000000000000 1.180000000000000
72 2.470000000000000 6.590000000000000
73 2.534133534252927 5.867161624357637
74 2.592743122820612 5.206582719876018
75 2.725320539962751 3.712324747503161
76 2.896532587488432 1.782622295182463
77 2.922000367988783 1.495579185793095
78 2.600705990955000 5.116834560278021
79 2.935538233989055 1.342996154415027
80 2.918816250686262 1.531466841223588
81 2.653396555838140 4.522967985240969
82 2.524474399344347 5.976028124056421
83 2.639309188564182 4.681744353891200
84 2.922220471582886 1.493098434867893
85 6.110000000000000 8.410000000000000
86 8.500000000000000 7.470000000000000
87 6.929268795403006 8.087777126494215
88 6.398284728213977 8.296616048317516
89 5.979093022254745 8.316910593603374
90 4.862611839827672 7.522968419433012
91 4.738034532000519 7.434380111644813
92 5.713093690983003 8.127755513587914
93 1.550928863868987 5.167993858751279
94 5.019837210714936 7.634773127619511
95 5.768901918976546 8.167441364605544
96 2.740020104937970 6.013569852400334
97 2.275230608610207 5.683052877233925
98 5.360822113666150 7.877251280829262
99 2.981693403175643 6.185426420036013
100 3.958170338629555 6.879810018581017
101 9.340000000000000 4.910000000000000
102 7.256426890457796 5.001585631188669
103 8.398407334912950 4.951388688575255
104 3.540056245605812 5.164942582610734
105 5.203432811037648 5.091827129185159
106 7.419131122033145 4.994433796833708
107 5.215844103210699 5.091281577880848
108 7.495003270111186 4.991098757357750
109 3.044583236591598 5.186721615973996
110 4.195344232979947 5.136138715033849
111 4.900770416024653 5.105130970724192
112 6.714852008456660 5.025391120507400
113 2.344996448022733 5.217472683603397
114 7.424446296368075 4.994200162797008
115 7.869934881477397 4.974618246968027
116 7.252507204610950 5.001757925072046
117 4.287550915148389 5.132085674059412
118 3.742152884124554 5.156059213884635
119 6.374347792617682 5.040358338786036
120 8.277587503615852 4.956699450390512
121 6.690000000000000 8.100000000000000
122 5.405990156244260 8.491774657051456
123 6.051063850897944 8.294950990375627
124 5.750737524772257 8.386585991457284
125 6.428579684902225 8.179764072519990
126 5.580288631953978 8.438593035525853
127 5.990000000000000 5.500000000000000
128 7.215570535206692 5.776029399821327
129 6.586184129053284 5.634275704741730
130 7.434881355932204 5.825423728813560
131 7.927893296853624 5.936462454246311
132 8.081190682913686 5.970988892548127
133 7.060807061790668 5.741172761664565
134 8.789999999999999 0.190000000000000
135 7.190000000000000 5.210000000000000
136 7.288316172016960 4.901533010296789
137 7.302326100646934 4.857576859220244
138 8.722143093827453 0.402901043116360
139 7.561056900225820 4.045808975541490
140 7.986652719665272 2.710502092050209
141 7.320680515276186 4.799989883320969
142 7.628283013041310 3.834887046582891
143 7.235657568238210 5.066749379652618
144 7.522718284913690 4.166096381083296
145 7.442811119214105 4.416805113465746
146 8.720000000000001 5.840000000000000
147 8.340000000000000 4.790000000000000
148 8.644281742354035 5.630778498609834
149 6.280000000000000 6.800000000000000
150 3.300000000000000 5.390000000000000
151 3.798604898777918 5.625917082978813
152 5.931869818560803 6.635280685963333
153 6.152753994191448 6.739792997251659
154 4.966995828861021 6.178746348555046
155 4.483560610180553 5.950006865890798
156 5.837412215808448 6.590587659157689
157 5.897256676135138 6.618903326627699
158 5.711843134125909 6.531174100375010
159 4.635424779654353 6.021862060172026
160 3.499567230793946 5.484426105845458
161 4.912752096822665 6.153080690107368
162 0.660000000000000 0.030000000000000
163 6.050000000000000 9.640000000000001
164 4.792483511387972 7.397934423829019
165 5.261589348845372 8.234317929945089
166 2.027770383893109 2.468640703007936
167 3.601446972199016 5.274398033920695
168 3.049881518970763 4.290994693378300
169 4.964768080556461 7.705105984071911
170 5.698753246865505 9.013751150719388
171 5.686554722010662 8.992002018278752
172 4.154174948179342 6.259874072727919
173 2.603172444054410 3.494543077432816
174 3.624441205774728 5.315395173932309
175 4.339187662034280 6.589739041215108
176 3.050682386171594 4.292422584621340
177 0.920000000000000 9.990000000000000
178 8.359999999999999 5.010000000000000
179 6.047834605326798 6.557659094821578
180 2.606893645111333 8.860869576256125
181 7.886931018766225 5.326651011632284
182 5.387517730496453 6.999645390070922
183 6.156637292584607 6.484831489640948
184 7.933874753349256 5.295228995742029
185 7.134050554102851 5.830595193624704
186 5.659861551773870 6.817350735506199
187 7.324690488173125 5.702989431303472
188 5.893786270346779 6.660772093235623
189 6.009857272315360 6.583079406434074
190 7.677111854520500 5.467094484474181
191 7.937410660408983 5.292862219242373
192 7.017376219732562 5.908691723888688
193 5.094411335351218 7.195837573918136
194 7.040000000000000 8.279999999999999
195 6.803982716128738 7.870287844624459
196 3.574498745601526 2.264093176961083
197 3.256720392174456 1.712448602552233
198 5.129108417831645 4.962804343913125
199 3.584244792202184 2.281011741964671
200 5.478884172505389 5.569994529288082
201 3.034622064855048 1.326898938990426
202 5.969570946616393 6.421797975788848
203 5.194613344388724 5.076517052606342
204 5.920635515727872 6.336848939283102
205 6.068346481376029 6.593266508012176
206 6.600426528445638 7.516926247423968
207 4.583998898698297 4.016526205564281
208 5.539785661747523 5.675715940930907
209 4.145863192017766 3.255948328441598
210 3.253955710779027 1.707649277880462
211 1.170000000000000 9.199999999999999
212 5.938198537235532 8.074627084663373
213 5.773370575826236 8.113529181967341
214 6.489575888051668 7.944493003229279
215 5.480247061212517 8.182711130164030
216 8.300000000000001 5.620000000000000
217 4.165916955017313 2.684100346020770
218 3.045129448602413 1.888151252482052
219 4.862886699507390 3.179066995073892
220 2.863241528897551 1.758980001030633
221 7.427897414660118 5.000659350411168
222 7.954792980860912 5.374844506746986
223 7.280019084981180 4.895640672215448
224 5.085755862064659 3.337341874923885
225 6.909795040690877 4.632718850931317
226 4.499661282361151 2.921115385270038
227 6.170000000000000 3.600000000000000
228 2.736427085283531 1.375343864693685
229 2.901374849566871 1.482215646634071
230 5.396732628226999 3.098990105765950
231 2.904418374057773 1.484187585369555
232 5.305507107468789 3.039883915365441
233 4.752654587384718 2.681683643732023
234 4.582883389416592 5.428922065567718
235 5.438778784427940 7.099711878583881
236 5.799101620638333 7.803096576814950
237 5.092252638719847 6.423259642051916
238 4.942317672956324 6.130572223854859
239 3.750000000000000 2.920000000000000
240 5.546178804620793 5.580589854344550
241 6.047172692345582 6.322687050536892
242 5.205181719776391 5.075487922418779
243 5.935518031762097 6.157298584547606
244 6.251361977927346 6.625142429804882
245 6.670622177621675 7.246171600602107
246 4.535024855186058 4.082818066744348
247 5.586427040880635 5.640207554304441
248 4.042708090436239 3.353573858958680
249 3.020000000000000 1.890000000000000
250 3.054169607151259 1.913678938289030
251 4.877096774193548 3.176935483870968
252 7.380330886050489 4.911632806999899
253 7.938607920341024 5.298508997429306
254 7.291781878270449 4.850269898099697
255 5.093480549534720 3.326885643975815
256 6.942222660038798 4.608031492483025
257 4.503160216404404 2.917804009613578
258 9.830000000000000 8.220000000000001
259 4.282266595736596 5.381590910818102
260 1.842426652980928 4.997445898554443
261 6.509467219060823 5.732256540873406
262 7.489970252850769 5.886633614278631
263 5.977688713680830 5.648529712366769
264 2.365623077118665 5.079821505759108
265 7.939047786779382 5.957339438769520
266 8.083105696493501 5.980020896894722
267 7.041405208964264 5.816008479709267
268 4.391844670419042 5.398843628959593
269 3.649176687261085 5.281912925228340
270 5.644419476091281 5.596057534533521
271 2.239643287230026 5.059986389904301
272 8.740000000000000 0.400000000000000
273 2.856613563653192 1.355818301173062
274 2.925326912903976 1.344655091436736
275 6.961269704938600 0.688973533740259
276 7.053323464995092 0.674018427611207
277 6.836880004462875 0.709181955110921
278 2.739402696422152 1.374860445218483
279 2.550000000000000 0.490000000000000
280 3.750821883535225 3.880892271125659
281 4.622159311105528 6.341383197550370
282 2.903721080151852 1.488840954904991
283 3.293664717348926 2.589967511371015
284 4.053265010683992 4.734934053979083
285 4.631343861382174 6.367318618093471
286 3.684226407958294 3.692839332948897
287 2.900180950487175 1.478844303042354
288 0.710000000000000 5.660000000000000
289 4.060000000000000 3.700000000000000
290 2.429430463973745 4.654004862869093
291 3.789522151134907 3.858249726500174
292 3.055931067130904 4.287455256245799
293 6.660000000000000 5.540000000000000
294 4.820000000000000 7.890000000000000
295 5.906966894735987 6.501754237701322
296 5.863280032654799 6.557549958294142
297 5.184032646570473 7.425067000304016
298 7.110000000000000 4.890000000000000
299 6.634659090909091 4.936287878787879
300 6.492917522996895 4.950090428472213
301 6.440000000000000 4.720000000000000
302 8.240000000000000 6.720000000000000
303 7.127507987220447 5.483897763578274
304 6.584399880721634 4.880444311912926
305 9.350000000000000 3.800000000000000
306 6.730000000000000 4.160000000000000
307 7.669834749542275 4.030862400826252
308 7.707073380675703 4.025745642349904
309 6.990416698273028 4.124217552909050
310 9.789999999999999 2.440000000000000
311 7.408279404999234 2.797258089250115
312 5.245030800821355 3.121745379876796
313 5.403626731866340 3.097955990220049
314 5.680000000000000 9.240000000000000
315 5.701194334397732 8.984300610814463
316 5.901786217299111 6.564256604197832
317 5.717365577697365 8.789202385199532
318 4.930000000000000 9.390000000000001
319 6.301928861788618 8.668274390243901
320 5.777872011280293 8.943963065155865
321 9.150000000000000 7.130000000000000
322 2.238785307442680 5.926269478902931
323 8.505631602776939 7.017769959251433
324 6.806559600285510 6.721841541755889
325 4.770444747760266 6.367210163413222
326 3.066629679321784 6.070455643199410
327 4.657358117095959 6.347513795276192
328 1.970000000000000 7.720000000000000
329 2.389904557400589 4.917779790408316
330 2.904773925385239 1.481814824469935
331 8.789999999999999 7.550000000000000
332 7.310000000000000 4.780000000000000
333 8.169909957814882 6.389426069694072
334 6.900000000000000 0.400000000000000
335 6.979333863126403 0.774171652954375
336 7.674076155789387 4.050866645215617
337 6.944049741790900 0.607756991133197
338 7.800747497070788 4.648301627975653
339 4.104933508291813 4.664994946951006
340 4.738571300083196 6.285685668529627
341 3.713879922215974 3.664775378605214
342 2.210000000000000 7.230000000000000
343 5.308200170824549 3.036238552039773
344 1.830000000000000 8.500000000000000
345 7.307962522652798 4.329591345819603
346 4.755633594411580 2.678864324697359
627
1 2
2 4
4 5
5 11
11 6
6 10
10 3
3 7
7 8
8 9
9 0
13 25
25 22
22 14
14 23
23 16
16 18
18 20
20 2
2 21
21 15
15 19
19 17
17 24
24 12
27 29
29 30
30 28
28 26
1 35
35 37
37 33
33 14
14 38
38 36
36 32
32 34
34 31
40 42
42 43
43 46
46 41
41 45
45 44
44 39
48 51
51 50
50 53
53 54
54 52
52 49
49 47
55 62
62 66
66 57
57 69
69 65
65 58
58 70
70 32
32 68
68 61
61 59
59 63
63 64
64 60
60 67
67 56
72 82
82 73
73 57
57 74
74 78
78 83
83 81
81 75
75 76
76 80
80 77
77 84
84 79
79 71
85 88
88 87
87 86
55 93
93 97
97 73
73 96
96 99
99 41
41 100
100 91
91 90
90 94
94 98
98 92
92 95
95 89
89 85
27 113
113 74
74 109
109 104
104 118
118 110
110 117
117 15
15 111
111 105
105 107
107 119
119 112
112 116
116 102
102 106
106 114
114 108
108 115
115 120
120 103
103 49
49 101
40 122
122 126
126 124
124 89
89 123
123 125
125 121
127 129
129 133
133 128
128 130
130 131
131 132
132 0
135 143
143 102
102 136
136 137
137 141
141 145
145 144
144 139
139 142
142 140
140 50
50 138
138 134
147 103
103 148
148 146
150 160
160 151
151 155
155 33
33 159
159 16
16 161
161 154
154 158
158 156
156 157
157 152
152 153
153 149
162 166
166 28
28 173
173 75
75 168
168 176
176 104
104 167
167 174
174 151
151 172
172 58
58 175
175 164
164 90
90 169
169 165
165 122
122 171
171 170
170 163
177 42
42 180
180 91
91 164
164 34
34 193
193 182
182 59
59 186
186 188
188 152
152 189
189 179
179 183
183 192
192 185
185 128
128 3
3 187
187 190
190 181
181 184
184 191
191 178
71 201
201 210
210 197
197 196
196 199
199 209
209 207
207 17
17 198
198 203
203 105
105 4
4 200
200 208
208 204
204 202
202 179
179 205
205 153
153 60
60 206
206 195
195 87
87 194
211 43
43 180
180 165
165 215
215 92
92 213
213 212
212 214
214 195
195 86
26 220
220 76
76 218
218 196
196 217
217 226
226 219
219 224
224 225
225 223
223 136
136 106
106 221
221 181
181 222
222 216
55 166
166 26
162 228
228 229
229 231
231 77
77 197
197 233
233 232
232 230
230 227
1 234
234 18
18 238
238 154
154 237
237 61
61 182
182 235
235 236
236 212
212 123
123 85
239 248
248 246
246 19
19 198
198 242
242 107
107 5
5 240
240 247
247 243
243 241
241 183
183 244
244 245
245 56
249 250
250 199
199 217
217 257
257 251
251 255
255 256
256 254
254 137
137 252
252 108
108 184
184 253
253 146
178 148
148 258
55 260
260 29
29 271
271 264
264 78
78 109
109 167
167 269
269 259
259 268
268 35
35 234
234 20
20 200
200 240
240 270
270 263
263 261
261 267
267 185
185 262
262 265
265 266
266 0
26 228
228 278
278 273
273 274
274 79
79 201
201 277
277 275
275 276
276 51
51 138
138 272
279 273
273 287
287 229
229 282
282 80
80 218
218 250
250 283
283 286
286 280
280 284
284 110
110 259
259 155
155 281
281 285
285 13
288 93
93 62
62 260
260 30
30 290
290 81
81 168
168 292
292 280
280 291
291 289
294 169
169 94
94 297
297 235
235 63
63 186
186 156
156 296
296 295
295 202
202 241
241 261
261 129
129 6
6 293
1 21
21 111
111 203
203 242
242 300
300 299
299 298
301 304
304 299
299 112
112 303
303 187
187 7
7 130
130 262
262 302
306 309
309 139
139 307
307 308
308 52
52 305
12 219
219 251
251 312
312 230
230 313
313 311
311 140
140 53
53 310
314 170
170 315
315 317
317 124
124 95
95 213
213 236
236 64
64 188
188 157
157 316
316 295
295 204
204 243
243 263
263 127
318 171
171 315
315 320
320 319
319 194
288 322
322 82
82 96
96 44
44 326
326 65
65 172
172 281
281 22
22 327
327 36
36 325
325 237
237 158
158 296
296 316
316 189
189 205
205 244
244 324
324 323
323 321
328 322
322 97
97 66
66 113
113 264
264 329
329 290
290 173
173 220
220 282
282 231
231 330
330 274
274 71
332 141
141 252
252 114
114 221
221 190
190 8
8 131
131 265
265 333
333 323
323 331
334 337
337 275
275 335
335 311
311 142
142 307
307 336
336 338
338 115
115 191
191 253
253 222
222 9
9 132
132 266
266 333
333 302
163 319
319 88
88 125
125 214
214 206
206 67
67 245
245 324
324 192
192 267
267 133
133 10
10 303
303 143
143 116
116 223
223 254
254 332
249 283
283 341
341 291
291 339
339 117
117 268
268 37
37 159
159 23
23 340
340 325
325 68
68 193
193 297
297 98
98 215
215 126
126 317
317 320
320 163
342 99
99 45
45 326
326 69
69 160
160 174
174 269
269 118
118 284
284 339
339 246
246 207
207 24
24 224
224 255
255 312
312 232
232 343
343 335
335 276
276 48
71 48
344 46
46 100
100 175
175 70
70 285
285 25
25 327
327 38
38 340
340 161
161 238
238 208
208 247
247 270
270 11
11 119
119 300
300 304
304 225
225 256
256 345
345 144
144 336
336 308
308 54
54 310
27 271
271 329
329 83
83 176
176 292
292 286
286 341
341 248
248 209
209 226
226 257
257 233
233 346
346 277
277 337
337 48
162 278
278 287
287 330
330 84
84 210
210 346
346 343
343 313
313 309
309 345
345 145
145 338
338 120
120 178
613
0 0.800000000000000 4.200000000000000
1 0.800000000000000 1.900000000000000
2 0.800000000000000 1.500000000000000
3 0.900000000000000 4.100000000000000
4 1.000000000000000 3.000000000000000
5 1.000000000000000 3.300000000000000
6 1.000000000000000 4.600000000000000
7 1.000000000000000 2.600000000000000
8 1.000000000000000 4.400000000000000
9 1.000000000000000 3.600000000000000
10 1.000000000000000 1.900000000000000
11 1.000000000000000 1.100000000000000
12 1.000000000000000 1.700000000000000
13 1.100000000000000 4.800000000000000
14 1.100000000000000 5.700000000000000
15 1.100000000000000 2.400000000000000
16 1.100000000000000 3.900000000000000
17 1.100000000000000 5.700000000000000
18 1.200000000000000 0.600000000000000
19 1.200000000000000 0.400000000000000
20 1.200000000000000 2.900000000000000
21 1.200000000000000 3.200000000000000
22 1.200000000000000 4.900000000000000
23 1.200000000000000 1.400000000000000
24 1.200000000000000 4.400000000000000
25 1.200000000000000 3.000000000000000
26 1.200000000000000 0.900000000000000
27 1.300000000000000 3.300000000000000
28 1.300000000000000 3.900000000000000
29 1.300000000000000 5.000000000000000
30 1.300000000000000 1.800000000000000
31 1.300000000000000 4.100000000000000
32 1.300000000000000 2.100000000000000
33 1.400000000000000 1.200000000000000
34 1.400000000000000 3.700000000000000
35 1.400000000000000 2.900000000000000
36 1.500000000000000 1.100000000000000
37 1.500000000000000 1.700000000000000
38 1.500000000000000 1.300000000000000
39 1.600000000000000 0.700000000000000
40 1.600000000000000 3.100000000000000
41 1.600000000000000 4.500000000000000
42 1.600000000000000 4.300000000000000
43 1.600000000000000 5.700000000000000
44 1.700000000000000 7.500000000000000
45 1.700000000000000 8.699999999999999
46 1.700000000000000 3.400000000000000
47 1.700000000000000 4.300000000000000
48 1.700000000000000 3.000000000000000
49 1.700000000000000 3.100000000000000
50 1.800000000000000 5.000000000000000
51 1.800000000000000 4.800000000000000
52 1.800000000000000 8.500000000000000
53 1.800000000000000 4.000000000000000
54 1.800000000000000 2.500000000000000
55 1.800000000000000 4.200000000000000
56 1.900000000000000 9.400000000000000
57 1.900000000000000 9.199999999999999
58 1.900000000000000 6.500000000000000
59 1.900000000000000 7.300000000000000
60 1.900000000000000 6.500000000000000
61 1.900000000000000 5.300000000000000
62 1.900000000000000 4.900000000000000
63 2.000000000000000 7.200000000000000
64 2.000000000000000 2.000000000000000
65 2.000000000000000 2.300000000000000
66 2.000000000000000 9.100000000000000
67 2.000000000000000 6.600000000000000
68 2.000000000000000 4.700000000000000
69 2.000000000000000 9.100000000000000
70 2.100000000000000 2.200000000000000
71 2.100000000000000 5.800000000000000
72 2.100000000000000 1.800000000000000
73 2.100000000000000 5.400000000000000
74 2.100000000000000 7.400000000000000
75 2.100000000000000 9.500000000000000
76 2.200000000000000 8.699999999999999
77 2.200000000000000 1.700000000000000
78 2.200000000000000 4.500000000000000
79 2.200000000000000 7.600000000000000
80 2.200000000000000 7.600000000000000
81 2.200000000000000 5.400000000000000
82 2.200000000000000 9.300000000000001
83 2.200000000000000 7.300000000000000
84 2.200000000000000 2.200000000000000
85 2.200000000000000 7.600000000000000
86 2.200000000000000 2.300000000000000
87 2.200000000000000 8.300000000000001
88 2.300000000000000 7.600000000000000
89 2.300000000000000 8.199999999999999
90 2.300000000000000 9.199999999999999
91 2.300000000000000 5.500000000000000
92 2.300000000000000 8.500000000000000
93 2.300000000000000 5.800000000000000
94 2.300000000000000 9.300000000000001
95 2.300000000000000 1.500000000000000
96 2.300000000000000 7.300000000000000
97 2.300000000000000 2.600000000000000
98 2.300000000000000 3.300000000000000
99 2.300000000000000 8.300000000000001
100 2.400000000000000 8.600000000000000
101 2.400000000000000 3.000000000000000
102 2.400000000000000 5.500000000000000
103 2.400000000000000 3.100000000000000
104 2.400000000000000 6.100000000000000
105 2.400000000000000 3.600000000000000
106 2.500000000000000 1.400000000000000
107 2.500000000000000 5.800000000000000
108 2.500000000000000 1.700000000000000
109 2.500000000000000 1.700000000000000
110 2.500000000000000 3.900000000000000
111 2.500000000000000 1.900000000000000
112 2.600000000000000 8.800000000000001
113 2.600000000000000 3.000000000000000
114 2.600000000000000 1.900000000000000
115 2.600000000000000 2.900000000000000
116 2.600000000000000 3.800000000000000
117 2.600000000000000 6.600000000000000
118 2.600000000000000 3.000000000000000
119 2.600000000000000 4.000000000000000
120 2.600000000000000 7.200000000000000
121 2.600000000000000 9.300000000000001
122 2.700000000000000 7.300000000000000
123 2.700000000000000 8.600000000000000
124 2.700000000000000 6.500000000000000
125 2.700000000000000 5.600000000000000
126 2.700000000000000 3.500000000000000
127 2.700000000000000 2.800000000000000
128 2.700000000000000 7.300000000000000
129 2.700000000000000 1.500000000000000
130 2.700000000000000 8.000000000000000
131 2.800000000000000 1.900000000000000
132 2.800000000000000 3.000000000000000
133 2.800000000000000 8.199999999999999
134 2.800000000000000 9.000000000000000
135 2.800000000000000 6.500000000000000
136 2.800000000000000 2.300000000000000
137 2.800000000000000 7.800000000000000
138 2.900000000000000 1.600000000000000
139 2.900000000000000 1.500000000000000
140 2.900000000000000 5.700000000000000
141 2.900000000000000 4.900000000000000
142 2.900000000000000 3.400000000000000
143 2.900000000000000 3.800000000000000
144 2.900000000000000 4.300000000000000
145 3.000000000000000 4.200000000000000
146 3.000000000000000 3.400000000000000
147 3.000000000000000 3.400000000000000
148 3.000000000000000 4.900000000000000
149 3.000000000000000 9.199999999999999
150 3.000000000000000 2.800000000000000
151 3.100000000000000 9.000000000000000
152 3.100000000000000 2.500000000000000
153 3.100000000000000 2.600000000000000
154 3.100000000000000 2.500000000000000
155 3.100000000000000 2.500000000000000
156 3.100000000000000 2.800000000000000
157 3.100000000000000 1.600000000000000
158 3.100000000000000 5.700000000000000
159 3.100000000000000 5.500000000000000
160 3.200000000000000 2.500000000000000
161 3.200000000000000 6.200000000000000
162 3.200000000000000 1.500000000000000
163 3.200000000000000 2.900000000000000
164 3.200000000000000 2.100000000000000
165 3.200000000000000 4.400000000000000
166 3.200000000000000 8.699999999999999
167 3.200000000000000 6.100000000000000
168 3.200000000000000 8.400000000000000
169 3.300000000000000 6.500000000000000
170 3.300000000000000 2.400000000000000
171 3.300000000000000 2.000000000000000
172 3.300000000000000 3.700000000000000
173 3.300000000000000 5.700000000000000
174 3.300000000000000 6.000000000000000
175 3.300000000000000 8.500000000000000
176 3.400000000000000 3.200000000000000
177 3.400000000000000 6.500000000000000
178 3.400000000000000 2.600000000000000
179 3.400000000000000 6.800000000000000
180 3.400000000000000 7.700000000000000
181 3.400000000000000 7.300000000000000
182 3.400000000000000 3.100000000000000
183 3.400000000000000 1.500000000000000
184 3.400000000000000 9.000000000000000
185 3.400000000000000 6.200000000000000
186 3.400000000000000 3.800000000000000
187 3.500000000000000 8.500000000000000
188 3.500000000000000 3.500000000000000
189 3.500000000000000 1.800000000000000
190 3.600000000000000 2.600000000000000
191 3.600000000000000 3.200000000000000
192 3.600000000000000 7.000000000000000
193 3.600000000000000 5.400000000000000
194 3.700000000000000 6.300000000000000
195 3.700000000000000 7.600000000000000
196 3.700000000000000 1.700000000000000
197 3.700000000000000 3.900000000000000
198 3.700000000000000 7.800000000000000
199 3.700000000000000 4.300000000000000
200 3.700000000000000 3.100000000000000
201 3.700000000000000 4.000000000000000
202 3.700000000000000 3.000000000000000
203 3.800000000000000 8.699999999999999
204 3.800000000000000 4.200000000000000
205 3.800000000000000 8.100000000000000
206 3.800000000000000 3.400000000000000
207 3.800000000000000 5.200000000000000
208 3.800000000000000 8.300000000000001
209 3.800000000000000 5.200000000000000
210 3.900000000000000 4.900000000000000
211 3.900000000000000 8.000000000000000
212 3.900000000000000 1.300000000000000
213 3.900000000000000 3.900000000000000
214 3.900000000000000 3.900000000000000
215 3.900000000000000 3.500000000000000
216 3.900000000000000 8.600000000000000
217 3.900000000000000 7.300000000000000
218 4.000000000000000 7.100000000000000
219 4.000000000000000 1.600000000000000
220 4.000000000000000 8.800000000000001
221 4.000000000000000 1.800000000000000
222 4.000000000000000 6.600000000000000
223 4.000000000000000 2.600000000000000
224 4.000000000000000 2.600000000000000
225 4.000000000000000 1.700000000000000
226 4.000000000000000 6.500000000000000
227 4.000000000000000 7.300000000000000
228 4.100000000000000 2.600000000000000
229 4.100000000000000 3.200000000000000
230 4.100000000000000 7.600000000000000
231 4.100000000000000 2.200000000000000
232 4.100000000000000 7.800000000000000
233 4.100000000000000 5.300000000000000
234 4.200000000000000 8.400000000000000
235 4.200000000000000 3.300000000000000
236 4.200000000000000 7.800000000000000
237 4.200000000000000 1.700000000000000
238 4.200000000000000 5.700000000000000
239 4.200000000000000 4.300000000000000
240 4.200000000000000 8.100000000000000
241 4.200000000000000 3.600000000000000
242 4.300000000000000 8.300000000000001
243 4.300000000000000 2.000000000000000
244 4.300000000000000 5.100000000000000
245 4.300000000000000 4.600000000000000
246 4.300000000000000 5.000000000000000
247 4.300000000000000 7.700000000000000
248 4.300000000000000 6.800000000000000
249 4.300000000000000 5.900000000000000
250 4.300000000000000 3.900000000000000
251 4.400000000000000 6.700000000000000
252 4.400000000000000 3.600000000000000
253 4.400000000000000 6.800000000000000
254 4.400000000000000 8.600000000000000
255 4.400000000000000 7.600000000000000
256 4.500000000000000 5.000000000000000
257 4.500000000000000 4.700000000000000
258 4.500000000000000 7.200000000000000
259 4.500000000000000 7.600000000000000
260 4.500000000000000 4.500000000000000
261 4.500000000000000 6.100000000000000
262 4.500000000000000 3.700000000000000
263 4.500000000000000 1.300000000000000
264 4.500000000000000 7.500000000000000
265 4.500000000000000 2.200000000000000
266 4.500000000000000 3.900000000000000
267 4.500000000000000 0.900000000000000
268 4.500000000000000 6.600000000000000
269 4.600000000000000 7.200000000000000
270 4.600000000000000 7.200000000000000
271 4.600000000000000 4.500000000000000
272 4.600000000000000 2.400000000000000
273 4.600000000000000 7.700000000000000
274 4.600000000000000 7.900000000000000
275 4.600000000000000 2.500000000000000
276 4.600000000000000 7.100000000000000
277 4.700000000000000 5.600000000000000
278 4.700000000000000 2.500000000000000
279 4.700000000000000 3.600000000000000
280 4.700000000000000 5.000000000000000
281 4.700000000000000 8.400000000000000
282 4.700000000000000 8.100000000000000
283 4.700000000000000 3.900000000000000
284 4.700000000000000 7.200000000000000
285 4.700000000000000 7.100000000000000
286 4.700000000000000 6.700000000000000
287 4.700000000000000 6.300000000000000
288 4.700000000000000 5.700000000000000
289 4.700000000000000 6.800000000000000
290 4.700000000000000 7.200000000000000
291 4.700000000000000 1.000000000000000
292 4.800000000000000 8.600000000000000
293 4.800000000000000 2.700000000000000
294 4.800000000000000 2.200000000000000
295 4.800000000000000 6.000000000000000
296 4.800000000000000 5.300000000000000
297 4.800000000000000 7.900000000000000
298 4.800000000000000 4.200000000000000
299 4.800000000000000 0.900000000000000
300 4.800000000000000 4.600000000000000
301 4.900000000000000 4.800000000000000
302 4.900000000000000 4.700000000000000
303 4.900000000000000 4.900000000000000
304 4.900000000000000 5.600000000000000
305 4.900000000000000 1.700000000000000
306 4.900000000000000 1.400000000000000
307 4.900000000000000 4.000000000000000
308 4.900000000000000 5.000000000000000
309 4.900000000000000 8.000000000000000
310 4.900000000000000 2.400000000000000
311 5.000000000000000 4.900000000000000
312 5.000000000000000 3.900000000000000
313 5.000000000000000 3.000000000000000
314 5.000000000000000 1.400000000000000
315 5.000000000000000 6.800000000000000
316 5.000000000000000 1.700000000000000
317 5.000000000000000 6.800000000000000
318 5.000000000000000 1.500000000000000
319 5.100000000000000 6.200000000000000
320 5.100000000000000 3.200000000000000
321 5.100000000000000 7.000000000000000
322 5.100000000000000 4.900000000000000
323 5.100000000000000 4.100000000000000
324 5.100000000000000 1.600000000000000
325 5.200000000000000 5.200000000000000
326 5.200000000000000 4.600000000000000
327 5.200000000000000 1.700000000000000
328 5.200000000000000 3.400000000000000
329 5.200000000000000 2.000000000000000
330 5.200000000000000 5.300000000000000
331 5.200000000000000 5.200000000000000
332 5.200000000000000 1.400000000000000
333 5.200000000000000 7.400000000000000
334 5.200000000000000 2.600000000000000
335 5.300000000000000 7.300000000000000
336 5.300000000000000 5.900000000000000
337 5.300000000000000 2.300000000000000
338 5.300000000000000 4.000000000000000
339 5.300000000000000 7.100000000000000
340 5.300000000000000 3.800000000000000
341 5.400000000000000 8.100000000000000
342 5.400000000000000 1.800000000000000
343 5.400000000000000 1.400000000000000
344 5.400000000000000 1.700000000000000
345 5.400000000000000 4.100000000000000
346 5.400000000000000 6.400000000000000
347 5.400000000000000 3.900000000000000
348 5.400000000000000 6.500000000000000
349 5.400000000000000 3.200000000000000
350 5.400000000000000 4.600000000000000
351 5.500000000000000 3.700000000000000
352 5.500000000000000 8.000000000000000
353 5.500000000000000 2.000000000000000
354 5.500000000000000 3.100000000000000
355 5.500000000000000 0.700000000000000
356 5.500000000000000 3.900000000000000
357 5.500000000000000 7.400000000000000
358 5.500000000000000 1.800000000000000
359 5.500000000000000 5.400000000000000
360 5.600000000000000 2.000000000000000
361 5.600000000000000 7.900000000000000
362 5.600000000000000 7.800000000000000
363 5.600000000000000 2.800000000000000
364 5.600000000000000 7.900000000000000
365 5.600000000000000 5.700000000000000
366 5.600000000000000 1.700000000000000
367 5.600000000000000 0.800000000000000
368 5.600000000000000 7.300000000000000
369 5.600000000000000 0.800000000000000
370 5.600000000000000 3.800000000000000
371 5.600000000000000 2.600000000000000
372 5.700000000000000 5.000000000000000
373 5.700000000000000 2.400000000000000
374 5.700000000000000 2.500000000000000
375 5.700000000000000 5.000000000000000
376 5.700000000000000 2.500000000000000
377 5.700000000000000 2.300000000000000
378 5.700000000000000 5.000000000000000
379 5.700000000000000 7.700000000000000
380 5.700000000000000 7.500000000000000
381 5.800000000000000 1.500000000000000
382 5.800000000000000 0.600000000000000
383 5.800000000000000 1.800000000000000
384 5.800000000000000 8.600000000000000
385 5.800000000000000 8.500000000000000
386 5.800000000000000 1.600000000000000
387 5.800000000000000 0.700000000000000
388 5.800000000000000 6.800000000000000
389 5.900000000000000 3.100000000000000
390 5.900000000000000 3.900000000000000
391 5.900000000000000 6.700000000000000
392 5.900000000000000 4.600000000000000
393 5.900000000000000 0.700000000000000
394 5.900000000000000 8.699999999999999
395 6.000000000000000 8.000000000000000
396 6.000000000000000 8.300000000000001
397 6.000000000000000 4.600000000000000
398 6.000000000000000 7.600000000000000
399 6.000000000000000 6.800000000000000
400 6.000000000000000 6.700000000000000
401 6.000000000000000 5.900000000000000
402 6.000000000000000 0.800000000000000
403 6.000000000000000 3.200000000000000
404 6.000000000000000 8.600000000000000
405 6.000000000000000 6.900000000000000
406 6.100000000000000 9.300000000000001
407 6.100000000000000 8.100000000000000
408 6.100000000000000 8.699999999999999
409 6.100000000000000 5.600000000000000
410 6.200000000000000 5.300000000000000
411 6.200000000000000 0.900000000000000
412 6.200000000000000 6.200000000000000
413 6.200000000000000 0.600000000000000
414 6.200000000000000 5.500000000000000
415 6.300000000000000 4.800000000000000
416 6.300000000000000 2.600000000000000
417 6.300000000000000 0.900000000000000
418 6.300000000000000 4.700000000000000
419 6.300000000000000 8.400000000000000
420 6.300000000000000 6.400000000000000
421 6.300000000000000 8.600000000000000
422 6.300000000000000 6.700000000000000
423 6.400000000000000 6.200000000000000
424 6.400000000000000 1.300000000000000
425 6.400000000000000 3.200000000000000
426 6.400000000000000 5.500000000000000
427 6.400000000000000 5.500000000000000
428 6.400000000000000 4.200000000000000
429 6.400000000000000 0.800000000000000
430 6.400000000000000 6.800000000000000
431 6.400000000000000 6.000000000000000
432 6.500000000000000 8.000000000000000
433 6.500000000000000 8.000000000000000
434 6.600000000000000 7.500000000000000
435 6.600000000000000 3.100000000000000
436 6.600000000000000 5.800000000000000
437 6.600000000000000 2.000000000000000
438 6.600000000000000 7.000000000000000
439 6.600000000000000 5.100000000000000
440 6.700000000000000 2.200000000000000
441 6.700000000000000 3.900000000000000
442 6.700000000000000 1.500000000000000
443 6.700000000000000 2.300000000000000
444 6.700000000000000 1.400000000000000
445 6.700000000000000 1.800000000000000
446 6.800000000000000 6.200000000000000
447 6.800000000000000 0.800000000000000
448 6.800000000000000 4.100000000000000
449 6.800000000000000 6.300000000000000
450 6.800000000000000 7.300000000000000
451 6.800000000000000 6.900000000000000
452 6.800000000000000 8.100000000000000
453 6.900000000000000 7.600000000000000
454 6.900000000000000 1.900000000000000
455 6.900000000000000 5.800000000000000
456 6.900000000000000 4.500000000000000
457 6.900000000000000 7.600000000000000
458 6.900000000000000 5.100000000000000
459 6.900000000000000 3.900000000000000
460 7.000000000000000 8.199999999999999
461 7.000000000000000 2.800000000000000
462 7.000000000000000 1.000000000000000
463 7.000000000000000 4.200000000000000
464 7.000000000000000 0.800000000000000
465 7.000000000000000 7.400000000000000
466 7.000000000000000 5.500000000000000
467 7.000000000000000 4.100000000000000
468 7.000000000000000 1.300000000000000
469 7.000000000000000 6.100000000000000
470 7.000000000000000 3.400000000000000
471 7.000000000000000 4.000000000000000
472 7.100000000000000 4.000000000000000
473 7.100000000000000 0.700000000000000
474 7.100000000000000 2.200000000000000
475 7.100000000000000 7.300000000000000
476 7.100000000000000 6.200000000000000
477 7.100000000000000 4.800000000000000
478 7.100000000000000 2.700000000000000
479 7.100000000000000 7.300000000000000
480 7.100000000000000 5.600000000000000
481 7.200000000000000 5.200000000000000
482 7.200000000000000 0.600000000000000
483 7.200000000000000 3.500000000000000
484 7.200000000000000 7.100000000000000
485 7.200000000000000 5.800000000000000
486 7.200000000000000 1.300000000000000
487 7.200000000000000 1.200000000000000
488 7.200000000000000 0.400000000000000
489 7.200000000000000 7.800000000000000
490 7.300000000000000 1.100000000000000
491 7.300000000000000 5.500000000000000
492 7.300000000000000 7.300000000000000
493 7.300000000000000 3.900000000000000
494 7.300000000000000 4.100000000000000
495 7.300000000000000 1.600000000000000
496 7.300000000000000 3.400000000000000
497 7.400000000000000 4.400000000000000
498 7.400000000000000 5.100000000000000
499 7.400000000000000 6.100000000000000
500 7.400000000000000 7.200000000000000
501 7.400000000000000 5.300000000000000
502 7.400000000000000 3.100000000000000
503 7.400000000000000 2.100000000000000
504 7.400000000000000 5.300000000000000
505 7.400000000000000 4.800000000000000
506 7.500000000000000 4.400000000000000
507 7.500000000000000 2.200000000000000
508 7.500000000000000 7.200000000000000
509 7.500000000000000 1.600000000000000
510 7.500000000000000 3.700000000000000
511 7.500000000000000 4.900000000000000
512 7.500000000000000 7.200000000000000
513 7.500000000000000 7.400000000000000
514 7.500000000000000 1.500000000000000
515 7.500000000000000 4.300000000000000
516 7.600000000000000 2.100000000000000
517 7.600000000000000 3.800000000000000
518 7.600000000000000 1.500000000000000
519 7.600000000000000 0.800000000000000
520 7.600000000000000 5.300000000000000
521 7.600000000000000 4.400000000000000
522 7.600000000000000 6.000000000000000
523 7.600000000000000 3.800000000000000
524 7.600000000000000 1.400000000000000
525 7.600000000000000 2.300000000000000
526 7.700000000000000 0.800000000000000
527 7.700000000000000 7.100000000000000
528 7.700000000000000 0.800000000000000
529 7.700000000000000 3.500000000000000
530 7.700000000000000 4.000000000000000
531 7.700000000000000 0.700000000000000
532 7.700000000000000 2.000000000000000
533 7.700000000000000 2.100000000000000
534 7.800000000000000 2.800000000000000
535 7.800000000000000 4.300000000000000
536 7.800000000000000 2.400000000000000
537 7.800000000000000 1.300000000000000
538 7.800000000000000 6.200000000000000
539 7.800000000000000 5.300000000000000
540 7.900000000000000 4.800000000000000
541 7.900000000000000 6.900000000000000
542 7.900000000000000 6.900000000000000
543 7.900000000000000 1.500000000000000
544 7.900000000000000 6.100000000000000
545 7.900000000000000 5.900000000000000
546 7.900000000000000 1.700000000000000
547 7.900000000000000 5.500000000000000
548 8.000000000000000 2.300000000000000
549 8.000000000000000 0.800000000000000
550 8.000000000000000 1.800000000000000
551 8.000000000000000 2.700000000000000
552 8.000000000000000 0.700000000000000
553 8.000000000000000 3.200000000000000
554 8.000000000000000 1.900000000000000
555 8.100000000000000 2.800000000000000
556 8.100000000000000 6.400000000000000
557 8.100000000000000 6.500000000000000
558 8.100000000000000 6.100000000000000
559 8.100000000000000 1.000000000000000
560 8.199999999999999 5.800000000000000
561 8.199999999999999 5.500000000000000
562 8.199999999999999 4.600000000000000
563 8.199999999999999 5.200000000000000
564 8.199999999999999 1.000000000000000
565 8.199999999999999 6.900000000000000
566 8.199999999999999 6.200000000000000
567 8.199999999999999 5.100000000000000
568 8.300000000000001 3.400000000000000
569 8.300000000000001 1.000000000000000
570 8.300000000000001 4.500000000000000
571 8.300000000000001 1.100000000000000
572 8.300000000000001 0.500000000000000
573 8.300000000000001 2.000000000000000
574 8.300000000000001 6.400000000000000
575 8.300000000000001 2.000000000000000
576 8.300000000000001 5.000000000000000
577 8.400000000000000 4.200000000000000
578 8.400000000000000 6.700000000000000
579 8.400000000000000 1.900000000000000
580 8.400000000000000 6.200000000000000
581 8.500000000000000 1.800000000000000
582 8.500000000000000 6.500000000000000
583 8.500000000000000 7.000000000000000
584 8.500000000000000 2.800000000000000
585 8.500000000000000 5.200000000000000
586 8.500000000000000 5.000000000000000
587 8.500000000000000 6.900000000000000
588 8.500000000000000 6.200000000000000
589 8.500000000000000 4.800000000000000
590 8.600000000000000 1.500000000000000
591 8.600000000000000 2.200000000000000
592 8.600000000000000 4.900000000000000
593 8.600000000000000 4.500000000000000
594 8.600000000000000 3.800000000000000
595 8.600000000000000 3.100000000000000
596 8.600000000000000 0.500000000000000
597 8.600000000000000 4.400000000000000
598 8.600000000000000 4.200000000000000
599 8.699999999999999 3.800000000000000
600 8.699999999999999 3.700000000000000
601 8.699999999999999 0.900000000000000
602 8.699999999999999 1.300000000000000
603 8.699999999999999 1.600000000000000
604 8.800000000000001 3.300000000000000
605 8.800000000000001 4.300000000000000
606 8.800000000000001 3.600000000000000
607 8.900000000000000 3.000000000000000
608 9.300000000000001 2.700000000000000
609 9.300000000000001 2.700000000000000
610 9.400000000000000 2.700000000000000
611 9.600000000000000 2.500000000000000
612 9.600000000000000 2.500000000000000
