35
0 8.073000000000000 9.262000000000000
1 9.817000000000000 5.250000000000000
2 8.934592019191602 7.279943130162439
3 8.936766239583877 7.274941425911405
4 8.935846132528241 7.277058094206822
5 3.787000000000000 9.867000000000001
6 1.064000000000000 4.922000000000000
7 0.612000000000000 8.086000000000000
8 5.688000000000000 1.566000000000000
9 6.081000000000000 2.295000000000000
10 1.693000000000000 8.414000000000000
11 3.307000000000000 5.434000000000000
12 1.953125820941741 7.933718124903105
13 3.233176354561550 5.570303880673222
14 2.303438849261937 7.286919596777835
15 8.946999999999999 7.278000000000000
16 2.723803120702217 8.252572877706408
17 7.056714951495017 7.574024788406625
18 6.173859521486554 7.712282821007895
19 4.210018481009982 8.019826717062678
20 2.406000000000000 7.770000000000000
21 5.535519910761042 6.705853437441934
22 6.235851122380863 6.467716255781976
23 4.424406122945116 7.083671106487425
24 7.627000000000000 5.542000000000000
25 1.816000000000000 4.991000000000000
26 4.838023582496279 5.277548785743495
27 0.312000000000000 8.526999999999999
28 7.521000000000000 7.839000000000000
29 6.609649519123521 7.318877098598023
30 3.889564460987519 5.766479242685094
31 4.629363353258755 6.188694794633912
32 6.851000000000000 7.101000000000000
33 4.672469185140660 6.000466751261118
34 1.851307287187871 5.157303306940838
54
0 2
2 4
4 3
3 1
5 0
7 6
8 9
10 12
12 14
14 13
13 11
10 16
16 19
19 18
18 17
17 2
2 15
20 23
23 21
21 22
22 1
25 26
26 24
20 16
16 5
27 12
12 20
11 30
30 31
31 21
21 29
29 17
17 28
5 18
18 29
29 32
6 34
34 13
13 30
30 33
33 22
22 3
3 15
32 4
4 15
5 19
19 23
23 31
31 33
33 26
26 8
25 34
34 14
14 20
31
0 2.200000000000000 7.600000000000000
1 2.600000000000000 8.000000000000000
2 2.700000000000000 6.500000000000000
3 2.900000000000000 5.900000000000000
4 3.000000000000000 5.300000000000000
5 3.300000000000000 6.900000000000000
6 4.300000000000000 7.900000000000000
7 4.600000000000000 8.400000000000000
8 4.800000000000000 8.199999999999999
9 4.800000000000000 5.400000000000000
10 5.000000000000000 6.500000000000000
11 5.100000000000000 9.000000000000000
12 5.200000000000000 6.400000000000000
13 5.400000000000000 6.500000000000000
14 5.600000000000000 8.500000000000000
15 6.000000000000000 8.300000000000001
16 6.100000000000000 8.699999999999999
17 7.100000000000000 6.500000000000000
18 7.200000000000000 8.900000000000000
19 7.300000000000000 6.600000000000000
20 7.500000000000000 6.900000000000000
21 7.600000000000000 8.000000000000000
22 7.700000000000000 6.000000000000000
23 7.700000000000000 6.500000000000000
24 7.800000000000000 6.100000000000000
25 7.800000000000000 6.700000000000000
26 8.300000000000001 8.199999999999999
27 8.400000000000000 7.200000000000000
28 8.699999999999999 6.100000000000000
29 9.100000000000000 5.700000000000000
30 9.100000000000000 6.400000000000000
