285
0 6.800000000000000 0.940000000000000
1 0.940000000000000 0.380000000000000
2 5.675551926287950 0.832544211385879
3 3.722806760019315 0.645933751810720
4 2.120887699342031 0.492849336455894
5 3.263770714310446 0.602066825940930
6 4.500000000000000 6.560000000000000
7 2.880000000000000 4.810000000000000
8 3.858851963746225 5.867401812688823
9 3.071736197579816 5.017122435657209
10 4.247382782170530 6.287111030122486
11 4.025870466872274 6.047823035201531
12 4.412673267326732 6.465665566556655
13 3.538809811722691 5.521677265749821
14 4.323846576327378 6.369710807761057
15 3.490747817942948 5.469758445308740
16 1.760000000000000 3.930000000000000
17 3.970000000000000 5.970000000000000
18 3.026653659313530 5.099218762443259
19 1.894559057327224 4.054208360609745
20 3.507966957712720 5.543507960965588
21 2.133749999999999 4.274999999999999
22 3.464635014321674 5.503509243989237
23 0.610000000000000 9.500000000000000
24 4.130000000000000 3.090000000000000
25 1.600248797608215 7.696734433900949
26 1.012714482758622 8.766647774294670
27 1.694580053400090 7.524955073211768
28 3.334582195677809 4.538473899348080
29 0.969280445758153 8.845742142809728
30 1.584569935777544 7.725285997632370
31 3.215300264734569 4.755689006548698
32 3.675202833567695 3.918195976372464
33 1.190627821973770 8.442663540098902
34 4.104961825688616 3.135595084470447
35 4.095523798613896 3.152781946274128
36 8.859999999999999 4.720000000000000
37 1.770000000000000 0.670000000000000
38 8.323260118395320 4.413399644499441
39 5.059584213268971 2.549099585858863
40 7.847061919221900 4.141382337496290
41 7.838597843366235 4.136547428157018
42 6.542087278476579 3.395945483473928
43 5.768633682436500 2.954127843986999
44 4.412489403826773 2.179461507122487
45 4.352023697026968 2.144921857963218
46 3.347173169062286 1.570924024640657
47 2.280483963699546 0.961602264172519
48 8.614913243374465 4.579999807569334
49 8.628128759501189 4.587548868262315
50 6.167090278077713 3.181737041779229
51 7.902750935608417 4.173193411736825
52 7.673142554349464 4.042034886476070
53 5.183374768384006 2.619812103237690
54 7.415986352053779 3.895140299833259
55 4.111935327405011 2.007776879547292
56 3.641224096896415 1.738893877634765
57 6.579548361449115 3.417344268528761
58 4.050000000000000 8.029999999999999
59 9.029999999999999 5.170000000000000
60 8.185874256267692 5.654779041581204
61 7.618246077621801 5.980766308835673
62 5.448639773552804 7.226765109967666
63 4.138912118408880 7.978938020351526
64 8.606488141723869 5.413221669612397
65 4.566395674651722 7.733435415762263
66 5.624561829109249 7.125733568021595
67 8.932534737989283 5.225974025974025
68 0.780000000000000 1.290000000000000
69 2.040000000000000 1.530000000000000
70 0.290000000000000 1.250000000000000
71 1.770000000000000 0.480000000000000
72 4.890000000000000 5.500000000000000
73 3.200000000000000 7.570000000000000
74 3.789452054794521 6.848008429926239
75 3.717504907306436 6.936133042529987
76 4.482872866099950 5.998670513120179
77 3.430626640209947 7.287516482109710
78 3.721360269250516 6.931410794468304
79 4.673081616882945 5.765692930800181
80 8.400000000000000 3.720000000000000
81 7.840000000000000 8.779999999999999
82 8.394356739027232 3.770990893789650
83 8.068293276543962 6.717207179799208
84 8.388480396602279 3.824087844986548
85 8.279683249049356 4.807147785375470
86 3.840000000000000 8.940000000000000
87 3.420966235808719 8.043005848528040
88 3.202872351529068 7.576148627491911
89 3.530386197473800 8.277232953967355
90 3.440962076457466 8.085809444916762
91 3.456729859425281 8.119562355332242
92 3.520000000000000 7.760000000000000
93 5.210000000000000 2.040000000000000
94 3.774889526542324 6.897296987087516
95 3.678611464016142 7.223161198714596
96 4.351216230311881 4.946652758944404
97 4.161234744333609 5.589667019178552
98 5.088482836787565 2.451288860103626
99 3.596344177174950 7.501604323407863
100 4.993913798449612 2.771368682170544
101 3.608341033179336 7.460999580008400
102 4.269241071428572 5.224107142857143
103 3.755294680342244 6.963618004995483
104 5.032788078827299 2.639794194738375
105 4.656866053887174 3.912145663766489
106 4.632773232833900 3.993690596562185
107 4.518399629972247 4.380801252401623
108 4.886233403214535 3.135825404504651
109 0.040000000000000 7.400000000000000
110 6.560000000000000 8.640000000000001
111 2.375711937097926 7.844215153681201
112 1.683767191409346 7.712618300206686
113 2.746535657257758 7.914739910276015
114 4.394138635941276 8.228087716037912
115 4.048185357236324 8.162292920701388
116 3.485905544642526 8.055356269226493
117 5.261349565554131 8.393017402037902
118 4.836366557271706 8.312192412732657
119 1.746263719212586 7.724504142917731
120 9.770000000000000 2.840000000000000
121 0.860000000000000 8.869999999999999
122 1.647800387596899 8.336842161929372
123 7.676609663949109 4.256738914297067
124 6.890000000000000 4.789090909090909
125 4.698171332215154 6.272449704460451
126 8.343530281742217 3.805388597204762
127 3.335504146660845 7.194658809835588
128 2.321974185559152 7.880583126944815
129 8.654138452926420 3.595179026807372
130 3.722659920760401 6.932644296051041
131 4.175600863516430 6.626108506509082
132 7.411168131556563 4.436381163492022
133 8.218218023997956 3.890195882748857
134 8.264537401574804 3.858848425196849
135 1.590000000000000 9.340000000000000
136 1.624136977175050 8.747533796139694
137 1.966867674042762 2.799252146057837
138 1.626889199281663 8.699767452467146
139 1.681856778387076 7.745774579548743
140 1.952504545085483 3.048532228627508
141 1.901766093205102 3.929126249040338
142 1.677998512805437 7.812736922198972
143 2.001507204744475 2.198063846545892
144 6.911567222767419 4.824382728164868
145 4.794626101170354 6.395104125190675
146 8.305973944199081 3.789765160786818
147 3.214541083523696 7.567490697976000
148 3.500261140265053 7.355493017877791
149 1.714820656390559 8.680248601548469
150 2.688529043050060 7.957779477685578
151 3.875127080989557 7.077351151717633
152 3.944429023423998 7.025930711759857
153 7.388491541453631 4.470515903773815
154 8.170219646994942 3.890491712499260
155 8.291904699568006 3.800204215211416
156 8.260000000000000 2.180000000000000
157 2.750000000000000 6.080000000000000
158 6.190647522522522 3.644695945945946
159 3.904320111674240 5.262967616056345
160 6.844593033771737 3.181830702049043
161 4.084304985821656 5.135573603501913
162 4.078802940147007 5.139467973398670
163 2.792554611431589 6.049879676119202
164 5.697663486885928 3.993632014726838
165 8.205124307663086 2.218841234140466
166 5.822942894948706 3.904958749491842
167 3.343770088540899 5.659727160560887
168 4.638711980575629 4.743162119011806
169 6.524730558976129 3.408230638837223
170 9.720000000000001 9.420000000000000
171 5.588444576877235 2.659272943980930
172 7.304740744554863 5.467757581998868
173 8.551583479789103 7.508045694200350
174 6.040999324780554 3.399817076913633
175 6.975662347012239 4.929265658747299
176 7.027442799461642 5.013997308209959
177 5.535754657293498 2.573053075571178
178 6.347720450281426 3.901724373187788
179 8.824180790960451 7.954114021571648
180 5.992017799601044 3.319665490256253
181 4.042741401582433 5.438987768448250
182 5.417615715709348 7.187314102156352
183 5.191441374264073 6.899704861737187
184 3.661268882175226 4.953897280966767
185 4.514859405338692 6.039345437584670
186 4.944528678464795 6.585724184552983
187 5.507619452812270 7.301765221136710
188 2.143019797725124 3.023251818906516
189 2.850794760153298 3.923277073897361
190 3.776498264246170 5.100425993461826
191 6.400000000000000 0.060000000000000
192 3.990000000000000 2.630000000000000
193 4.418821013502923 2.172709541617215
194 5.250925967851483 1.285361104822277
195 4.178695536776856 2.428776958706838
196 4.220000000000000 2.090000000000000
197 9.220000000000001 4.170000000000000
198 8.645338247495054 3.930940710957942
199 6.298407694589213 2.954617600949113
200 7.941466865030458 3.638130215852670
201 5.418565929353571 2.588603426611086
202 7.964038629679678 3.647520069946745
203 8.298271549799018 3.786560964716391
204 4.370000000000000 3.050000000000000
205 4.083486370157820 5.141549497847920
206 4.251555654139468 3.914643724781883
207 4.156379525593008 4.609429463171036
208 4.284288173523843 3.675696333275951
209 4.330507482108002 3.338295380611581
210 5.460000000000000 7.180000000000000
211 3.641885546588408 7.493745414526780
212 4.544659126141127 7.337957053453522
213 4.210471016204470 7.395626683044362
214 3.677498094635268 7.487599886324003
215 2.420000000000000 1.710000000000000
216 7.020000000000000 1.020000000000000
217 2.455610543302851 1.704658418504572
218 3.506396181384248 1.547040572792363
219 3.574149901749790 1.536877514737532
220 5.300000000000000 2.900000000000000
221 4.765288649075275 2.675290015102186
222 3.820269923869422 2.278150244080095
223 2.634990524320910 0.884014529374605
224 3.308445958056999 0.736621258290016
225 1.220000000000000 5.530000000000000
226 4.980000000000000 8.800000000000001
227 2.880000000000000 6.750000000000000
228 4.275132986854173 8.111915534786217
229 3.917569673755118 7.762865633903806
230 4.510248536109303 8.341433094773368
231 3.662378304867805 7.513750249990000
232 4.696291052193845 8.523046027141611
233 5.410000000000000 7.860000000000000
234 2.977246415294743 8.400017828692816
235 3.859017516758549 8.204284023752498
236 4.834375874450045 7.987775904792408
237 5.089508086912128 7.931142160927198
238 3.406698819926651 8.109025832369491
239 8.628569138104039 4.570746730799754
240 4.314223023092566 7.494097899162704
241 6.252214418425590 6.180937281355138
242 7.210000000000000 8.910000000000000
243 5.405692233750813 8.530013287721580
244 4.779299190448287 8.398095087528160
245 1.723088596554307 7.754457988953558
246 8.670000000000000 2.990000000000000
247 8.539999999999999 7.950000000000000
248 2.100000000000000 4.260000000000000
249 4.839642234870484 5.477618771053549
250 3.831373740604510 5.029499440268671
251 6.080000000000000 9.170000000000000
252 2.740000000000000 6.000000000000000
253 3.900677447707886 7.101601050668862
254 4.967774978143077 8.114385233746573
255 2.936332819105243 6.186339831306473
256 7.920000000000000 0.150000000000000
257 6.600730747589129 2.431736138828803
258 5.748668499519436 3.905416526967522
259 4.866910250192161 5.430457499099468
260 6.078982398419814 3.334123624551186
261 8.250000000000000 3.890000000000000
262 4.130000000000000 7.250000000000000
263 7.211509641709319 4.736924175693371
264 8.949999999999999 2.120000000000000
265 4.220000000000000 9.240000000000000
266 7.772186872549956 3.892944919121418
267 7.938094386225900 3.643206759000336
268 1.640000000000000 3.090000000000000
269 3.986443913589654 2.778638769332153
270 3.674106808244847 2.820084322298563
271 2.964838432167437 2.914200645799943
272 4.696050944351113 3.911904154426187
273 4.363395475156866 3.913954419259434
274 8.597627118644068 3.145084745762712
275 1.920000000000000 0.340000000000000
276 3.601566946682667 1.619453111606378
277 4.860000000000000 3.700000000000000
278 4.462808508005898 4.213370003402378
279 9.270000000000000 7.580000000000000
280 3.200000000000000 0.410000000000000
281 4.116048206278027 3.168985426008969
282 8.334421246545901 3.709097328830212
283 4.700000000000000 3.630000000000000
284 3.430000000000000 3.260000000000000
495
1 4
4 5
5 3
3 2
2 0
7 9
9 15
15 13
13 8
8 11
11 10
10 14
14 12
12 6
16 19
19 21
21 18
18 22
22 20
20 8
8 17
23 29
29 26
26 33
33 30
30 25
25 27
27 18
18 9
9 31
31 28
28 32
32 35
35 34
34 24
37 47
47 46
46 56
56 55
55 45
45 44
44 39
39 53
53 43
43 50
50 42
42 57
57 54
54 52
52 41
41 40
40 51
51 38
38 48
48 49
49 36
58 63
63 65
65 62
62 66
66 61
61 60
60 64
64 67
67 59
68 69
70 71
73 77
77 75
75 78
78 74
74 10
10 76
76 79
79 72
81 83
83 60
60 85
85 38
38 84
84 82
82 80
73 88
88 87
87 90
90 91
91 89
89 86
92 99
99 101
101 95
95 103
103 94
94 74
74 11
11 97
97 102
102 96
96 107
107 106
106 105
105 108
108 100
100 104
104 39
39 98
98 93
109 25
25 112
112 119
119 111
111 113
113 87
87 116
116 115
115 114
114 118
118 117
117 110
121 26
26 122
122 128
128 111
111 127
127 75
75 130
130 94
94 131
131 12
12 125
125 124
124 132
132 123
123 40
40 133
133 134
134 126
126 82
82 129
129 120
135 136
136 138
138 122
122 142
142 139
139 112
112 27
27 19
19 141
141 140
140 137
137 143
143 69
23 136
136 149
149 150
150 113
113 88
88 147
147 148
148 95
95 151
151 152
152 145
145 144
144 153
153 123
123 41
41 154
154 155
155 146
146 80
157 163
163 167
167 20
20 13
13 159
159 162
162 161
161 96
96 168
168 164
164 166
166 158
158 169
169 42
42 160
160 165
165 156
93 177
177 171
171 43
43 180
180 174
174 158
158 178
178 124
124 144
144 175
175 176
176 172
172 61
61 83
83 173
173 179
179 170
68 137
137 188
188 189
189 28
28 184
184 190
190 159
159 181
181 97
97 76
76 185
185 125
125 145
145 186
186 183
183 182
182 62
62 187
187 110
192 195
195 44
44 193
193 194
194 2
2 191
196 45
45 193
193 98
98 201
201 171
171 199
199 160
160 200
200 202
202 203
203 146
146 126
126 84
84 198
198 197
17 181
181 205
205 161
161 207
207 206
206 208
208 209
209 204
73 147
147 99
99 211
211 214
214 213
213 212
212 182
182 210
215 217
217 46
46 218
218 219
219 194
194 216
69 217
217 222
222 195
195 221
221 100
100 220
68 47
47 223
223 224
224 3
3 191
109 225
227 127
127 77
77 148
148 101
101 211
211 231
231 229
229 63
63 228
228 114
114 230
230 232
232 226
121 29
29 138
138 149
149 234
234 89
89 235
235 115
115 228
228 236
236 237
237 233
135 234
234 238
238 90
90 116
116 229
229 240
240 212
212 183
183 241
241 172
172 85
85 48
48 239
239 197
109 30
30 139
139 245
245 128
128 150
150 238
238 91
91 235
235 230
230 244
244 243
243 242
247 173
173 64
64 49
49 239
239 198
198 129
129 246
248 21
21 31
31 184
184 250
250 162
162 205
205 102
102 249
249 72
252 163
163 255
255 78
78 130
130 103
103 151
151 253
253 213
213 240
240 65
65 236
236 254
254 117
117 243
243 251
92 231
231 214
214 253
253 152
152 131
131 14
14 185
185 79
79 249
249 259
259 164
164 258
258 174
174 260
260 50
50 199
199 257
257 256
262 186
186 175
175 263
263 51
51 261
265 232
232 244
244 118
118 254
254 237
237 187
187 66
66 241
241 176
176 263
263 153
153 132
132 52
52 266
266 267
267 200
200 264
268 140
140 188
188 271
271 270
270 269
269 221
221 104
104 53
53 201
201 177
177 257
257 165
165 264
16 141
141 189
189 32
32 206
206 273
273 105
105 272
272 258
258 166
166 178
178 54
54 266
266 154
154 133
133 261
80 274
274 264
275 4
4 223
223 218
218 276
276 55
55 196
121 33
33 142
142 245
245 119
119 255
255 167
167 22
22 15
15 190
190 250
250 207
207 278
278 106
106 272
272 277
81 179
179 279
280 5
5 224
224 219
219 276
276 56
56 222
222 269
269 34
34 281
281 208
208 273
273 278
278 107
107 168
168 259
259 72
204 108
108 180
180 260
260 169
169 57
57 267
267 202
202 282
282 80
261 134
134 155
155 203
203 282
282 274
274 246
69 270
270 35
35 281
281 209
209 283
36 67
67 279
68 143
143 271
271 284
607
0 0.700000000000000 7.800000000000000
1 0.700000000000000 8.800000000000001
2 0.700000000000000 9.100000000000000
3 0.800000000000000 9.199999999999999
4 0.800000000000000 5.200000000000000
5 0.800000000000000 3.500000000000000
6 0.800000000000000 2.000000000000000
7 0.800000000000000 4.800000000000000
8 0.800000000000000 7.500000000000000
9 0.800000000000000 3.900000000000000
10 0.800000000000000 7.600000000000000
11 0.800000000000000 7.000000000000000
12 0.800000000000000 5.800000000000000
13 0.800000000000000 5.100000000000000
14 0.800000000000000 1.600000000000000
15 0.900000000000000 2.500000000000000
16 0.900000000000000 9.199999999999999
17 0.900000000000000 2.000000000000000
18 0.900000000000000 9.199999999999999
19 0.900000000000000 8.100000000000000
20 0.900000000000000 1.400000000000000
21 0.900000000000000 6.400000000000000
22 0.900000000000000 2.000000000000000
23 0.900000000000000 5.000000000000000
24 1.000000000000000 1.600000000000000
25 1.000000000000000 4.500000000000000
26 1.000000000000000 4.200000000000000
27 1.000000000000000 2.500000000000000
28 1.000000000000000 8.100000000000000
29 1.000000000000000 4.100000000000000
30 1.000000000000000 8.300000000000001
31 1.000000000000000 4.800000000000000
32 1.100000000000000 3.100000000000000
33 1.100000000000000 5.500000000000000
34 1.100000000000000 6.100000000000000
35 1.100000000000000 8.900000000000000
36 1.100000000000000 8.600000000000000
37 1.100000000000000 1.800000000000000
38 1.100000000000000 6.400000000000000
39 1.200000000000000 7.500000000000000
40 1.200000000000000 4.000000000000000
41 1.200000000000000 1.900000000000000
42 1.200000000000000 1.800000000000000
43 1.200000000000000 7.800000000000000
44 1.200000000000000 7.000000000000000
45 1.200000000000000 8.000000000000000
46 1.200000000000000 4.900000000000000
47 1.200000000000000 3.200000000000000
48 1.300000000000000 8.699999999999999
49 1.300000000000000 2.400000000000000
50 1.300000000000000 7.600000000000000
51 1.300000000000000 8.100000000000000
52 1.300000000000000 5.700000000000000
53 1.300000000000000 7.000000000000000
54 1.300000000000000 3.800000000000000
55 1.400000000000000 3.600000000000000
56 1.400000000000000 3.000000000000000
57 1.400000000000000 7.600000000000000
58 1.400000000000000 2.500000000000000
59 1.400000000000000 5.200000000000000
60 1.400000000000000 7.100000000000000
61 1.400000000000000 6.100000000000000
62 1.400000000000000 1.900000000000000
63 1.500000000000000 1.300000000000000
64 1.500000000000000 5.400000000000000
65 1.500000000000000 5.100000000000000
66 1.500000000000000 3.700000000000000
67 1.500000000000000 5.100000000000000
68 1.500000000000000 7.000000000000000
69 1.500000000000000 2.800000000000000
70 1.600000000000000 6.200000000000000
71 1.600000000000000 6.300000000000000
72 1.600000000000000 9.300000000000001
73 1.600000000000000 1.600000000000000
74 1.600000000000000 9.000000000000000
75 1.600000000000000 1.500000000000000
76 1.700000000000000 3.800000000000000
77 1.700000000000000 8.100000000000000
78 1.700000000000000 5.100000000000000
79 1.700000000000000 5.900000000000000
80 1.700000000000000 1.200000000000000
81 1.700000000000000 5.300000000000000
82 1.700000000000000 7.400000000000000
83 1.800000000000000 5.400000000000000
84 1.800000000000000 4.200000000000000
85 1.800000000000000 5.200000000000000
86 1.800000000000000 4.500000000000000
87 1.800000000000000 4.500000000000000
88 1.800000000000000 3.300000000000000
89 1.900000000000000 6.900000000000000
90 1.900000000000000 7.300000000000000
91 1.900000000000000 9.000000000000000
92 1.900000000000000 6.300000000000000
93 1.900000000000000 7.300000000000000
94 1.900000000000000 6.700000000000000
95 1.900000000000000 2.400000000000000
96 1.900000000000000 8.800000000000001
97 1.900000000000000 8.199999999999999
98 2.000000000000000 3.200000000000000
99 2.000000000000000 4.000000000000000
100 2.000000000000000 8.400000000000000
101 2.000000000000000 8.900000000000000
102 2.000000000000000 8.600000000000000
103 2.000000000000000 6.200000000000000
104 2.000000000000000 9.000000000000000
105 2.000000000000000 8.600000000000000
106 2.000000000000000 2.100000000000000
107 2.000000000000000 6.500000000000000
108 2.000000000000000 8.400000000000000
109 2.100000000000000 3.600000000000000
110 2.100000000000000 5.100000000000000
111 2.100000000000000 1.200000000000000
112 2.100000000000000 3.100000000000000
113 2.100000000000000 1.400000000000000
114 2.100000000000000 1.800000000000000
115 2.100000000000000 3.500000000000000
116 2.100000000000000 5.300000000000000
117 2.100000000000000 7.000000000000000
118 2.200000000000000 1.900000000000000
119 2.200000000000000 6.800000000000000
120 2.200000000000000 7.000000000000000
121 2.200000000000000 1.000000000000000
122 2.200000000000000 0.800000000000000
123 2.200000000000000 4.900000000000000
124 2.200000000000000 6.000000000000000
125 2.200000000000000 7.900000000000000
126 2.200000000000000 1.300000000000000
127 2.200000000000000 6.600000000000000
128 2.300000000000000 4.900000000000000
129 2.300000000000000 6.600000000000000
130 2.300000000000000 7.400000000000000
131 2.300000000000000 7.100000000000000
132 2.300000000000000 7.100000000000000
133 2.300000000000000 1.300000000000000
134 2.300000000000000 2.000000000000000
135 2.300000000000000 2.800000000000000
136 2.400000000000000 3.000000000000000
137 2.400000000000000 8.100000000000000
138 2.400000000000000 6.300000000000000
139 2.400000000000000 1.700000000000000
140 2.400000000000000 6.600000000000000
141 2.400000000000000 7.300000000000000
142 2.400000000000000 6.100000000000000
143 2.400000000000000 6.400000000000000
144 2.400000000000000 7.900000000000000
145 2.400000000000000 7.100000000000000
146 2.400000000000000 2.400000000000000
147 2.500000000000000 7.600000000000000
148 2.500000000000000 8.699999999999999
149 2.500000000000000 8.500000000000000
150 2.500000000000000 3.900000000000000
151 2.600000000000000 3.100000000000000
152 2.600000000000000 6.400000000000000
153 2.600000000000000 4.800000000000000
154 2.600000000000000 4.700000000000000
155 2.600000000000000 2.400000000000000
156 2.600000000000000 6.100000000000000
157 2.600000000000000 6.400000000000000
158 2.600000000000000 4.800000000000000
159 2.600000000000000 3.400000000000000
160 2.700000000000000 8.500000000000000
161 2.700000000000000 6.500000000000000
162 2.700000000000000 8.100000000000000
163 2.700000000000000 3.600000000000000
164 2.700000000000000 8.400000000000000
165 2.700000000000000 4.400000000000000
166 2.700000000000000 2.800000000000000
167 2.800000000000000 4.400000000000000
168 2.800000000000000 6.300000000000000
169 2.800000000000000 5.100000000000000
170 2.800000000000000 4.000000000000000
171 2.800000000000000 4.000000000000000
172 2.800000000000000 3.400000000000000
173 2.800000000000000 4.900000000000000
174 2.800000000000000 1.900000000000000
175 2.800000000000000 6.700000000000000
176 2.900000000000000 7.800000000000000
177 2.900000000000000 1.500000000000000
178 2.900000000000000 6.200000000000000
179 2.900000000000000 1.200000000000000
180 2.900000000000000 5.400000000000000
181 2.900000000000000 1.800000000000000
182 2.900000000000000 3.900000000000000
183 2.900000000000000 5.900000000000000
184 2.900000000000000 7.500000000000000
185 2.900000000000000 0.700000000000000
186 2.900000000000000 4.300000000000000
187 2.900000000000000 2.400000000000000
188 2.900000000000000 8.400000000000000
189 2.900000000000000 3.100000000000000
190 2.900000000000000 3.200000000000000
191 2.900000000000000 2.900000000000000
192 3.000000000000000 1.600000000000000
193 3.000000000000000 5.300000000000000
194 3.000000000000000 7.900000000000000
195 3.000000000000000 5.900000000000000
196 3.100000000000000 7.700000000000000
197 3.100000000000000 1.900000000000000
198 3.100000000000000 5.400000000000000
199 3.200000000000000 0.700000000000000
200 3.200000000000000 2.500000000000000
201 3.200000000000000 2.800000000000000
202 3.200000000000000 1.700000000000000
203 3.200000000000000 2.500000000000000
204 3.200000000000000 7.800000000000000
205 3.200000000000000 5.100000000000000
206 3.200000000000000 4.100000000000000
207 3.200000000000000 1.800000000000000
208 3.300000000000000 2.400000000000000
209 3.300000000000000 2.300000000000000
210 3.300000000000000 6.100000000000000
211 3.300000000000000 4.300000000000000
212 3.300000000000000 3.000000000000000
213 3.300000000000000 4.300000000000000
214 3.300000000000000 6.900000000000000
215 3.400000000000000 5.900000000000000
216 3.400000000000000 3.500000000000000
217 3.400000000000000 6.600000000000000
218 3.400000000000000 5.000000000000000
219 3.400000000000000 6.800000000000000
220 3.500000000000000 1.800000000000000
221 3.500000000000000 4.300000000000000
222 3.500000000000000 8.100000000000000
223 3.500000000000000 6.300000000000000
224 3.500000000000000 5.700000000000000
225 3.500000000000000 1.400000000000000
226 3.500000000000000 3.600000000000000
227 3.500000000000000 2.700000000000000
228 3.500000000000000 6.900000000000000
229 3.600000000000000 5.200000000000000
230 3.600000000000000 3.000000000000000
231 3.600000000000000 7.700000000000000
232 3.600000000000000 3.800000000000000
233 3.600000000000000 4.500000000000000
234 3.600000000000000 3.400000000000000
235 3.600000000000000 2.500000000000000
236 3.700000000000000 1.000000000000000
237 3.700000000000000 6.000000000000000
238 3.700000000000000 1.700000000000000
239 3.700000000000000 1.500000000000000
240 3.700000000000000 1.200000000000000
241 3.700000000000000 4.900000000000000
242 3.700000000000000 3.800000000000000
243 3.800000000000000 6.200000000000000
244 3.800000000000000 1.900000000000000
245 3.800000000000000 8.199999999999999
246 3.800000000000000 3.000000000000000
247 3.800000000000000 4.000000000000000
248 3.800000000000000 4.100000000000000
249 3.800000000000000 4.700000000000000
250 3.800000000000000 4.500000000000000
251 3.800000000000000 0.900000000000000
252 3.800000000000000 5.000000000000000
253 3.800000000000000 2.900000000000000
254 3.900000000000000 2.700000000000000
255 3.900000000000000 7.600000000000000
256 3.900000000000000 4.900000000000000
257 3.900000000000000 2.000000000000000
258 3.900000000000000 3.400000000000000
259 3.900000000000000 7.500000000000000
260 3.900000000000000 1.200000000000000
261 3.900000000000000 3.700000000000000
262 3.900000000000000 0.700000000000000
263 4.000000000000000 7.000000000000000
264 4.000000000000000 0.900000000000000
265 4.000000000000000 5.600000000000000
266 4.000000000000000 2.400000000000000
267 4.000000000000000 4.900000000000000
268 4.000000000000000 5.200000000000000
269 4.000000000000000 0.600000000000000
270 4.000000000000000 1.400000000000000
271 4.100000000000000 7.400000000000000
272 4.100000000000000 5.300000000000000
273 4.100000000000000 7.600000000000000
274 4.100000000000000 6.200000000000000
275 4.100000000000000 1.400000000000000
276 4.100000000000000 1.100000000000000
277 4.100000000000000 1.400000000000000
278 4.100000000000000 6.300000000000000
279 4.100000000000000 5.400000000000000
280 4.100000000000000 6.600000000000000
281 4.100000000000000 4.500000000000000
282 4.100000000000000 2.800000000000000
283 4.100000000000000 4.200000000000000
284 4.200000000000000 2.000000000000000
285 4.200000000000000 7.800000000000000
286 4.200000000000000 0.700000000000000
287 4.200000000000000 6.800000000000000
288 4.200000000000000 4.500000000000000
289 4.200000000000000 3.500000000000000
290 4.200000000000000 2.400000000000000
291 4.300000000000000 7.200000000000000
292 4.300000000000000 8.000000000000000
293 4.300000000000000 3.400000000000000
294 4.400000000000000 6.400000000000000
295 4.400000000000000 2.500000000000000
296 4.400000000000000 2.000000000000000
297 4.400000000000000 2.200000000000000
298 4.500000000000000 3.900000000000000
299 4.500000000000000 7.000000000000000
300 4.500000000000000 2.600000000000000
301 4.500000000000000 6.600000000000000
302 4.600000000000000 8.100000000000000
303 4.600000000000000 2.700000000000000
304 4.600000000000000 4.800000000000000
305 4.600000000000000 3.200000000000000
306 4.600000000000000 3.100000000000000
307 4.600000000000000 1.300000000000000
308 4.600000000000000 4.300000000000000
309 4.600000000000000 2.300000000000000
310 4.600000000000000 2.300000000000000
311 4.600000000000000 7.900000000000000
312 4.600000000000000 7.300000000000000
313 4.700000000000000 7.400000000000000
314 4.700000000000000 0.500000000000000
315 4.700000000000000 5.200000000000000
316 4.700000000000000 3.200000000000000
317 4.700000000000000 3.300000000000000
318 4.700000000000000 3.900000000000000
319 4.700000000000000 8.199999999999999
320 4.700000000000000 4.200000000000000
321 4.700000000000000 7.900000000000000
322 4.700000000000000 3.200000000000000
323 4.800000000000000 6.400000000000000
324 4.800000000000000 2.100000000000000
325 4.800000000000000 7.500000000000000
326 4.800000000000000 2.100000000000000
327 4.900000000000000 5.900000000000000
328 4.900000000000000 3.400000000000000
329 4.900000000000000 6.300000000000000
330 4.900000000000000 3.900000000000000
331 4.900000000000000 0.800000000000000
332 5.000000000000000 3.600000000000000
333 5.000000000000000 8.300000000000001
334 5.000000000000000 7.500000000000000
335 5.000000000000000 6.200000000000000
336 5.000000000000000 3.200000000000000
337 5.000000000000000 0.500000000000000
338 5.000000000000000 0.900000000000000
339 5.000000000000000 1.600000000000000
340 5.100000000000000 4.100000000000000
341 5.100000000000000 2.700000000000000
342 5.100000000000000 0.800000000000000
343 5.100000000000000 7.200000000000000
344 5.100000000000000 1.400000000000000
345 5.100000000000000 5.600000000000000
346 5.100000000000000 4.000000000000000
347 5.200000000000000 1.700000000000000
348 5.200000000000000 3.600000000000000
349 5.200000000000000 7.700000000000000
350 5.200000000000000 7.000000000000000
351 5.200000000000000 6.600000000000000
352 5.200000000000000 7.400000000000000
353 5.200000000000000 4.800000000000000
354 5.200000000000000 6.800000000000000
355 5.300000000000000 4.500000000000000
356 5.300000000000000 2.900000000000000
357 5.300000000000000 4.100000000000000
358 5.300000000000000 5.200000000000000
359 5.300000000000000 7.600000000000000
360 5.300000000000000 4.200000000000000
361 5.300000000000000 0.600000000000000
362 5.300000000000000 0.700000000000000
363 5.300000000000000 2.500000000000000
364 5.300000000000000 5.700000000000000
365 5.400000000000000 1.700000000000000
366 5.400000000000000 3.600000000000000
367 5.400000000000000 6.300000000000000
368 5.400000000000000 4.300000000000000
369 5.400000000000000 2.500000000000000
370 5.400000000000000 4.700000000000000
371 5.500000000000000 5.100000000000000
372 5.500000000000000 2.400000000000000
373 5.500000000000000 4.800000000000000
374 5.500000000000000 7.100000000000000
375 5.500000000000000 3.900000000000000
376 5.500000000000000 1.800000000000000
377 5.500000000000000 1.500000000000000
378 5.500000000000000 0.300000000000000
379 5.500000000000000 2.600000000000000
380 5.600000000000000 2.600000000000000
381 5.600000000000000 4.000000000000000
382 5.600000000000000 1.700000000000000
383 5.600000000000000 5.900000000000000
384 5.600000000000000 8.100000000000000
385 5.600000000000000 7.300000000000000
386 5.700000000000000 7.700000000000000
387 5.700000000000000 5.600000000000000
388 5.700000000000000 3.300000000000000
389 5.700000000000000 4.200000000000000
390 5.700000000000000 1.700000000000000
391 5.700000000000000 3.900000000000000
392 5.700000000000000 6.000000000000000
393 5.700000000000000 5.300000000000000
394 5.700000000000000 1.100000000000000
395 5.700000000000000 6.200000000000000
396 5.800000000000000 8.000000000000000
397 5.800000000000000 6.700000000000000
398 5.800000000000000 6.200000000000000
399 5.800000000000000 7.000000000000000
400 5.800000000000000 0.700000000000000
401 5.800000000000000 6.700000000000000
402 5.800000000000000 3.400000000000000
403 5.900000000000000 4.900000000000000
404 5.900000000000000 4.200000000000000
405 5.900000000000000 3.900000000000000
406 5.900000000000000 4.700000000000000
407 5.900000000000000 4.500000000000000
408 5.900000000000000 4.600000000000000
409 5.900000000000000 1.500000000000000
410 5.900000000000000 5.900000000000000
411 5.900000000000000 7.600000000000000
412 6.000000000000000 1.100000000000000
413 6.000000000000000 2.400000000000000
414 6.000000000000000 5.400000000000000
415 6.000000000000000 4.500000000000000
416 6.000000000000000 2.700000000000000
417 6.000000000000000 3.500000000000000
418 6.000000000000000 1.800000000000000
419 6.000000000000000 3.700000000000000
420 6.000000000000000 3.200000000000000
421 6.000000000000000 7.900000000000000
422 6.100000000000000 7.400000000000000
423 6.100000000000000 5.200000000000000
424 6.100000000000000 5.100000000000000
425 6.100000000000000 2.900000000000000
426 6.100000000000000 3.300000000000000
427 6.100000000000000 4.000000000000000
428 6.100000000000000 0.800000000000000
429 6.200000000000000 5.000000000000000
430 6.200000000000000 6.200000000000000
431 6.200000000000000 1.300000000000000
432 6.200000000000000 2.400000000000000
433 6.200000000000000 3.400000000000000
434 6.200000000000000 0.500000000000000
435 6.200000000000000 4.900000000000000
436 6.200000000000000 3.000000000000000
437 6.200000000000000 6.900000000000000
438 6.200000000000000 0.200000000000000
439 6.200000000000000 1.400000000000000
440 6.200000000000000 1.500000000000000
441 6.200000000000000 3.300000000000000
442 6.200000000000000 2.000000000000000
443 6.300000000000000 5.200000000000000
444 6.300000000000000 4.800000000000000
445 6.300000000000000 6.900000000000000
446 6.300000000000000 4.600000000000000
447 6.300000000000000 3.100000000000000
448 6.300000000000000 4.400000000000000
449 6.300000000000000 1.600000000000000
450 6.300000000000000 3.200000000000000
451 6.300000000000000 4.700000000000000
452 6.300000000000000 7.000000000000000
453 6.400000000000000 0.800000000000000
454 6.400000000000000 6.600000000000000
455 6.400000000000000 6.700000000000000
456 6.400000000000000 6.800000000000000
457 6.400000000000000 2.900000000000000
458 6.400000000000000 4.500000000000000
459 6.400000000000000 6.500000000000000
460 6.400000000000000 2.600000000000000
461 6.400000000000000 1.100000000000000
462 6.400000000000000 8.500000000000000
463 6.400000000000000 8.300000000000001
464 6.500000000000000 7.900000000000000
465 6.500000000000000 4.600000000000000
466 6.500000000000000 4.100000000000000
467 6.500000000000000 5.200000000000000
468 6.500000000000000 8.600000000000000
469 6.500000000000000 3.600000000000000
470 6.500000000000000 8.100000000000000
471 6.600000000000000 4.400000000000000
472 6.600000000000000 6.200000000000000
473 6.700000000000000 5.900000000000000
474 6.700000000000000 5.300000000000000
475 6.700000000000000 3.000000000000000
476 6.700000000000000 3.500000000000000
477 6.800000000000000 5.400000000000000
478 6.800000000000000 2.800000000000000
479 6.800000000000000 5.000000000000000
480 6.800000000000000 6.200000000000000
481 6.900000000000000 2.900000000000000
482 7.000000000000000 6.200000000000000
483 7.000000000000000 5.000000000000000
484 7.000000000000000 6.000000000000000
485 7.000000000000000 3.200000000000000
486 7.000000000000000 3.100000000000000
487 7.100000000000000 3.100000000000000
488 7.100000000000000 3.500000000000000
489 7.200000000000000 2.600000000000000
490 7.200000000000000 2.800000000000000
491 7.200000000000000 4.400000000000000
492 7.200000000000000 3.100000000000000
493 7.200000000000000 2.500000000000000
494 7.300000000000000 5.800000000000000
495 7.300000000000000 2.500000000000000
496 7.300000000000000 3.100000000000000
497 7.300000000000000 4.700000000000000
498 7.400000000000000 4.100000000000000
499 7.400000000000000 2.700000000000000
500 7.400000000000000 3.500000000000000
501 7.400000000000000 3.500000000000000
502 7.400000000000000 5.800000000000000
503 7.400000000000000 2.700000000000000
504 7.400000000000000 2.600000000000000
505 7.400000000000000 3.700000000000000
506 7.500000000000000 3.600000000000000
507 7.500000000000000 5.900000000000000
508 7.600000000000000 2.900000000000000
509 7.600000000000000 4.100000000000000
510 7.600000000000000 5.200000000000000
511 7.600000000000000 4.200000000000000
512 7.600000000000000 4.900000000000000
513 7.600000000000000 2.500000000000000
514 7.700000000000000 3.500000000000000
515 7.700000000000000 3.900000000000000
516 7.700000000000000 4.500000000000000
517 7.700000000000000 5.000000000000000
518 7.800000000000000 4.000000000000000
519 7.800000000000000 3.900000000000000
520 7.800000000000000 5.500000000000000
521 7.800000000000000 2.600000000000000
522 7.800000000000000 2.300000000000000
523 7.800000000000000 2.900000000000000
524 7.900000000000000 7.700000000000000
525 7.900000000000000 4.200000000000000
526 7.900000000000000 8.699999999999999
527 7.900000000000000 7.500000000000000
528 7.900000000000000 5.100000000000000
529 7.900000000000000 4.300000000000000
530 7.900000000000000 7.200000000000000
531 7.900000000000000 7.000000000000000
532 8.000000000000000 8.300000000000001
533 8.000000000000000 5.800000000000000
534 8.000000000000000 2.800000000000000
535 8.100000000000000 8.100000000000000
536 8.100000000000000 5.500000000000000
537 8.100000000000000 3.400000000000000
538 8.100000000000000 3.800000000000000
539 8.100000000000000 5.400000000000000
540 8.199999999999999 6.700000000000000
541 8.199999999999999 3.000000000000000
542 8.199999999999999 5.200000000000000
543 8.199999999999999 7.600000000000000
544 8.300000000000001 3.600000000000000
545 8.300000000000001 8.300000000000001
546 8.300000000000001 7.400000000000000
547 8.300000000000001 4.400000000000000
548 8.300000000000001 5.600000000000000
549 8.300000000000001 7.500000000000000
550 8.300000000000001 5.100000000000000
551 8.300000000000001 4.600000000000000
552 8.300000000000001 4.500000000000000
553 8.300000000000001 5.200000000000000
554 8.300000000000001 6.100000000000000
555 8.300000000000001 6.800000000000000
556 8.300000000000001 5.800000000000000
557 8.300000000000001 7.400000000000000
558 8.400000000000000 4.600000000000000
559 8.400000000000000 3.800000000000000
560 8.400000000000000 3.300000000000000
561 8.400000000000000 2.500000000000000
562 8.400000000000000 6.000000000000000
563 8.500000000000000 3.200000000000000
564 8.500000000000000 3.200000000000000
565 8.500000000000000 4.900000000000000
566 8.500000000000000 5.800000000000000
567 8.500000000000000 7.200000000000000
568 8.500000000000000 5.900000000000000
569 8.500000000000000 5.300000000000000
570 8.500000000000000 4.400000000000000
571 8.600000000000000 2.500000000000000
572 8.600000000000000 5.000000000000000
573 8.600000000000000 5.900000000000000
574 8.600000000000000 2.700000000000000
575 8.600000000000000 5.700000000000000
576 8.600000000000000 3.900000000000000
577 8.600000000000000 2.600000000000000
578 8.600000000000000 6.000000000000000
579 8.699999999999999 4.800000000000000
580 8.699999999999999 4.000000000000000
581 8.699999999999999 7.700000000000000
582 8.800000000000001 6.800000000000000
583 8.800000000000001 2.300000000000000
584 8.800000000000001 6.800000000000000
585 8.800000000000001 2.700000000000000
586 8.800000000000001 2.900000000000000
587 8.800000000000001 4.300000000000000
588 8.800000000000001 7.100000000000000
589 8.800000000000001 5.600000000000000
590 8.900000000000000 5.800000000000000
591 8.900000000000000 5.700000000000000
592 8.900000000000000 6.300000000000000
593 8.900000000000000 6.300000000000000
594 8.900000000000000 6.200000000000000
595 8.900000000000000 5.500000000000000
596 8.900000000000000 4.100000000000000
597 8.900000000000000 3.300000000000000
598 8.900000000000000 3.500000000000000
599 9.000000000000000 7.400000000000000
600 9.000000000000000 4.800000000000000
601 9.000000000000000 6.200000000000000
602 9.000000000000000 6.700000000000000
603 9.100000000000000 7.400000000000000
604 9.100000000000000 7.000000000000000
605 9.100000000000000 7.200000000000000
606 9.199999999999999 6.900000000000000
