362
0 1.100000000000000 1.150000000000000
1 3.170000000000000 1.540000000000000
2 2.846129922513534 1.478980999893854
3 1.804322592881377 1.282698459528375
4 9.720000000000001 1.000000000000000
5 3.450000000000000 1.320000000000000
6 8.412614741919507 1.066724606473008
7 5.851635185398678 1.197428507284278
8 9.206657757259142 1.026199285115961
9 7.261396870003392 1.125478947623431
10 8.259273334877284 1.074550643196056
11 6.867369978931972 1.145588773005067
12 7.813592803942853 1.097296699001322
13 9.697726695374701 1.001136755578963
14 9.185111530542210 1.027298933050477
15 8.232518929563703 1.075916099288615
16 9.338196519599228 1.019485983050757
17 7.877570397952059 1.094031494841362
18 9.630000000000001 2.410000000000000
19 9.500000000000000 5.980000000000000
20 9.502858990944373 5.901487710219922
21 9.522709983773980 5.356348907129904
22 9.505478882420373 5.829541459686665
23 9.502037793406830 5.924039057981656
24 8.660000000000000 8.199999999999999
25 7.240000000000000 8.710000000000001
26 7.871126260201634 8.483327892462794
27 7.932068529793065 8.461440175919392
28 8.880000000000001 7.700000000000000
29 8.359999999999999 0.320000000000000
30 8.750207569658398 5.857945892459577
31 8.683380002784697 4.909508501059733
32 8.461660316976531 1.762794498628467
33 8.391240500300563 0.763374792727229
34 8.703875228115065 5.200383045171485
35 8.458853594969913 1.722960636303763
36 8.444705303552100 1.522163731181738
37 8.483621552197034 2.074475106180999
38 8.529872313860141 2.730880146707376
39 8.552598820394872 3.053421720219526
40 8.717287599919503 5.390735552703724
41 8.759826596562927 5.994462081989232
42 9.650000000000000 5.910000000000000
43 3.600000000000000 5.560000000000000
44 9.437210033490533 5.897689836648213
45 9.631032410779316 5.908902701450043
46 4.564695264954728 5.615808816980851
47 3.947638973030562 5.580111345547222
48 7.436814047456725 5.781964449026422
49 7.935992321930486 5.810842531020772
50 7.629382911547070 5.793104796535781
51 4.351169607639609 5.603456093003944
52 4.816345778781460 5.630367111169175
53 8.550975211208845 5.846420053541007
54 5.891339503887449 5.692556830803406
55 5.568011121408713 5.673851883056702
56 7.321163633070723 5.775273929185910
57 5.782585339393599 5.686265267568224
58 6.470432114160549 5.726058056191106
59 4.288655707278273 5.599839586371470
60 5.042075304931943 5.643425844086972
61 9.369999999999999 8.260000000000000
62 2.390000000000000 9.300000000000001
63 6.351312851157033 8.709775735644225
64 2.850921330744248 9.231324042410600
65 7.258065208528610 8.574672232540150
66 6.846809061488673 8.635948220064725
67 7.928926533636462 8.474715817337835
68 6.526617180779157 8.683655892835198
69 2.663755238310524 9.259211253890696
70 4.830273437500000 8.936406250000001
71 6.880127385484760 8.630983885257285
72 6.680000000000000 9.230000000000000
73 5.290000000000000 7.030000000000000
74 6.623744125827180 9.140961925769638
75 6.480436545644422 8.914144172962395
76 6.279113128491620 8.595502793296090
77 5.425931464935822 7.245143325797704
78 5.518749681501614 7.392049855614065
79 5.640000000000000 0.920000000000000
80 7.219677952175644 2.990769543525586
81 7.886741825788514 3.865210787173544
82 5.981573640241542 1.367762336689689
83 6.867171296462005 2.528675326450194
84 8.751563575042159 4.998889038785835
85 7.184046911317153 2.944061495146320
86 7.472710127980948 3.322464571912849
87 7.814782902881616 3.770881214658285
88 7.669695923452985 3.580689474785520
89 6.931138564590277 2.612528791924043
90 9.296449492555062 5.713169542054047
91 5.649465683301031 0.932408382772855
92 9.460329324023247 5.927996471387987
93 9.990000000000000 7.740000000000000
94 9.000000000000000 2.690000000000000
95 9.135015807037059 3.378716995492067
96 9.016888586028550 2.776148847923407
97 9.628950139217109 5.898281013178179
98 9.631589965616651 5.911746794307162
99 9.840000000000000 0.400000000000000
100 4.520000000000000 5.660000000000000
101 6.423215815260219 3.778249024761513
102 6.715877054508312 3.488888476181632
103 8.122653754426537 2.097977678894063
104 5.319259476109261 4.869754728508513
105 8.527955625195863 1.697246881855218
106 5.647629364861150 4.545088259554578
107 5.917359638572481 4.278400056599388
108 5.004840963321936 5.180627167843349
109 5.026530344560848 5.159182403686079
110 5.853500854793628 4.341538628531111
111 6.206243580734094 3.992774204011027
112 3.030000000000000 9.430000000000000
113 0.380000000000000 6.490000000000000
114 2.611232630958428 8.965405258497274
115 0.796434913720891 6.952007036354498
116 2.764241734559901 9.135158754568343
117 2.977944866292506 9.372248266754704
118 0.703496147970498 6.848897613220100
119 0.628740968141717 6.765961677862886
120 2.780000000000000 1.200000000000000
121 0.550000000000000 0.370000000000000
122 1.420000000000000 2.850000000000000
123 4.473806787155195 6.148426969072020
124 3.225737066123134 4.800382670903024
125 4.230074061417747 5.885170433262580
126 4.815518984365816 6.517511461149642
127 4.852374386105804 6.557319104372677
128 4.614734152573305 6.300643089859539
129 5.235460951262477 6.971092190252495
130 2.205880752598872 3.698832440791547
131 3.586928297152417 5.190506532841629
132 4.080818815848049 5.723959341148539
133 4.625323605282408 6.312080793302447
134 3.250751474482613 4.827400817399825
135 4.688876882354458 6.380724901354428
136 8.029999999999999 0.770000000000000
137 6.430000000000000 1.510000000000000
138 7.633271298860197 0.953487024277159
139 6.070000000000000 3.080000000000000
140 7.590352491397987 6.085484461759726
141 6.257526579621146 3.450708914154543
142 8.206241958912639 7.302995687116874
143 7.876734729401071 6.651614600205977
144 6.387297666277713 3.707244807467911
145 6.684736832934416 4.295232658156063
146 8.585544147843944 8.052813141683778
147 8.175316555940032 7.241861299773346
148 7.010905055872470 4.940013083423571
149 8.353837461973056 7.594767492394611
150 6.635659086192540 4.198214100890270
151 6.325265765528345 3.584618038418967
152 6.659337914499041 4.245023213218179
153 8.416644920112867 7.718927409643968
154 7.599977608100027 6.104511719487311
155 8.440000000000000 6.770000000000000
156 6.480000000000000 3.040000000000000
157 7.689607603530210 5.341957327126370
158 6.501735671151605 3.081364312956881
159 8.365805575764849 6.628803468164739
160 6.682188576286602 3.424777239565828
161 6.960620105879052 3.954649487208603
162 7.275890249050232 4.554627871917024
163 6.980417484159403 3.992325110160496
164 6.564491825111035 3.200793116155183
165 7.300880688239909 4.602186207721868
166 8.067020619735487 6.060197403884373
167 8.297680294458198 0.786841365621172
168 7.524656755619850 6.577615911026297
169 8.130763230860138 2.037229011681641
170 8.253266302731433 1.119549750074354
171 8.055185435182764 2.603387677514821
172 7.286940282301846 8.358366992399565
173 7.495026094729011 6.799581308235349
174 7.919704190632703 3.618287357671089
175 7.413967959136290 7.406793591827258
176 7.946815551729848 3.415194215166589
177 7.754638704378213 4.854804705595356
178 7.387792655685260 7.602874659643455
179 7.587656438622727 6.105680785674390
180 7.920000000000000 9.940000000000000
181 2.760000000000000 3.670000000000000
182 4.618975781580698 5.928871734595150
183 7.657595964069435 9.621148584247162
184 4.656825721892279 5.974863813229572
185 5.079885999287495 6.488931243320271
186 6.401581137309293 8.094944521497920
187 6.967929114212260 8.783123167850944
188 4.993146734626871 6.383532950796604
189 6.726828578165527 8.490157981608110
190 2.850586255414241 3.780072833613816
191 4.943543807862605 6.323259626995840
192 5.551696195530051 7.062235493405701
193 5.524215349369989 7.028843069873998
194 3.567864972131876 4.651649878927685
195 4.328574366119636 5.576000247203511
196 4.758498859022884 6.098408497301062
197 2.796634264132250 3.714514890718839
198 5.854268291287684 7.429895772553058
199 4.968965034303288 6.354149373077833
200 0.670000000000000 2.700000000000000
201 7.963433096136131 0.870676540772835
202 8.116655952392323 0.832245508124063
203 3.749498797878998 1.927606626486184
204 1.593770640149161 2.468301802361716
205 3.473940620713918 1.996721545513412
206 8.026665473151274 0.854816729743955
207 2.223646414415371 2.310317693221881
208 2.885847013782057 2.144225939836562
209 4.047070604781997 6.793827613689642
210 4.596894538366247 5.962267657399988
211 5.570759278295702 4.489383573783273
212 4.184676676335098 6.585710629585394
213 5.619985748895539 4.414932901049831
214 5.795896256339152 4.148883853444511
215 5.080981648089085 5.230128819468105
216 4.383670683302778 6.284749835359451
217 4.082350383102092 6.740470076620417
218 5.194031363341804 5.059151147286245
219 4.050835624260476 6.788133355506762
220 5.981751720571388 3.867793940341499
221 4.671038742068301 5.850131122368333
222 3.781123743080882 7.196048665163135
223 4.295535698569712 6.418046186383044
224 4.680000000000000 8.330000000000000
225 3.970847307051637 6.608827318156580
226 4.253989407756400 7.296036791742098
227 2.788801961369816 3.739904760407990
228 3.821386805019982 6.246074224683914
229 4.019943872778297 6.727988774555659
230 4.157705584455851 7.062347928939722
231 4.233832124271389 7.247113384950351
232 3.907415124747906 6.454872125690231
233 7.620000000000000 9.779999999999999
234 8.337487383893624 6.748454206791802
235 7.995946340815514 8.191542037455173
236 8.214657488438455 7.267438179480765
237 9.686446169030983 1.048799520040257
238 8.146978827361563 7.553395765472313
239 9.320547341137996 2.594804477534051
240 8.665630267654699 5.361976616846359
241 7.659687294654246 9.612312241505933
242 8.115832436109397 7.684996283465702
243 8.510334896742883 6.018134535383671
244 3.920000000000000 5.820000000000000
245 6.415637798234078 6.344525643434154
246 6.011782933027297 6.259644643003525
247 5.227093652712008 6.094721011078851
248 6.976354836535220 6.462375463431075
249 6.091959197881834 6.276495849112332
250 4.814805550889475 6.008067538350664
251 4.792833775968626 6.003449576807565
252 5.997226182560423 6.256585148989469
253 5.330000000000000 4.720000000000000
254 8.514731980165486 1.669436329420199
255 5.624803443609268 4.437616213660302
256 5.857574605864374 4.214651375313947
257 6.043711572754567 4.036356098824893
258 6.132228578375305 3.951568191001924
259 0.260000000000000 7.010000000000000
260 6.550000000000000 6.330000000000000
261 6.038470890811317 6.385300444236615
262 4.891251857237696 6.509324123541870
263 2.796801435406699 6.735751196172249
264 5.963443815683104 6.393411479385611
265 6.015434375622386 6.387790878311093
266 3.615964912280702 6.647192982456140
267 4.474293168499638 6.554400738540580
268 3.977380911017685 6.608120982592682
269 5.170697836706211 6.479113747383113
270 1.215735138004246 6.906677282377919
271 8.029999999999999 0.650000000000000
272 8.624580689795502 1.900458357920439
273 8.819293111081723 2.309956645986304
274 8.083800313901898 0.763147051917397
275 6.700000000000000 9.500000000000000
276 5.260000000000000 2.720000000000000
277 6.570433178602558 8.889956215920378
278 5.821026465290287 5.361499607408434
279 6.497005453644026 8.544234010907289
280 5.907211869305513 5.767289217980126
281 6.041331432644333 6.398768828700405
282 6.033438506117193 6.361606299635115
283 6.204029574861368 7.164805914972273
284 5.693463627986301 4.760891248435501
285 5.667709231716976 4.639630966000762
286 5.439683769412262 3.566011080982733
287 6.382341907062669 8.004359812420066
288 6.270298751106304 7.476823286458846
289 6.010858411171737 6.255291685933599
290 3.110000000000000 9.820000000000000
291 6.995169693805244 8.775801849848955
292 2.250000000000000 9.770000000000000
293 6.336416965110540 4.725240189316764
294 2.476646242146900 9.490200884200730
295 5.635444548254783 5.590604029361353
296 5.036775513478819 6.329672389816004
297 4.617343864805290 6.847468772961058
298 6.882953498812488 4.050530397381684
299 4.256714653482346 7.292672423830094
300 6.704873242780786 4.270373875513048
301 5.044453244476494 6.320194084223353
302 4.288613544042001 7.253292634035105
303 5.020943323206241 6.349217531166999
304 1.880000000000000 7.580000000000000
305 3.270000000000000 6.300000000000000
306 3.021976893453145 6.528395378690629
307 2.458907844676611 7.046905006340962
308 3.009277390359633 6.540089885136453
309 5.600000000000000 3.940000000000000
310 7.410000000000000 5.870000000000000
311 6.810786057535497 5.231059166322382
312 6.127027058467695 4.501968078918592
313 5.902637405071437 4.262701763418715
314 9.490000000000000 7.840000000000000
315 0.820000000000000 9.880000000000001
316 4.830273437499999 8.936406250000001
317 6.761732283464568 8.481945345067160
318 1.640000000000000 0.880000000000000
319 3.466523963323435 1.787077363275746
320 6.276846944991394 6.007601566113708
321 1.957453492506987 3.199416814833631
322 3.553190800863350 4.236859971070677
323 4.998032902896743 5.176201015958338
324 5.236608945884454 5.331307424603164
325 2.813563735214165 3.756003232679451
326 6.575434048691409 6.201723208599642
327 2.570000000000000 6.160000000000000
328 6.350000000000000 6.420000000000000
329 6.009396439426833 6.396572241865337
330 4.631724007083227 6.301811704190910
331 3.829884913008849 6.246658750630238
332 5.052861701014750 6.330778847159745
333 5.147018094089264 6.337255212820954
334 5.568558407291917 7.037711681458383
335 8.137750680033566 3.301168157808327
336 7.259160253813960 4.578959392766602
337 5.589847633632445 7.006749374102019
338 5.338871748676951 7.371759936944038
339 6.113216720761540 6.245579650162284
340 2.330000000000000 6.390000000000000
341 4.327733990147783 6.789546798029557
342 4.026857643963753 6.729371528792750
343 5.623111111111110 7.048622222222222
344 3.057548806941432 6.535509761388286
345 3.460000000000000 6.220000000000000
346 3.491079267263211 2.481173954640104
347 5.532051527749871 4.857286215476872
348 6.606518050025651 4.215617066447029
349 3.860000000000000 7.540000000000000
350 4.160741971885827 7.057476213996517
351 6.105746292888840 3.936824836742793
352 4.806758582907230 6.020978451424398
353 4.055111749877891 7.226954036862582
354 4.575856123643645 6.391448619398417
355 1.941294530858004 1.618369820688200
356 4.238331201909430 7.247620873100414
357 3.914570127268670 6.454193239523549
358 5.933051417373683 7.438782372458636
359 5.064245397522491 6.345108912175371
360 8.160000000000000 0.490000000000000
361 0.270000000000000 6.800000000000000
654
0 3
3 2
2 1
5 7
7 11
11 9
9 12
12 17
17 15
15 10
10 6
6 14
14 8
8 16
16 13
13 4
19 23
23 20
20 22
22 21
21 18
25 26
26 27
27 24
29 33
33 6
6 36
36 35
35 32
32 37
37 38
38 39
39 31
31 34
34 40
40 30
30 41
41 28
43 47
47 59
59 51
51 46
46 52
52 60
60 55
55 57
57 54
54 58
58 56
56 48
48 50
50 49
49 53
53 30
30 44
44 20
20 45
45 42
62 69
69 64
64 70
70 63
63 68
68 66
66 71
71 65
65 26
26 67
67 61
73 77
77 78
78 76
76 63
63 75
75 74
74 72
79 91
91 7
7 82
82 83
83 89
89 85
85 80
80 86
86 88
88 87
87 81
81 31
31 84
84 90
90 44
44 92
92 19
94 96
96 95
95 21
21 97
97 45
45 98
98 93
100 46
46 108
108 109
109 104
104 106
106 110
110 107
107 111
111 101
101 102
102 80
80 103
103 32
32 105
105 8
8 99
113 119
119 118
118 115
115 114
114 116
116 64
64 117
117 112
121 120
122 130
130 124
124 134
134 131
131 47
47 132
132 125
125 123
123 128
128 133
133 135
135 126
126 127
127 129
129 73
137 9
9 138
138 136
139 141
141 151
151 144
144 101
101 150
150 152
152 145
145 148
148 48
48 140
140 154
154 143
143 147
147 142
142 149
149 153
153 146
146 24
156 158
158 164
164 160
160 102
102 161
161 163
163 162
162 165
165 157
157 49
49 166
166 159
159 155
25 65
65 172
172 178
178 175
175 173
173 168
168 179
179 140
140 50
50 157
157 177
177 81
81 174
174 176
176 171
171 103
103 169
169 170
170 10
10 167
167 29
181 197
197 190
190 194
194 195
195 51
51 182
182 184
184 196
196 191
191 199
199 188
188 185
185 193
193 192
192 198
198 186
186 189
189 66
66 187
187 183
183 180
200 204
204 207
207 208
208 205
205 203
203 82
82 11
11 138
138 201
201 206
206 202
202 167
167 33
33 99
62 114
114 222
222 209
209 219
219 217
217 212
212 223
223 216
216 123
123 210
210 182
182 221
221 52
52 215
215 218
218 104
104 211
211 213
213 214
214 220
220 141
141 158
158 83
83 12
12 201
201 136
120 29
181 227
227 124
124 228
228 232
232 225
225 229
229 209
209 230
230 231
231 226
226 224
233 183
183 241
241 67
67 27
27 235
235 242
242 238
238 142
142 236
236 234
234 159
159 243
243 53
53 240
240 34
34 84
84 95
95 239
239 237
237 13
13 99
244 125
125 210
210 184
184 251
251 250
250 247
247 252
252 246
246 249
249 245
245 248
248 168
168 143
143 234
234 155
253 211
211 255
255 256
256 257
257 258
258 144
144 160
160 85
85 169
169 35
35 254
254 14
14 99
259 115
115 270
270 263
263 266
266 225
225 268
268 212
212 267
267 126
126 262
262 185
185 269
269 264
264 265
265 261
261 245
245 260
271 274
274 202
202 15
15 170
170 36
36 254
254 105
105 272
272 273
273 94
276 286
286 213
213 255
255 106
106 285
285 284
284 278
278 54
54 280
280 289
289 246
246 282
282 261
261 281
281 283
283 288
288 287
287 186
186 279
279 68
68 277
277 74
74 275
290 75
75 277
277 187
187 291
291 25
292 294
294 69
69 116
116 226
226 299
299 302
302 297
297 127
127 262
262 188
188 303
303 296
296 301
301 247
247 55
55 295
295 278
278 293
293 145
145 300
300 298
298 161
161 86
86 171
171 37
37 272
272 16
16 99
304 307
307 263
263 308
308 306
306 305
309 214
214 256
256 313
313 107
107 312
312 293
293 311
311 56
56 310
315 294
294 117
117 316
316 76
76 279
279 189
189 317
317 172
172 235
235 146
146 314
318 2
2 319
319 203
203 139
122 321
321 227
227 325
325 190
190 322
322 323
323 108
108 215
215 324
324 295
295 57
57 280
280 320
320 326
326 248
248 173
173 147
147 236
236 28
327 228
228 331
331 216
216 128
128 330
330 191
191 296
296 332
332 333
333 264
264 329
329 281
281 328
224 338
338 77
77 192
192 334
334 337
337 329
329 265
265 282
282 249
249 339
339 320
320 58
58 311
311 148
148 336
336 162
162 87
87 174
174 335
335 38
38 273
273 237
237 4
4 99
340 306
306 344
344 266
266 229
229 342
342 217
217 341
341 297
297 129
129 193
193 334
334 343
343 283
283 175
175 238
238 149
149 28
121 204
204 321
321 130
130 345
5 319
319 205
205 346
346 322
322 194
194 131
131 43
244 132
132 59
59 195
195 323
323 109
109 218
218 347
347 284
284 312
312 348
348 150
150 298
298 163
163 88
88 176
176 335
335 39
39 96
96 239
239 18
349 353
353 230
230 350
350 341
341 267
267 354
354 133
133 330
330 196
196 352
352 250
250 60
60 324
324 347
347 285
285 110
110 313
313 257
257 351
351 151
151 164
164 89
89 17
17 206
206 274
274 29
318 3
3 355
355 207
207 197
197 325
325 134
134 331
331 357
357 268
268 342
342 219
219 350
350 356
356 299
299 224
0 355
355 208
208 346
346 286
286 220
220 351
351 258
258 111
111 348
348 152
152 300
300 336
336 165
165 177
177 240
240 40
40 90
90 22
22 97
97 42
100 221
221 251
251 352
352 301
301 332
332 359
359 269
269 337
337 343
343 358
358 287
287 317
317 71
71 291
291 241
241 180
5 91
91 360
361 118
118 270
270 307
307 222
222 353
353 231
231 356
356 302
302 338
338 78
78 198
198 358
358 288
288 178
178 242
242 153
153 314
361 119
119 308
308 344
344 232
232 357
357 223
223 354
354 135
135 199
199 303
303 359
359 333
333 252
252 289
289 339
339 326
326 179
179 154
154 166
166 243
243 41
41 92
92 23
23 98
98 42
679
0 0.600000000000000 0.400000000000000
1 0.600000000000000 4.300000000000000
2 0.600000000000000 4.400000000000000
3 0.600000000000000 4.000000000000000
4 0.600000000000000 4.000000000000000
5 0.600000000000000 0.700000000000000
6 0.600000000000000 6.000000000000000
7 0.600000000000000 6.700000000000000
8 0.600000000000000 5.000000000000000
9 0.700000000000000 0.700000000000000
10 0.700000000000000 1.500000000000000
11 0.700000000000000 5.400000000000000
12 0.700000000000000 6.700000000000000
13 0.800000000000000 4.500000000000000
14 0.800000000000000 5.900000000000000
15 0.800000000000000 0.500000000000000
16 0.800000000000000 5.200000000000000
17 0.900000000000000 7.000000000000000
18 0.900000000000000 6.600000000000000
19 0.900000000000000 4.100000000000000
20 0.900000000000000 2.000000000000000
21 0.900000000000000 0.700000000000000
22 0.900000000000000 2.500000000000000
23 0.900000000000000 3.500000000000000
24 1.000000000000000 6.700000000000000
25 1.000000000000000 6.400000000000000
26 1.000000000000000 5.500000000000000
27 1.000000000000000 5.100000000000000
28 1.000000000000000 2.400000000000000
29 1.000000000000000 2.700000000000000
30 1.000000000000000 7.100000000000000
31 1.000000000000000 1.900000000000000
32 1.000000000000000 3.700000000000000
33 1.000000000000000 5.500000000000000
34 1.000000000000000 1.600000000000000
35 1.000000000000000 6.600000000000000
36 1.100000000000000 4.100000000000000
37 1.100000000000000 3.600000000000000
38 1.100000000000000 2.500000000000000
39 1.100000000000000 6.500000000000000
40 1.100000000000000 5.600000000000000
41 1.100000000000000 6.300000000000000
42 1.100000000000000 4.800000000000000
43 1.100000000000000 2.600000000000000
44 1.100000000000000 2.900000000000000
45 1.100000000000000 6.500000000000000
46 1.200000000000000 5.000000000000000
47 1.200000000000000 1.400000000000000
48 1.200000000000000 7.300000000000000
49 1.300000000000000 6.400000000000000
50 1.300000000000000 1.400000000000000
51 1.300000000000000 4.000000000000000
52 1.300000000000000 2.600000000000000
53 1.300000000000000 0.800000000000000
54 1.400000000000000 1.500000000000000
55 1.400000000000000 1.500000000000000
56 1.400000000000000 3.400000000000000
57 1.500000000000000 6.300000000000000
58 1.500000000000000 7.500000000000000
59 1.500000000000000 7.400000000000000
60 1.500000000000000 5.700000000000000
61 1.600000000000000 2.600000000000000
62 1.600000000000000 4.500000000000000
63 1.600000000000000 4.700000000000000
64 1.600000000000000 7.300000000000000
65 1.600000000000000 5.600000000000000
66 1.600000000000000 4.800000000000000
67 1.600000000000000 5.000000000000000
68 1.700000000000000 6.200000000000000
69 1.700000000000000 4.500000000000000
70 1.700000000000000 6.500000000000000
71 1.700000000000000 1.200000000000000
72 1.700000000000000 3.000000000000000
73 1.800000000000000 2.200000000000000
74 1.800000000000000 3.300000000000000
75 1.900000000000000 2.300000000000000
76 1.900000000000000 3.000000000000000
77 1.900000000000000 3.500000000000000
78 1.900000000000000 2.000000000000000
79 1.900000000000000 4.600000000000000
80 1.900000000000000 7.400000000000000
81 1.900000000000000 7.600000000000000
82 1.900000000000000 6.700000000000000
83 1.900000000000000 7.900000000000000
84 2.000000000000000 7.100000000000000
85 2.000000000000000 6.700000000000000
86 2.000000000000000 6.500000000000000
87 2.000000000000000 3.000000000000000
88 2.000000000000000 6.800000000000000
89 2.000000000000000 4.900000000000000
90 2.100000000000000 6.900000000000000
91 2.100000000000000 2.700000000000000
92 2.100000000000000 6.300000000000000
93 2.100000000000000 5.900000000000000
94 2.100000000000000 2.300000000000000
95 2.200000000000000 4.100000000000000
96 2.200000000000000 2.500000000000000
97 2.200000000000000 2.600000000000000
98 2.200000000000000 7.600000000000000
99 2.200000000000000 6.600000000000000
100 2.200000000000000 6.500000000000000
101 2.200000000000000 5.100000000000000
102 2.200000000000000 3.700000000000000
103 2.200000000000000 3.900000000000000
104 2.200000000000000 5.700000000000000
105 2.200000000000000 3.200000000000000
106 2.200000000000000 5.700000000000000
107 2.300000000000000 6.800000000000000
108 2.300000000000000 8.000000000000000
109 2.300000000000000 5.200000000000000
110 2.300000000000000 7.500000000000000
111 2.300000000000000 7.000000000000000
112 2.400000000000000 1.700000000000000
113 2.400000000000000 2.100000000000000
114 2.400000000000000 3.700000000000000
115 2.400000000000000 3.000000000000000
116 2.400000000000000 4.900000000000000
117 2.400000000000000 8.800000000000001
118 2.500000000000000 5.500000000000000
119 2.500000000000000 7.400000000000000
120 2.500000000000000 6.300000000000000
121 2.500000000000000 7.200000000000000
122 2.500000000000000 7.500000000000000
123 2.500000000000000 6.100000000000000
124 2.500000000000000 9.300000000000001
125 2.500000000000000 3.800000000000000
126 2.500000000000000 2.800000000000000
127 2.600000000000000 5.500000000000000
128 2.600000000000000 4.600000000000000
129 2.600000000000000 8.400000000000000
130 2.600000000000000 4.600000000000000
131 2.600000000000000 5.200000000000000
132 2.600000000000000 2.000000000000000
133 2.600000000000000 8.199999999999999
134 2.600000000000000 4.600000000000000
135 2.600000000000000 2.400000000000000
136 2.600000000000000 2.600000000000000
137 2.700000000000000 7.400000000000000
138 2.700000000000000 9.400000000000000
139 2.700000000000000 5.500000000000000
140 2.700000000000000 1.900000000000000
141 2.700000000000000 7.100000000000000
142 2.700000000000000 2.400000000000000
143 2.700000000000000 3.100000000000000
144 2.700000000000000 4.200000000000000
145 2.700000000000000 4.600000000000000
146 2.800000000000000 1.300000000000000
147 2.800000000000000 2.500000000000000
148 2.800000000000000 2.200000000000000
149 2.800000000000000 2.100000000000000
150 2.800000000000000 3.800000000000000
151 2.900000000000000 5.200000000000000
152 2.900000000000000 3.200000000000000
153 2.900000000000000 7.200000000000000
154 2.900000000000000 2.000000000000000
155 2.900000000000000 8.400000000000000
156 2.900000000000000 2.300000000000000
157 2.900000000000000 2.300000000000000
158 2.900000000000000 3.500000000000000
159 2.900000000000000 5.800000000000000
160 2.900000000000000 7.700000000000000
161 3.000000000000000 2.000000000000000
162 3.000000000000000 8.000000000000000
163 3.000000000000000 6.400000000000000
164 3.000000000000000 1.900000000000000
165 3.000000000000000 4.000000000000000
166 3.000000000000000 2.500000000000000
167 3.100000000000000 6.000000000000000
168 3.100000000000000 8.800000000000001
169 3.100000000000000 7.200000000000000
170 3.100000000000000 1.500000000000000
171 3.200000000000000 8.100000000000000
172 3.200000000000000 4.700000000000000
173 3.200000000000000 2.700000000000000
174 3.200000000000000 8.600000000000000
175 3.200000000000000 1.800000000000000
176 3.300000000000000 7.100000000000000
177 3.300000000000000 3.000000000000000
178 3.300000000000000 6.400000000000000
179 3.300000000000000 9.100000000000000
180 3.300000000000000 2.500000000000000
181 3.300000000000000 8.000000000000000
182 3.300000000000000 7.800000000000000
183 3.300000000000000 4.000000000000000
184 3.400000000000000 2.900000000000000
185 3.400000000000000 7.800000000000000
186 3.400000000000000 8.900000000000000
187 3.400000000000000 7.700000000000000
188 3.400000000000000 7.600000000000000
189 3.400000000000000 1.400000000000000
190 3.400000000000000 7.700000000000000
191 3.400000000000000 7.300000000000000
192 3.500000000000000 4.500000000000000
193 3.500000000000000 2.200000000000000
194 3.500000000000000 4.300000000000000
195 3.500000000000000 4.300000000000000
196 3.500000000000000 6.900000000000000
197 3.600000000000000 8.000000000000000
198 3.600000000000000 2.200000000000000
199 3.600000000000000 4.000000000000000
200 3.600000000000000 5.800000000000000
201 3.600000000000000 2.900000000000000
202 3.600000000000000 3.700000000000000
203 3.600000000000000 7.200000000000000
204 3.600000000000000 5.700000000000000
205 3.700000000000000 5.600000000000000
206 3.700000000000000 4.600000000000000
207 3.700000000000000 5.600000000000000
208 3.700000000000000 3.100000000000000
209 3.700000000000000 1.200000000000000
210 3.700000000000000 8.000000000000000
211 3.700000000000000 9.199999999999999
212 3.800000000000000 6.400000000000000
213 3.800000000000000 3.100000000000000
214 3.800000000000000 8.900000000000000
215 3.800000000000000 4.500000000000000
216 3.900000000000000 9.000000000000000
217 3.900000000000000 8.699999999999999
218 3.900000000000000 2.000000000000000
219 3.900000000000000 4.000000000000000
220 3.900000000000000 6.000000000000000
221 3.900000000000000 5.700000000000000
222 3.900000000000000 7.100000000000000
223 3.900000000000000 1.800000000000000
224 4.000000000000000 8.500000000000000
225 4.000000000000000 4.200000000000000
226 4.000000000000000 4.900000000000000
227 4.000000000000000 3.600000000000000
228 4.000000000000000 6.400000000000000
229 4.000000000000000 6.300000000000000
230 4.000000000000000 5.000000000000000
231 4.000000000000000 8.300000000000001
232 4.000000000000000 7.100000000000000
233 4.000000000000000 5.400000000000000
234 4.100000000000000 4.700000000000000
235 4.100000000000000 6.700000000000000
236 4.100000000000000 2.600000000000000
237 4.100000000000000 6.500000000000000
238 4.100000000000000 9.100000000000000
239 4.100000000000000 8.800000000000001
240 4.100000000000000 3.900000000000000
241 4.100000000000000 7.700000000000000
242 4.100000000000000 9.100000000000000
243 4.100000000000000 7.700000000000000
244 4.100000000000000 6.100000000000000
245 4.100000000000000 3.700000000000000
246 4.100000000000000 8.800000000000001
247 4.200000000000000 1.300000000000000
248 4.200000000000000 8.199999999999999
249 4.200000000000000 8.600000000000000
250 4.200000000000000 6.400000000000000
251 4.200000000000000 1.100000000000000
252 4.200000000000000 2.800000000000000
253 4.200000000000000 3.100000000000000
254 4.300000000000000 1.300000000000000
255 4.300000000000000 6.100000000000000
256 4.300000000000000 7.300000000000000
257 4.300000000000000 7.400000000000000
258 4.300000000000000 2.300000000000000
259 4.300000000000000 6.600000000000000
260 4.300000000000000 8.300000000000001
261 4.300000000000000 2.800000000000000
262 4.400000000000000 7.000000000000000
263 4.400000000000000 9.000000000000000
264 4.400000000000000 2.700000000000000
265 4.400000000000000 2.200000000000000
266 4.400000000000000 5.800000000000000
267 4.400000000000000 7.400000000000000
268 4.400000000000000 1.300000000000000
269 4.400000000000000 5.900000000000000
270 4.400000000000000 3.900000000000000
271 4.400000000000000 5.000000000000000
272 4.400000000000000 1.000000000000000
273 4.400000000000000 4.000000000000000
274 4.400000000000000 6.000000000000000
275 4.500000000000000 7.700000000000000
276 4.500000000000000 1.600000000000000
277 4.500000000000000 6.100000000000000
278 4.500000000000000 7.300000000000000
279 4.500000000000000 7.700000000000000
280 4.600000000000000 6.900000000000000
281 4.600000000000000 5.400000000000000
282 4.600000000000000 3.100000000000000
283 4.600000000000000 7.500000000000000
284 4.700000000000000 7.600000000000000
285 4.700000000000000 7.300000000000000
286 4.700000000000000 4.000000000000000
287 4.700000000000000 5.200000000000000
288 4.700000000000000 3.200000000000000
289 4.700000000000000 5.300000000000000
290 4.800000000000000 1.900000000000000
291 4.800000000000000 2.800000000000000
292 4.800000000000000 2.900000000000000
293 4.800000000000000 4.500000000000000
294 4.800000000000000 6.100000000000000
295 4.800000000000000 6.500000000000000
296 4.800000000000000 6.600000000000000
297 4.800000000000000 3.500000000000000
298 4.800000000000000 2.900000000000000
299 4.900000000000000 7.100000000000000
300 4.900000000000000 2.600000000000000
301 4.900000000000000 3.000000000000000
302 4.900000000000000 6.900000000000000
303 5.000000000000000 0.900000000000000
304 5.000000000000000 7.100000000000000
305 5.000000000000000 3.400000000000000
306 5.000000000000000 3.600000000000000
307 5.000000000000000 8.000000000000000
308 5.000000000000000 8.600000000000000
309 5.100000000000000 6.500000000000000
310 5.100000000000000 1.900000000000000
311 5.100000000000000 1.800000000000000
312 5.100000000000000 2.600000000000000
313 5.200000000000000 1.700000000000000
314 5.200000000000000 2.400000000000000
315 5.200000000000000 5.700000000000000
316 5.200000000000000 8.800000000000001
317 5.200000000000000 7.700000000000000
318 5.200000000000000 6.100000000000000
319 5.200000000000000 8.699999999999999
320 5.200000000000000 6.400000000000000
321 5.200000000000000 3.400000000000000
322 5.200000000000000 8.000000000000000
323 5.200000000000000 1.200000000000000
324 5.300000000000000 3.300000000000000
325 5.300000000000000 3.100000000000000
326 5.300000000000000 8.000000000000000
327 5.300000000000000 5.600000000000000
328 5.400000000000000 7.900000000000000
329 5.400000000000000 6.700000000000000
330 5.400000000000000 2.800000000000000
331 5.400000000000000 2.600000000000000
332 5.400000000000000 6.300000000000000
333 5.400000000000000 6.000000000000000
334 5.400000000000000 3.600000000000000
335 5.400000000000000 0.900000000000000
336 5.400000000000000 4.500000000000000
337 5.400000000000000 5.700000000000000
338 5.400000000000000 1.000000000000000
339 5.500000000000000 8.800000000000001
340 5.500000000000000 3.300000000000000
341 5.500000000000000 6.700000000000000
342 5.500000000000000 2.000000000000000
343 5.500000000000000 6.500000000000000
344 5.500000000000000 7.700000000000000
345 5.500000000000000 8.300000000000001
346 5.500000000000000 4.300000000000000
347 5.500000000000000 4.700000000000000
348 5.500000000000000 2.500000000000000
349 5.600000000000000 7.700000000000000
350 5.600000000000000 2.900000000000000
351 5.600000000000000 8.800000000000001
352 5.600000000000000 8.400000000000000
353 5.600000000000000 1.900000000000000
354 5.600000000000000 3.700000000000000
355 5.600000000000000 5.000000000000000
356 5.600000000000000 2.700000000000000
357 5.600000000000000 5.100000000000000
358 5.600000000000000 5.800000000000000
359 5.600000000000000 1.600000000000000
360 5.600000000000000 3.300000000000000
361 5.700000000000000 5.900000000000000
362 5.700000000000000 4.200000000000000
363 5.700000000000000 6.100000000000000
364 5.700000000000000 7.800000000000000
365 5.700000000000000 7.600000000000000
366 5.800000000000000 3.300000000000000
367 5.800000000000000 5.900000000000000
368 5.800000000000000 4.200000000000000
369 5.800000000000000 7.100000000000000
370 5.900000000000000 7.800000000000000
371 5.900000000000000 4.800000000000000
372 5.900000000000000 8.199999999999999
373 5.900000000000000 8.500000000000000
374 5.900000000000000 3.300000000000000
375 5.900000000000000 8.000000000000000
376 6.000000000000000 6.400000000000000
377 6.000000000000000 2.400000000000000
378 6.000000000000000 7.100000000000000
379 6.000000000000000 3.200000000000000
380 6.000000000000000 3.900000000000000
381 6.000000000000000 0.700000000000000
382 6.000000000000000 2.200000000000000
383 6.100000000000000 5.200000000000000
384 6.100000000000000 3.900000000000000
385 6.100000000000000 0.900000000000000
386 6.100000000000000 1.600000000000000
387 6.100000000000000 5.800000000000000
388 6.100000000000000 2.100000000000000
389 6.100000000000000 5.800000000000000
390 6.100000000000000 1.400000000000000
391 6.100000000000000 6.200000000000000
392 6.100000000000000 8.100000000000000
393 6.200000000000000 8.600000000000000
394 6.200000000000000 7.900000000000000
395 6.200000000000000 6.300000000000000
396 6.200000000000000 7.800000000000000
397 6.200000000000000 8.500000000000000
398 6.200000000000000 8.300000000000001
399 6.200000000000000 4.800000000000000
400 6.200000000000000 8.000000000000000
401 6.300000000000000 2.800000000000000
402 6.300000000000000 1.000000000000000
403 6.300000000000000 7.000000000000000
404 6.300000000000000 7.600000000000000
405 6.300000000000000 3.100000000000000
406 6.300000000000000 2.600000000000000
407 6.300000000000000 3.700000000000000
408 6.300000000000000 1.500000000000000
409 6.300000000000000 2.000000000000000
410 6.300000000000000 8.500000000000000
411 6.300000000000000 5.900000000000000
412 6.300000000000000 1.100000000000000
413 6.300000000000000 7.700000000000000
414 6.300000000000000 1.500000000000000
415 6.400000000000000 7.000000000000000
416 6.400000000000000 4.700000000000000
417 6.400000000000000 1.600000000000000
418 6.400000000000000 6.300000000000000
419 6.400000000000000 3.800000000000000
420 6.400000000000000 1.000000000000000
421 6.500000000000000 7.300000000000000
422 6.500000000000000 6.800000000000000
423 6.500000000000000 4.900000000000000
424 6.500000000000000 4.200000000000000
425 6.500000000000000 8.600000000000000
426 6.500000000000000 0.700000000000000
427 6.500000000000000 6.300000000000000
428 6.500000000000000 1.000000000000000
429 6.500000000000000 7.200000000000000
430 6.500000000000000 5.900000000000000
431 6.600000000000000 1.000000000000000
432 6.600000000000000 7.200000000000000
433 6.600000000000000 8.000000000000000
434 6.600000000000000 4.800000000000000
435 6.600000000000000 3.000000000000000
436 6.600000000000000 9.100000000000000
437 6.700000000000000 3.600000000000000
438 6.700000000000000 5.500000000000000
439 6.700000000000000 8.600000000000000
440 6.700000000000000 4.500000000000000
441 6.800000000000000 2.900000000000000
442 6.800000000000000 5.700000000000000
443 6.800000000000000 2.800000000000000
444 6.800000000000000 5.200000000000000
445 6.800000000000000 0.700000000000000
446 6.800000000000000 5.200000000000000
447 6.800000000000000 3.700000000000000
448 6.800000000000000 7.900000000000000
449 6.800000000000000 0.900000000000000
450 6.800000000000000 0.700000000000000
451 6.900000000000000 3.600000000000000
452 6.900000000000000 3.200000000000000
453 6.900000000000000 2.600000000000000
454 6.900000000000000 5.000000000000000
455 6.900000000000000 0.900000000000000
456 6.900000000000000 4.600000000000000
457 7.000000000000000 4.800000000000000
458 7.000000000000000 3.300000000000000
459 7.000000000000000 5.000000000000000
460 7.000000000000000 5.800000000000000
461 7.000000000000000 2.500000000000000
462 7.000000000000000 1.100000000000000
463 7.000000000000000 2.200000000000000
464 7.000000000000000 4.600000000000000
465 7.100000000000000 5.100000000000000
466 7.100000000000000 8.000000000000000
467 7.100000000000000 7.500000000000000
468 7.100000000000000 4.800000000000000
469 7.100000000000000 5.900000000000000
470 7.100000000000000 4.900000000000000
471 7.100000000000000 7.300000000000000
472 7.100000000000000 7.200000000000000
473 7.100000000000000 5.400000000000000
474 7.100000000000000 2.700000000000000
475 7.200000000000000 6.500000000000000
476 7.200000000000000 5.100000000000000
477 7.200000000000000 1.800000000000000
478 7.200000000000000 5.900000000000000
479 7.200000000000000 6.800000000000000
480 7.200000000000000 3.000000000000000
481 7.200000000000000 6.700000000000000
482 7.200000000000000 5.300000000000000
483 7.200000000000000 6.000000000000000
484 7.300000000000000 9.000000000000000
485 7.300000000000000 6.300000000000000
486 7.300000000000000 1.000000000000000
487 7.300000000000000 5.800000000000000
488 7.300000000000000 5.700000000000000
489 7.300000000000000 6.200000000000000
490 7.300000000000000 9.100000000000000
491 7.300000000000000 2.700000000000000
492 7.300000000000000 7.900000000000000
493 7.300000000000000 6.100000000000000
494 7.400000000000000 1.000000000000000
495 7.400000000000000 6.400000000000000
496 7.400000000000000 5.200000000000000
497 7.400000000000000 9.300000000000001
498 7.400000000000000 4.400000000000000
499 7.400000000000000 4.300000000000000
500 7.400000000000000 7.500000000000000
501 7.400000000000000 6.100000000000000
502 7.400000000000000 8.900000000000000
503 7.500000000000000 1.400000000000000
504 7.500000000000000 8.900000000000000
505 7.500000000000000 5.800000000000000
506 7.500000000000000 8.400000000000000
507 7.500000000000000 9.000000000000000
508 7.500000000000000 1.800000000000000
509 7.500000000000000 1.600000000000000
510 7.500000000000000 1.200000000000000
511 7.600000000000000 7.900000000000000
512 7.600000000000000 4.500000000000000
513 7.600000000000000 6.500000000000000
514 7.600000000000000 8.400000000000000
515 7.600000000000000 7.900000000000000
516 7.600000000000000 9.500000000000000
517 7.600000000000000 6.500000000000000
518 7.600000000000000 8.600000000000000
519 7.600000000000000 6.000000000000000
520 7.600000000000000 2.800000000000000
521 7.600000000000000 1.100000000000000
522 7.600000000000000 3.000000000000000
523 7.600000000000000 4.200000000000000
524 7.600000000000000 6.800000000000000
525 7.600000000000000 0.800000000000000
526 7.700000000000000 5.400000000000000
527 7.700000000000000 3.900000000000000
528 7.700000000000000 8.000000000000000
529 7.700000000000000 8.500000000000000
530 7.700000000000000 3.500000000000000
531 7.700000000000000 4.600000000000000
532 7.800000000000000 4.700000000000000
533 7.800000000000000 8.800000000000001
534 7.800000000000000 4.900000000000000
535 7.800000000000000 1.100000000000000
536 7.800000000000000 9.600000000000000
537 7.800000000000000 6.800000000000000
538 7.800000000000000 9.500000000000000
539 7.800000000000000 4.600000000000000
540 7.800000000000000 5.000000000000000
541 7.800000000000000 5.300000000000000
542 7.800000000000000 9.600000000000000
543 7.800000000000000 2.900000000000000
544 7.800000000000000 1.900000000000000
545 7.800000000000000 7.600000000000000
546 7.900000000000000 4.400000000000000
547 7.900000000000000 5.900000000000000
548 7.900000000000000 2.000000000000000
549 7.900000000000000 1.300000000000000
550 7.900000000000000 5.000000000000000
551 7.900000000000000 8.100000000000000
552 7.900000000000000 8.100000000000000
553 8.000000000000000 7.800000000000000
554 8.000000000000000 2.800000000000000
555 8.000000000000000 2.700000000000000
556 8.000000000000000 2.300000000000000
557 8.000000000000000 8.000000000000000
558 8.000000000000000 4.800000000000000
559 8.000000000000000 7.400000000000000
560 8.100000000000000 2.400000000000000
561 8.100000000000000 1.000000000000000
562 8.100000000000000 3.200000000000000
563 8.100000000000000 1.900000000000000
564 8.100000000000000 3.300000000000000
565 8.100000000000000 5.900000000000000
566 8.100000000000000 2.500000000000000
567 8.100000000000000 7.000000000000000
568 8.100000000000000 4.900000000000000
569 8.100000000000000 5.300000000000000
570 8.100000000000000 4.900000000000000
571 8.100000000000000 5.300000000000000
572 8.100000000000000 8.000000000000000
573 8.199999999999999 5.800000000000000
574 8.199999999999999 4.900000000000000
575 8.199999999999999 3.800000000000000
576 8.199999999999999 6.500000000000000
577 8.199999999999999 6.100000000000000
578 8.199999999999999 3.600000000000000
579 8.199999999999999 6.400000000000000
580 8.300000000000001 5.400000000000000
581 8.300000000000001 4.100000000000000
582 8.300000000000001 2.300000000000000
583 8.300000000000001 6.900000000000000
584 8.300000000000001 6.200000000000000
585 8.300000000000001 7.000000000000000
586 8.300000000000001 2.400000000000000
587 8.400000000000000 1.800000000000000
588 8.400000000000000 7.100000000000000
589 8.400000000000000 2.200000000000000
590 8.400000000000000 3.000000000000000
591 8.400000000000000 1.900000000000000
592 8.400000000000000 4.600000000000000
593 8.400000000000000 4.800000000000000
594 8.400000000000000 6.600000000000000
595 8.500000000000000 5.500000000000000
596 8.500000000000000 4.300000000000000
597 8.500000000000000 5.200000000000000
598 8.500000000000000 5.400000000000000
599 8.500000000000000 7.900000000000000
600 8.500000000000000 4.800000000000000
601 8.500000000000000 3.700000000000000
602 8.500000000000000 7.500000000000000
603 8.500000000000000 1.500000000000000
604 8.500000000000000 7.500000000000000
605 8.500000000000000 6.800000000000000
606 8.500000000000000 1.400000000000000
607 8.500000000000000 6.300000000000000
608 8.500000000000000 3.400000000000000
609 8.500000000000000 6.700000000000000
610 8.600000000000000 4.400000000000000
611 8.600000000000000 4.600000000000000
612 8.600000000000000 4.100000000000000
613 8.600000000000000 1.800000000000000
614 8.600000000000000 1.900000000000000
615 8.600000000000000 7.500000000000000
616 8.699999999999999 6.800000000000000
617 8.699999999999999 0.800000000000000
618 8.699999999999999 2.100000000000000
619 8.699999999999999 2.900000000000000
620 8.699999999999999 2.000000000000000
621 8.699999999999999 0.800000000000000
622 8.699999999999999 1.100000000000000
623 8.800000000000001 6.700000000000000
624 8.800000000000001 5.700000000000000
625 8.800000000000001 7.900000000000000
626 8.800000000000001 2.300000000000000
627 8.800000000000001 1.100000000000000
628 8.800000000000001 7.400000000000000
629 8.800000000000001 1.800000000000000
630 8.800000000000001 1.400000000000000
631 8.800000000000001 7.800000000000000
632 8.800000000000001 6.500000000000000
633 8.900000000000000 1.200000000000000
634 8.900000000000000 6.500000000000000
635 8.900000000000000 3.300000000000000
636 8.900000000000000 2.100000000000000
637 8.900000000000000 0.900000000000000
638 8.900000000000000 7.100000000000000
639 9.000000000000000 7.600000000000000
640 9.000000000000000 5.500000000000000
641 9.000000000000000 7.900000000000000
642 9.000000000000000 5.400000000000000
643 9.000000000000000 5.400000000000000
644 9.000000000000000 7.400000000000000
645 9.000000000000000 5.200000000000000
646 9.000000000000000 1.900000000000000
647 9.100000000000000 1.500000000000000
648 9.100000000000000 3.400000000000000
649 9.100000000000000 6.900000000000000
650 9.100000000000000 5.800000000000000
651 9.100000000000000 6.400000000000000
652 9.199999999999999 2.000000000000000
653 9.199999999999999 1.400000000000000
654 9.199999999999999 5.500000000000000
655 9.199999999999999 3.700000000000000
656 9.199999999999999 3.200000000000000
657 9.199999999999999 2.100000000000000
658 9.199999999999999 7.500000000000000
659 9.300000000000001 5.400000000000000
660 9.300000000000001 6.800000000000000
661 9.300000000000001 1.300000000000000
662 9.300000000000001 4.400000000000000
663 9.300000000000001 0.700000000000000
664 9.300000000000001 1.000000000000000
665 9.300000000000001 4.500000000000000
666 9.300000000000001 3.800000000000000
667 9.300000000000001 7.100000000000000
668 9.400000000000000 3.600000000000000
669 9.400000000000000 4.100000000000000
670 9.400000000000000 7.700000000000000
671 9.400000000000000 3.300000000000000
672 9.500000000000000 5.500000000000000
673 9.500000000000000 5.700000000000000
674 9.500000000000000 5.300000000000000
675 9.500000000000000 3.600000000000000
676 9.600000000000000 0.800000000000000
677 9.600000000000000 2.500000000000000
678 9.600000000000000 4.700000000000000
