59
0 5.541000000000000 4.630000000000000
1 8.150000000000000 8.356000000000000
2 5.840698344982633 5.058009211730660
3 1.981000000000000 0.284000000000000
4 0.060000000000000 6.621000000000000
5 1.579145557279596 1.609638523435293
6 1.139501058909410 3.059938984742878
7 1.178185225482516 2.932327551336439
8 3.781000000000000 4.013000000000000
9 8.109000000000000 9.302000000000000
10 7.443829798457328 8.489133734759891
11 4.846201244002023 5.314721205990457
12 6.519992281861891 7.360165013578452
13 7.430021413050770 8.472259300745268
14 1.106000000000000 9.683999999999999
15 1.550306594049831 4.910877732493248
16 1.825656253149532 1.952835680450749
17 1.670893981965059 3.615424650889658
18 1.154029553769818 9.168025365215669
19 1.176031888378458 8.931657427705712
20 1.124009244569822 9.490529258335622
21 1.331580432850217 7.260621635666238
22 6.630648185278661 8.642442250134858
23 6.502914801080032 8.666523728586842
24 6.884244719415102 8.594631887083581
25 4.155000000000000 1.922000000000000
26 2.865960767935221 3.401168583998143
27 2.198557487055940 4.167011811556566
28 1.152146849058360 5.367764824487123
29 2.739471198178723 3.546314979183927
30 3.846803941569400 2.275654036279705
31 1.181680673073232 5.333874851582145
32 1.198000000000000 1.079000000000000
33 7.085000000000000 9.275000000000000
34 3.079724365962933 3.698774571671852
35 4.491500300965274 5.664277470139526
36 6.604193003501226 8.605610813095982
37 1.736496333614680 1.828705444251047
38 0.799000000000000 2.704000000000000
39 1.176408389550873 3.098519651247023
40 4.048511712914859 6.100840831301868
41 6.465992062547718 8.627926955615822
42 1.484522772293174 3.420603585227243
43 1.111217545241385 9.195989382585696
44 1.113383552263810 8.993397095325154
45 1.108040916443167 9.493107760940742
46 1.150396042207585 5.531522356562261
47 1.132977524387885 7.160721767850553
48 4.042329793555665 2.551928881484236
49 2.221000000000000 3.314000000000000
50 3.421000000000000 1.674000000000000
51 5.524520608798468 4.646240369632345
52 5.858402857121405 5.118010550070887
53 2.881000000000000 8.039999999999999
54 0.508000000000000 9.590000000000000
55 2.351220572672824 7.773513999511781
56 4.548000000000000 0.677000000000000
57 6.874600290740791 8.561946511544866
58 0.910251562031786 7.048687687530347
105
0 2
2 1
4 6
6 7
7 5
5 3
8 11
11 12
12 13
13 10
10 9
14 20
20 18
18 19
19 21
21 15
15 17
17 16
16 3
14 23
23 22
22 24
24 10
10 1
4 28
28 31
31 15
15 27
27 29
29 26
26 30
30 25
32 5
5 37
37 16
16 26
26 34
34 35
35 36
36 22
22 33
38 6
6 39
39 42
42 17
17 27
27 40
40 41
41 23
23 33
14 45
45 43
43 44
44 47
47 46
46 28
28 39
39 7
7 32
8 48
48 25
49 29
29 34
34 8
50 30
30 48
48 51
51 52
52 1
54 43
43 18
18 53
3 50
54 44
44 19
19 55
55 40
40 35
35 11
11 51
51 0
56 2
2 52
52 12
12 57
57 24
24 33
54 45
45 20
20 41
41 36
36 57
57 13
13 1
54 58
58 46
46 31
31 42
42 37
37 3
4 58
58 47
47 21
21 55
55 53
47
0 0.700000000000000 7.500000000000000
1 0.800000000000000 4.800000000000000
2 1.000000000000000 4.700000000000000
3 1.100000000000000 3.800000000000000
4 1.100000000000000 7.200000000000000
5 1.200000000000000 7.600000000000000
6 1.300000000000000 8.300000000000001
7 1.500000000000000 2.600000000000000
8 1.600000000000000 3.200000000000000
9 2.100000000000000 7.200000000000000
10 2.300000000000000 1.100000000000000
11 2.700000000000000 7.900000000000000
12 2.700000000000000 1.600000000000000
13 2.800000000000000 5.000000000000000
14 2.800000000000000 7.700000000000000
15 2.800000000000000 5.800000000000000
16 3.000000000000000 6.000000000000000
17 3.000000000000000 6.700000000000000
18 3.200000000000000 4.300000000000000
19 3.300000000000000 5.200000000000000
20 3.300000000000000 6.100000000000000
21 3.400000000000000 7.200000000000000
22 3.500000000000000 3.300000000000000
23 3.500000000000000 5.000000000000000
24 3.600000000000000 8.300000000000001
25 3.600000000000000 5.900000000000000
26 3.600000000000000 5.400000000000000
27 3.600000000000000 7.200000000000000
28 3.700000000000000 6.300000000000000
29 3.800000000000000 6.100000000000000
30 3.900000000000000 5.900000000000000
31 4.000000000000000 8.900000000000000
32 4.100000000000000 6.200000000000000
33 4.400000000000000 4.500000000000000
34 4.400000000000000 5.200000000000000
35 5.000000000000000 7.500000000000000
36 5.000000000000000 6.100000000000000
37 5.000000000000000 5.200000000000000
38 5.000000000000000 8.699999999999999
39 5.100000000000000 4.300000000000000
40 5.200000000000000 4.600000000000000
41 5.400000000000000 7.700000000000000
42 5.500000000000000 6.300000000000000
43 5.600000000000000 6.800000000000000
44 6.100000000000000 5.700000000000000
45 6.500000000000000 8.400000000000000
46 6.600000000000000 6.400000000000000
