333
0 1.070000000000000 1.080000000000000
1 1.380000000000000 6.270000000000000
2 1.310963658761934 5.114198028949801
3 1.339309540918532 5.588762959248982
4 1.105650380554874 1.676856371225141
5 1.040000000000000 7.500000000000000
6 1.860000000000000 0.280000000000000
7 1.257454910612701 5.585336030946705
8 1.683788399160465 1.831521656172489
9 1.708375134746676 1.615038447718290
10 1.726212285431084 1.457984511204365
11 1.122301418643386 6.775346045603355
12 2.810000000000000 6.350000000000000
13 1.320000000000000 9.980000000000000
14 2.246984210319075 7.721642494323326
15 2.232039846743295 7.758050574712644
16 1.897409177170521 8.573291736155038
17 2.219574428790037 7.788419344625614
18 2.793724032596402 6.389652189043664
19 4.950000000000000 4.680000000000000
20 4.950000000000000 0.740000000000000
21 4.950000000000000 4.545131578947369
22 4.950000000000000 1.282564102564103
23 4.950000000000000 2.157542662116041
24 4.950000000000000 3.314916864608076
25 4.950000000000000 1.516307053941909
26 4.950000000000000 3.152380952380952
27 4.950000000000000 1.550817941952507
28 4.950000000000000 4.082662116040956
29 4.950000000000000 4.262413793103448
30 9.490000000000000 5.930000000000000
31 1.130000000000000 5.580000000000000
32 4.134374999999999 5.705781250000000
33 8.725018460387425 5.897973260901387
34 4.189027122943314 5.708069317348105
35 1.586890802634171 5.599128203459564
36 2.257188235641751 5.627190895032848
37 2.556937813875628 5.639740219480439
38 7.350638475406742 5.840433428994301
39 5.182324611502191 5.749654738519829
40 3.802472168905950 5.691885796545106
41 2.178319269763860 5.623888964643224
42 2.743588243158468 5.647554531711179
43 7.996577261229540 5.867476320745256
44 1.878277277766078 5.611327397992599
45 4.997225667496007 5.741905380816220
46 7.958552797957008 5.865884387474276
47 7.255932041957160 5.836468446732656
48 6.473465047417822 5.803709661076105
49 5.187727205938534 5.749880923693599
50 4.273281736997461 5.711596723438888
51 6.130842591066425 5.789365419482446
52 3.310553226672083 5.671291103987468
53 3.739537105847205 5.689250955388339
54 2.813620820522057 5.650486517605589
55 2.093398147141777 5.620333654485600
56 3.840000000000000 3.130000000000000
57 4.560000000000000 9.430000000000000
58 4.040093961586292 4.880822163880062
59 4.363092083652687 7.707055731961019
60 4.141911162104573 5.771722668415014
61 3.969665759813447 4.264575398367665
62 4.314421537715256 7.281188455008489
63 4.124786901727047 5.621885390111665
64 4.176161616161616 6.071414141414141
65 3.974724895139403 4.308842832469775
66 4.219671628049716 6.452126745435016
67 4.141605124648088 5.769044840670775
68 3.958941252420916 4.170735958683021
69 4.102314565431149 5.425252447522552
70 9.510000000000000 1.490000000000000
71 8.340000000000000 8.060000000000000
72 8.591185972369820 6.649494155154091
73 8.668614471847370 6.214703350395533
74 8.642912152541324 6.359031758806414
75 8.438154594693840 7.508824199026897
76 8.727117028660425 5.886188992906840
77 8.791014888374082 5.527377934514763
78 9.166286820038701 3.420081702859600
79 8.524070435782214 7.026373706761417
80 8.361894364004359 7.937054725206290
81 9.136014073216353 3.590074819631247
82 9.480000000000000 3.440000000000000
83 5.460000000000000 4.650000000000000
84 3.430000000000000 4.980000000000000
85 4.905482170797990 4.740143292431855
86 5.368443650019861 4.664883544578053
87 5.351631769554177 4.667616510368041
88 5.453185969659910 4.651107699513414
89 4.686599060211999 4.775725275926129
90 5.273214890016921 4.680364081918432
91 3.622802197802198 4.948657770800629
92 5.083544062385217 4.711197270646738
93 3.340000000000000 5.980000000000000
94 2.300000000000000 8.010000000000000
95 2.472324854546329 7.673635139683608
96 2.316499299261889 7.977794637017658
97 3.248440986522347 6.158716151307342
98 2.473815149409313 7.670726198749130
99 2.775068567994318 7.082702699011091
100 8.920000000000000 6.300000000000000
101 5.740000000000000 9.680000000000000
102 8.169895857010022 7.097280504184316
103 8.425982080888383 6.825088228489705
104 7.894314753118532 7.390193752974642
105 7.885813541401523 7.399229632095236
106 7.605891747595158 7.696756570166153
107 1.960000000000000 8.539999999999999
108 7.629064972117753 6.575025288548826
109 7.792537315051458 6.518363560121606
110 4.905464394213470 7.519062142244733
111 5.424426266965224 7.339182927386555
112 7.564554687593460 6.597385427009438
113 2.465271629297459 8.364866008968608
114 8.206577449436841 6.374851641031851
115 7.568070991464447 6.596166628456546
116 7.267244869763843 6.700437037173488
117 5.917400555943885 7.168311361087179
118 6.926689707176071 6.818478069624230
119 2.743148040897847 8.268550280644968
120 7.240000000000000 0.110000000000000
121 3.440000000000000 6.720000000000000
122 4.247599589081303 5.628938303492808
123 4.029976826548904 5.922945214463732
124 4.765547186114659 4.929194530017281
125 4.144984640767635 5.767570419095379
126 4.744025900222149 4.958269644732990
127 2.060000000000000 8.699999999999999
128 1.520000000000000 8.199999999999999
129 1.690000000000000 1.590000000000000
130 1.689305744622924 1.616994282602778
131 1.553807087586762 6.885500888538255
132 1.590049260433424 5.476319932559223
133 1.552330799800541 6.942902431284849
134 1.576310980900984 6.010496566144081
135 6.190000000000000 4.900000000000000
136 3.150000000000000 4.030000000000000
137 5.352761629952846 4.660395598045716
138 4.005898997884163 4.274944778999744
139 5.983612537855253 4.840935167083576
140 5.498268803322109 4.702037453582315
141 4.502025666227770 4.416928397900710
142 6.155904718996812 4.890242468923430
143 5.230775036611468 4.625484961135519
144 3.924035924681050 4.251516860023854
145 5.209638964112002 4.619436150913632
146 2.020000000000000 7.770000000000000
147 7.805034652035808 6.537536095870632
148 4.964350020901351 7.142725430329712
149 5.184757270817206 7.095769103173725
150 7.570390652829562 6.587525469614572
151 2.220236477712318 7.727340924313462
152 3.007086226830543 7.559707716892623
153 8.240632222977567 6.444734874235214
154 7.564993050466251 6.588675393596320
155 7.231252445102611 6.659776652999878
156 5.811405911497090 6.962265697115837
157 6.864400756520007 6.737932012741389
158 2.442607153414129 7.679966302098729
159 2.199043974769065 7.731855848853547
160 2.473117686392512 7.673466232029421
161 2.760816314519452 7.612173915602377
162 0.100000000000000 1.780000000000000
163 5.170000000000000 1.260000000000000
164 4.415398743483490 1.337395000668360
165 1.954963425032536 1.589747341022304
166 4.194684975767367 1.360032310177706
167 3.227659626920865 1.459214397238886
168 1.160000000000000 7.590000000000000
169 2.318150113825558 5.518133464714077
170 2.793717629272936 4.667369467230325
171 2.150923010567177 5.817293508734096
172 1.214868918474688 7.491842537804075
173 1.474276077885952 7.027777468706537
174 2.842429993534039 4.580225740210463
175 1.933861865623759 6.205603898683124
176 2.520000000000000 5.740000000000000
177 2.595864487484718 5.534082105398623
178 2.882106523040096 4.757139437462597
179 2.834165110972827 4.887266127359469
180 3.850000000000000 0.470000000000000
181 9.710000000000001 9.460000000000001
182 7.328092861069074 5.805845532595726
183 6.157963481601192 4.010715307098073
184 5.590608807010897 3.140319654441631
185 5.626467316228612 3.195331258173246
186 7.697564580371667 6.372663067839808
187 4.737563561493094 1.831637613962954
188 6.432103439235053 4.431281556096096
189 7.098852589129914 5.454161224620806
190 5.770555149007040 3.416380680814554
191 6.603874875188111 4.694801216372203
192 6.121980063512094 3.955512076957974
193 1.480000000000000 5.470000000000000
194 5.192720490619649 5.683214909573662
195 3.710100364406261 5.598070682600110
196 2.194307256654910 5.511021390519508
197 2.835297088406564 5.547832292218104
198 8.009881017903506 5.844999409267866
199 1.964156089173345 5.497804219852651
200 5.069243625180764 5.676123853630855
201 7.946604533807969 5.841365553751769
202 7.241302047552620 5.800861291120375
203 6.429684923287224 5.754251568628230
204 5.152236680974235 5.680889996660193
205 4.437717393364750 5.639856429581496
206 6.088537112198861 5.734660058877837
207 3.351100148892333 5.577453941134890
208 3.853516059283924 5.606306789921423
209 2.816413248264026 5.546747826991442
210 2.124291143651446 5.507000490147274
211 5.512584551496081 3.638970911491211
212 4.632867546989370 3.132245558539008
213 4.020504064181542 2.779518374261340
214 6.608454022200256 4.270202138678295
215 7.404371490353186 4.728658162495600
216 6.613618943463473 4.273177182398793
217 5.430381938718296 3.591621425508757
218 7.025924026898053 4.510668827845077
219 4.452551158176503 3.028381605362950
220 6.095535484118630 3.974756187407999
221 2.908148293893022 2.138790881874247
222 3.024195948765588 2.205635433671389
223 6.010000000000000 0.460000000000000
224 4.680000000000000 8.960000000000001
225 5.000912998651756 6.909052264255690
226 5.939831772571639 0.908443558752687
227 5.582438519285529 3.192535779002256
228 5.214605252873938 5.543349887647768
229 5.744378652153738 2.157580042626483
230 5.369081525763206 4.556095512039662
231 5.527849858466788 3.541410678971654
232 5.183557505859342 5.741775338492926
233 5.255318591492237 5.283151858884196
234 5.336776549978912 4.762555883593420
235 5.378385008165979 4.496637165856525
236 1.920000000000000 3.780000000000000
237 6.400000000000000 8.330000000000000
238 2.374171196904082 4.241267621855708
239 3.233885883286446 5.114415350212797
240 2.679852554718778 4.551725250886259
241 4.394123468652413 6.292781647850108
242 3.957521095855048 5.849357362977783
243 3.454404075613353 5.338379139294812
244 3.774690082944757 5.663669615490769
245 2.838850405305822 4.713207442888725
246 2.448683453100280 4.316944132054972
247 4.830000000000000 1.590000000000000
248 4.998758526814026 1.486364058222092
249 5.373931077237560 1.255967637215108
250 2.550000000000000 3.000000000000000
251 1.710000000000000 8.930000000000000
252 2.071435234464206 6.378439356699116
253 1.971888010468350 7.081195354669865
254 2.249635722614870 5.120428767730738
255 1.740186182128997 8.716899928541721
256 1.969358863281927 7.099049929450207
257 2.271241398679960 4.967902983128375
258 0.610000000000000 2.810000000000000
259 1.380000000000000 8.770000000000000
260 1.194252842369879 7.332268753927899
261 4.130000000000000 4.140000000000000
262 1.810736876426475 6.661917182914900
263 3.832387519782952 4.463617454216595
264 1.810707471768163 6.661949156912288
265 2.815813781313519 5.569018024202776
266 3.793963844130717 3.078981831373379
267 7.644922516479704 3.323487143903473
268 6.690074831628835 3.262861894071672
269 6.185341314157377 3.230815321533802
270 4.077480310959809 3.096982876886337
271 6.136758104738155 3.227730673316708
272 4.047249054084132 3.095063432005342
273 4.413684913217623 3.118329200839214
274 7.043003088928629 3.285270037392294
275 2.884394847405575 3.021231418882893
276 2.803280027220143 3.016081271569533
277 8.220000000000001 5.490000000000000
278 7.976148181409969 5.901991580601707
279 7.566925796541526 6.593379400197988
280 7.408865490224794 6.860424837079886
281 7.213883735024009 7.189849657358631
282 1.810000000000000 6.660000000000000
283 2.940000000000000 9.600000000000000
284 2.377007901998494 8.135224099004933
285 2.315283135318624 7.974630458262613
286 2.722537984616926 9.034213871481205
287 3.917265521117241 2.915989377098316
288 4.579974355106351 2.039954744305325
289 3.913062122714542 2.921545848337769
290 2.849223866527725 4.327833358495011
291 2.218415412193289 5.161698887839478
292 9.279999999999999 1.830000000000000
293 0.850000000000000 9.529999999999999
294 7.004622548345563 3.908340021084123
295 6.611320727147426 4.267583677457274
296 5.783234603472157 5.023961275594827
297 5.124038194417500 5.626074247091962
298 5.722725205664293 5.079230832311380
299 5.640062195856698 5.154735598090559
300 2.756056544817981 7.788999360012045
301 5.870000000000000 1.580000000000000
302 6.565359645887127 3.006935939997541
303 7.250415351303857 4.412727335488123
304 6.790527898064415 3.468999957486350
305 5.240000000000000 0.930000000000000
306 8.490000000000000 8.840000000000000
307 7.908607272844398 7.424979547138211
308 6.175808460857468 3.207613823194638
309 6.759038545611181 4.627106121779829
310 6.399978279797846 3.753208674831066
311 3.850000000000000 2.840000000000000
312 5.801670663965494 5.044788360998561
313 4.309601336429016 3.359208335692848
314 5.340715072784886 4.524050133419103
315 3.560000000000000 0.240000000000000
316 4.750000000000000 2.340000000000000
317 5.220000000000000 3.700000000000000
318 5.980000000000000 7.290000000000000
319 5.004028833304881 5.392785021751544
320 4.149049978052298 3.730770050793252
321 4.770567981449039 4.938954580760749
322 5.617256176853056 5.125245056275503
323 3.065438392409106 6.238556863281785
324 4.288781919978151 3.407390413764850
325 5.220170499329342 4.611772197408632
326 2.512831858407080 7.517446270543614
327 2.780010252204224 6.899119130613082
328 2.390000000000000 8.000000000000000
329 2.792992904751666 6.416813588475597
330 2.910000000000000 2.070000000000000
331 2.710000000000000 9.500000000000000
332 2.893436446644195 2.685336007168153
590
0 4
4 2
2 3
3 1
5 11
11 7
7 2
2 8
8 9
9 10
10 6
13 16
16 17
17 15
15 14
14 18
18 12
20 22
22 25
25 27
27 23
23 26
26 24
24 28
28 29
29 21
21 19
31 7
7 3
3 35
35 44
44 55
55 41
41 36
36 37
37 42
42 54
54 52
52 53
53 40
40 32
32 34
34 50
50 45
45 39
39 49
49 51
51 48
48 47
47 38
38 46
46 43
43 33
33 30
56 68
68 61
61 65
65 58
58 69
69 63
63 32
32 67
67 60
60 64
64 66
66 62
62 59
59 57
71 80
80 75
75 79
79 72
72 74
74 73
73 33
33 76
76 77
77 81
81 78
78 70
13 57
82 30
84 91
91 58
58 89
89 85
85 92
92 90
90 87
87 86
86 88
88 83
94 96
96 95
95 98
98 99
99 97
97 93
101 106
106 105
105 104
104 102
102 103
103 72
72 100
107 113
113 119
119 59
59 110
110 111
111 117
117 118
118 116
116 112
112 115
115 108
108 109
109 114
114 73
73 30
6 120
121 123
123 60
60 125
125 34
34 122
122 126
126 124
124 85
85 19
13 127
128 133
133 131
131 134
134 35
35 132
132 8
8 130
130 129
136 144
144 61
61 138
138 141
141 21
21 145
145 143
143 137
137 86
86 140
140 139
139 142
142 135
146 159
159 151
151 14
14 158
158 95
95 160
160 161
161 152
152 62
62 148
148 149
149 156
156 157
157 155
155 154
154 150
150 108
108 147
147 153
153 74
74 100
162 4
4 130
130 9
9 165
165 167
167 166
166 164
164 22
22 163
168 172
172 173
173 131
131 175
175 171
171 36
36 169
169 170
170 174
174 136
176 37
37 177
177 179
179 178
178 136
180 164
164 187
187 23
23 184
184 185
185 190
190 192
192 183
183 188
188 191
191 189
189 182
182 38
38 186
186 109
109 147
147 102
102 75
75 181
193 132
132 199
199 210
210 196
196 169
169 177
177 209
209 197
197 207
207 195
195 208
208 63
63 122
122 205
205 200
200 204
204 194
194 206
206 203
203 202
202 182
182 201
201 198
198 76
76 30
0 10
10 165
165 221
221 222
222 213
213 219
219 212
212 24
24 217
217 211
211 220
220 183
183 214
214 216
216 218
218 215
215 77
77 30
224 110
110 148
148 225
225 39
39 232
232 194
194 228
228 233
233 234
234 87
87 137
137 230
230 235
235 211
211 231
231 227
227 184
184 229
229 226
226 223
236 238
238 246
246 240
240 170
170 245
245 178
178 239
239 243
243 195
195 244
244 40
40 242
242 123
123 64
64 241
241 225
225 149
149 111
111 237
247 25
25 248
248 249
249 226
226 120
251 255
255 256
256 253
253 252
252 171
171 41
41 196
196 254
254 257
257 238
238 250
258 11
11 260
260 172
172 259
5 260
260 173
173 133
133 264
264 262
262 252
252 42
42 265
265 197
197 239
239 263
263 65
65 138
138 261
250 276
276 275
275 266
266 272
272 270
270 273
273 212
212 26
26 227
227 185
185 271
271 269
269 268
268 274
274 267
267 78
78 82
101 281
281 280
280 112
112 279
279 150
150 186
186 278
278 43
43 198
198 277
282 262
262 253
253 151
151 15
15 285
285 96
96 284
284 113
113 286
286 283
1 134
134 44
44 199
199 291
291 254
254 240
240 290
290 266
266 289
289 287
287 213
213 288
288 187
187 27
27 248
248 163
293 255
255 16
16 284
284 300
300 152
152 66
66 241
241 45
45 200
200 297
297 228
228 299
299 298
298 296
296 139
139 188
188 214
214 295
295 294
294 267
267 292
301 302
302 268
268 304
304 294
294 303
303 215
215 201
201 46
46 278
278 114
114 153
153 103
103 79
79 181
305 249
249 229
229 308
308 269
269 310
310 295
295 216
216 309
309 189
189 202
202 47
47 154
154 279
279 115
115 104
104 307
307 306
311 287
287 270
270 313
313 28
28 314
314 230
230 88
88 140
140 296
296 312
312 203
203 48
48 155
155 116
116 280
280 105
105 307
307 80
80 181
315 166
166 288
288 316
317 217
217 231
231 190
190 271
271 308
308 302
302 70
56 320
320 141
141 89
89 124
124 321
321 319
319 297
297 204
204 232
232 49
49 156
156 117
117 318
12 323
323 97
97 242
242 67
67 125
125 50
50 205
205 319
319 233
233 322
322 298
298 312
312 142
142 191
191 309
309 218
218 303
303 81
81 82
311 289
289 272
272 324
324 29
29 325
325 143
143 90
90 234
234 322
322 299
299 206
206 51
51 157
157 118
118 281
281 106
106 306
94 285
285 158
158 326
326 327
327 323
323 52
52 207
207 243
243 91
91 263
263 144
144 68
68 320
320 324
324 313
313 273
273 219
219 316
282 264
264 256
256 159
159 17
17 94
93 53
53 244
244 208
208 69
69 126
126 321
321 92
92 145
145 325
325 314
314 235
235 220
220 192
192 310
310 304
304 274
274 70
328 160
160 98
98 326
326 329
329 12
331 286
286 119
119 300
300 161
161 99
99 327
327 329
329 18
18 54
54 265
265 209
209 179
179 245
245 174
174 290
290 275
275 332
332 221
221 330
282 175
175 55
55 210
210 291
291 257
257 246
246 276
276 332
332 222
222 167
167 315
687
0 1.100000000000000 5.100000000000000
1 1.100000000000000 3.000000000000000
2 1.100000000000000 2.500000000000000
3 1.100000000000000 1.200000000000000
4 1.100000000000000 1.300000000000000
5 1.100000000000000 4.600000000000000
6 1.100000000000000 4.300000000000000
7 1.200000000000000 1.200000000000000
8 1.200000000000000 2.200000000000000
9 1.200000000000000 2.700000000000000
10 1.200000000000000 5.500000000000000
11 1.200000000000000 2.400000000000000
12 1.200000000000000 2.200000000000000
13 1.200000000000000 1.200000000000000
14 1.200000000000000 3.100000000000000
15 1.200000000000000 2.200000000000000
16 1.200000000000000 7.200000000000000
17 1.200000000000000 7.300000000000000
18 1.300000000000000 3.200000000000000
19 1.300000000000000 3.700000000000000
20 1.300000000000000 4.400000000000000
21 1.300000000000000 4.700000000000000
22 1.400000000000000 2.800000000000000
23 1.400000000000000 5.200000000000000
24 1.400000000000000 1.700000000000000
25 1.400000000000000 3.800000000000000
26 1.400000000000000 3.800000000000000
27 1.400000000000000 1.500000000000000
28 1.400000000000000 7.800000000000000
29 1.400000000000000 3.600000000000000
30 1.500000000000000 6.400000000000000
31 1.500000000000000 3.500000000000000
32 1.500000000000000 5.300000000000000
33 1.600000000000000 9.300000000000001
34 1.600000000000000 9.400000000000000
35 1.600000000000000 7.700000000000000
36 1.600000000000000 1.400000000000000
37 1.600000000000000 3.000000000000000
38 1.600000000000000 7.900000000000000
39 1.600000000000000 9.400000000000000
40 1.600000000000000 7.900000000000000
41 1.600000000000000 7.000000000000000
42 1.700000000000000 5.400000000000000
43 1.700000000000000 6.200000000000000
44 1.700000000000000 9.000000000000000
45 1.700000000000000 9.800000000000001
46 1.700000000000000 8.600000000000000
47 1.700000000000000 8.199999999999999
48 1.700000000000000 3.300000000000000
49 1.700000000000000 9.100000000000000
50 1.700000000000000 4.400000000000000
51 1.700000000000000 8.100000000000000
52 1.700000000000000 3.700000000000000
53 1.700000000000000 1.900000000000000
54 1.700000000000000 6.200000000000000
55 1.700000000000000 9.400000000000000
56 1.700000000000000 7.300000000000000
57 1.800000000000000 7.200000000000000
58 1.800000000000000 7.400000000000000
59 1.800000000000000 1.700000000000000
60 1.800000000000000 9.199999999999999
61 1.800000000000000 0.900000000000000
62 1.800000000000000 8.500000000000000
63 1.800000000000000 5.200000000000000
64 1.800000000000000 1.300000000000000
65 1.800000000000000 7.200000000000000
66 1.900000000000000 2.100000000000000
67 1.900000000000000 1.400000000000000
68 1.900000000000000 8.300000000000001
69 1.900000000000000 9.400000000000000
70 1.900000000000000 0.500000000000000
71 1.900000000000000 5.900000000000000
72 2.000000000000000 5.200000000000000
73 2.000000000000000 1.100000000000000
74 2.000000000000000 7.900000000000000
75 2.000000000000000 9.500000000000000
76 2.000000000000000 5.400000000000000
77 2.000000000000000 1.900000000000000
78 2.000000000000000 0.800000000000000
79 2.000000000000000 7.000000000000000
80 2.000000000000000 3.400000000000000
81 2.000000000000000 9.300000000000001
82 2.000000000000000 2.400000000000000
83 2.000000000000000 5.500000000000000
84 2.000000000000000 7.200000000000000
85 2.100000000000000 9.000000000000000
86 2.100000000000000 9.800000000000001
87 2.100000000000000 7.600000000000000
88 2.100000000000000 3.400000000000000
89 2.100000000000000 4.400000000000000
90 2.100000000000000 6.100000000000000
91 2.100000000000000 1.200000000000000
92 2.100000000000000 9.699999999999999
93 2.100000000000000 8.300000000000001
94 2.200000000000000 8.600000000000000
95 2.200000000000000 2.000000000000000
96 2.200000000000000 9.500000000000000
97 2.200000000000000 7.200000000000000
98 2.200000000000000 3.100000000000000
99 2.200000000000000 6.700000000000000
100 2.200000000000000 3.600000000000000
101 2.200000000000000 2.900000000000000
102 2.200000000000000 2.500000000000000
103 2.200000000000000 0.600000000000000
104 2.300000000000000 4.100000000000000
105 2.300000000000000 1.600000000000000
106 2.300000000000000 0.800000000000000
107 2.300000000000000 2.000000000000000
108 2.300000000000000 1.500000000000000
109 2.300000000000000 6.100000000000000
110 2.300000000000000 1.000000000000000
111 2.300000000000000 3.300000000000000
112 2.300000000000000 8.300000000000001
113 2.400000000000000 5.100000000000000
114 2.400000000000000 3.200000000000000
115 2.400000000000000 2.700000000000000
116 2.400000000000000 7.100000000000000
117 2.400000000000000 0.800000000000000
118 2.400000000000000 7.900000000000000
119 2.500000000000000 3.000000000000000
120 2.500000000000000 2.100000000000000
121 2.500000000000000 6.400000000000000
122 2.500000000000000 7.600000000000000
123 2.500000000000000 7.600000000000000
124 2.500000000000000 1.900000000000000
125 2.600000000000000 2.300000000000000
126 2.600000000000000 7.000000000000000
127 2.600000000000000 5.200000000000000
128 2.600000000000000 0.800000000000000
129 2.600000000000000 6.000000000000000
130 2.600000000000000 1.600000000000000
131 2.600000000000000 5.800000000000000
132 2.700000000000000 5.800000000000000
133 2.700000000000000 8.699999999999999
134 2.700000000000000 2.800000000000000
135 2.700000000000000 4.200000000000000
136 2.700000000000000 2.200000000000000
137 2.700000000000000 7.000000000000000
138 2.800000000000000 2.700000000000000
139 2.800000000000000 6.600000000000000
140 2.800000000000000 4.800000000000000
141 2.800000000000000 5.000000000000000
142 2.800000000000000 1.200000000000000
143 2.800000000000000 3.500000000000000
144 2.800000000000000 9.300000000000001
145 2.800000000000000 3.100000000000000
146 2.800000000000000 5.500000000000000
147 2.800000000000000 8.100000000000000
148 2.800000000000000 7.200000000000000
149 2.800000000000000 6.400000000000000
150 2.800000000000000 5.300000000000000
151 2.900000000000000 9.600000000000000
152 2.900000000000000 0.800000000000000
153 2.900000000000000 1.400000000000000
154 2.900000000000000 5.300000000000000
155 2.900000000000000 1.800000000000000
156 2.900000000000000 3.200000000000000
157 2.900000000000000 5.200000000000000
158 2.900000000000000 3.700000000000000
159 2.900000000000000 1.400000000000000
160 2.900000000000000 8.800000000000001
161 2.900000000000000 3.100000000000000
162 3.000000000000000 5.900000000000000
163 3.000000000000000 4.400000000000000
164 3.000000000000000 2.600000000000000
165 3.000000000000000 7.300000000000000
166 3.000000000000000 3.800000000000000
167 3.000000000000000 9.500000000000000
168 3.000000000000000 2.100000000000000
169 3.000000000000000 7.100000000000000
170 3.000000000000000 9.500000000000000
171 3.000000000000000 0.400000000000000
172 3.100000000000000 0.900000000000000
173 3.100000000000000 1.100000000000000
174 3.100000000000000 7.000000000000000
175 3.100000000000000 7.800000000000000
176 3.100000000000000 4.100000000000000
177 3.100000000000000 0.700000000000000
178 3.100000000000000 4.500000000000000
179 3.100000000000000 6.900000000000000
180 3.100000000000000 6.300000000000000
181 3.200000000000000 5.500000000000000
182 3.200000000000000 4.400000000000000
183 3.200000000000000 7.500000000000000
184 3.200000000000000 7.000000000000000
185 3.200000000000000 8.000000000000000
186 3.200000000000000 0.500000000000000
187 3.200000000000000 7.500000000000000
188 3.200000000000000 1.200000000000000
189 3.200000000000000 4.000000000000000
190 3.200000000000000 9.600000000000000
191 3.200000000000000 8.600000000000000
192 3.200000000000000 0.600000000000000
193 3.200000000000000 2.700000000000000
194 3.300000000000000 8.100000000000000
195 3.300000000000000 9.199999999999999
196 3.300000000000000 8.300000000000001
197 3.300000000000000 5.600000000000000
198 3.300000000000000 8.699999999999999
199 3.300000000000000 6.000000000000000
200 3.300000000000000 0.400000000000000
201 3.300000000000000 9.300000000000001
202 3.300000000000000 3.900000000000000
203 3.300000000000000 8.900000000000000
204 3.300000000000000 6.900000000000000
205 3.300000000000000 4.900000000000000
206 3.400000000000000 0.600000000000000
207 3.400000000000000 1.300000000000000
208 3.400000000000000 3.600000000000000
209 3.400000000000000 2.400000000000000
210 3.400000000000000 0.300000000000000
211 3.400000000000000 2.500000000000000
212 3.400000000000000 1.200000000000000
213 3.400000000000000 4.100000000000000
214 3.400000000000000 8.000000000000000
215 3.400000000000000 0.500000000000000
216 3.400000000000000 6.000000000000000
217 3.400000000000000 7.200000000000000
218 3.400000000000000 6.200000000000000
219 3.400000000000000 4.500000000000000
220 3.400000000000000 6.700000000000000
221 3.400000000000000 6.900000000000000
222 3.400000000000000 3.700000000000000
223 3.500000000000000 6.100000000000000
224 3.500000000000000 8.900000000000000
225 3.500000000000000 6.300000000000000
226 3.500000000000000 1.700000000000000
227 3.500000000000000 1.100000000000000
228 3.500000000000000 3.700000000000000
229 3.500000000000000 1.700000000000000
230 3.500000000000000 7.500000000000000
231 3.500000000000000 9.500000000000000
232 3.500000000000000 6.000000000000000
233 3.500000000000000 2.100000000000000
234 3.500000000000000 8.600000000000000
235 3.600000000000000 5.800000000000000
236 3.600000000000000 2.700000000000000
237 3.600000000000000 2.000000000000000
238 3.600000000000000 5.800000000000000
239 3.600000000000000 5.700000000000000
240 3.600000000000000 7.500000000000000
241 3.700000000000000 7.600000000000000
242 3.700000000000000 2.800000000000000
243 3.700000000000000 2.200000000000000
244 3.700000000000000 0.500000000000000
245 3.700000000000000 0.600000000000000
246 3.700000000000000 5.600000000000000
247 3.700000000000000 2.600000000000000
248 3.700000000000000 1.400000000000000
249 3.700000000000000 4.700000000000000
250 3.700000000000000 2.200000000000000
251 3.700000000000000 6.300000000000000
252 3.700000000000000 5.400000000000000
253 3.800000000000000 4.300000000000000
254 3.800000000000000 9.300000000000001
255 3.800000000000000 5.400000000000000
256 3.800000000000000 2.900000000000000
257 3.800000000000000 8.900000000000000
258 3.800000000000000 7.300000000000000
259 3.800000000000000 7.900000000000000
260 3.800000000000000 7.400000000000000
261 3.800000000000000 1.700000000000000
262 3.800000000000000 4.500000000000000
263 3.800000000000000 7.700000000000000
264 3.800000000000000 3.000000000000000
265 3.900000000000000 5.000000000000000
266 3.900000000000000 8.699999999999999
267 3.900000000000000 3.600000000000000
268 3.900000000000000 6.500000000000000
269 3.900000000000000 2.300000000000000
270 3.900000000000000 8.100000000000000
271 3.900000000000000 7.900000000000000
272 3.900000000000000 5.800000000000000
273 3.900000000000000 3.800000000000000
274 3.900000000000000 9.300000000000001
275 3.900000000000000 1.900000000000000
276 3.900000000000000 3.500000000000000
277 3.900000000000000 3.300000000000000
278 3.900000000000000 5.100000000000000
279 3.900000000000000 2.500000000000000
280 3.900000000000000 7.700000000000000
281 4.000000000000000 7.400000000000000
282 4.000000000000000 8.100000000000000
283 4.000000000000000 6.700000000000000
284 4.000000000000000 4.000000000000000
285 4.000000000000000 8.000000000000000
286 4.000000000000000 0.400000000000000
287 4.000000000000000 3.800000000000000
288 4.000000000000000 1.700000000000000
289 4.000000000000000 3.900000000000000
290 4.000000000000000 0.500000000000000
291 4.000000000000000 6.500000000000000
292 4.100000000000000 1.700000000000000
293 4.100000000000000 8.199999999999999
294 4.100000000000000 6.100000000000000
295 4.100000000000000 0.700000000000000
296 4.100000000000000 6.000000000000000
297 4.100000000000000 1.600000000000000
298 4.100000000000000 3.000000000000000
299 4.100000000000000 8.400000000000000
300 4.200000000000000 2.200000000000000
301 4.200000000000000 2.900000000000000
302 4.200000000000000 6.800000000000000
303 4.200000000000000 3.000000000000000
304 4.200000000000000 9.300000000000001
305 4.200000000000000 8.800000000000001
306 4.200000000000000 2.400000000000000
307 4.300000000000000 5.700000000000000
308 4.300000000000000 4.300000000000000
309 4.300000000000000 6.600000000000000
310 4.300000000000000 1.900000000000000
311 4.300000000000000 9.000000000000000
312 4.300000000000000 8.699999999999999
313 4.300000000000000 8.500000000000000
314 4.300000000000000 2.300000000000000
315 4.400000000000000 2.200000000000000
316 4.400000000000000 0.700000000000000
317 4.400000000000000 9.400000000000000
318 4.400000000000000 3.800000000000000
319 4.500000000000000 2.500000000000000
320 4.500000000000000 6.600000000000000
321 4.500000000000000 3.300000000000000
322 4.500000000000000 0.500000000000000
323 4.500000000000000 3.900000000000000
324 4.500000000000000 3.200000000000000
325 4.500000000000000 1.100000000000000
326 4.500000000000000 1.800000000000000
327 4.500000000000000 3.200000000000000
328 4.500000000000000 2.100000000000000
329 4.500000000000000 4.500000000000000
330 4.500000000000000 2.100000000000000
331 4.600000000000000 0.900000000000000
332 4.600000000000000 5.800000000000000
333 4.600000000000000 6.000000000000000
334 4.600000000000000 4.800000000000000
335 4.600000000000000 1.300000000000000
336 4.600000000000000 6.300000000000000
337 4.700000000000000 7.400000000000000
338 4.700000000000000 4.500000000000000
339 4.700000000000000 2.400000000000000
340 4.700000000000000 4.800000000000000
341 4.700000000000000 5.000000000000000
342 4.800000000000000 0.400000000000000
343 4.800000000000000 6.200000000000000
344 4.800000000000000 0.800000000000000
345 4.800000000000000 6.700000000000000
346 4.800000000000000 4.600000000000000
347 4.800000000000000 3.000000000000000
348 4.800000000000000 2.000000000000000
349 4.800000000000000 3.100000000000000
350 4.800000000000000 5.100000000000000
351 4.800000000000000 4.800000000000000
352 4.800000000000000 2.500000000000000
353 4.900000000000000 7.400000000000000
354 4.900000000000000 5.600000000000000
355 4.900000000000000 6.300000000000000
356 4.900000000000000 1.500000000000000
357 5.000000000000000 5.300000000000000
358 5.000000000000000 5.100000000000000
359 5.000000000000000 2.100000000000000
360 5.000000000000000 0.900000000000000
361 5.100000000000000 3.100000000000000
362 5.100000000000000 0.800000000000000
363 5.100000000000000 7.100000000000000
364 5.100000000000000 6.700000000000000
365 5.100000000000000 0.500000000000000
366 5.100000000000000 1.000000000000000
367 5.100000000000000 5.800000000000000
368 5.100000000000000 5.200000000000000
369 5.200000000000000 5.500000000000000
370 5.200000000000000 6.500000000000000
371 5.200000000000000 4.000000000000000
372 5.200000000000000 0.300000000000000
373 5.200000000000000 4.300000000000000
374 5.200000000000000 6.600000000000000
375 5.200000000000000 2.700000000000000
376 5.200000000000000 3.900000000000000
377 5.200000000000000 0.700000000000000
378 5.300000000000000 6.600000000000000
379 5.300000000000000 2.100000000000000
380 5.300000000000000 6.100000000000000
381 5.300000000000000 0.200000000000000
382 5.300000000000000 6.900000000000000
383 5.300000000000000 5.000000000000000
384 5.300000000000000 3.200000000000000
385 5.300000000000000 0.700000000000000
386 5.300000000000000 4.200000000000000
387 5.300000000000000 4.200000000000000
388 5.300000000000000 0.600000000000000
389 5.300000000000000 6.000000000000000
390 5.300000000000000 6.000000000000000
391 5.400000000000000 2.600000000000000
392 5.400000000000000 0.300000000000000
393 5.400000000000000 2.500000000000000
394 5.500000000000000 1.100000000000000
395 5.500000000000000 1.000000000000000
396 5.500000000000000 5.300000000000000
397 5.500000000000000 5.200000000000000
398 5.500000000000000 3.000000000000000
399 5.500000000000000 7.200000000000000
400 5.600000000000000 4.000000000000000
401 5.600000000000000 7.200000000000000
402 5.600000000000000 4.400000000000000
403 5.600000000000000 1.800000000000000
404 5.600000000000000 6.400000000000000
405 5.700000000000000 0.700000000000000
406 5.700000000000000 0.800000000000000
407 5.700000000000000 6.300000000000000
408 5.700000000000000 0.700000000000000
409 5.700000000000000 1.200000000000000
410 5.700000000000000 2.800000000000000
411 5.700000000000000 6.700000000000000
412 5.800000000000000 5.900000000000000
413 5.800000000000000 7.400000000000000
414 5.800000000000000 7.000000000000000
415 5.800000000000000 2.600000000000000
416 5.800000000000000 6.500000000000000
417 5.800000000000000 1.300000000000000
418 5.800000000000000 5.800000000000000
419 5.800000000000000 8.400000000000000
420 5.800000000000000 4.900000000000000
421 5.800000000000000 5.200000000000000
422 5.800000000000000 4.100000000000000
423 5.900000000000000 2.300000000000000
424 5.900000000000000 5.200000000000000
425 5.900000000000000 6.600000000000000
426 5.900000000000000 3.800000000000000
427 5.900000000000000 3.500000000000000
428 5.900000000000000 6.100000000000000
429 5.900000000000000 6.300000000000000
430 5.900000000000000 5.200000000000000
431 5.900000000000000 1.700000000000000
432 6.000000000000000 6.400000000000000
433 6.000000000000000 2.400000000000000
434 6.000000000000000 5.200000000000000
435 6.000000000000000 3.100000000000000
436 6.000000000000000 6.300000000000000
437 6.000000000000000 0.900000000000000
438 6.000000000000000 3.800000000000000
439 6.000000000000000 9.400000000000000
440 6.000000000000000 6.600000000000000
441 6.000000000000000 7.200000000000000
442 6.000000000000000 7.000000000000000
443 6.000000000000000 9.100000000000000
444 6.100000000000000 1.000000000000000
445 6.100000000000000 0.600000000000000
446 6.100000000000000 2.000000000000000
447 6.100000000000000 0.900000000000000
448 6.100000000000000 0.700000000000000
449 6.200000000000000 6.600000000000000
450 6.200000000000000 9.100000000000000
451 6.200000000000000 8.600000000000000
452 6.200000000000000 4.500000000000000
453 6.200000000000000 8.600000000000000
454 6.200000000000000 9.000000000000000
455 6.300000000000000 2.800000000000000
456 6.300000000000000 3.600000000000000
457 6.300000000000000 5.900000000000000
458 6.300000000000000 0.300000000000000
459 6.300000000000000 7.600000000000000
460 6.300000000000000 3.300000000000000
461 6.300000000000000 3.600000000000000
462 6.400000000000000 2.800000000000000
463 6.400000000000000 0.300000000000000
464 6.400000000000000 2.800000000000000
465 6.400000000000000 4.400000000000000
466 6.400000000000000 4.800000000000000
467 6.500000000000000 1.900000000000000
468 6.500000000000000 0.800000000000000
469 6.500000000000000 0.500000000000000
470 6.500000000000000 5.300000000000000
471 6.500000000000000 6.700000000000000
472 6.500000000000000 7.700000000000000
473 6.500000000000000 6.500000000000000
474 6.500000000000000 1.600000000000000
475 6.500000000000000 2.200000000000000
476 6.500000000000000 3.600000000000000
477 6.500000000000000 7.800000000000000
478 6.500000000000000 2.300000000000000
479 6.500000000000000 3.200000000000000
480 6.600000000000000 6.100000000000000
481 6.600000000000000 1.700000000000000
482 6.600000000000000 0.300000000000000
483 6.600000000000000 4.200000000000000
484 6.600000000000000 6.100000000000000
485 6.600000000000000 5.600000000000000
486 6.600000000000000 5.000000000000000
487 6.600000000000000 0.500000000000000
488 6.600000000000000 6.600000000000000
489 6.700000000000000 4.500000000000000
490 6.700000000000000 7.000000000000000
491 6.700000000000000 4.500000000000000
492 6.700000000000000 2.000000000000000
493 6.700000000000000 4.700000000000000
494 6.700000000000000 1.100000000000000
495 6.700000000000000 1.300000000000000
496 6.700000000000000 0.900000000000000
497 6.700000000000000 4.300000000000000
498 6.700000000000000 5.800000000000000
499 6.700000000000000 6.000000000000000
500 6.700000000000000 6.100000000000000
501 6.800000000000000 4.200000000000000
502 6.800000000000000 0.900000000000000
503 6.800000000000000 6.900000000000000
504 6.800000000000000 0.400000000000000
505 6.800000000000000 3.900000000000000
506 6.800000000000000 2.000000000000000
507 6.800000000000000 7.500000000000000
508 6.900000000000000 4.200000000000000
509 6.900000000000000 8.000000000000000
510 6.900000000000000 7.900000000000000
511 6.900000000000000 8.300000000000001
512 6.900000000000000 7.200000000000000
513 6.900000000000000 1.900000000000000
514 6.900000000000000 3.400000000000000
515 6.900000000000000 7.900000000000000
516 6.900000000000000 7.700000000000000
517 7.000000000000000 1.900000000000000
518 7.000000000000000 6.700000000000000
519 7.000000000000000 4.900000000000000
520 7.000000000000000 6.900000000000000
521 7.000000000000000 2.300000000000000
522 7.000000000000000 6.200000000000000
523 7.100000000000000 6.000000000000000
524 7.100000000000000 1.300000000000000
525 7.100000000000000 7.900000000000000
526 7.100000000000000 4.000000000000000
527 7.100000000000000 1.700000000000000
528 7.100000000000000 0.600000000000000
529 7.100000000000000 2.400000000000000
530 7.100000000000000 4.500000000000000
531 7.200000000000000 3.900000000000000
532 7.200000000000000 2.700000000000000
533 7.200000000000000 1.700000000000000
534 7.200000000000000 6.900000000000000
535 7.200000000000000 7.500000000000000
536 7.200000000000000 7.600000000000000
537 7.200000000000000 3.300000000000000
538 7.300000000000000 7.500000000000000
539 7.300000000000000 5.800000000000000
540 7.400000000000000 4.200000000000000
541 7.400000000000000 5.100000000000000
542 7.400000000000000 4.500000000000000
543 7.400000000000000 3.300000000000000
544 7.400000000000000 6.300000000000000
545 7.400000000000000 6.100000000000000
546 7.400000000000000 3.400000000000000
547 7.500000000000000 5.100000000000000
548 7.500000000000000 6.200000000000000
549 7.600000000000000 2.500000000000000
550 7.600000000000000 7.500000000000000
551 7.600000000000000 6.400000000000000
552 7.600000000000000 6.000000000000000
553 7.600000000000000 3.600000000000000
554 7.600000000000000 7.100000000000000
555 7.600000000000000 3.300000000000000
556 7.600000000000000 6.900000000000000
557 7.700000000000000 4.100000000000000
558 7.700000000000000 3.800000000000000
559 7.700000000000000 6.100000000000000
560 7.700000000000000 4.200000000000000
561 7.700000000000000 4.400000000000000
562 7.700000000000000 3.500000000000000
563 7.800000000000000 5.300000000000000
564 7.800000000000000 6.800000000000000
565 7.800000000000000 5.500000000000000
566 7.800000000000000 3.300000000000000
567 7.900000000000000 5.300000000000000
568 7.900000000000000 7.000000000000000
569 7.900000000000000 2.600000000000000
570 7.900000000000000 3.100000000000000
571 7.900000000000000 2.600000000000000
572 7.900000000000000 4.400000000000000
573 8.000000000000000 8.000000000000000
574 8.000000000000000 5.000000000000000
575 8.000000000000000 6.300000000000000
576 8.000000000000000 2.300000000000000
577 8.000000000000000 3.600000000000000
578 8.100000000000000 5.900000000000000
579 8.100000000000000 8.300000000000001
580 8.100000000000000 3.400000000000000
581 8.100000000000000 5.400000000000000
582 8.100000000000000 3.100000000000000
583 8.100000000000000 7.200000000000000
584 8.100000000000000 4.700000000000000
585 8.100000000000000 8.000000000000000
586 8.100000000000000 2.300000000000000
587 8.100000000000000 3.200000000000000
588 8.100000000000000 7.200000000000000
589 8.100000000000000 7.800000000000000
590 8.199999999999999 6.000000000000000
591 8.199999999999999 7.100000000000000
592 8.199999999999999 3.000000000000000
593 8.199999999999999 6.400000000000000
594 8.199999999999999 5.500000000000000
595 8.199999999999999 3.600000000000000
596 8.199999999999999 4.500000000000000
597 8.199999999999999 3.600000000000000
598 8.199999999999999 4.200000000000000
599 8.199999999999999 4.400000000000000
600 8.300000000000001 5.400000000000000
601 8.300000000000001 7.300000000000000
602 8.300000000000001 2.700000000000000
603 8.300000000000001 5.200000000000000
604 8.300000000000001 3.100000000000000
605 8.400000000000000 3.600000000000000
606 8.400000000000000 4.800000000000000
607 8.400000000000000 7.500000000000000
608 8.400000000000000 5.700000000000000
609 8.400000000000000 6.800000000000000
610 8.400000000000000 3.300000000000000
611 8.400000000000000 6.500000000000000
612 8.500000000000000 2.200000000000000
613 8.500000000000000 3.600000000000000
614 8.500000000000000 6.800000000000000
615 8.500000000000000 5.600000000000000
616 8.500000000000000 2.700000000000000
617 8.500000000000000 5.900000000000000
618 8.600000000000000 7.400000000000000
619 8.600000000000000 4.200000000000000
620 8.600000000000000 2.800000000000000
621 8.600000000000000 5.200000000000000
622 8.600000000000000 6.700000000000000
623 8.600000000000000 8.100000000000000
624 8.699999999999999 2.500000000000000
625 8.699999999999999 3.900000000000000
626 8.699999999999999 2.300000000000000
627 8.699999999999999 4.400000000000000
628 8.699999999999999 5.500000000000000
629 8.800000000000001 7.300000000000000
630 8.800000000000001 3.000000000000000
631 8.800000000000001 2.600000000000000
632 8.800000000000001 6.800000000000000
633 8.800000000000001 2.600000000000000
634 8.900000000000000 2.700000000000000
635 8.900000000000000 4.200000000000000
636 8.900000000000000 5.300000000000000
637 8.900000000000000 2.200000000000000
638 8.900000000000000 5.300000000000000
639 8.900000000000000 3.900000000000000
640 8.900000000000000 4.200000000000000
641 9.000000000000000 6.900000000000000
642 9.000000000000000 3.700000000000000
643 9.000000000000000 4.400000000000000
644 9.000000000000000 4.600000000000000
645 9.000000000000000 7.900000000000000
646 9.000000000000000 2.600000000000000
647 9.000000000000000 6.000000000000000
648 9.100000000000000 5.000000000000000
649 9.100000000000000 5.900000000000000
650 9.100000000000000 3.600000000000000
651 9.100000000000000 4.400000000000000
652 9.100000000000000 5.200000000000000
653 9.100000000000000 5.900000000000000
654 9.100000000000000 5.900000000000000
655 9.100000000000000 3.400000000000000
656 9.199999999999999 3.000000000000000
657 9.199999999999999 5.500000000000000
658 9.199999999999999 4.600000000000000
659 9.199999999999999 1.800000000000000
660 9.199999999999999 5.700000000000000
661 9.199999999999999 6.900000000000000
662 9.199999999999999 8.199999999999999
663 9.199999999999999 5.100000000000000
664 9.199999999999999 7.000000000000000
665 9.300000000000001 6.700000000000000
666 9.300000000000001 5.100000000000000
667 9.300000000000001 8.800000000000001
668 9.300000000000001 7.400000000000000
669 9.300000000000001 3.700000000000000
670 9.300000000000001 3.800000000000000
671 9.300000000000001 4.700000000000000
672 9.400000000000000 5.600000000000000
673 9.400000000000000 3.600000000000000
674 9.400000000000000 5.800000000000000
675 9.400000000000000 2.100000000000000
676 9.400000000000000 2.800000000000000
677 9.400000000000000 7.100000000000000
678 9.400000000000000 5.300000000000000
679 9.400000000000000 6.000000000000000
680 9.500000000000000 7.100000000000000
681 9.500000000000000 8.300000000000001
682 9.500000000000000 2.500000000000000
683 9.500000000000000 6.700000000000000
684 9.500000000000000 3.600000000000000
685 9.500000000000000 3.100000000000000
686 9.600000000000000 9.300000000000001
