39
0 5.673000000000000 9.041000000000000
1 1.538000000000000 0.325000000000000
2 4.427596009832925 6.415863076590997
3 2.460782220362707 2.270095485533580
4 2.301499400817104 1.934349643898881
5 2.604461291169320 2.572950813502247
6 2.011440744402774 1.322946681551288
7 2.614766142545673 2.594671994783091
8 5.986000000000000 1.185000000000000
9 3.933000000000000 8.076000000000001
10 5.372128189142528 3.245492278918089
11 5.088576034200228 4.197249658220275
12 5.077241582146887 4.235294328994545
13 1.431000000000000 2.942000000000000
14 0.570000000000000 4.510000000000000
15 1.429190082935676 2.945296109125273
16 2.693000000000000 1.995000000000000
17 2.347154181879618 2.404704301729986
18 1.440794199187633 3.478418553482385
19 1.620807961224383 3.265166263551897
20 2.340848344636064 2.412174476326094
21 1.404000000000000 1.788000000000000
22 3.456000000000000 0.217000000000000
23 2.095791870692178 2.240344940789495
24 1.435233430681243 3.222942786585386
25 3.171126120765118 0.640757298529227
26 1.521040484832347 3.095302563622569
27 2.091817058667976 2.246257576971025
28 2.927171342610004 1.003646370816096
29 7.792000000000000 6.044000000000000
30 8.231000000000000 6.252000000000000
31 3.804000000000000 1.432000000000000
32 7.634714682557894 5.862104342015298
33 1.551000000000000 8.920999999999999
34 1.559195909913409 8.918092550849357
35 2.956660731619482 0.599291418433623
36 2.622752418695179 0.854929800306956
37 1.578000000000000 9.782000000000000
38 3.203000000000000 5.959000000000000
67
1 6
6 4
4 3
3 5
5 7
7 2
2 0
9 2
2 12
12 11
11 10
10 8
14 15
15 13
14 18
18 19
19 20
20 17
17 3
3 16
21 13
14 24
24 26
26 27
27 23
23 4
4 28
28 25
25 22
29 30
14 21
31 10
10 32
32 29
33 34
34 9
21 23
23 17
17 5
5 11
11 32
32 30
21 1
21 6
6 36
36 35
35 22
21 15
15 24
24 18
18 34
34 37
1 35
35 25
25 8
37 9
13 26
26 19
19 38
21 27
27 20
20 7
7 12
12 29
1 36
36 28
28 31
31
0 1.600000000000000 0.400000000000000
1 1.600000000000000 9.300000000000001
2 1.700000000000000 9.600000000000000
3 1.800000000000000 4.900000000000000
4 2.000000000000000 4.500000000000000
5 2.000000000000000 4.500000000000000
6 2.100000000000000 7.300000000000000
7 2.100000000000000 2.900000000000000
8 2.500000000000000 2.700000000000000
9 2.600000000000000 5.800000000000000
10 2.700000000000000 7.300000000000000
11 2.800000000000000 7.100000000000000
12 3.000000000000000 3.800000000000000
13 3.200000000000000 4.300000000000000
14 3.400000000000000 7.500000000000000
15 3.500000000000000 4.600000000000000
16 3.800000000000000 5.900000000000000
17 3.800000000000000 5.100000000000000
18 3.900000000000000 3.000000000000000
19 4.000000000000000 2.100000000000000
20 4.100000000000000 6.700000000000000
21 4.100000000000000 6.700000000000000
22 4.200000000000000 6.300000000000000
23 4.400000000000000 2.400000000000000
24 4.500000000000000 0.900000000000000
25 4.600000000000000 2.800000000000000
26 4.900000000000000 4.200000000000000
27 5.200000000000000 4.100000000000000
28 5.300000000000000 1.900000000000000
29 5.400000000000000 2.900000000000000
30 5.700000000000000 1.200000000000000
