64
0 5.022000000000000 8.839000000000000
1 1.560000000000000 0.602000000000000
2 3.639271772821858 5.549129287329187
3 4.577139226392678 7.780560314210423
4 4.577642399204426 7.781757493427746
5 4.994453050338198 8.773458629588600
6 3.900877884801352 6.171558387379762
7 4.263757266293320 7.034942981645891
8 4.523576381866363 7.653120351656046
9 3.198235528742886 4.499789153742101
10 4.052176655147846 6.531537581875449
11 5.057000000000000 8.938000000000001
12 0.985000000000000 5.589000000000000
13 2.102872839022965 6.508390014216087
14 3.197395258763256 7.408575570137069
15 4.781421468597641 8.711351546742019
16 3.943338393566372 8.022073497066252
17 4.858911043368779 8.775082535422898
18 3.087743298694131 7.318392757202026
19 2.430871332868278 6.778151054463621
20 8.020000000000000 5.928000000000000
21 9.848000000000001 5.785000000000000
22 8.808000000000000 2.322000000000000
23 1.426000000000000 6.931000000000000
24 2.947447718742777 5.981074162058324
25 2.503117235376761 6.258494806576607
26 8.121000000000000 8.736000000000001
27 6.543526228825687 8.310706473940309
28 5.493385650800470 8.027584182179963
29 6.658608752469613 8.341733203615782
30 4.579279363114212 7.781137304021083
31 6.792108786042357 8.377725370994243
32 9.489000000000001 7.288000000000000
33 5.218494944387463 8.770774421592803
34 6.886551013916691 8.191603845403003
35 6.865212845364303 8.199012732670690
36 7.756582991539793 7.889517524092631
37 5.934935667518163 7.267525688004262
38 5.060535691109429 8.772666904659232
39 6.293883911466064 6.649653076855697
40 5.701664587076852 7.669064946122598
41 5.569302913275793 7.896904626038474
42 6.586445190824730 6.146055121868789
43 5.515743876918153 8.767213132465038
44 6.966802484295098 8.226995013743929
45 6.973903818907825 8.224351240704443
46 7.432096353148832 8.053769633868328
47 3.674386241834634 8.123970230650857
48 4.900593803065062 8.774583141337081
49 1.861000000000000 8.811000000000000
50 7.126643135436652 6.816028655586415
51 5.319700091004175 7.500617318720591
52 4.767241976806750 7.709924724950891
53 6.034948936556226 8.760992624562027
54 4.172000000000000 9.704000000000001
55 9.558999999999999 8.827000000000000
56 4.989246621474041 6.389001765038146
57 6.946120906910615 8.217874368560498
58 7.032577852643432 8.256002172403150
59 3.360742162361692 6.636710283765730
60 7.056887637544652 8.243696786030329
61 9.021000000000001 6.664000000000000
62 9.018000000000001 7.251000000000000
63 1.070000000000000 5.326000000000000
115
1 9
9 2
2 6
6 10
10 7
7 8
8 3
3 4
4 5
5 0
12 13
13 19
19 18
18 14
14 16
16 15
15 17
17 11
20 21
23 13
13 25
25 24
24 2
2 22
23 14
14 3
3 30
30 28
28 27
27 29
29 31
31 26
0 33
33 27
27 35
35 34
34 36
36 32
0 38
38 28
28 41
41 40
40 37
37 39
39 42
42 22
11 43
43 29
29 44
44 45
45 46
46 32
23 47
47 15
15 48
48 0
49 47
47 16
16 4
4 30
30 52
52 51
51 37
37 50
50 21
49 17
17 48
48 5
5 38
38 33
33 43
43 53
53 26
54 55
12 24
24 6
6 56
56 39
39 50
50 32
12 25
25 59
59 7
7 51
51 40
40 34
34 57
57 44
44 58
58 26
23 18
18 8
8 52
52 41
41 35
35 57
57 45
45 60
60 55
61 32
54 53
53 31
31 58
58 60
60 46
46 36
36 62
63 9
9 22
23 19
19 59
59 10
10 56
56 42
42 20
45
0 1.500000000000000 5.800000000000000
1 2.000000000000000 8.199999999999999
2 2.100000000000000 8.100000000000000
3 2.200000000000000 8.400000000000000
4 3.100000000000000 7.600000000000000
5 3.100000000000000 6.200000000000000
6 3.200000000000000 6.700000000000000
7 3.600000000000000 8.699999999999999
8 3.700000000000000 4.800000000000000
9 4.000000000000000 4.500000000000000
10 4.200000000000000 5.000000000000000
11 4.200000000000000 6.200000000000000
12 4.300000000000000 7.900000000000000
13 4.300000000000000 5.400000000000000
14 4.500000000000000 5.500000000000000
15 4.500000000000000 8.000000000000000
16 4.700000000000000 8.600000000000000
17 4.800000000000000 7.600000000000000
18 5.100000000000000 4.500000000000000
19 5.100000000000000 7.800000000000000
20 5.300000000000000 5.700000000000000
21 5.500000000000000 6.400000000000000
22 5.500000000000000 5.600000000000000
23 5.700000000000000 7.500000000000000
24 5.800000000000000 7.800000000000000
25 5.800000000000000 7.100000000000000
26 5.900000000000000 6.700000000000000
27 6.000000000000000 6.000000000000000
28 6.000000000000000 6.700000000000000
29 6.100000000000000 4.300000000000000
30 6.300000000000000 7.600000000000000
31 6.300000000000000 8.800000000000001
32 6.400000000000000 8.400000000000000
33 6.500000000000000 5.000000000000000
34 6.600000000000000 8.600000000000000
35 7.100000000000000 8.600000000000000
36 7.100000000000000 7.300000000000000
37 7.400000000000000 8.500000000000000
38 7.500000000000000 4.800000000000000
39 7.800000000000000 8.600000000000000
40 7.800000000000000 8.600000000000000
41 8.000000000000000 8.300000000000001
42 8.000000000000000 6.000000000000000
43 8.699999999999999 5.400000000000000
44 9.400000000000000 7.800000000000000
