345
0 0.040000000000000 6.990000000000000
1 7.190000000000000 4.140000000000000
2 3.087888864818024 5.775107235701906
3 2.675629325813893 5.939434464535720
4 2.300794306299974 6.088844227558752
5 1.069210494692570 6.579755257360304
6 3.503149966074290 5.609583579956402
7 2.218298888021629 6.121727016662708
8 3.175775921106697 5.740075332146281
9 3.807364290385873 5.488323324811225
10 6.404234503978429 4.453207225686921
11 2.087692821267621 6.173786777536683
12 6.322841871576458 4.485650442798194
13 3.101558522198080 5.769658491151814
14 1.029260480067882 6.595679389063852
15 1.409695798384291 6.444037339105562
16 3.595984139531328 5.572579748578422
17 4.522517065434737 5.203262428463077
18 6.766937644874913 4.308633246448461
19 5.076201081059154 4.982563205451946
20 5.947117902907621 4.635414542197662
21 4.687348748229494 5.137560289167265
22 3.379229158487109 5.658978587176467
23 1.505987671616699 6.405655263761176
24 2.470000000000000 6.960000000000000
25 4.170000000000000 3.700000000000000
26 3.351909537062610 5.268808770103465
27 2.518244661152944 6.867483767436120
28 3.335688270844505 5.299915433557009
29 2.668570720650449 6.579211441576200
30 3.128323222804641 5.697568408033453
31 3.926505771248689 4.166935991605456
32 2.559462227912932 6.788443021766965
33 3.088845746042193 5.773272275236737
34 4.077621720778945 3.877148935447436
35 3.797284269184841 4.414737224974951
36 3.204112575756552 5.552231178255083
37 1.480000000000000 2.840000000000000
38 2.680000000000000 2.330000000000000
39 1.907229831407657 2.658427321651746
40 1.537471720579480 2.815574518753721
41 2.465210918114144 2.421285359801489
42 1.851130607515312 2.682269491805992
43 2.070000000000000 6.540000000000000
44 8.050000000000001 0.610000000000000
45 2.349410086676663 6.262926118061436
46 3.330400716208520 5.290137751318308
47 2.353388715970365 6.258980754898952
48 3.018626656251014 5.599305004754429
49 6.033730310079708 2.609411247696879
50 3.873820691523790 4.751261421281592
51 2.154723299191791 6.455985089597438
52 4.970397917468431 3.663852901239499
53 2.744474937899752 5.871164484657938
54 4.314131958793047 4.314631686347363
55 5.164789220109297 3.471086943938440
56 5.129602991976515 3.505978972839342
57 4.397838651310066 4.231624882563764
58 5.978503185151554 2.664176607366436
59 5.086567125839867 3.548655007319330
60 4.025931701959303 4.600422242037013
61 3.118639382056788 5.500128505753051
62 0.740000000000000 0.500000000000000
63 3.340000000000000 9.810000000000000
64 0.869276773296245 0.962910292072323
65 2.346295662080869 6.251774082297267
66 2.811229857789185 7.916596144622046
67 1.878985170987592 4.578443054574802
68 1.408734729245980 2.894584742030798
69 3.048126808862514 8.764869457888464
70 2.497554108005883 6.793395671359529
71 0.939553515281097 1.214555087410389
72 1.423574294630915 2.947721801159162
73 2.277105679229366 6.004020720625154
74 3.014443847372564 8.644258545784066
75 3.301599509728819 9.672496705990502
76 2.920512474175545 8.307911974836280
77 1.293523391239559 2.482039527861653
78 1.974382569372126 4.920039123405577
79 1.602285047099765 3.587643764807237
80 0.480000000000000 9.869999999999999
81 1.490000000000000 4.230000000000000
82 1.009635918837243 6.912429126493020
83 1.113055418579069 6.334918256647573
84 1.040905370676532 6.737815553845902
85 1.320768235484393 5.175016982047550
86 2.500000000000000 0.070000000000000
87 4.990000000000000 1.460000000000000
88 3.648827013901860 0.711313072017504
89 4.209841100698906 1.024489610430313
90 5.050000000000000 8.470000000000001
91 0.984682581011059 0.952464076718827
92 1.677689048440323 2.233963275190110
93 3.947600581311653 6.431456295372129
94 2.014732211769478 2.857219426404349
95 5.013355765770048 8.402237924173384
96 4.075082022417856 6.667193438206571
97 1.217869652393405 1.383670795725159
98 3.524672334317811 5.649382483645698
99 3.518750883269140 5.638432607808597
100 4.394436927500355 7.257740675679312
101 1.368497250138276 1.662209532158250
102 4.650144465449620 7.730591969752547
103 3.570295355400428 5.733748023791512
104 4.469796094742415 7.397093938537600
105 1.797705764293205 2.455896738147760
106 3.603935422003569 5.795954829087807
107 2.400089433664586 3.569817351811312
108 1.874379902842749 2.597681630082764
109 0.570000000000000 0.990000000000000
110 9.850000000000000 0.150000000000000
111 0.850361624503869 0.964622439161288
112 2.893925671635179 0.779644659033022
113 0.806617684758868 0.968582019914068
114 1.380000000000000 5.270000000000000
115 5.750000000000000 9.710000000000001
116 4.362215905290617 8.299985954116782
117 4.547467863261438 8.488205334755330
118 2.851508267913814 6.765079338566895
119 2.029847181125830 5.930256632539745
120 2.140631409683759 6.042815436841165
121 5.256122300503562 9.208211216072270
122 3.862463986164691 7.792228855508290
123 4.299196481812761 8.235957066189624
124 3.838717929741464 7.768102427471877
125 1.746606853080464 5.642479274068023
126 2.400000000000000 3.280000000000000
127 2.534046634615385 2.825198918269231
128 2.656010768865310 2.411392034206984
129 1.490000000000000 7.590000000000000
130 4.877377226955846 8.427329202168861
131 2.482351640250645 7.835300405455215
132 3.555556852177972 8.100587087055230
133 4.270479488545551 8.277309536494407
134 3.356756882512601 8.051445521519970
135 1.770000000000000 3.340000000000000
136 1.300000000000000 2.280000000000000
137 1.568146329411038 2.884755551437660
138 1.387424687478653 2.477170571760366
139 1.708483754512635 3.201261233581688
140 5.320000000000000 1.790000000000000
141 4.127716317905371 1.935328110504072
142 2.460232293812602 2.138578650754185
143 2.364136444029331 2.150291826474036
144 5.266271558270614 1.796548989166020
145 3.837103538564935 1.970751061219697
146 1.984632520055991 2.196549767455862
147 5.040000000000000 7.410000000000000
148 4.199642032332563 6.657228637413395
149 1.662740215035486 4.384736305299393
150 3.182967064924993 5.746516976468022
151 4.618598509402955 7.032519228141239
152 4.936907863000482 7.317652677279305
153 4.805361172209272 7.199816486655067
154 2.037355406010410 4.720307096088198
155 0.510000000000000 2.950000000000000
156 9.430000000000000 2.400000000000000
157 4.055942949020043 2.731360019959526
158 7.290702990124992 2.531907326842069
159 1.310227697411241 2.900658606101325
160 3.492913574502734 2.766075956729092
161 1.452832239201191 2.891865725161362
162 0.729469641177261 2.936467679075393
163 1.162031178978924 2.909796283807354
164 8.901667749078246 2.432576540135310
165 7.152109630185846 2.540452881546837
166 3.606045117487248 2.759100357105607
167 3.096036604012283 2.790547070380409
168 4.879552906548933 2.680576894775570
169 5.938373122680725 2.615290894901973
170 4.421541611878312 2.708817501509746
171 1.083287808796947 2.914651536453103
172 2.636856318930393 2.818859756119763
173 1.799395586440542 2.870496908907814
174 0.690000000000000 9.199999999999999
175 9.090000000000000 7.650000000000000
176 2.717637210814325 8.825852657528308
177 8.601238504271508 7.740188133140377
178 1.234396529799079 9.099545878429931
179 5.764322685940780 8.263666647237118
180 2.859816254053220 8.799617238835417
181 4.061788355774700 8.577824767684429
182 8.192604926051427 7.815590757692892
183 8.430570716054749 7.771680403585136
184 1.729292366574526 9.008225813310652
185 7.213486112773202 7.996261491095421
186 3.800000000000000 5.570000000000000
187 4.240000000000000 0.690000000000000
188 4.023730876123149 3.088621192088719
189 3.816738603119533 5.384353674492452
190 3.996526443576481 3.390343080333579
191 4.034503824119301 2.969139405222299
192 3.963977023090817 3.751345743901844
193 4.095141035350951 2.296617607925818
194 3.896871062680904 4.495611850266339
195 4.091503690599646 2.336959067894833
196 7.430000000000000 2.230000000000000
197 5.432839961513791 6.558572803078897
198 6.203703728767680 4.887830412126954
199 7.374086792035282 2.351184275003030
200 6.805068530236542 3.584453980491511
201 5.728843958175585 5.917024391903963
202 6.525539539959542 4.190295055652539
203 5.371058444546710 6.692475839852738
204 5.368729218838676 6.697524119839188
205 5.793587804149915 5.776700909834076
206 6.779480484461722 3.639912590162460
207 6.182825411312842 4.933081326108568
208 5.260407664707230 6.932296358500648
209 5.305994003700124 6.833494167712703
210 9.340000000000000 5.570000000000000
211 6.970000000000000 4.670000000000000
212 7.574366982258121 4.899506448958780
213 8.822216994335221 5.373373542152616
214 7.040000000000000 6.430000000000000
215 2.239766899766900 6.814018648018648
216 1.054914296658048 6.908806856267356
217 1.440105469338556 6.877991562452916
218 6.737900824922807 6.454167934006175
219 4.851249867710869 6.605100010583130
220 5.060682073831680 6.588345434093466
221 5.465882352941176 6.555929411764706
222 5.151448792672773 6.581084096586178
223 6.427977337944228 6.478961812964462
224 5.969073990013617 6.515674080798910
225 4.922029802997137 6.599437615760229
226 1.354917668583377 6.884806586513330
227 2.740000000000000 8.920000000000000
228 0.904697150788449 1.193375004819370
229 1.353281830337246 3.081916505719804
230 2.061899318928809 6.065196132690287
231 2.634544318775640 8.476031582045444
232 1.211799774050578 2.486277048752934
233 1.869161592249483 5.253770303370325
234 1.533152058990973 3.839170168351995
235 8.279999999999999 2.130000000000000
236 9.960000000000001 0.960000000000000
237 9.534551637279597 1.256294395465996
238 6.330000000000000 4.490000000000000
239 5.474979450436973 3.970456263286356
240 4.587497528164993 3.431187734128034
241 2.961185019159857 2.442977008170052
242 4.390567719091177 3.311525523753319
243 5.370113208381548 3.906735456481844
244 0.832324099088786 1.149398324099089
245 2.889297999297999 2.399295659295659
246 2.066349242252884 1.899239990952273
247 0.820000000000000 4.100000000000000
248 0.824146618677780 4.092083727978784
249 1.195236142748671 3.383640091116173
250 1.159627842866988 3.451619572708477
251 9.029999999999999 6.820000000000000
252 7.730000000000000 9.609999999999999
253 8.528776993544458 7.895701683085353
254 8.201338284089113 8.598435528762595
255 1.060000000000000 6.350000000000000
256 1.396404871427494 6.254372219289646
257 3.496524522778017 5.657383892002188
258 4.558235226208648 5.355577803717338
259 5.238483513507054 5.162207732201041
260 6.157413206169572 4.900989139362964
261 4.852727111871304 5.271864374290391
262 3.414747865220401 5.680630048465266
263 1.569169123131016 6.205261569059203
264 1.250000000000000 9.289999999999999
265 1.115230965398659 7.645025018836575
266 0.970992930210514 5.884472530510684
267 1.120000000000000 2.310000000000000
268 1.239242261188833 4.011619294802811
269 1.425005321646580 6.662508373767412
270 1.289323443470443 4.726291301416049
271 9.850000000000000 0.670000000000000
272 4.970000000000000 9.740000000000000
273 7.657410640199485 4.745160961760384
274 6.329844817673933 7.212583504856030
275 6.613853100832500 6.684723847428118
276 7.000629863673343 5.965858019771062
277 7.045196884425380 5.883025462758566
278 6.230569983961594 7.397096361776298
279 9.510000000000000 0.530000000000000
280 3.470000000000000 5.680000000000000
281 4.440303136238373 4.852671994763639
282 5.993475460967596 3.528361154969683
283 5.694782583793788 3.783041339977150
284 4.733234839457072 4.602904069005973
285 6.401980870146672 3.180049423633219
286 5.442499823122898 3.998149985251171
287 4.389687707851645 4.895829189497356
288 4.888005291169008 6.761838655444850
289 4.997786733295720 7.229987104054163
290 4.801660698617468 6.393633553874489
291 4.258494384344522 4.077372604503653
292 4.464710897157217 4.956755664888822
293 4.968254770112980 7.104051950711677
294 4.837895234139284 6.548150940984760
295 7.030000000000000 3.600000000000000
296 5.040969859612382 3.462529234357659
297 3.613979962287297 3.363903582706681
298 4.312556375563756 3.412185321853218
299 6.729677386282082 3.579243361470900
300 5.017059859686559 3.460876707364946
301 2.489514372265231 3.286186738471895
302 5.096967976486975 6.551887966886609
303 5.829233484311104 5.816160210798537
304 6.415589878476174 5.227031445975475
305 3.953835705996765 7.700425118088356
306 5.001454371552759 6.647853172789781
307 1.160000000000000 1.560000000000000
308 8.835309067959191 5.322590386615692
309 4.484829128922947 3.189897898163939
310 5.004028475546021 3.444419827254223
311 2.873726466313626 2.400103072117071
312 2.040899291226965 1.991834493621043
313 5.720000000000000 6.190000000000000
314 3.220000000000000 9.789999999999999
315 5.367871788216974 6.697064624967558
316 5.165955086580087 6.987824675324674
317 5.282903636981644 6.819418762746431
318 8.259591154497896 7.555756284122516
319 8.019379883853286 8.487517490882992
320 7.370000000000000 7.770000000000000
321 5.520972824050025 6.779111077503731
322 7.260000000000000 7.400000000000000
323 6.290460311626404 6.326732266363727
324 2.749162468074416 2.406561946099846
325 5.190000000000000 2.280000000000000
326 4.260000000000000 3.480000000000000
327 4.641949110845575 2.987162437618613
328 9.910000000000000 9.640000000000001
329 2.720000000000000 0.560000000000000
330 6.970030687468598 5.927215388346992
331 4.125682101353310 2.335186854003902
332 1.330000000000000 4.650000000000000
333 1.323281408393593 4.602742109887139
334 5.540000000000000 5.830000000000000
335 2.472819825421306 3.339137119370806
336 8.190000000000000 5.210000000000000
337 5.366122299997205 6.870147120462738
338 1.140000000000000 2.490000000000000
339 1.915021972227105 2.449813675514150
340 3.020000000000000 5.440000000000000
341 0.770000000000000 8.740000000000000
342 2.750000000000000 2.460000000000000
343 2.330000000000000 0.940000000000000
344 0.920000000000000 6.070000000000000
604
0 14
14 5
5 15
15 23
23 11
11 7
7 4
4 3
3 2
2 13
13 8
8 22
22 6
6 16
16 9
9 17
17 21
21 19
19 20
20 12
12 10
10 18
18 1
24 27
27 32
32 29
29 2
2 33
33 30
30 36
36 28
28 26
26 35
35 31
31 34
34 25
37 40
40 42
42 39
39 41
41 38
43 51
51 45
45 47
47 3
3 53
53 48
48 61
61 46
46 26
26 50
50 60
60 54
54 57
57 52
52 59
59 56
56 55
55 58
58 49
49 44
62 64
64 71
71 77
77 68
68 72
72 79
79 67
67 78
78 73
73 4
4 65
65 45
45 70
70 27
27 66
66 76
76 74
74 69
69 75
75 63
80 82
82 84
84 5
5 83
83 85
85 81
86 88
88 89
89 87
62 91
91 97
97 101
101 92
92 105
105 108
108 39
39 94
94 107
107 46
46 28
28 6
6 99
99 98
98 103
103 106
106 93
93 96
96 100
100 104
104 102
102 95
95 90
109 113
113 111
111 64
64 91
91 112
112 88
88 110
114 125
125 119
119 120
120 7
7 65
65 47
47 29
29 118
118 124
124 122
122 123
123 116
116 117
117 121
121 115
126 127
127 128
128 38
129 131
131 66
66 134
134 132
132 133
133 116
116 130
130 90
136 138
138 40
40 137
137 139
139 135
136 92
92 146
146 143
143 142
142 145
145 141
141 144
144 140
81 149
149 67
67 154
154 48
48 30
30 8
8 150
150 93
93 148
148 151
151 153
153 152
152 147
155 162
162 171
171 163
163 159
159 68
68 161
161 137
137 173
173 94
94 127
127 172
172 167
167 160
160 166
166 157
157 170
170 168
168 169
169 49
49 165
165 158
158 164
164 156
174 178
178 184
184 176
176 180
180 69
69 181
181 117
117 130
130 95
95 179
179 185
185 182
182 183
183 177
177 175
186 9
9 189
189 50
50 194
194 31
31 192
192 190
190 188
188 191
191 157
157 195
195 193
193 141
141 89
89 187
147 208
208 209
209 204
204 203
203 197
197 201
201 205
205 207
207 198
198 10
10 202
202 206
206 200
200 158
158 199
199 196
211 212
212 213
213 210
0 82
82 216
216 226
226 217
217 215
215 70
70 32
32 118
118 96
96 148
148 219
219 225
225 220
220 222
222 197
197 221
221 224
224 223
223 218
218 214
62 111
111 228
228 232
232 159
159 229
229 234
234 149
149 233
233 119
119 230
230 11
11 51
51 215
215 131
131 231
231 176
176 227
235 237
237 236
109 244
244 228
228 71
71 97
97 246
246 142
142 245
245 241
241 160
160 188
188 242
242 240
240 52
52 243
243 239
239 12
12 238
247 248
248 250
250 249
249 229
229 72
72 161
161 37
252 254
254 253
253 177
177 251
255 83
83 256
256 263
263 230
230 120
120 73
73 53
53 33
33 13
13 150
150 262
262 257
257 98
98 258
258 261
261 259
259 260
260 198
198 211
109 162
162 248
248 266
266 14
14 84
84 216
216 265
265 178
178 264
267 163
163 249
249 268
268 270
270 85
85 256
256 15
15 269
269 217
217 129
272 121
121 179
179 278
278 274
274 275
275 218
218 276
276 277
277 212
212 273
273 164
164 237
237 271
280 257
257 99
99 16
16 189
189 287
287 281
281 284
284 286
286 239
239 283
283 282
282 285
285 165
165 199
199 279
25 291
291 54
54 281
281 292
292 17
17 258
258 290
290 294
294 219
219 288
288 293
293 289
289 147
126 301
301 297
297 190
190 298
298 240
240 300
300 296
296 55
55 282
282 299
299 200
200 295
227 180
180 74
74 132
132 122
122 305
305 100
100 151
151 288
288 306
306 220
220 302
302 201
201 303
303 304
304 211
307 101
101 312
312 143
143 311
311 241
241 166
166 191
191 309
309 310
310 296
296 56
56 283
283 202
202 18
18 273
273 308
308 210
314 75
75 181
181 133
133 123
123 102
102 152
152 289
289 316
316 317
317 315
315 203
203 221
221 313
187 110
252 319
319 182
182 318
318 213
213 308
308 236
280 103
103 290
290 302
302 222
222 315
315 204
204 321
321 274
274 320
38 324
324 167
167 297
297 192
192 34
34 291
291 57
57 284
284 19
19 259
259 205
205 303
303 323
323 223
223 275
275 322
326 298
298 242
242 309
309 327
327 168
168 325
87 144
144 169
169 58
58 285
285 299
299 206
206 1
329 112
112 145
145 193
193 331
331 170
170 327
327 310
310 300
300 59
59 243
243 286
286 20
20 260
260 207
207 304
304 330
330 276
276 318
318 183
183 253
253 328
62 113
113 244
244 171
171 250
250 268
268 333
333 332
126 335
335 35
35 194
194 60
60 287
287 292
292 21
21 261
261 334
264 184
184 231
231 76
76 134
134 124
124 305
305 104
104 153
153 293
293 316
316 208
208 337
337 321
321 224
224 323
323 330
330 277
277 336
338 232
232 77
77 138
138 105
105 339
339 41
41 128
128 324
324 311
311 245
245 195
195 331
331 325
340 61
61 36
36 22
22 262
262 106
106 294
294 225
225 306
306 317
317 209
209 337
337 278
278 185
185 319
319 254
254 328
341 265
265 226
226 269
269 23
23 263
263 125
125 233
233 78
78 154
154 107
107 335
335 301
301 172
172 342
344 266
266 270
270 333
333 234
234 79
79 139
139 173
173 42
42 108
108 339
339 146
146 312
312 246
246 343
766
0 0.600000000000000 2.800000000000000
1 0.600000000000000 5.600000000000000
2 0.600000000000000 6.600000000000000
3 0.600000000000000 3.400000000000000
4 0.600000000000000 2.400000000000000
5 0.700000000000000 2.700000000000000
6 0.700000000000000 5.700000000000000
7 0.700000000000000 4.400000000000000
8 0.700000000000000 6.300000000000000
9 0.700000000000000 2.700000000000000
10 0.700000000000000 2.200000000000000
11 0.700000000000000 3.800000000000000
12 0.700000000000000 3.500000000000000
13 0.700000000000000 5.100000000000000
14 0.700000000000000 1.400000000000000
15 0.700000000000000 2.000000000000000
16 0.700000000000000 5.000000000000000
17 0.800000000000000 3.900000000000000
18 0.800000000000000 3.900000000000000
19 0.800000000000000 4.600000000000000
20 0.800000000000000 0.800000000000000
21 0.900000000000000 1.700000000000000
22 0.900000000000000 1.900000000000000
23 0.900000000000000 6.400000000000000
24 0.900000000000000 3.800000000000000
25 0.900000000000000 4.400000000000000
26 0.900000000000000 3.000000000000000
27 0.900000000000000 2.900000000000000
28 1.000000000000000 4.500000000000000
29 1.000000000000000 4.900000000000000
30 1.000000000000000 4.200000000000000
31 1.000000000000000 3.500000000000000
32 1.000000000000000 5.600000000000000
33 1.000000000000000 1.700000000000000
34 1.000000000000000 2.300000000000000
35 1.000000000000000 2.200000000000000
36 1.000000000000000 3.600000000000000
37 1.100000000000000 3.400000000000000
38 1.100000000000000 1.400000000000000
39 1.100000000000000 5.500000000000000
40 1.100000000000000 1.800000000000000
41 1.100000000000000 2.700000000000000
42 1.200000000000000 3.800000000000000
43 1.200000000000000 2.800000000000000
44 1.200000000000000 1.800000000000000
45 1.200000000000000 4.400000000000000
46 1.200000000000000 4.800000000000000
47 1.200000000000000 2.500000000000000
48 1.300000000000000 6.800000000000000
49 1.300000000000000 5.200000000000000
50 1.300000000000000 6.800000000000000
51 1.300000000000000 3.200000000000000
52 1.300000000000000 9.000000000000000
53 1.300000000000000 7.100000000000000
54 1.300000000000000 3.600000000000000
55 1.300000000000000 3.800000000000000
56 1.300000000000000 7.700000000000000
57 1.300000000000000 1.500000000000000
58 1.400000000000000 2.100000000000000
59 1.400000000000000 6.000000000000000
60 1.400000000000000 8.100000000000000
61 1.400000000000000 6.400000000000000
62 1.400000000000000 3.200000000000000
63 1.400000000000000 7.900000000000000
64 1.400000000000000 5.500000000000000
65 1.400000000000000 2.100000000000000
66 1.400000000000000 7.800000000000000
67 1.400000000000000 6.400000000000000
68 1.400000000000000 6.500000000000000
69 1.500000000000000 3.400000000000000
70 1.500000000000000 9.100000000000000
71 1.500000000000000 8.199999999999999
72 1.500000000000000 1.100000000000000
73 1.500000000000000 2.700000000000000
74 1.500000000000000 3.300000000000000
75 1.500000000000000 8.800000000000001
76 1.500000000000000 7.800000000000000
77 1.600000000000000 8.300000000000001
78 1.600000000000000 7.600000000000000
79 1.600000000000000 1.600000000000000
80 1.600000000000000 7.300000000000000
81 1.600000000000000 4.500000000000000
82 1.600000000000000 8.000000000000000
83 1.600000000000000 7.000000000000000
84 1.600000000000000 8.199999999999999
85 1.700000000000000 6.900000000000000
86 1.700000000000000 6.300000000000000
87 1.700000000000000 3.300000000000000
88 1.700000000000000 1.000000000000000
89 1.700000000000000 4.500000000000000
90 1.700000000000000 0.900000000000000
91 1.700000000000000 2.600000000000000
92 1.700000000000000 8.900000000000000
93 1.700000000000000 6.300000000000000
94 1.800000000000000 6.100000000000000
95 1.800000000000000 7.700000000000000
96 1.800000000000000 8.100000000000000
97 1.800000000000000 5.500000000000000
98 1.800000000000000 4.900000000000000
99 1.800000000000000 4.400000000000000
100 1.800000000000000 4.500000000000000
101 1.900000000000000 5.800000000000000
102 1.900000000000000 6.300000000000000
103 1.900000000000000 0.900000000000000
104 1.900000000000000 8.400000000000000
105 2.000000000000000 3.800000000000000
106 2.000000000000000 6.000000000000000
107 2.000000000000000 8.000000000000000
108 2.000000000000000 1.500000000000000
109 2.000000000000000 2.800000000000000
110 2.000000000000000 7.100000000000000
111 2.100000000000000 3.200000000000000
112 2.100000000000000 2.000000000000000
113 2.100000000000000 5.800000000000000
114 2.100000000000000 8.199999999999999
115 2.100000000000000 7.400000000000000
116 2.100000000000000 3.000000000000000
117 2.100000000000000 5.200000000000000
118 2.100000000000000 1.900000000000000
119 2.100000000000000 8.100000000000000
120 2.100000000000000 7.900000000000000
121 2.200000000000000 2.200000000000000
122 2.200000000000000 1.500000000000000
123 2.200000000000000 7.400000000000000
124 2.200000000000000 5.100000000000000
125 2.200000000000000 1.400000000000000
126 2.200000000000000 2.400000000000000
127 2.200000000000000 5.300000000000000
128 2.200000000000000 6.500000000000000
129 2.300000000000000 4.100000000000000
130 2.300000000000000 2.400000000000000
131 2.300000000000000 2.800000000000000
132 2.300000000000000 2.400000000000000
133 2.300000000000000 6.200000000000000
134 2.300000000000000 5.300000000000000
135 2.300000000000000 6.800000000000000
136 2.300000000000000 7.800000000000000
137 2.400000000000000 7.900000000000000
138 2.400000000000000 3.700000000000000
139 2.400000000000000 3.400000000000000
140 2.400000000000000 4.900000000000000
141 2.400000000000000 7.900000000000000
142 2.400000000000000 5.600000000000000
143 2.500000000000000 2.700000000000000
144 2.500000000000000 1.100000000000000
145 2.500000000000000 5.500000000000000
146 2.500000000000000 6.000000000000000
147 2.500000000000000 7.200000000000000
148 2.600000000000000 8.500000000000000
149 2.600000000000000 3.900000000000000
150 2.600000000000000 1.900000000000000
151 2.600000000000000 1.300000000000000
152 2.600000000000000 7.700000000000000
153 2.600000000000000 0.900000000000000
154 2.600000000000000 4.300000000000000
155 2.700000000000000 7.600000000000000
156 2.700000000000000 7.900000000000000
157 2.700000000000000 6.900000000000000
158 2.700000000000000 2.400000000000000
159 2.800000000000000 4.000000000000000
160 2.800000000000000 7.100000000000000
161 2.800000000000000 2.400000000000000
162 2.800000000000000 5.700000000000000
163 2.800000000000000 5.300000000000000
164 2.800000000000000 7.700000000000000
165 2.800000000000000 3.500000000000000
166 2.800000000000000 6.600000000000000
167 2.800000000000000 7.700000000000000
168 2.900000000000000 8.100000000000000
169 2.900000000000000 2.200000000000000
170 2.900000000000000 2.700000000000000
171 2.900000000000000 3.100000000000000
172 3.000000000000000 2.200000000000000
173 3.000000000000000 7.700000000000000
174 3.000000000000000 5.800000000000000
175 3.000000000000000 3.900000000000000
176 3.000000000000000 5.800000000000000
177 3.100000000000000 1.600000000000000
178 3.100000000000000 1.000000000000000
179 3.100000000000000 5.500000000000000
180 3.100000000000000 5.900000000000000
181 3.100000000000000 2.300000000000000
182 3.100000000000000 5.100000000000000
183 3.100000000000000 0.800000000000000
184 3.200000000000000 5.300000000000000
185 3.200000000000000 4.800000000000000
186 3.200000000000000 2.600000000000000
187 3.200000000000000 5.500000000000000
188 3.200000000000000 8.100000000000000
189 3.200000000000000 7.000000000000000
190 3.200000000000000 4.600000000000000
191 3.200000000000000 2.400000000000000
192 3.200000000000000 8.900000000000000
193 3.200000000000000 8.800000000000001
194 3.200000000000000 4.300000000000000
195 3.300000000000000 2.400000000000000
196 3.300000000000000 2.900000000000000
197 3.300000000000000 7.200000000000000
198 3.300000000000000 8.900000000000000
199 3.300000000000000 6.200000000000000
200 3.300000000000000 6.800000000000000
201 3.300000000000000 2.900000000000000
202 3.300000000000000 7.800000000000000
203 3.400000000000000 7.300000000000000
204 3.400000000000000 7.700000000000000
205 3.400000000000000 2.100000000000000
206 3.400000000000000 4.100000000000000
207 3.400000000000000 1.000000000000000
208 3.400000000000000 7.300000000000000
209 3.400000000000000 5.500000000000000
210 3.400000000000000 9.500000000000000
211 3.400000000000000 8.900000000000000
212 3.400000000000000 4.400000000000000
213 3.400000000000000 5.200000000000000
214 3.400000000000000 6.800000000000000
215 3.400000000000000 9.400000000000000
216 3.500000000000000 7.700000000000000
217 3.500000000000000 3.800000000000000
218 3.500000000000000 6.900000000000000
219 3.500000000000000 2.100000000000000
220 3.500000000000000 8.500000000000000
221 3.500000000000000 2.200000000000000
222 3.600000000000000 3.800000000000000
223 3.600000000000000 8.100000000000000
224 3.600000000000000 3.200000000000000
225 3.600000000000000 5.700000000000000
226 3.600000000000000 5.100000000000000
227 3.600000000000000 7.500000000000000
228 3.600000000000000 9.000000000000000
229 3.600000000000000 8.000000000000000
230 3.700000000000000 1.800000000000000
231 3.700000000000000 2.300000000000000
232 3.700000000000000 8.500000000000000
233 3.700000000000000 4.100000000000000
234 3.700000000000000 5.800000000000000
235 3.700000000000000 6.300000000000000
236 3.800000000000000 4.900000000000000
237 3.800000000000000 2.200000000000000
238 3.800000000000000 4.100000000000000
239 3.800000000000000 4.300000000000000
240 3.800000000000000 1.600000000000000
241 3.800000000000000 2.100000000000000
242 3.800000000000000 8.100000000000000
243 3.800000000000000 6.000000000000000
244 3.800000000000000 5.300000000000000
245 3.800000000000000 3.200000000000000
246 3.900000000000000 7.000000000000000
247 3.900000000000000 1.000000000000000
248 3.900000000000000 8.000000000000000
249 3.900000000000000 4.900000000000000
250 3.900000000000000 3.900000000000000
251 3.900000000000000 7.500000000000000
252 3.900000000000000 5.400000000000000
253 3.900000000000000 0.700000000000000
254 3.900000000000000 6.200000000000000
255 3.900000000000000 1.900000000000000
256 4.000000000000000 0.700000000000000
257 4.000000000000000 1.900000000000000
258 4.000000000000000 7.400000000000000
259 4.000000000000000 4.800000000000000
260 4.000000000000000 5.800000000000000
261 4.000000000000000 3.100000000000000
262 4.000000000000000 7.800000000000000
263 4.000000000000000 7.200000000000000
264 4.000000000000000 6.400000000000000
265 4.000000000000000 8.000000000000000
266 4.100000000000000 1.400000000000000
267 4.100000000000000 2.600000000000000
268 4.100000000000000 5.000000000000000
269 4.100000000000000 5.600000000000000
270 4.200000000000000 6.800000000000000
271 4.200000000000000 5.300000000000000
272 4.200000000000000 7.400000000000000
273 4.200000000000000 5.600000000000000
274 4.200000000000000 1.500000000000000
275 4.200000000000000 6.000000000000000
276 4.200000000000000 4.800000000000000
277 4.300000000000000 4.400000000000000
278 4.300000000000000 1.500000000000000
279 4.300000000000000 2.400000000000000
280 4.300000000000000 1.100000000000000
281 4.300000000000000 2.500000000000000
282 4.300000000000000 2.200000000000000
283 4.300000000000000 4.000000000000000
284 4.300000000000000 2.200000000000000
285 4.300000000000000 1.100000000000000
286 4.300000000000000 4.700000000000000
287 4.300000000000000 4.200000000000000
288 4.300000000000000 5.600000000000000
289 4.400000000000000 4.600000000000000
290 4.400000000000000 3.800000000000000
291 4.400000000000000 0.700000000000000
292 4.400000000000000 6.900000000000000
293 4.400000000000000 1.000000000000000
294 4.400000000000000 5.200000000000000
295 4.400000000000000 7.200000000000000
296 4.400000000000000 1.000000000000000
297 4.400000000000000 5.000000000000000
298 4.400000000000000 1.400000000000000
299 4.500000000000000 5.100000000000000
300 4.500000000000000 1.000000000000000
301 4.500000000000000 5.300000000000000
302 4.500000000000000 7.900000000000000
303 4.500000000000000 7.200000000000000
304 4.500000000000000 3.900000000000000
305 4.500000000000000 3.000000000000000
306 4.500000000000000 2.600000000000000
307 4.600000000000000 6.900000000000000
308 4.600000000000000 6.700000000000000
309 4.600000000000000 2.000000000000000
310 4.600000000000000 6.100000000000000
311 4.600000000000000 8.500000000000000
312 4.600000000000000 5.600000000000000
313 4.600000000000000 8.000000000000000
314 4.600000000000000 5.400000000000000
315 4.700000000000000 0.800000000000000
316 4.700000000000000 7.300000000000000
317 4.700000000000000 4.900000000000000
318 4.700000000000000 2.400000000000000
319 4.700000000000000 8.600000000000000
320 4.700000000000000 6.100000000000000
321 4.700000000000000 4.300000000000000
322 4.700000000000000 0.900000000000000
323 4.700000000000000 7.700000000000000
324 4.700000000000000 2.000000000000000
325 4.700000000000000 5.800000000000000
326 4.800000000000000 5.000000000000000
327 4.800000000000000 4.300000000000000
328 4.800000000000000 3.900000000000000
329 4.800000000000000 7.900000000000000
330 4.800000000000000 5.100000000000000
331 4.900000000000000 2.100000000000000
332 4.900000000000000 6.100000000000000
333 4.900000000000000 6.300000000000000
334 4.900000000000000 7.300000000000000
335 4.900000000000000 3.000000000000000
336 4.900000000000000 2.900000000000000
337 5.000000000000000 2.800000000000000
338 5.000000000000000 8.800000000000001
339 5.000000000000000 3.500000000000000
340 5.000000000000000 5.800000000000000
341 5.000000000000000 1.800000000000000
342 5.000000000000000 7.500000000000000
343 5.000000000000000 8.600000000000000
344 5.000000000000000 5.000000000000000
345 5.000000000000000 3.900000000000000
346 5.000000000000000 5.700000000000000
347 5.000000000000000 2.900000000000000
348 5.100000000000000 1.600000000000000
349 5.100000000000000 7.000000000000000
350 5.200000000000000 6.100000000000000
351 5.200000000000000 3.000000000000000
352 5.200000000000000 5.900000000000000
353 5.200000000000000 7.600000000000000
354 5.200000000000000 2.600000000000000
355 5.200000000000000 4.200000000000000
356 5.200000000000000 6.200000000000000
357 5.200000000000000 4.900000000000000
358 5.300000000000000 7.500000000000000
359 5.300000000000000 9.100000000000000
360 5.300000000000000 3.700000000000000
361 5.300000000000000 3.200000000000000
362 5.300000000000000 3.300000000000000
363 5.300000000000000 6.200000000000000
364 5.300000000000000 5.200000000000000
365 5.300000000000000 8.300000000000001
366 5.300000000000000 8.900000000000000
367 5.400000000000000 5.300000000000000
368 5.400000000000000 7.400000000000000
369 5.400000000000000 5.000000000000000
370 5.400000000000000 1.100000000000000
371 5.400000000000000 5.200000000000000
372 5.400000000000000 4.700000000000000
373 5.400000000000000 8.000000000000000
374 5.400000000000000 8.100000000000000
375 5.500000000000000 6.700000000000000
376 5.500000000000000 5.200000000000000
377 5.500000000000000 2.300000000000000
378 5.500000000000000 0.900000000000000
379 5.500000000000000 8.600000000000000
380 5.500000000000000 4.800000000000000
381 5.600000000000000 1.300000000000000
382 5.600000000000000 7.500000000000000
383 5.600000000000000 3.500000000000000
384 5.600000000000000 1.800000000000000
385 5.600000000000000 3.700000000000000
386 5.600000000000000 3.400000000000000
387 5.600000000000000 3.700000000000000
388 5.600000000000000 2.100000000000000
389 5.600000000000000 6.700000000000000
390 5.600000000000000 4.900000000000000
391 5.600000000000000 3.600000000000000
392 5.600000000000000 7.700000000000000
393 5.700000000000000 6.000000000000000
394 5.700000000000000 1.200000000000000
395 5.700000000000000 3.600000000000000
396 5.700000000000000 3.000000000000000
397 5.700000000000000 5.400000000000000
398 5.700000000000000 8.100000000000000
399 5.700000000000000 2.100000000000000
400 5.700000000000000 1.400000000000000
401 5.700000000000000 1.200000000000000
402 5.700000000000000 4.900000000000000
403 5.700000000000000 5.900000000000000
404 5.800000000000000 4.400000000000000
405 5.800000000000000 7.400000000000000
406 5.800000000000000 7.200000000000000
407 5.800000000000000 0.600000000000000
408 5.800000000000000 4.300000000000000
409 5.800000000000000 2.800000000000000
410 5.800000000000000 1.600000000000000
411 5.800000000000000 2.600000000000000
412 5.800000000000000 3.600000000000000
413 5.800000000000000 7.700000000000000
414 5.800000000000000 6.700000000000000
415 5.900000000000000 3.800000000000000
416 5.900000000000000 2.400000000000000
417 5.900000000000000 5.600000000000000
418 5.900000000000000 5.200000000000000
419 5.900000000000000 4.100000000000000
420 5.900000000000000 7.400000000000000
421 5.900000000000000 2.800000000000000
422 6.000000000000000 6.800000000000000
423 6.000000000000000 5.400000000000000
424 6.000000000000000 3.800000000000000
425 6.000000000000000 5.500000000000000
426 6.000000000000000 3.600000000000000
427 6.000000000000000 1.600000000000000
428 6.000000000000000 7.400000000000000
429 6.000000000000000 5.800000000000000
430 6.000000000000000 7.900000000000000
431 6.100000000000000 8.199999999999999
432 6.100000000000000 0.600000000000000
433 6.100000000000000 0.500000000000000
434 6.100000000000000 6.900000000000000
435 6.100000000000000 5.900000000000000
436 6.100000000000000 5.400000000000000
437 6.100000000000000 6.400000000000000
438 6.200000000000000 5.400000000000000
439 6.200000000000000 1.300000000000000
440 6.200000000000000 4.200000000000000
441 6.200000000000000 2.700000000000000
442 6.200000000000000 2.200000000000000
443 6.200000000000000 3.100000000000000
444 6.200000000000000 1.900000000000000
445 6.300000000000000 2.800000000000000
446 6.300000000000000 7.400000000000000
447 6.300000000000000 5.000000000000000
448 6.300000000000000 2.300000000000000
449 6.400000000000000 2.200000000000000
450 6.400000000000000 3.200000000000000
451 6.400000000000000 2.400000000000000
452 6.400000000000000 4.600000000000000
453 6.500000000000000 5.100000000000000
454 6.500000000000000 5.600000000000000
455 6.500000000000000 2.800000000000000
456 6.500000000000000 1.500000000000000
457 6.600000000000000 6.000000000000000
458 6.600000000000000 2.500000000000000
459 6.600000000000000 0.500000000000000
460 6.600000000000000 2.300000000000000
461 6.600000000000000 3.300000000000000
462 6.600000000000000 3.900000000000000
463 6.600000000000000 7.300000000000000
464 6.600000000000000 4.300000000000000
465 6.700000000000000 3.100000000000000
466 6.700000000000000 6.800000000000000
467 6.700000000000000 5.100000000000000
468 6.700000000000000 7.500000000000000
469 6.700000000000000 6.200000000000000
470 6.700000000000000 5.400000000000000
471 6.700000000000000 7.200000000000000
472 6.700000000000000 6.700000000000000
473 6.700000000000000 1.100000000000000
474 6.800000000000000 0.600000000000000
475 6.800000000000000 1.500000000000000
476 6.800000000000000 7.900000000000000
477 6.800000000000000 6.500000000000000
478 6.800000000000000 1.200000000000000
479 6.800000000000000 7.900000000000000
480 6.800000000000000 4.600000000000000
481 6.800000000000000 7.600000000000000
482 6.900000000000000 6.900000000000000
483 6.900000000000000 1.100000000000000
484 6.900000000000000 2.800000000000000
485 6.900000000000000 6.600000000000000
486 6.900000000000000 4.700000000000000
487 6.900000000000000 7.000000000000000
488 6.900000000000000 2.300000000000000
489 6.900000000000000 5.600000000000000
490 6.900000000000000 6.500000000000000
491 6.900000000000000 4.500000000000000
492 6.900000000000000 6.300000000000000
493 7.000000000000000 2.500000000000000
494 7.000000000000000 3.200000000000000
495 7.000000000000000 1.500000000000000
496 7.000000000000000 6.200000000000000
497 7.000000000000000 5.300000000000000
498 7.000000000000000 1.800000000000000
499 7.000000000000000 3.100000000000000
500 7.100000000000000 7.500000000000000
501 7.100000000000000 7.000000000000000
502 7.100000000000000 4.300000000000000
503 7.100000000000000 1.200000000000000
504 7.100000000000000 6.200000000000000
505 7.100000000000000 0.600000000000000
506 7.100000000000000 2.800000000000000
507 7.100000000000000 3.800000000000000
508 7.100000000000000 3.800000000000000
509 7.100000000000000 4.900000000000000
510 7.200000000000000 3.800000000000000
511 7.200000000000000 2.600000000000000
512 7.200000000000000 6.400000000000000
513 7.200000000000000 1.700000000000000
514 7.200000000000000 2.200000000000000
515 7.200000000000000 1.500000000000000
516 7.200000000000000 7.400000000000000
517 7.200000000000000 7.200000000000000
518 7.200000000000000 4.300000000000000
519 7.200000000000000 1.600000000000000
520 7.200000000000000 0.800000000000000
521 7.300000000000000 6.100000000000000
522 7.300000000000000 6.900000000000000
523 7.300000000000000 2.800000000000000
524 7.300000000000000 1.600000000000000
525 7.400000000000000 1.500000000000000
526 7.400000000000000 6.200000000000000
527 7.400000000000000 2.900000000000000
528 7.400000000000000 5.300000000000000
529 7.400000000000000 4.800000000000000
530 7.400000000000000 6.600000000000000
531 7.400000000000000 7.600000000000000
532 7.400000000000000 6.900000000000000
533 7.400000000000000 2.000000000000000
534 7.400000000000000 1.800000000000000
535 7.500000000000000 0.700000000000000
536 7.500000000000000 2.900000000000000
537 7.500000000000000 0.900000000000000
538 7.500000000000000 0.600000000000000
539 7.500000000000000 6.600000000000000
540 7.600000000000000 4.200000000000000
541 7.600000000000000 0.400000000000000
542 7.600000000000000 0.800000000000000
543 7.600000000000000 6.000000000000000
544 7.600000000000000 1.400000000000000
545 7.600000000000000 4.000000000000000
546 7.600000000000000 2.300000000000000
547 7.700000000000000 4.400000000000000
548 7.700000000000000 3.600000000000000
549 7.700000000000000 6.800000000000000
550 7.700000000000000 0.600000000000000
551 7.700000000000000 1.400000000000000
552 7.700000000000000 6.500000000000000
553 7.700000000000000 1.500000000000000
554 7.700000000000000 7.800000000000000
555 7.700000000000000 4.500000000000000
556 7.700000000000000 8.100000000000000
557 7.700000000000000 6.900000000000000
558 7.800000000000000 4.800000000000000
559 7.800000000000000 4.300000000000000
560 7.800000000000000 8.100000000000000
561 7.800000000000000 5.500000000000000
562 7.800000000000000 6.200000000000000
563 7.800000000000000 3.300000000000000
564 7.800000000000000 3.800000000000000
565 7.800000000000000 2.800000000000000
566 7.800000000000000 9.000000000000000
567 7.800000000000000 4.800000000000000
568 7.800000000000000 7.700000000000000
569 7.900000000000000 2.200000000000000
570 7.900000000000000 4.300000000000000
571 7.900000000000000 3.000000000000000
572 7.900000000000000 6.800000000000000
573 7.900000000000000 2.500000000000000
574 7.900000000000000 5.200000000000000
575 7.900000000000000 6.900000000000000
576 7.900000000000000 0.500000000000000
577 7.900000000000000 7.000000000000000
578 7.900000000000000 6.500000000000000
579 7.900000000000000 7.600000000000000
580 7.900000000000000 3.000000000000000
581 7.900000000000000 6.400000000000000
582 8.000000000000000 1.800000000000000
583 8.000000000000000 3.300000000000000
584 8.000000000000000 6.100000000000000
585 8.000000000000000 1.300000000000000
586 8.000000000000000 3.000000000000000
587 8.000000000000000 8.300000000000001
588 8.000000000000000 7.000000000000000
589 8.000000000000000 7.100000000000000
590 8.000000000000000 8.100000000000000
591 8.000000000000000 8.600000000000000
592 8.100000000000000 2.300000000000000
593 8.100000000000000 7.900000000000000
594 8.100000000000000 6.500000000000000
595 8.100000000000000 1.500000000000000
596 8.100000000000000 7.100000000000000
597 8.100000000000000 5.800000000000000
598 8.100000000000000 2.800000000000000
599 8.100000000000000 8.000000000000000
600 8.100000000000000 1.100000000000000
601 8.199999999999999 2.200000000000000
602 8.199999999999999 1.500000000000000
603 8.199999999999999 3.700000000000000
604 8.199999999999999 3.700000000000000
605 8.199999999999999 6.900000000000000
606 8.199999999999999 5.000000000000000
607 8.199999999999999 7.300000000000000
608 8.300000000000001 2.200000000000000
609 8.300000000000001 2.800000000000000
610 8.300000000000001 1.100000000000000
611 8.300000000000001 4.200000000000000
612 8.300000000000001 2.400000000000000
613 8.300000000000001 0.400000000000000
614 8.300000000000001 6.000000000000000
615 8.300000000000001 8.600000000000000
616 8.400000000000000 3.200000000000000
617 8.400000000000000 1.900000000000000
618 8.400000000000000 3.700000000000000
619 8.400000000000000 6.800000000000000
620 8.400000000000000 1.800000000000000
621 8.400000000000000 4.100000000000000
622 8.400000000000000 0.300000000000000
623 8.500000000000000 6.000000000000000
624 8.500000000000000 1.800000000000000
625 8.500000000000000 7.900000000000000
626 8.500000000000000 6.900000000000000
627 8.500000000000000 0.400000000000000
628 8.500000000000000 4.100000000000000
629 8.500000000000000 0.700000000000000
630 8.500000000000000 3.500000000000000
631 8.500000000000000 1.500000000000000
632 8.500000000000000 8.100000000000000
633 8.500000000000000 8.699999999999999
634 8.500000000000000 5.200000000000000
635 8.500000000000000 7.200000000000000
636 8.600000000000000 5.500000000000000
637 8.600000000000000 4.300000000000000
638 8.600000000000000 2.000000000000000
639 8.600000000000000 2.200000000000000
640 8.600000000000000 6.600000000000000
641 8.600000000000000 5.700000000000000
642 8.600000000000000 3.200000000000000
643 8.600000000000000 1.400000000000000
644 8.699999999999999 4.400000000000000
645 8.699999999999999 6.100000000000000
646 8.699999999999999 6.100000000000000
647 8.699999999999999 0.500000000000000
648 8.699999999999999 3.800000000000000
649 8.699999999999999 7.500000000000000
650 8.699999999999999 4.000000000000000
651 8.800000000000001 7.300000000000000
652 8.800000000000001 1.500000000000000
653 8.800000000000001 5.700000000000000
654 8.800000000000001 8.300000000000001
655 8.800000000000001 6.900000000000000
656 8.800000000000001 6.000000000000000
657 8.800000000000001 5.500000000000000
658 8.800000000000001 6.700000000000000
659 8.800000000000001 6.400000000000000
660 8.800000000000001 8.600000000000000
661 8.800000000000001 8.699999999999999
662 8.900000000000000 3.400000000000000
663 8.900000000000000 5.500000000000000
664 8.900000000000000 4.100000000000000
665 8.900000000000000 8.600000000000000
666 8.900000000000000 2.900000000000000
667 8.900000000000000 3.100000000000000
668 8.900000000000000 1.900000000000000
669 8.900000000000000 6.700000000000000
670 8.900000000000000 0.700000000000000
671 8.900000000000000 4.400000000000000
672 8.900000000000000 3.900000000000000
673 8.900000000000000 4.900000000000000
674 9.000000000000000 4.700000000000000
675 9.000000000000000 8.800000000000001
676 9.000000000000000 6.200000000000000
677 9.000000000000000 2.200000000000000
678 9.000000000000000 0.400000000000000
679 9.000000000000000 6.000000000000000
680 9.100000000000000 8.900000000000000
681 9.100000000000000 1.300000000000000
682 9.100000000000000 2.600000000000000
683 9.100000000000000 7.200000000000000
684 9.100000000000000 4.800000000000000
685 9.100000000000000 8.300000000000001
686 9.100000000000000 8.100000000000000
687 9.100000000000000 8.699999999999999
688 9.100000000000000 0.400000000000000
689 9.100000000000000 4.100000000000000
690 9.100000000000000 2.600000000000000
691 9.199999999999999 6.600000000000000
692 9.199999999999999 1.000000000000000
693 9.199999999999999 1.700000000000000
694 9.199999999999999 2.400000000000000
695 9.199999999999999 2.300000000000000
696 9.199999999999999 5.100000000000000
697 9.199999999999999 2.100000000000000
698 9.199999999999999 1.700000000000000
699 9.199999999999999 1.600000000000000
700 9.199999999999999 8.300000000000001
701 9.300000000000001 7.800000000000000
702 9.300000000000001 1.700000000000000
703 9.300000000000001 6.800000000000000
704 9.300000000000001 8.300000000000001
705 9.300000000000001 1.800000000000000
706 9.300000000000001 5.000000000000000
707 9.300000000000001 4.600000000000000
708 9.300000000000001 6.400000000000000
709 9.300000000000001 5.100000000000000
710 9.300000000000001 7.600000000000000
711 9.300000000000001 1.400000000000000
712 9.300000000000001 4.600000000000000
713 9.300000000000001 3.600000000000000
714 9.300000000000001 6.200000000000000
715 9.300000000000001 3.200000000000000
716 9.300000000000001 5.800000000000000
717 9.300000000000001 2.000000000000000
718 9.400000000000000 4.000000000000000
719 9.400000000000000 1.800000000000000
720 9.400000000000000 1.400000000000000
721 9.400000000000000 8.000000000000000
722 9.400000000000000 1.100000000000000
723 9.400000000000000 8.699999999999999
724 9.400000000000000 5.100000000000000
725 9.400000000000000 4.700000000000000
726 9.400000000000000 6.900000000000000
727 9.500000000000000 4.600000000000000
728 9.500000000000000 5.600000000000000
729 9.500000000000000 2.700000000000000
730 9.500000000000000 5.800000000000000
731 9.500000000000000 7.200000000000000
732 9.500000000000000 6.300000000000000
733 9.500000000000000 7.800000000000000
734 9.500000000000000 3.700000000000000
735 9.500000000000000 7.300000000000000
736 9.500000000000000 6.700000000000000
737 9.600000000000000 8.300000000000001
738 9.600000000000000 5.300000000000000
739 9.600000000000000 2.300000000000000
740 9.600000000000000 0.900000000000000
741 9.600000000000000 8.699999999999999
742 9.600000000000000 6.100000000000000
743 9.699999999999999 3.800000000000000
744 9.699999999999999 5.000000000000000
745 9.699999999999999 3.700000000000000
746 9.699999999999999 1.900000000000000
747 9.699999999999999 1.700000000000000
748 9.699999999999999 5.400000000000000
749 9.699999999999999 0.800000000000000
750 9.699999999999999 2.600000000000000
751 9.800000000000001 4.800000000000000
752 9.800000000000001 4.400000000000000
753 9.800000000000001 6.400000000000000
754 9.800000000000001 1.600000000000000
755 9.800000000000001 7.300000000000000
756 9.800000000000001 7.900000000000000
757 9.800000000000001 6.000000000000000
758 9.900000000000000 1.100000000000000
759 9.900000000000000 3.000000000000000
760 9.900000000000000 6.000000000000000
761 9.900000000000000 8.800000000000001
762 9.900000000000000 8.000000000000000
763 9.900000000000000 6.700000000000000
764 9.900000000000000 8.900000000000000
765 9.900000000000000 6.600000000000000
