320
0 6.010000000000000 5.060000000000000
1 3.110000000000000 4.260000000000000
2 3.333257504136137 4.321588277003072
3 4.291137026239067 4.585830903790087
4 5.552321698271522 4.933743916764557
5 5.623444508338126 4.953364002300172
6 3.382087794006447 4.335058701794882
7 3.147153946554922 4.270249364566875
8 4.246835060449050 4.573609671848014
9 5.928180300500835 5.037429048414023
10 4.870000000000000 5.370000000000000
11 6.350000000000000 8.539999999999999
12 5.862456820933508 7.495735217810283
13 5.301814330447597 6.294899613188432
14 6.110560875825658 8.027147281329281
15 5.228082419475808 6.136973830904262
16 5.989259567559103 7.767332992677268
17 5.524653770567609 6.772197603175215
18 5.312601183354007 6.318003885967705
19 5.120047026056068 5.905573697701173
20 5.281054127105135 6.250433501975190
21 5.725252152951247 7.201857651929359
22 9.500000000000000 7.200000000000000
23 4.580000000000000 7.600000000000000
24 5.580898748698773 7.518626117991969
25 4.900615983359056 7.573933659889508
26 7.142258712751909 7.391686283516105
27 4.763664819438523 7.585067900858657
28 7.518367405085833 7.361108341049932
29 6.968902349327218 7.405780296802665
30 6.272367624002280 7.462409136259977
31 6.244936028184684 7.464639347302058
32 7.003367098136117 7.402978284704381
33 8.366337945501776 7.292167646707172
34 6.770000000000000 9.210000000000001
35 1.680000000000000 1.970000000000000
36 3.161534215516967 4.077329611069320
37 2.860676869094675 3.649391067238792
38 5.122491031267641 6.866588421685211
39 5.886768193609860 7.953693854957837
40 4.075332647020975 5.377113627589758
41 4.887179164436940 6.531881561988891
42 5.803855612898674 7.835759260783185
43 4.528251908479254 6.021344561373242
44 2.293818780889620 2.843093904448105
45 2.342524432908521 2.912372670777541
46 4.831106460483554 6.452123924145567
47 6.268555577694202 8.496747029961892
48 3.364300858421685 4.365744246556583
49 6.718372741637474 9.136565549991222
50 3.003818263809615 3.852994937128019
51 4.163581309766311 5.502638248076248
52 2.270467906794596 2.809879694536910
53 3.231892652416471 4.177407230549166
54 3.833712166132119 5.033433415087729
55 5.401099582813610 7.262880349620932
56 4.230000000000000 0.290000000000000
57 3.602771492626766 2.513301048456912
58 3.210279990330388 3.904543248561033
59 3.395699319015191 3.247297949562225
60 3.680161662817552 2.238980534477070
61 3.870873689132323 1.562974512629178
62 3.130000000000000 6.640000000000000
63 2.650000000000000 1.310000000000000
64 3.099993644773078 6.306804430501054
65 3.023015733438705 5.452028873392290
66 2.734276797829037 2.245823609226594
67 2.984236756736485 5.021420652928050
68 2.876141900509408 3.821117353573221
69 2.954722451761555 4.693688891435603
70 2.803742548872984 3.017182886443756
71 2.705445763179685 1.925678995307756
72 3.062611100401845 5.891702427378816
73 2.685296949913292 1.701943214662178
74 2.948919057815846 4.629247037830121
75 5.410000000000000 5.950000000000000
76 4.240000000000000 9.680000000000000
77 4.884665926019819 7.624782987988100
78 4.689481826792712 8.247036569284772
79 5.296479765967820 6.311906387128230
80 4.847824562770226 7.742234513561589
81 4.366741603224362 9.275943435874471
82 5.309740692268298 6.269630100717306
83 4.683828353179061 8.265060036446242
84 4.972899844237428 7.343490240166147
85 8.510000000000000 8.529999999999999
86 7.100732942956774 7.357126126718863
87 5.975789523574800 6.420882893813866
88 6.554342298802270 6.902388106745114
89 6.301655470054152 6.692087455722488
90 6.157755983371675 6.572325947451264
91 7.781454610649620 7.923662224347103
92 6.694851139187478 7.019327722291514
93 6.820000000000000 8.260000000000000
94 3.560000000000000 7.190000000000000
95 3.579191195290504 7.196298950601484
96 4.151473983125293 7.384134098755848
97 5.673749941052433 7.883776821142976
98 6.466439870416593 8.143954190596856
99 6.306166287223386 8.091349057462891
100 4.310750378768960 7.436411934135824
101 4.284273700223905 7.427721735963061
102 4.372186085618705 7.456576414604912
103 2.790000000000000 4.160000000000000
104 1.430000000000000 9.449999999999999
105 2.049869181264230 7.038891199347223
106 1.802137883430575 8.002493085773718
107 1.512571213396535 9.128822265538474
108 2.507920157177906 5.257207623918291
109 2.463473070192495 5.430093719618899
110 2.237218922841564 6.310155807476562
111 2.057058742257121 7.010925921661638
112 1.947128087306146 7.438523836875358
113 1.974661050504499 7.331428707964118
114 2.767243952377342 4.248514332296959
115 1.818914365037576 7.937237506581782
116 5.460000000000000 0.300000000000000
117 3.240000000000000 8.440000000000000
118 3.423385791366906 7.767585431654677
119 4.535204741379310 3.690915948275862
120 4.859659963436929 2.501246800731260
121 3.958413223140496 5.805818181818182
122 5.228065027755750 1.150428231562252
123 4.396190370780299 4.200635307138906
124 4.532225841476656 3.701838581252263
125 4.060002322610615 5.433324817094412
126 4.535365247826578 3.690327424635881
127 4.830358208955224 2.608686567164179
128 4.901381509032944 2.348267800212540
129 4.315232690124859 4.497480136208853
130 3.780061983471074 6.459772727272727
131 5.156656346749226 1.412260061919505
132 3.795457953936797 6.403320835565078
133 3.461447539327464 7.628025689132632
134 0.480000000000000 6.770000000000000
135 0.700000000000000 9.000000000000000
136 0.605842384137716 8.045584166486851
137 0.618510475190339 8.173992543974798
138 0.617466815186114 8.163413626659242
139 0.370000000000000 8.210000000000001
140 3.870000000000000 5.770000000000000
141 0.886052440509649 7.850237727187559
142 3.867788452754346 5.771541764365541
143 1.473608146631127 7.440627463491444
144 1.655401609776762 7.313891449184201
145 2.001869772998804 7.072353643966548
146 1.822042685866736 7.197718813281476
147 3.587297746174686 5.967083856952504
148 6.270000000000000 4.930000000000000
149 3.877226192686096 7.701827083720067
150 5.488656174334140 5.835121065375303
151 5.729534930306318 5.556083298556047
152 5.131076525431551 6.249346995292163
153 6.025024791698614 5.213783162091703
154 4.633721119427271 6.825491376505042
155 5.185397022840167 6.186421270571291
156 4.223604008000976 7.300577535285997
157 4.033976146196762 7.520245454405730
158 0.838828680219882 8.142069953697357
159 4.194758167578726 7.655818887833011
160 2.607440088940131 7.885810343407725
161 4.380288001884675 7.628936892838563
162 7.610000000000000 7.430000000000000
163 7.377303841397742 7.255053253021660
164 5.896251848149767 6.141561608462964
165 6.979770592970218 6.956177891065200
166 6.959397637574877 6.940860997592790
167 6.133064698691538 6.319603386607506
168 5.251538026482135 5.656849757136204
169 6.989889846463276 6.963785796976039
170 1.590000000000000 3.500000000000000
171 1.374991016112088 4.828707203801707
172 1.528328760106830 3.881114403834193
173 1.094750073984301 6.560533250658812
174 0.842221534985526 8.121102873684954
175 5.160000000000000 4.480000000000000
176 3.050961085093504 1.816393083564306
177 4.085027682151017 3.122365638413834
178 5.072500805292947 4.369493048915794
179 4.542416714667225 3.700024297010002
180 4.534460164138648 3.689975585784667
181 3.284991688076167 2.111961614024482
182 4.136042607985305 3.186794847535226
183 4.771622122100229 3.989498855401485
184 2.936980745032937 1.672441817432037
185 2.610000000000000 0.270000000000000
186 7.960000000000000 7.040000000000000
187 2.063560935896073 9.216174294715231
188 6.324015317932544 7.643786077148938
189 6.264581928150935 7.665720911662518
190 3.686513124409221 8.617198065876535
191 5.343706879151088 8.005584444294927
192 6.993814727920484 7.396585988623527
193 4.677362384485427 8.251509441560508
194 3.980000000000000 9.520000000000000
195 2.964712278472074 9.359039751465085
196 3.240000000000000 5.470000000000000
197 3.381112558624284 5.537196456487754
198 3.382477538796624 5.537846447046011
199 6.096412779040235 6.844488972062559
200 6.023005183958528 6.586695370437036
201 6.230276246899972 7.314592174152660
202 5.580850817283213 5.033932791404042
203 4.723082118290062 2.021611218561948
204 6.748579496005805 9.134775237941648
205 5.416076116638941 4.455275181267461
206 5.169239287706223 3.588430884385636
207 6.079375625023536 6.784657706775569
208 5.280766033932820 3.980091741212895
209 4.896288232701631 2.629878360511239
210 4.836378552784562 2.419486886156806
211 4.569176058241007 1.481122220279442
212 5.610295172575999 5.137335802904686
213 6.174113211054455 7.117358205750291
214 5.270000000000000 6.740000000000000
215 7.010000000000000 6.960000000000000
216 6.185446458430874 6.855746103939536
217 6.185644454397133 6.855771137912281
218 0.030000000000000 4.320000000000000
219 6.164384254984439 6.640168256899559
220 2.359895783390952 5.201221327815489
221 0.948486198455057 4.667393060733718
222 1.934216841359478 5.040219550313614
223 4.970428903861656 6.188586290285784
224 2.786489418264072 5.362569063641426
225 5.472277643068593 6.378397274742277
226 3.347400922274945 5.574718973467887
227 3.411671498380561 5.599027615433336
228 9.180000000000000 0.660000000000000
229 6.422310461045974 4.706506643069996
230 7.462515067995274 3.180158302288721
231 6.574595723902555 4.483050260802779
232 7.309014751286449 3.405397598627788
233 7.827024644050200 2.645293735362765
234 6.185435224834428 6.855631124775909
235 6.210339959714774 7.110538411198273
236 8.630000000000001 3.830000000000000
237 8.448041453701672 4.181561882662820
238 7.975618963874306 5.094328792020633
239 8.086413718018509 4.880262384322265
240 2.830000000000000 6.240000000000000
241 1.673430195381883 3.684353818827709
242 2.039270757867580 4.492743448836428
243 2.587933828749941 5.705111847399063
244 2.803096956650204 6.180552952598033
245 0.010000000000000 5.940000000000000
246 3.830000000000000 0.760000000000000
247 2.377624815068341 2.729451167001569
248 1.775269776927872 3.546257213485243
249 2.307652727684920 2.824334782877517
250 2.919604280459258 1.994515661576190
251 3.177947673968573 1.644196609644710
252 2.174088434259498 3.005450761920367
253 1.420000000000000 7.720000000000000
254 2.200516431288658 3.652430630438780
255 2.355824507385478 2.843060900535839
256 2.541943321962739 1.873124639202309
257 2.572248197969098 1.715194350421204
258 1.563657487294646 6.971345940196194
259 2.281478566351077 3.230506007877720
260 3.500000000000000 8.970000000000001
261 7.650000000000000 1.120000000000000
262 5.831881626411256 4.559091381366660
263 6.467194183290276 3.357355581005139
264 5.027450587407518 6.080725997313490
265 5.991843306600863 4.256513263417644
266 6.567756173439627 3.167135912891308
267 5.509426014840681 5.169037538192928
268 4.299013849382140 7.458612357192819
269 4.292122015915120 7.471648716883449
270 9.990000000000000 3.340000000000000
271 7.150000000000000 4.890000000000000
272 7.152272353113865 4.888759807279405
273 7.346112456783223 4.782966792952819
274 8.031695281846863 4.408793068006113
275 5.750000000000000 0.250000000000000
276 3.578365854140719 3.996445050708737
277 3.112864688132437 4.799515191605241
278 3.899163884115824 3.443012883523047
279 4.453076613065732 2.487417482771128
280 3.893901312030791 3.452091731900691
281 5.070435459686966 1.422366539523872
282 1.756185829444209 7.140021213406873
283 3.067505890473570 4.877766974171462
284 9.359999999999999 8.980000000000000
285 9.279999999999999 5.420000000000000
286 3.430708665992324 3.959578756658682
287 4.547898466542751 4.238513011152416
288 8.115305855413805 5.129205103042199
289 2.520989861787222 3.732444802942974
290 3.700000000000000 3.850000000000000
291 8.980000000000000 2.910000000000000
292 4.554689336075206 3.697839398501763
293 6.912762730227518 3.278030877573131
294 7.880464976510773 3.105750553424219
295 2.740000000000000 4.550000000000000
296 3.694301486575129 5.188603562768552
297 8.495050304568078 8.401189252150543
298 2.991371590307420 4.718213919193635
299 6.488192845885668 7.058231768470319
300 0.290000000000000 2.040000000000000
301 7.570000000000000 4.870000000000000
302 3.901395832174480 3.443880522672222
303 2.037565247628036 2.719341984998262
304 2.190000000000000 1.760000000000000
305 4.701497038975347 2.567266905384933
306 7.938733353359368 3.607807149294082
307 6.780000000000000 0.290000000000000
308 3.120000000000000 4.300000000000000
309 5.827458802589990 1.333631202626815
310 4.870000000000000 3.880000000000000
311 1.859641765638903 7.230659599984525
312 3.381801483811069 5.536429652801592
313 4.510000000000000 6.070000000000000
314 2.040184011698757 7.388833780160858
315 3.813799013184133 6.441757808493909
316 0.980000000000000 6.460000000000000
317 2.516291180926861 7.805954220458046
318 4.920000000000000 8.760000000000000
319 4.304153648271314 7.469383725852539
570
1 7
7 2
2 6
6 8
8 3
3 4
4 5
5 9
9 0
10 19
19 15
15 20
20 13
13 18
18 17
17 21
21 12
12 16
16 14
14 11
23 27
27 25
25 24
24 12
12 31
31 30
30 29
29 32
32 26
26 28
28 33
33 22
35 52
52 44
44 45
45 37
37 50
50 36
36 53
53 2
2 48
48 54
54 40
40 51
51 43
43 46
46 41
41 38
38 55
55 24
24 42
42 39
39 47
47 49
49 34
1 36
36 58
58 59
59 57
57 60
60 61
61 56
63 73
73 71
71 66
66 70
70 37
37 68
68 74
74 69
69 67
67 65
65 72
72 64
64 62
76 81
81 83
83 78
78 80
80 77
77 25
25 84
84 38
38 79
79 13
13 82
82 75
75 87
87 90
90 89
89 88
88 92
92 86
86 26
26 91
91 85
94 95
95 96
96 101
101 100
100 102
102 27
27 77
77 97
97 39
39 14
14 99
99 98
98 93
104 107
107 106
106 115
115 112
112 113
113 105
105 111
111 110
110 109
109 108
108 114
114 103
117 118
118 133
133 95
95 130
130 132
132 121
121 125
125 40
40 3
3 129
129 123
123 124
124 119
119 126
126 127
127 120
120 128
128 131
131 122
122 116
134 136
136 138
138 137
137 135
139 136
136 141
141 143
143 144
144 146
146 145
145 105
105 64
64 147
147 142
142 140
117 149
149 157
157 96
96 156
156 154
154 41
41 152
152 155
155 15
15 150
150 151
151 153
153 148
139 137
137 158
158 106
106 160
160 118
118 149
149 159
159 161
161 23
10 168
168 150
150 164
164 167
167 166
166 165
165 169
169 163
163 28
28 162
135 158
158 174
174 141
141 173
173 171
171 172
172 170
63 184
184 176
176 181
181 57
57 177
177 182
182 180
180 119
119 179
179 183
183 178
178 175
185 63
104 187
187 190
190 193
193 78
78 191
191 97
97 42
42 16
16 189
189 188
188 29
29 192
192 86
86 163
163 186
135 107
107 187
187 195
195 194
196 197
197 198
198 140
56 211
211 203
203 210
210 120
120 209
209 206
206 208
208 205
205 4
4 202
202 212
212 151
151 164
164 87
87 200
200 207
207 199
199 213
213 201
201 30
30 188
188 98
98 204
204 34
214 17
17 199
199 216
216 217
217 88
88 165
165 215
218 221
221 171
171 222
222 220
220 108
108 224
224 65
65 226
226 227
227 142
142 121
121 43
43 223
223 152
152 79
79 18
18 225
225 200
200 219
219 89
89 166
166 215
148 229
229 231
231 232
232 230
230 233
233 228
0 153
153 167
167 90
90 219
219 234
234 216
216 235
235 201
201 31
31 189
189 99
99 11
215 238
238 239
239 237
237 236
170 241
241 242
242 220
220 109
109 243
243 244
244 240
245 221
221 172
172 241
241 248
248 252
252 44
44 249
249 247
247 66
66 250
250 176
176 251
251 246
253 143
143 258
258 222
222 242
242 254
254 259
259 45
45 255
255 247
247 256
256 257
257 63
260 190
190 159
159 269
269 268
268 100
100 154
154 46
46 223
223 264
264 19
19 168
168 267
267 202
202 5
5 262
262 265
265 263
263 266
266 261
271 272
272 273
273 274
274 237
237 270
23 80
80 191
191 47
47 11
253 144
144 282
282 110
110 243
243 224
224 67
67 283
283 277
277 48
48 6
6 276
276 280
280 278
278 177
177 279
279 203
203 281
281 122
122 275
104 195
195 81
81 49
49 204
204 284
170 248
248 254
254 289
289 68
68 50
50 58
58 286
286 276
276 123
123 287
287 178
178 205
205 262
262 229
229 272
272 238
238 288
288 285
290 124
124 179
179 292
292 206
206 263
263 293
293 230
230 294
294 291
295 69
69 298
298 277
277 296
296 125
125 51
51 264
264 155
155 20
20 82
82 225
225 207
207 234
234 217
217 299
299 192
192 32
32 91
91 297
297 284
300 303
303 52
52 249
249 255
255 70
70 59
59 278
278 302
302 180
180 126
126 292
292 208
208 265
265 231
231 273
273 301
304 256
256 71
71 250
250 181
181 60
60 279
279 305
305 127
127 209
209 266
266 293
293 232
232 306
306 236
308 7
7 53
53 286
286 280
280 302
302 182
182 305
305 210
210 128
128 309
309 307
253 311
311 145
145 111
111 244
244 72
72 226
226 197
197 312
312 296
296 54
54 8
8 129
129 287
287 183
183 310
253 112
112 314
314 130
130 315
315 313
261 233
233 294
294 306
306 274
274 239
239 288
288 33
33 297
297 85
304 257
257 73
73 184
184 251
251 61
61 211
211 281
281 131
131 309
309 261
316 173
173 258
258 282
282 146
146 311
311 113
113 314
314 317
317 160
160 117
10 267
267 212
212 9
9 148
35 303
303 252
252 259
259 289
289 114
114 74
74 298
298 283
283 312
312 198
198 227
227 147
147 132
132 315
315 156
156 101
101 268
268 319
319 161
161 193
193 83
83 318
139 138
138 174
174 115
115 317
317 133
133 157
157 269
269 319
319 102
102 84
84 55
55 21
21 213
213 235
235 299
299 92
92 169
169 215
566
0 0.600000000000000 8.100000000000000
1 0.700000000000000 8.100000000000000
2 0.900000000000000 8.100000000000000
3 1.000000000000000 6.200000000000000
4 1.000000000000000 5.000000000000000
5 1.000000000000000 7.000000000000000
6 1.000000000000000 6.700000000000000
7 1.000000000000000 6.800000000000000
8 1.100000000000000 6.300000000000000
9 1.100000000000000 5.000000000000000
10 1.100000000000000 6.400000000000000
11 1.100000000000000 8.600000000000000
12 1.100000000000000 5.000000000000000
13 1.100000000000000 6.200000000000000
14 1.200000000000000 5.100000000000000
15 1.200000000000000 4.500000000000000
16 1.200000000000000 7.300000000000000
17 1.200000000000000 6.300000000000000
18 1.200000000000000 4.700000000000000
19 1.300000000000000 6.900000000000000
20 1.300000000000000 6.700000000000000
21 1.300000000000000 5.700000000000000
22 1.400000000000000 5.000000000000000
23 1.400000000000000 7.300000000000000
24 1.400000000000000 6.300000000000000
25 1.400000000000000 6.700000000000000
26 1.400000000000000 6.900000000000000
27 1.400000000000000 7.400000000000000
28 1.400000000000000 4.400000000000000
29 1.400000000000000 8.500000000000000
30 1.400000000000000 9.000000000000000
31 1.500000000000000 5.300000000000000
32 1.500000000000000 6.700000000000000
33 1.500000000000000 7.200000000000000
34 1.500000000000000 5.500000000000000
35 1.500000000000000 4.400000000000000
36 1.500000000000000 7.700000000000000
37 1.600000000000000 9.000000000000000
38 1.600000000000000 5.400000000000000
39 1.600000000000000 6.200000000000000
40 1.600000000000000 8.900000000000000
41 1.700000000000000 3.400000000000000
42 1.700000000000000 8.199999999999999
43 1.700000000000000 8.900000000000000
44 1.700000000000000 9.300000000000001
45 1.700000000000000 4.400000000000000
46 1.800000000000000 4.700000000000000
47 1.800000000000000 5.400000000000000
48 1.800000000000000 4.100000000000000
49 1.800000000000000 2.600000000000000
50 1.800000000000000 8.000000000000000
51 1.900000000000000 8.100000000000000
52 1.900000000000000 4.200000000000000
53 1.900000000000000 8.400000000000000
54 1.900000000000000 7.200000000000000
55 1.900000000000000 6.400000000000000
56 1.900000000000000 7.100000000000000
57 1.900000000000000 8.800000000000001
58 1.900000000000000 4.200000000000000
59 1.900000000000000 5.200000000000000
60 1.900000000000000 6.800000000000000
61 1.900000000000000 8.300000000000001
62 1.900000000000000 7.300000000000000
63 1.900000000000000 7.300000000000000
64 1.900000000000000 2.500000000000000
65 2.000000000000000 3.900000000000000
66 2.000000000000000 9.300000000000001
67 2.000000000000000 7.100000000000000
68 2.000000000000000 8.900000000000000
69 2.000000000000000 3.300000000000000
70 2.000000000000000 3.300000000000000
71 2.000000000000000 7.400000000000000
72 2.100000000000000 7.900000000000000
73 2.100000000000000 3.200000000000000
74 2.100000000000000 4.100000000000000
75 2.100000000000000 6.100000000000000
76 2.200000000000000 6.900000000000000
77 2.200000000000000 6.500000000000000
78 2.200000000000000 1.900000000000000
79 2.200000000000000 2.600000000000000
80 2.200000000000000 5.400000000000000
81 2.300000000000000 3.000000000000000
82 2.300000000000000 7.000000000000000
83 2.300000000000000 7.900000000000000
84 2.300000000000000 4.700000000000000
85 2.300000000000000 2.000000000000000
86 2.300000000000000 2.600000000000000
87 2.400000000000000 4.200000000000000
88 2.400000000000000 2.400000000000000
89 2.400000000000000 8.400000000000000
90 2.400000000000000 4.900000000000000
91 2.400000000000000 6.800000000000000
92 2.500000000000000 9.100000000000000
93 2.500000000000000 1.900000000000000
94 2.500000000000000 9.199999999999999
95 2.500000000000000 4.400000000000000
96 2.500000000000000 5.900000000000000
97 2.600000000000000 6.200000000000000
98 2.600000000000000 1.600000000000000
99 2.600000000000000 4.800000000000000
100 2.600000000000000 4.500000000000000
101 2.600000000000000 8.300000000000001
102 2.600000000000000 7.500000000000000
103 2.600000000000000 6.500000000000000
104 2.600000000000000 1.900000000000000
105 2.600000000000000 7.000000000000000
106 2.600000000000000 8.699999999999999
107 2.600000000000000 9.300000000000001
108 2.600000000000000 6.100000000000000
109 2.600000000000000 4.600000000000000
110 2.700000000000000 8.400000000000000
111 2.700000000000000 5.200000000000000
112 2.700000000000000 5.300000000000000
113 2.700000000000000 6.700000000000000
114 2.700000000000000 2.000000000000000
115 2.700000000000000 1.800000000000000
116 2.700000000000000 7.600000000000000
117 2.700000000000000 4.300000000000000
118 2.800000000000000 7.800000000000000
119 2.800000000000000 3.700000000000000
120 2.800000000000000 5.200000000000000
121 2.800000000000000 7.200000000000000
122 2.800000000000000 2.000000000000000
123 2.900000000000000 8.600000000000000
124 2.900000000000000 4.700000000000000
125 2.900000000000000 7.300000000000000
126 2.900000000000000 6.700000000000000
127 2.900000000000000 5.700000000000000
128 2.900000000000000 6.400000000000000
129 2.900000000000000 6.400000000000000
130 2.900000000000000 6.200000000000000
131 2.900000000000000 6.100000000000000
132 2.900000000000000 8.000000000000000
133 2.900000000000000 5.500000000000000
134 2.900000000000000 8.400000000000000
135 2.900000000000000 4.100000000000000
136 2.900000000000000 5.200000000000000
137 3.000000000000000 5.100000000000000
138 3.000000000000000 4.100000000000000
139 3.000000000000000 3.900000000000000
140 3.000000000000000 4.100000000000000
141 3.000000000000000 6.900000000000000
142 3.000000000000000 4.800000000000000
143 3.000000000000000 3.200000000000000
144 3.000000000000000 5.400000000000000
145 3.000000000000000 6.000000000000000
146 3.000000000000000 4.400000000000000
147 3.100000000000000 5.200000000000000
148 3.100000000000000 1.800000000000000
149 3.100000000000000 2.700000000000000
150 3.100000000000000 9.199999999999999
151 3.100000000000000 2.800000000000000
152 3.200000000000000 5.300000000000000
153 3.200000000000000 5.700000000000000
154 3.200000000000000 4.600000000000000
155 3.200000000000000 7.300000000000000
156 3.200000000000000 5.200000000000000
157 3.200000000000000 9.100000000000000
158 3.300000000000000 4.500000000000000
159 3.300000000000000 4.900000000000000
160 3.300000000000000 6.600000000000000
161 3.300000000000000 3.500000000000000
162 3.300000000000000 6.800000000000000
163 3.300000000000000 5.200000000000000
164 3.300000000000000 5.600000000000000
165 3.300000000000000 2.600000000000000
166 3.300000000000000 7.700000000000000
167 3.400000000000000 3.300000000000000
168 3.400000000000000 4.000000000000000
169 3.400000000000000 7.500000000000000
170 3.400000000000000 8.800000000000001
171 3.400000000000000 9.199999999999999
172 3.400000000000000 9.300000000000001
173 3.400000000000000 3.700000000000000
174 3.400000000000000 7.700000000000000
175 3.400000000000000 6.700000000000000
176 3.500000000000000 8.000000000000000
177 3.500000000000000 8.900000000000000
178 3.500000000000000 9.199999999999999
179 3.500000000000000 6.900000000000000
180 3.500000000000000 9.100000000000000
181 3.500000000000000 7.100000000000000
182 3.500000000000000 7.600000000000000
183 3.600000000000000 1.800000000000000
184 3.600000000000000 1.800000000000000
185 3.600000000000000 7.000000000000000
186 3.600000000000000 7.500000000000000
187 3.600000000000000 2.100000000000000
188 3.600000000000000 4.300000000000000
189 3.600000000000000 7.900000000000000
190 3.600000000000000 6.100000000000000
191 3.700000000000000 4.500000000000000
192 3.700000000000000 7.600000000000000
193 3.700000000000000 7.600000000000000
194 3.700000000000000 7.200000000000000
195 3.700000000000000 4.400000000000000
196 3.700000000000000 7.600000000000000
197 3.700000000000000 2.500000000000000
198 3.800000000000000 7.100000000000000
199 3.800000000000000 6.500000000000000
200 3.800000000000000 3.700000000000000
201 3.800000000000000 4.700000000000000
202 3.900000000000000 4.400000000000000
203 3.900000000000000 2.100000000000000
204 3.900000000000000 8.500000000000000
205 3.900000000000000 3.200000000000000
206 3.900000000000000 8.500000000000000
207 3.900000000000000 3.900000000000000
208 3.900000000000000 4.200000000000000
209 3.900000000000000 8.400000000000000
210 3.900000000000000 3.600000000000000
211 3.900000000000000 8.199999999999999
212 3.900000000000000 3.400000000000000
213 4.000000000000000 5.300000000000000
214 4.000000000000000 1.400000000000000
215 4.000000000000000 3.500000000000000
216 4.000000000000000 8.600000000000000
217 4.000000000000000 2.100000000000000
218 4.000000000000000 6.300000000000000
219 4.000000000000000 7.900000000000000
220 4.000000000000000 7.100000000000000
221 4.000000000000000 2.900000000000000
222 4.000000000000000 5.900000000000000
223 4.000000000000000 1.700000000000000
224 4.100000000000000 7.600000000000000
225 4.100000000000000 3.800000000000000
226 4.100000000000000 6.100000000000000
227 4.100000000000000 3.800000000000000
228 4.100000000000000 4.500000000000000
229 4.100000000000000 2.900000000000000
230 4.100000000000000 8.300000000000001
231 4.200000000000000 0.700000000000000
232 4.200000000000000 2.800000000000000
233 4.200000000000000 4.800000000000000
234 4.200000000000000 4.500000000000000
235 4.200000000000000 4.900000000000000
236 4.200000000000000 3.000000000000000
237 4.200000000000000 7.900000000000000
238 4.300000000000000 1.400000000000000
239 4.300000000000000 8.000000000000000
240 4.300000000000000 7.100000000000000
241 4.300000000000000 5.700000000000000
242 4.300000000000000 7.800000000000000
243 4.300000000000000 0.800000000000000
244 4.300000000000000 0.700000000000000
245 4.300000000000000 2.700000000000000
246 4.300000000000000 4.900000000000000
247 4.300000000000000 8.900000000000000
248 4.400000000000000 0.900000000000000
249 4.400000000000000 1.100000000000000
250 4.400000000000000 4.900000000000000
251 4.400000000000000 7.100000000000000
252 4.400000000000000 3.400000000000000
253 4.400000000000000 2.700000000000000
254 4.500000000000000 3.700000000000000
255 4.500000000000000 7.300000000000000
256 4.500000000000000 4.600000000000000
257 4.500000000000000 5.400000000000000
258 4.500000000000000 3.400000000000000
259 4.500000000000000 7.900000000000000
260 4.500000000000000 2.800000000000000
261 4.600000000000000 8.100000000000000
262 4.600000000000000 4.400000000000000
263 4.600000000000000 3.200000000000000
264 4.600000000000000 5.900000000000000
265 4.700000000000000 8.300000000000001
266 4.700000000000000 2.400000000000000
267 4.700000000000000 7.100000000000000
268 4.700000000000000 3.100000000000000
269 4.700000000000000 1.500000000000000
270 4.700000000000000 1.500000000000000
271 4.700000000000000 7.800000000000000
272 4.800000000000000 3.700000000000000
273 4.800000000000000 3.400000000000000
274 4.800000000000000 7.700000000000000
275 4.800000000000000 6.700000000000000
276 4.800000000000000 2.300000000000000
277 4.800000000000000 9.199999999999999
278 4.800000000000000 5.600000000000000
279 4.900000000000000 8.000000000000000
280 4.900000000000000 5.600000000000000
281 4.900000000000000 1.500000000000000
282 4.900000000000000 9.100000000000000
283 4.900000000000000 3.600000000000000
284 4.900000000000000 4.300000000000000
285 4.900000000000000 7.100000000000000
286 4.900000000000000 6.900000000000000
287 5.000000000000000 7.600000000000000
288 5.000000000000000 6.200000000000000
289 5.000000000000000 8.300000000000001
290 5.000000000000000 4.100000000000000
291 5.000000000000000 1.800000000000000
292 5.000000000000000 5.600000000000000
293 5.000000000000000 8.800000000000001
294 5.000000000000000 9.100000000000000
295 5.000000000000000 5.200000000000000
296 5.000000000000000 3.100000000000000
297 5.100000000000000 6.400000000000000
298 5.100000000000000 7.200000000000000
299 5.100000000000000 8.500000000000000
300 5.100000000000000 5.200000000000000
301 5.100000000000000 6.500000000000000
302 5.100000000000000 4.500000000000000
303 5.100000000000000 5.500000000000000
304 5.100000000000000 4.700000000000000
305 5.100000000000000 8.199999999999999
306 5.200000000000000 8.400000000000000
307 5.200000000000000 8.600000000000000
308 5.200000000000000 7.100000000000000
309 5.200000000000000 6.400000000000000
310 5.200000000000000 6.700000000000000
311 5.300000000000000 3.400000000000000
312 5.300000000000000 1.400000000000000
313 5.300000000000000 4.400000000000000
314 5.300000000000000 1.900000000000000
315 5.300000000000000 3.400000000000000
316 5.400000000000000 6.900000000000000
317 5.400000000000000 7.500000000000000
318 5.400000000000000 2.900000000000000
319 5.400000000000000 2.500000000000000
320 5.400000000000000 2.900000000000000
321 5.400000000000000 9.100000000000000
322 5.400000000000000 5.300000000000000
323 5.400000000000000 2.200000000000000
324 5.400000000000000 2.500000000000000
325 5.400000000000000 2.700000000000000
326 5.400000000000000 5.600000000000000
327 5.400000000000000 7.200000000000000
328 5.400000000000000 7.900000000000000
329 5.400000000000000 5.400000000000000
330 5.500000000000000 7.500000000000000
331 5.500000000000000 6.500000000000000
332 5.500000000000000 4.100000000000000
333 5.500000000000000 4.300000000000000
334 5.500000000000000 5.200000000000000
335 5.500000000000000 5.100000000000000
336 5.500000000000000 3.200000000000000
337 5.500000000000000 7.000000000000000
338 5.500000000000000 6.600000000000000
339 5.500000000000000 5.100000000000000
340 5.500000000000000 2.600000000000000
341 5.500000000000000 7.300000000000000
342 5.500000000000000 4.000000000000000
343 5.600000000000000 6.200000000000000
344 5.600000000000000 8.400000000000000
345 5.600000000000000 8.100000000000000
346 5.600000000000000 8.500000000000000
347 5.600000000000000 4.000000000000000
348 5.600000000000000 6.600000000000000
349 5.600000000000000 3.900000000000000
350 5.700000000000000 7.700000000000000
351 5.700000000000000 6.300000000000000
352 5.700000000000000 7.800000000000000
353 5.700000000000000 2.100000000000000
354 5.700000000000000 8.800000000000001
355 5.700000000000000 2.700000000000000
356 5.700000000000000 8.699999999999999
357 5.700000000000000 8.100000000000000
358 5.800000000000000 6.700000000000000
359 5.800000000000000 6.200000000000000
360 5.800000000000000 3.100000000000000
361 5.800000000000000 4.600000000000000
362 5.800000000000000 9.100000000000000
363 5.800000000000000 2.100000000000000
364 5.800000000000000 7.000000000000000
365 5.800000000000000 2.900000000000000
366 5.800000000000000 6.900000000000000
367 5.800000000000000 5.300000000000000
368 5.800000000000000 6.700000000000000
369 5.800000000000000 6.300000000000000
370 5.800000000000000 2.900000000000000
371 5.800000000000000 6.000000000000000
372 5.900000000000000 8.699999999999999
373 5.900000000000000 8.100000000000000
374 5.900000000000000 4.300000000000000
375 5.900000000000000 2.900000000000000
376 5.900000000000000 6.100000000000000
377 5.900000000000000 3.500000000000000
378 5.900000000000000 4.100000000000000
379 5.900000000000000 2.600000000000000
380 5.900000000000000 4.300000000000000
381 5.900000000000000 3.700000000000000
382 5.900000000000000 6.200000000000000
383 6.000000000000000 8.300000000000001
384 6.000000000000000 8.600000000000000
385 6.000000000000000 3.000000000000000
386 6.000000000000000 7.000000000000000
387 6.000000000000000 8.699999999999999
388 6.000000000000000 2.600000000000000
389 6.000000000000000 1.700000000000000
390 6.000000000000000 1.700000000000000
391 6.100000000000000 5.000000000000000
392 6.100000000000000 6.400000000000000
393 6.100000000000000 2.500000000000000
394 6.100000000000000 3.600000000000000
395 6.100000000000000 7.400000000000000
396 6.100000000000000 8.800000000000001
397 6.100000000000000 8.500000000000000
398 6.100000000000000 4.600000000000000
399 6.200000000000000 6.300000000000000
400 6.200000000000000 2.200000000000000
401 6.200000000000000 2.000000000000000
402 6.200000000000000 6.600000000000000
403 6.200000000000000 9.000000000000000
404 6.200000000000000 1.900000000000000
405 6.200000000000000 1.700000000000000
406 6.200000000000000 2.900000000000000
407 6.200000000000000 3.400000000000000
408 6.200000000000000 5.200000000000000
409 6.300000000000000 7.800000000000000
410 6.300000000000000 5.700000000000000
411 6.300000000000000 4.800000000000000
412 6.300000000000000 5.000000000000000
413 6.300000000000000 5.400000000000000
414 6.300000000000000 5.400000000000000
415 6.300000000000000 3.200000000000000
416 6.400000000000000 5.700000000000000
417 6.400000000000000 6.000000000000000
418 6.400000000000000 5.400000000000000
419 6.400000000000000 8.400000000000000
420 6.500000000000000 4.900000000000000
421 6.500000000000000 7.400000000000000
422 6.500000000000000 5.300000000000000
423 6.600000000000000 3.600000000000000
424 6.600000000000000 6.800000000000000
425 6.600000000000000 7.000000000000000
426 6.600000000000000 8.100000000000000
427 6.600000000000000 7.800000000000000
428 6.600000000000000 1.600000000000000
429 6.600000000000000 7.700000000000000
430 6.600000000000000 5.700000000000000
431 6.600000000000000 3.400000000000000
432 6.600000000000000 3.200000000000000
433 6.600000000000000 7.400000000000000
434 6.600000000000000 6.000000000000000
435 6.600000000000000 6.000000000000000
436 6.600000000000000 4.200000000000000
437 6.600000000000000 6.800000000000000
438 6.700000000000000 8.699999999999999
439 6.700000000000000 7.900000000000000
440 6.700000000000000 6.400000000000000
441 6.700000000000000 8.400000000000000
442 6.700000000000000 4.000000000000000
443 6.700000000000000 7.400000000000000
444 6.700000000000000 2.000000000000000
445 6.700000000000000 2.400000000000000
446 6.800000000000000 1.900000000000000
447 6.800000000000000 3.100000000000000
448 6.800000000000000 5.100000000000000
449 6.800000000000000 5.500000000000000
450 6.800000000000000 4.500000000000000
451 6.800000000000000 5.500000000000000
452 6.800000000000000 4.700000000000000
453 6.800000000000000 3.100000000000000
454 6.900000000000000 5.200000000000000
455 6.900000000000000 2.500000000000000
456 6.900000000000000 2.700000000000000
457 6.900000000000000 3.000000000000000
458 6.900000000000000 8.900000000000000
459 6.900000000000000 8.600000000000000
460 7.000000000000000 5.500000000000000
461 7.000000000000000 2.900000000000000
462 7.000000000000000 9.100000000000000
463 7.100000000000000 2.000000000000000
464 7.100000000000000 8.600000000000000
465 7.100000000000000 8.000000000000000
466 7.200000000000000 3.400000000000000
467 7.200000000000000 3.700000000000000
468 7.200000000000000 1.300000000000000
469 7.200000000000000 7.900000000000000
470 7.200000000000000 7.500000000000000
471 7.200000000000000 8.699999999999999
472 7.200000000000000 7.500000000000000
473 7.200000000000000 9.000000000000000
474 7.200000000000000 3.000000000000000
475 7.300000000000000 8.500000000000000
476 7.300000000000000 5.900000000000000
477 7.300000000000000 3.200000000000000
478 7.300000000000000 3.800000000000000
479 7.300000000000000 4.600000000000000
480 7.300000000000000 8.699999999999999
481 7.300000000000000 2.600000000000000
482 7.300000000000000 4.400000000000000
483 7.300000000000000 6.900000000000000
484 7.300000000000000 4.600000000000000
485 7.400000000000000 3.500000000000000
486 7.400000000000000 2.400000000000000
487 7.400000000000000 6.800000000000000
488 7.400000000000000 1.600000000000000
489 7.400000000000000 7.000000000000000
490 7.400000000000000 5.300000000000000
491 7.400000000000000 2.200000000000000
492 7.400000000000000 3.600000000000000
493 7.400000000000000 7.400000000000000
494 7.500000000000000 1.800000000000000
495 7.500000000000000 5.100000000000000
496 7.500000000000000 9.000000000000000
497 7.500000000000000 6.500000000000000
498 7.500000000000000 7.700000000000000
499 7.500000000000000 7.600000000000000
500 7.500000000000000 8.500000000000000
501 7.500000000000000 4.300000000000000
502 7.500000000000000 4.400000000000000
503 7.500000000000000 1.200000000000000
504 7.600000000000000 2.900000000000000
505 7.600000000000000 7.200000000000000
506 7.600000000000000 6.800000000000000
507 7.600000000000000 2.600000000000000
508 7.600000000000000 5.600000000000000
509 7.600000000000000 3.100000000000000
510 7.600000000000000 1.300000000000000
511 7.600000000000000 4.200000000000000
512 7.700000000000000 2.600000000000000
513 7.700000000000000 8.500000000000000
514 7.700000000000000 7.600000000000000
515 7.700000000000000 4.200000000000000
516 7.700000000000000 3.000000000000000
517 7.700000000000000 4.600000000000000
518 7.700000000000000 7.400000000000000
519 7.700000000000000 8.300000000000001
520 7.700000000000000 7.300000000000000
521 7.800000000000000 4.500000000000000
522 7.800000000000000 3.900000000000000
523 7.800000000000000 4.400000000000000
524 7.800000000000000 6.700000000000000
525 7.800000000000000 8.800000000000001
526 7.800000000000000 3.100000000000000
527 7.800000000000000 3.100000000000000
528 7.800000000000000 5.200000000000000
529 8.000000000000000 7.800000000000000
530 8.000000000000000 6.500000000000000
531 8.000000000000000 6.600000000000000
532 8.000000000000000 3.800000000000000
533 8.000000000000000 7.100000000000000
534 8.000000000000000 4.100000000000000
535 8.100000000000000 6.800000000000000
536 8.100000000000000 8.000000000000000
537 8.100000000000000 8.400000000000000
538 8.100000000000000 7.300000000000000
539 8.100000000000000 4.700000000000000
540 8.199999999999999 4.800000000000000
541 8.199999999999999 6.800000000000000
542 8.199999999999999 4.700000000000000
543 8.199999999999999 8.400000000000000
544 8.199999999999999 6.200000000000000
545 8.199999999999999 6.800000000000000
546 8.199999999999999 8.699999999999999
547 8.199999999999999 7.600000000000000
548 8.199999999999999 9.000000000000000
549 8.300000000000001 8.699999999999999
550 8.300000000000001 5.800000000000000
551 8.300000000000001 7.100000000000000
552 8.300000000000001 7.700000000000000
553 8.300000000000001 4.900000000000000
554 8.400000000000000 6.800000000000000
555 8.400000000000000 7.800000000000000
556 8.400000000000000 4.400000000000000
557 8.400000000000000 5.700000000000000
558 8.400000000000000 3.800000000000000
559 8.500000000000000 4.900000000000000
560 8.600000000000000 4.200000000000000
561 8.600000000000000 5.400000000000000
562 8.600000000000000 4.100000000000000
563 8.600000000000000 7.900000000000000
564 8.800000000000001 8.699999999999999
565 8.900000000000000 8.800000000000001
