369
0 8.240000000000000 7.090000000000000
1 3.990000000000000 3.910000000000000
2 7.586540236629753 6.601058341760615
3 7.688953442404655 6.677687516905130
4 4.682908174241319 4.428458351549976
5 5.334899728515874 4.916301443924819
6 5.479243969161900 5.024304899278786
7 3.996592206231737 3.914932521368688
8 6.131730353617043 5.512518241059341
9 4.219975317780252 4.082075649539107
10 5.310392857227674 4.897964537878590
11 4.070241062622485 3.970039195091648
12 7.890958154086818 6.828834571763784
13 6.269975109762742 5.615957846834240
14 7.484006792765045 6.524339200233610
15 4.372811897852945 4.196433372981733
16 5.491125212130155 5.033194864605623
17 5.763307655070610 5.236851374852833
18 8.000000000000000 3.140000000000000
19 7.380000000000000 8.330000000000000
20 7.547178409589241 6.930554926180382
21 7.398337878673265 8.176494209170572
22 7.558821350152777 6.833092246301751
23 7.469507631215992 7.580734506433865
24 7.764448550037156 5.111793589205098
25 7.588173450951217 6.587386757359974
26 7.595787960259544 6.523645945569306
27 7.553037982001426 6.881504634536450
28 7.999134594387228 3.147244282468203
29 7.701573717813201 5.638116781531437
30 7.597196548912884 6.511854695390535
31 7.449756102933483 7.746073912540682
32 7.712307197269109 5.548267171247298
33 7.603884376473813 6.455871106614372
34 8.410000000000000 1.510000000000000
35 9.330000000000000 5.470000000000000
36 9.047596333208975 4.254436390769067
37 8.588500729542901 2.278329227162915
38 8.939466980937022 3.789010048381094
39 8.686404733874465 2.699742115372699
40 9.264385080645161 5.187570564516128
41 8.624192109907209 2.431957342644073
42 9.650000000000000 3.180000000000000
43 6.970000000000000 7.960000000000000
44 7.075322214241080 7.772149185047624
45 7.594316947274546 6.846479474637190
46 7.218258981866993 7.517209726371556
47 7.693882025833245 6.668896983775033
48 7.716044438131347 6.629368502138865
49 7.571947009384539 6.886378095202200
50 8.020018572883590 6.087205679707626
51 7.712296976483763 6.636052407614780
52 7.029196932955822 7.854417410623570
53 8.338666325375033 5.518871255487815
54 7.911979242905993 6.279902693622893
55 6.460000000000000 2.420000000000000
56 1.710000000000000 4.880000000000000
57 5.528118692713631 2.902616424405151
58 1.992444813357432 4.733723317713835
59 3.613557353304440 3.894157665446543
60 2.639516964733411 4.398608056159118
61 4.722667114943437 3.319755557313504
62 3.393511070053650 4.008118477403794
63 4.237348328403193 3.571099602553294
64 2.227216681050975 4.612136203076759
65 3.234293653186946 4.090576339612655
66 2.493499104219436 4.474229937604250
67 2.641895270565608 4.397376344086021
68 4.878121204368846 3.239246702579503
69 1.850000000000000 4.680000000000000
70 6.410071535333625 2.476428846492746
71 3.595274173580569 3.836628181364267
72 8.145245503908809 1.637937767166018
73 7.952397117010793 1.731128222420089
74 4.693027036657609 3.306159191127344
75 3.376945838233926 3.942131355609520
76 4.204507118132426 3.542227505414666
77 6.335165956347668 2.512625597313703
78 2.155072087848425 4.532579494134222
79 3.252509758847063 4.002262814703477
80 2.508612322743567 4.361737642820563
81 4.869898064678409 3.220689502281927
82 6.600000000000000 4.700000000000000
83 6.930000000000000 4.550000000000000
84 6.708213223518645 4.650812171127888
85 2.850000000000000 6.500000000000000
86 4.536428380039501 4.594008922282226
87 3.807211205793284 5.418165728632522
88 5.295254640403428 3.736388107244879
89 4.021078205501475 5.176454548906920
90 2.913082304286290 6.428704764130731
91 4.199066288133194 4.975293502608467
92 5.662685765689685 3.321119688638805
93 4.725656333380143 4.380144642606376
94 4.914650497829972 4.166544589710170
95 3.387900398507932 5.892068247669706
96 4.314653636845439 4.844657385504323
97 5.187308853740751 3.858387777489678
98 5.164100533660068 3.884617679409120
99 1.690000000000000 9.650000000000000
100 5.080000000000000 6.770000000000000
101 3.942113199857354 7.736700290386672
102 4.644970785544254 7.139582341484527
103 3.452545710267229 8.152616033755274
104 4.892607598230549 6.929200624512100
105 3.351178969337311 8.238732911005471
106 4.573922506131826 7.199941941693316
107 3.824969443550981 7.836220649726600
108 8.199999999999999 9.180000000000000
109 5.793168701018309 6.167173172058549
110 5.358653365495242 5.623254925453665
111 6.783935787700928 7.407397054913039
112 4.861275126946158 5.000646061521675
113 3.994528098951331 3.915668190373756
114 5.739069831674987 6.099453209721421
115 4.161892833967185 4.125172264847284
116 6.055486525102232 6.495537764201606
117 4.960992053907196 5.125469863204495
118 4.044530707651210 3.978260529530136
119 7.121953705318221 7.830521621621622
120 4.851292456343732 4.988149939413650
121 5.385966973034360 5.657445593323297
122 6.518861530489911 7.075582010850791
123 4.257164284246675 4.244431301182893
124 5.039526487781380 5.223777812495932
125 6.651875079241455 7.242085906793935
126 0.600000000000000 6.200000000000000
127 8.560000000000000 9.859999999999999
128 5.453007304813664 8.431407881359046
129 4.987496367507698 8.217366420235951
130 3.998877892373049 7.762800638955447
131 4.478693246826669 7.983419256706735
132 1.072679285993816 6.417337460645398
133 5.860609743040682 8.618823072805137
134 4.728371014713078 8.098220843448475
135 3.518649148289977 7.541991945068004
136 5.371586603569744 6.008172725289997
137 4.137481846611458 5.542727895200879
138 2.456019179903535 4.908561224345465
139 5.713792804602884 6.137236409873701
140 2.887020937432943 5.071114312865945
141 2.516818725717577 4.931491882469383
142 4.253164268809368 5.586357728924972
143 3.021574290306927 5.121861352056290
144 8.075494770716009 7.027956556717618
145 4.546153682191198 5.696859213471171
146 7.188176317313260 6.693302805121276
147 2.561310138995132 4.948271899057632
148 4.214723604548803 5.571859763217937
149 6.252285386161354 6.340329856126583
150 5.500000000000000 9.830000000000000
151 5.290000000000000 3.580000000000000
152 5.406902228069120 7.059232978247621
153 5.338347399411187 5.018910696761531
154 5.392080832412729 6.618120012283591
155 5.332610080940412 4.848157170845621
156 5.321732775410247 4.524427839590684
157 5.382130948419301 6.321992512479202
158 5.443863137170106 8.159260034824570
159 5.333772117802384 4.882741601261442
160 5.359843366128790 5.658671610975906
161 5.428378624019977 7.698411429165978
162 5.297812828071726 3.812524644991857
163 5.486637152740009 9.432296212500273
164 5.340956709267488 5.096568728199042
165 5.311404521213086 4.217039321818037
166 2.430000000000000 0.170000000000000
167 3.010545572047631 1.996732972631960
168 4.686996268826915 7.271818878458633
169 4.550631638479922 6.842736686552459
170 3.954168438654968 4.965917627819868
171 3.658459680553536 4.035446421546304
172 3.210572689673575 2.626134261318154
173 4.773229140065662 7.543157489587718
174 3.229220808678777 2.684812055972960
175 3.777595554852399 4.410316957613735
176 3.007852579515010 1.988259256714982
177 3.331416550640542 3.006379113741901
178 4.296188289722995 6.042110383949226
179 4.712836839175191 7.353128295254834
180 4.168804441186982 5.641286938718646
181 3.408134505789216 3.247778282059878
182 3.677576937996143 4.095600397733792
183 3.878573926645171 4.728053462994252
184 3.230007910330751 2.687288734135196
185 4.191751536419305 5.713491805149996
186 4.915639332614871 7.991262525426596
187 3.786903872725714 4.439606322648339
188 5.323943731006764 9.276024899519655
189 4.154779761505996 5.597157164869030
190 3.940000000000000 0.690000000000000
191 0.220000000000000 5.920000000000000
192 2.920395486979928 2.123476237391122
193 2.973093298291722 2.049387647831800
194 1.516964405453733 4.096579612762628
195 2.214919886948942 3.115314244961568
196 3.325391875546295 1.554086153465827
197 0.873490972139185 5.001247907449480
198 5.110000000000000 6.970000000000000
199 1.410000000000000 9.609999999999999
200 5.095341420075428 6.980459094865100
201 3.341694841267047 8.231709626771620
202 4.657917728356809 7.292566810037304
203 3.855235161660365 7.865291668436929
204 8.930000000000000 7.950000000000000
205 2.760000000000000 6.390000000000000
206 5.141814522492165 6.992209182348100
207 4.160562035501103 6.744112929559436
208 2.946513263355155 6.437157324284286
209 7.783445913260685 7.660109501569963
210 6.197503498728955 7.259125682012507
211 6.717708438566209 7.390652376687729
212 8.270000000000000 0.590000000000000
213 8.020000000000000 2.690000000000000
214 8.198456990272744 1.190961281708945
215 8.045989799171183 2.471685686962065
216 8.020911858023576 2.682340392601955
217 8.240000000000000 5.130000000000000
218 3.630847007420098 4.953539318813939
219 6.433894820521269 5.060853553618731
220 5.565325679180200 5.027600523705214
221 5.909046073885785 5.040759803747542
222 3.074201492660809 4.932228234787932
223 2.497463318979532 4.910147906545924
224 5.136512159079857 5.011183467039810
225 3.060795083983275 4.931714972587415
226 7.316193760732684 5.094632226674299
227 6.245805417486234 5.053652581067620
228 4.904167163138085 5.002288176230401
229 2.640017360507109 4.915605565103641
230 5.509450294539572 5.025461343588804
231 5.672400103678470 5.031699850829956
232 8.289999999999999 0.990000000000000
233 7.531529550573849 2.655044596077525
234 7.015596263240221 3.787655540460817
235 7.402104102911677 2.939167916093299
236 9.650000000000000 1.900000000000000
237 5.135359729877925 3.509064096274278
238 3.421566755697050 4.119877489636179
239 4.446181992499909 3.754694110365417
240 4.859944714207215 3.607224832628710
241 2.181587309229214 4.561818882095229
242 3.212910346920637 4.194244773789825
243 2.642510946296131 4.397540970422661
244 5.016461770975491 3.551440548293351
245 3.110000000000000 2.580000000000000
246 5.046916376755573 3.468493750805309
247 3.601178461669193 2.805311220949171
248 3.508198131168347 2.762659693196490
249 3.289345118116585 2.662268402805773
250 4.962558894254268 3.429797657914802
251 0.982226966519670 6.484452166494680
252 9.930000000000000 1.890000000000000
253 3.640000000000000 4.990000000000000
254 3.538932921614081 4.587402216677579
255 2.923632438334409 2.136370539480867
256 3.171886907681663 3.125285037211251
257 3.315445209130429 3.697145378519562
258 3.434948916356815 4.173184939537065
259 3.552343342825510 4.640822241668560
260 3.078021714833147 2.751375756608073
261 3.528729684491617 4.546757916735199
262 4.200000000000000 8.400000000000000
263 6.152990353697749 5.480739549839228
264 6.247989037091175 5.338738900054814
265 5.559592220151840 6.367729953647381
266 4.820748681558384 7.472126970759589
267 7.494110866649720 3.476080353777513
268 6.357838236476308 5.174540227675466
269 6.055804727123191 5.626009164431042
270 4.282903678347971 8.276078533150026
271 5.983587208478487 5.733957340206240
272 4.090000000000000 3.890000000000000
273 4.280682001289075 4.037031904608444
274 5.357459407717618 4.867318097517200
275 4.157581069800295 3.942110704424324
276 7.865060500134442 6.800890024200051
277 6.325002392726113 5.613375338969532
278 7.496876170145754 6.516988854088293
279 4.447308171100394 4.165514734342473
280 5.543768760422457 5.010978321289605
281 5.725215797159991 5.150889289376378
282 4.544593755005951 3.841212053621216
283 3.474059274987678 2.900059908419966
284 5.561005845617407 4.734782916907310
285 3.478967118755062 2.904374601478622
286 4.525530263642981 3.824452531974628
287 7.662378606615057 6.582188599577759
288 3.231379909043742 2.686710212434167
289 6.548451928630051 5.602888537645521
290 7.552244623655914 6.485365156469429
291 4.763980563397761 4.034084276983216
292 5.767683659304259 4.916482125431230
293 5.527952571484336 4.705724385456989
294 0.530000000000000 6.820000000000000
295 2.741409215279909 5.179156737397707
296 3.058247495568182 4.944065939207420
297 4.598724950655986 3.801047254150702
298 3.489561885530201 4.624035025913511
299 3.676196981849666 4.485553672826555
300 1.792063887187374 5.883561365324715
301 4.996336419480432 3.506023567333238
302 1.790000000000000 4.130000000000000
303 3.530000000000000 1.070000000000000
304 2.414935894237964 3.030974806684958
305 3.264327310176950 1.537217488999157
306 1.730000000000000 4.200000000000000
307 7.110000000000000 0.190000000000000
308 1.803678322449092 4.145083629550026
309 3.480910394265233 2.894953405017922
310 1.775871908839184 4.165809227798303
311 4.449310252907270 2.173153510379526
312 4.751379358872549 1.948005347754848
313 4.416534944240564 2.197582690259357
314 3.900000000000000 5.940000000000000
315 7.780000000000000 6.940000000000000
316 7.074571109925811 6.758188430393250
317 6.355302916534935 6.572810030034778
318 6.170000000000000 8.960000000000001
319 3.534826193917063 6.054089159045528
320 2.960029284496700 5.420237772629923
321 2.190128772185208 4.571237892615195
322 1.837389754375958 4.182258564757050
323 5.163263673417298 7.849831859042363
324 2.540040572759087 4.957099535713787
325 5.078558420025138 5.048918881876287
326 4.047516815339302 5.720260943684438
327 4.387250155534189 5.499050393077315
328 5.545347131108643 4.744978774800728
329 0.660000000000000 8.180000000000000
330 3.550000000000000 2.560000000000000
331 3.201881815670150 4.247712210105475
332 3.143353792691652 4.531461992393637
333 3.103823399675347 4.723109340814454
334 8.490000000000000 6.750000000000000
335 8.451961883408071 6.696356502242153
336 7.640259814508957 5.551648456358786
337 8.086128348721054 6.180437414863023
338 9.920000000000000 3.970000000000000
339 9.105367521367521 5.482888888888889
340 9.015623646600261 5.649556084885231
341 2.691969175133460 4.410765670742207
342 5.061495465274115 3.653068310522812
343 6.020000000000000 4.810000000000000
344 8.492143615089342 7.477536409409118
345 6.746209495267792 5.593607496611980
346 7.565585702977531 6.477745397714587
347 9.880000000000001 7.120000000000000
348 6.270000000000000 8.050000000000001
349 6.934072865573107 7.878923056791416
350 0.520000000000000 3.830000000000000
351 5.120000000000000 5.060000000000000
352 3.400144219570687 4.600125519580858
353 5.690000000000000 1.650000000000000
354 4.891479298095179 1.986706988424083
355 4.412573939365432 2.188643870828503
356 9.380000000000001 5.470000000000000
357 3.840000000000000 5.730000000000000
358 9.325523680395209 5.472556650378564
359 5.938198575768856 5.631528586696769
360 2.840000000000000 1.420000000000000
361 4.332895322939867 8.324096823350136
362 6.566130021392916 7.048584607664475
363 1.344229196835811 5.453404360118608
364 5.157888250219317 3.870598388425968
365 0.310000000000000 4.460000000000000
366 5.630000000000000 9.570000000000000
367 5.644399333394570 4.968510373062841
368 4.360000000000000 2.070000000000000
664
1 7
7 11
11 9
9 15
15 4
4 10
10 5
5 6
6 16
16 17
17 8
8 13
13 14
14 2
2 3
3 12
12 0
19 21
21 31
31 23
23 20
20 27
27 22
22 2
2 25
25 26
26 30
30 33
33 29
29 32
32 24
24 28
28 18
34 37
37 41
41 39
39 38
38 36
36 40
40 35
43 52
52 44
44 46
46 20
20 49
49 45
45 3
3 47
47 51
51 48
48 54
54 50
50 53
53 36
36 42
56 58
58 64
64 66
66 60
60 67
67 65
65 62
62 59
59 63
63 61
61 68
68 57
57 55
69 78
78 80
80 79
79 75
75 71
71 76
76 74
74 81
81 57
57 77
77 70
70 73
73 72
72 34
82 84
84 83
85 90
90 95
95 87
87 89
89 91
91 96
96 86
86 4
4 93
93 94
94 98
98 97
97 88
88 92
92 70
70 55
99 105
105 103
103 107
107 101
101 106
106 102
102 104
104 100
1 113
113 118
118 115
115 123
123 86
86 120
120 112
112 117
117 124
124 110
110 121
121 114
114 109
109 116
116 122
122 125
125 111
111 44
44 119
119 21
21 108
126 132
132 135
135 101
101 130
130 131
131 134
134 129
129 128
128 133
133 127
69 58
58 138
138 141
141 147
147 140
140 143
143 87
87 137
137 148
148 142
142 145
145 136
136 139
139 109
109 149
149 146
146 22
22 45
45 144
144 0
151 88
88 162
162 165
165 156
156 155
155 159
159 5
5 153
153 164
164 110
110 160
160 136
136 157
157 154
154 152
152 161
161 158
158 128
128 163
163 150
166 176
176 167
167 172
172 174
174 184
184 177
177 181
181 71
71 59
59 171
171 182
182 175
175 187
187 183
183 170
170 89
89 137
137 189
189 180
180 185
185 178
178 169
169 102
102 168
168 179
179 173
173 186
186 129
129 188
188 150
191 197
197 194
194 195
195 192
192 193
193 167
167 196
196 190
199 201
201 103
103 203
203 130
130 202
202 168
168 200
200 198
205 90
90 208
208 207
207 169
169 104
104 200
200 206
206 152
152 210
210 211
211 111
111 46
46 23
23 209
209 204
213 216
216 215
215 72
72 214
214 212
56 138
138 223
223 229
229 225
225 222
222 218
218 170
170 91
91 112
112 228
228 224
224 153
153 6
6 230
230 220
220 231
231 221
221 227
227 219
219 226
226 24
24 217
82 234
234 235
235 233
233 73
73 214
214 232
69 241
241 60
60 243
243 242
242 238
238 171
171 113
113 7
7 239
239 240
240 244
244 237
237 92
92 233
233 215
215 37
37 236
245 172
172 249
249 248
248 247
247 74
74 61
61 250
250 246
246 237
237 151
191 251
251 201
201 105
105 150
217 38
38 252
166 192
192 255
255 260
260 256
256 257
257 75
75 62
62 238
238 258
258 261
261 254
254 259
259 218
218 253
262 270
270 131
131 173
173 266
266 206
206 154
154 265
265 139
139 114
114 271
271 269
269 8
8 263
263 264
264 268
268 219
219 84
84 267
267 213
272 275
275 273
273 279
279 93
93 155
155 274
274 280
280 220
220 281
281 263
263 277
277 278
278 25
25 47
47 276
276 0
245 174
174 288
288 283
283 285
285 76
76 63
63 239
239 286
286 282
282 291
291 94
94 156
156 293
293 284
284 292
292 221
221 264
264 289
289 290
290 26
26 287
287 48
48 0
294 251
251 132
132 300
300 295
295 140
140 296
296 222
222 298
298 254
254 299
299 175
175 115
115 9
9 273
273 282
282 297
297 240
240 301
301 246
246 77
77 55
302 304
304 255
255 193
193 176
176 305
305 303
306 310
310 308
308 256
256 177
177 283
283 309
309 247
247 313
313 311
311 312
312 307
314 178
178 157
157 265
265 116
116 317
317 316
316 27
27 49
49 315
302 308
308 322
322 78
78 241
241 321
321 64
64 223
223 141
141 324
324 295
295 320
320 95
95 319
319 207
207 106
106 202
202 179
179 266
266 323
323 158
158 133
133 318
85 208
208 319
319 326
326 180
180 142
142 327
327 117
117 325
325 224
224 10
10 159
159 274
274 328
328 284
284 234
234 267
267 28
28 39
39 252
329 199
205 320
320 143
143 296
296 225
225 333
333 332
332 331
331 242
242 65
65 79
79 257
257 181
181 285
285 309
309 248
248 330
83 226
226 336
336 29
29 50
50 337
337 335
335 334
0 335
335 340
340 339
339 40
40 338
69 321
321 66
66 341
341 331
331 258
258 182
182 118
118 11
11 275
275 286
286 297
297 342
342 151
343 227
227 268
268 345
345 346
346 30
30 287
287 51
51 276
276 12
12 144
144 344
344 204
348 349
349 52
52 119
119 31
31 209
209 344
344 347
350 194
194 310
310 322
322 80
80 67
67 243
243 341
341 332
332 352
352 298
298 259
259 183
183 96
96 120
120 228
228 325
325 351
350 195
195 304
304 260
260 184
184 288
288 249
249 355
355 311
311 354
354 353
357 326
326 185
185 145
145 160
160 121
121 359
359 269
269 13
13 277
277 289
289 345
345 336
336 32
32 53
53 339
339 358
358 356
360 305
305 196
196 312
312 354
354 55
262 361
361 134
134 186
186 323
323 161
161 210
210 122
122 362
362 316
316 146
146 14
14 278
278 290
290 346
346 33
33 54
54 337
337 340
340 358
358 35
191 363
363 324
324 147
147 229
229 333
333 352
352 261
261 299
299 187
187 123
123 15
15 279
279 291
291 364
364 97
97 162
162 235
235 216
216 41
41 252
365 197
197 363
363 300
300 135
135 107
107 203
203 270
270 361
361 188
188 163
163 366
357 189
189 148
148 327
327 124
124 164
164 16
16 230
230 280
280 367
367 292
292 343
368 355
355 313
313 81
81 68
68 250
250 301
301 244
244 342
342 364
364 98
98 165
165 293
293 328
328 367
367 231
231 281
281 17
17 359
359 271
271 149
149 317
317 362
362 125
125 211
211 349
349 43
478
0 0.600000000000000 5.100000000000000
1 0.600000000000000 6.200000000000000
2 0.700000000000000 4.900000000000000
3 0.700000000000000 4.500000000000000
4 0.700000000000000 4.500000000000000
5 0.700000000000000 5.100000000000000
6 0.800000000000000 5.000000000000000
7 0.900000000000000 3.800000000000000
8 1.000000000000000 4.100000000000000
9 1.100000000000000 3.800000000000000
10 1.100000000000000 3.700000000000000
11 1.200000000000000 3.900000000000000
12 1.200000000000000 4.800000000000000
13 1.300000000000000 6.200000000000000
14 1.300000000000000 4.600000000000000
15 1.300000000000000 5.000000000000000
16 1.400000000000000 6.600000000000000
17 1.400000000000000 4.500000000000000
18 1.400000000000000 3.700000000000000
19 1.400000000000000 6.400000000000000
20 1.400000000000000 5.500000000000000
21 1.500000000000000 3.900000000000000
22 1.500000000000000 5.100000000000000
23 1.500000000000000 5.300000000000000
24 1.500000000000000 4.400000000000000
25 1.500000000000000 5.600000000000000
26 1.700000000000000 5.800000000000000
27 1.800000000000000 5.100000000000000
28 1.800000000000000 6.500000000000000
29 1.800000000000000 5.700000000000000
30 1.800000000000000 4.200000000000000
31 1.800000000000000 6.200000000000000
32 1.900000000000000 4.600000000000000
33 1.900000000000000 3.900000000000000
34 1.900000000000000 6.500000000000000
35 2.000000000000000 3.600000000000000
36 2.000000000000000 5.900000000000000
37 2.000000000000000 6.600000000000000
38 2.000000000000000 4.900000000000000
39 2.000000000000000 3.700000000000000
40 2.000000000000000 3.500000000000000
41 2.100000000000000 3.400000000000000
42 2.100000000000000 4.300000000000000
43 2.100000000000000 7.300000000000000
44 2.100000000000000 3.400000000000000
45 2.100000000000000 5.600000000000000
46 2.200000000000000 6.000000000000000
47 2.200000000000000 6.000000000000000
48 2.200000000000000 3.800000000000000
49 2.200000000000000 5.400000000000000
50 2.200000000000000 4.600000000000000
51 2.200000000000000 7.200000000000000
52 2.300000000000000 3.500000000000000
53 2.300000000000000 5.000000000000000
54 2.300000000000000 6.800000000000000
55 2.300000000000000 4.800000000000000
56 2.300000000000000 3.000000000000000
57 2.400000000000000 4.500000000000000
58 2.400000000000000 6.500000000000000
59 2.400000000000000 7.300000000000000
60 2.400000000000000 5.700000000000000
61 2.400000000000000 4.700000000000000
62 2.400000000000000 6.000000000000000
63 2.400000000000000 3.400000000000000
64 2.500000000000000 5.900000000000000
65 2.500000000000000 3.800000000000000
66 2.500000000000000 2.800000000000000
67 2.500000000000000 2.400000000000000
68 2.500000000000000 6.300000000000000
69 2.500000000000000 3.500000000000000
70 2.500000000000000 3.800000000000000
71 2.500000000000000 4.500000000000000
72 2.500000000000000 5.600000000000000
73 2.500000000000000 3.900000000000000
74 2.500000000000000 5.900000000000000
75 2.600000000000000 1.100000000000000
76 2.600000000000000 2.300000000000000
77 2.600000000000000 3.800000000000000
78 2.600000000000000 2.200000000000000
79 2.600000000000000 5.700000000000000
80 2.600000000000000 1.200000000000000
81 2.600000000000000 1.700000000000000
82 2.600000000000000 2.400000000000000
83 2.700000000000000 2.300000000000000
84 2.700000000000000 1.500000000000000
85 2.700000000000000 4.600000000000000
86 2.700000000000000 5.400000000000000
87 2.700000000000000 7.600000000000000
88 2.700000000000000 6.100000000000000
89 2.800000000000000 6.800000000000000
90 2.800000000000000 5.100000000000000
91 2.800000000000000 5.300000000000000
92 2.800000000000000 7.200000000000000
93 2.800000000000000 4.000000000000000
94 2.800000000000000 3.600000000000000
95 2.900000000000000 7.800000000000000
96 2.900000000000000 3.600000000000000
97 2.900000000000000 7.800000000000000
98 2.900000000000000 3.900000000000000
99 2.900000000000000 7.900000000000000
100 2.900000000000000 7.300000000000000
101 2.900000000000000 6.100000000000000
102 2.900000000000000 6.600000000000000
103 3.000000000000000 5.100000000000000
104 3.000000000000000 2.900000000000000
105 3.000000000000000 6.500000000000000
106 3.000000000000000 3.400000000000000
107 3.000000000000000 2.200000000000000
108 3.000000000000000 7.800000000000000
109 3.100000000000000 6.200000000000000
110 3.100000000000000 7.300000000000000
111 3.100000000000000 2.100000000000000
112 3.200000000000000 6.700000000000000
113 3.200000000000000 3.600000000000000
114 3.200000000000000 2.100000000000000
115 3.200000000000000 7.100000000000000
116 3.200000000000000 7.800000000000000
117 3.300000000000000 8.100000000000000
118 3.300000000000000 3.500000000000000
119 3.300000000000000 2.100000000000000
120 3.300000000000000 5.600000000000000
121 3.400000000000000 7.600000000000000
122 3.400000000000000 3.900000000000000
123 3.500000000000000 3.000000000000000
124 3.500000000000000 2.000000000000000
125 3.500000000000000 6.000000000000000
126 3.500000000000000 5.300000000000000
127 3.500000000000000 6.200000000000000
128 3.600000000000000 2.700000000000000
129 3.600000000000000 2.800000000000000
130 3.600000000000000 4.900000000000000
131 3.600000000000000 2.100000000000000
132 3.600000000000000 2.600000000000000
133 3.600000000000000 3.700000000000000
134 3.600000000000000 4.200000000000000
135 3.700000000000000 2.400000000000000
136 3.700000000000000 3.700000000000000
137 3.700000000000000 3.700000000000000
138 3.700000000000000 7.500000000000000
139 3.700000000000000 7.100000000000000
140 3.700000000000000 5.300000000000000
141 3.700000000000000 2.600000000000000
142 3.800000000000000 4.300000000000000
143 3.800000000000000 5.600000000000000
144 3.800000000000000 2.400000000000000
145 3.800000000000000 1.900000000000000
146 3.800000000000000 2.400000000000000
147 3.800000000000000 5.600000000000000
148 3.800000000000000 3.300000000000000
149 3.900000000000000 5.700000000000000
150 3.900000000000000 5.200000000000000
151 3.900000000000000 2.800000000000000
152 3.900000000000000 4.100000000000000
153 3.900000000000000 2.400000000000000
154 3.900000000000000 2.400000000000000
155 3.900000000000000 3.600000000000000
156 3.900000000000000 7.200000000000000
157 3.900000000000000 4.700000000000000
158 3.900000000000000 8.100000000000000
159 4.000000000000000 4.500000000000000
160 4.000000000000000 2.500000000000000
161 4.000000000000000 5.700000000000000
162 4.000000000000000 5.800000000000000
163 4.000000000000000 6.400000000000000
164 4.100000000000000 7.900000000000000
165 4.100000000000000 2.700000000000000
166 4.100000000000000 8.000000000000000
167 4.100000000000000 8.300000000000001
168 4.100000000000000 6.700000000000000
169 4.100000000000000 4.900000000000000
170 4.100000000000000 7.300000000000000
171 4.100000000000000 2.600000000000000
172 4.200000000000000 5.600000000000000
173 4.200000000000000 3.000000000000000
174 4.200000000000000 3.400000000000000
175 4.200000000000000 3.700000000000000
176 4.200000000000000 4.000000000000000
177 4.200000000000000 8.199999999999999
178 4.200000000000000 7.000000000000000
179 4.300000000000000 8.300000000000001
180 4.400000000000000 2.000000000000000
181 4.400000000000000 7.200000000000000
182 4.400000000000000 5.200000000000000
183 4.400000000000000 2.600000000000000
184 4.400000000000000 8.699999999999999
185 4.500000000000000 8.600000000000000
186 4.500000000000000 4.300000000000000
187 4.500000000000000 8.800000000000001
188 4.500000000000000 8.699999999999999
189 4.500000000000000 2.400000000000000
190 4.500000000000000 2.600000000000000
191 4.500000000000000 8.699999999999999
192 4.500000000000000 7.800000000000000
193 4.500000000000000 5.800000000000000
194 4.500000000000000 8.900000000000000
195 4.500000000000000 2.600000000000000
196 4.500000000000000 4.800000000000000
197 4.600000000000000 6.700000000000000
198 4.600000000000000 8.100000000000000
199 4.600000000000000 4.400000000000000
200 4.600000000000000 6.400000000000000
201 4.600000000000000 4.700000000000000
202 4.600000000000000 2.900000000000000
203 4.600000000000000 8.900000000000000
204 4.600000000000000 4.600000000000000
205 4.600000000000000 5.600000000000000
206 4.600000000000000 7.500000000000000
207 4.600000000000000 2.500000000000000
208 4.600000000000000 2.700000000000000
209 4.600000000000000 8.900000000000000
210 4.600000000000000 5.100000000000000
211 4.600000000000000 6.900000000000000
212 4.700000000000000 3.400000000000000
213 4.700000000000000 5.700000000000000
214 4.700000000000000 7.400000000000000
215 4.700000000000000 6.700000000000000
216 4.700000000000000 2.400000000000000
217 4.800000000000000 4.200000000000000
218 4.800000000000000 6.500000000000000
219 4.800000000000000 8.500000000000000
220 4.800000000000000 7.500000000000000
221 4.800000000000000 6.700000000000000
222 4.800000000000000 3.800000000000000
223 4.900000000000000 4.600000000000000
224 4.900000000000000 2.900000000000000
225 4.900000000000000 7.200000000000000
226 4.900000000000000 8.699999999999999
227 4.900000000000000 7.400000000000000
228 5.000000000000000 7.500000000000000
229 5.000000000000000 2.100000000000000
230 5.000000000000000 4.400000000000000
231 5.000000000000000 7.300000000000000
232 5.000000000000000 3.000000000000000
233 5.000000000000000 7.800000000000000
234 5.000000000000000 2.300000000000000
235 5.000000000000000 4.100000000000000
236 5.100000000000000 3.700000000000000
237 5.100000000000000 4.200000000000000
238 5.100000000000000 8.900000000000000
239 5.100000000000000 8.300000000000001
240 5.100000000000000 4.800000000000000
241 5.100000000000000 5.900000000000000
242 5.100000000000000 6.300000000000000
243 5.100000000000000 2.100000000000000
244 5.100000000000000 6.700000000000000
245 5.200000000000000 6.400000000000000
246 5.200000000000000 4.400000000000000
247 5.200000000000000 8.400000000000000
248 5.300000000000000 4.400000000000000
249 5.300000000000000 4.000000000000000
250 5.300000000000000 3.700000000000000
251 5.300000000000000 2.600000000000000
252 5.300000000000000 6.100000000000000
253 5.300000000000000 6.100000000000000
254 5.300000000000000 5.400000000000000
255 5.300000000000000 6.800000000000000
256 5.300000000000000 4.000000000000000
257 5.400000000000000 2.200000000000000
258 5.400000000000000 8.900000000000000
259 5.400000000000000 4.900000000000000
260 5.400000000000000 5.400000000000000
261 5.400000000000000 4.000000000000000
262 5.500000000000000 4.200000000000000
263 5.500000000000000 7.800000000000000
264 5.500000000000000 9.500000000000000
265 5.500000000000000 3.700000000000000
266 5.500000000000000 3.300000000000000
267 5.600000000000000 5.000000000000000
268 5.600000000000000 2.900000000000000
269 5.600000000000000 5.700000000000000
270 5.600000000000000 5.700000000000000
271 5.600000000000000 2.600000000000000
272 5.600000000000000 2.200000000000000
273 5.600000000000000 6.900000000000000
274 5.600000000000000 2.200000000000000
275 5.700000000000000 7.900000000000000
276 5.700000000000000 6.900000000000000
277 5.700000000000000 7.800000000000000
278 5.700000000000000 6.500000000000000
279 5.700000000000000 3.500000000000000
280 5.700000000000000 3.700000000000000
281 5.700000000000000 4.600000000000000
282 5.800000000000000 3.800000000000000
283 5.800000000000000 4.500000000000000
284 5.800000000000000 5.700000000000000
285 5.800000000000000 6.000000000000000
286 5.800000000000000 5.600000000000000
287 5.800000000000000 5.100000000000000
288 5.800000000000000 6.400000000000000
289 5.900000000000000 4.700000000000000
290 5.900000000000000 6.100000000000000
291 5.900000000000000 5.600000000000000
292 5.900000000000000 2.700000000000000
293 5.900000000000000 6.400000000000000
294 5.900000000000000 3.400000000000000
295 6.000000000000000 5.200000000000000
296 6.000000000000000 4.100000000000000
297 6.000000000000000 3.600000000000000
298 6.100000000000000 4.700000000000000
299 6.100000000000000 5.300000000000000
300 6.100000000000000 2.500000000000000
301 6.100000000000000 6.900000000000000
302 6.100000000000000 4.100000000000000
303 6.100000000000000 4.700000000000000
304 6.100000000000000 4.200000000000000
305 6.100000000000000 3.700000000000000
306 6.100000000000000 6.400000000000000
307 6.200000000000000 5.200000000000000
308 6.200000000000000 5.400000000000000
309 6.200000000000000 2.500000000000000
310 6.200000000000000 4.600000000000000
311 6.200000000000000 4.500000000000000
312 6.200000000000000 6.000000000000000
313 6.300000000000000 6.700000000000000
314 6.300000000000000 4.900000000000000
315 6.400000000000000 6.900000000000000
316 6.400000000000000 3.300000000000000
317 6.400000000000000 5.300000000000000
318 6.400000000000000 3.200000000000000
319 6.500000000000000 5.500000000000000
320 6.500000000000000 4.100000000000000
321 6.500000000000000 5.300000000000000
322 6.500000000000000 6.400000000000000
323 6.500000000000000 3.800000000000000
324 6.500000000000000 3.600000000000000
325 6.500000000000000 5.400000000000000
326 6.500000000000000 5.000000000000000
327 6.500000000000000 3.300000000000000
328 6.600000000000000 6.700000000000000
329 6.600000000000000 3.800000000000000
330 6.700000000000000 5.300000000000000
331 6.700000000000000 7.300000000000000
332 6.700000000000000 6.000000000000000
333 6.800000000000000 6.000000000000000
334 6.800000000000000 6.200000000000000
335 6.800000000000000 3.200000000000000
336 6.800000000000000 7.100000000000000
337 6.900000000000000 5.900000000000000
338 6.900000000000000 7.600000000000000
339 6.900000000000000 5.800000000000000
340 6.900000000000000 5.200000000000000
341 7.000000000000000 3.300000000000000
342 7.000000000000000 3.200000000000000
343 7.000000000000000 3.000000000000000
344 7.100000000000000 5.600000000000000
345 7.100000000000000 6.500000000000000
346 7.100000000000000 3.100000000000000
347 7.100000000000000 7.200000000000000
348 7.100000000000000 5.000000000000000
349 7.100000000000000 3.500000000000000
350 7.200000000000000 6.500000000000000
351 7.200000000000000 3.400000000000000
352 7.200000000000000 6.000000000000000
353 7.200000000000000 2.200000000000000
354 7.200000000000000 4.100000000000000
355 7.200000000000000 6.300000000000000
356 7.200000000000000 7.200000000000000
357 7.200000000000000 5.300000000000000
358 7.200000000000000 7.700000000000000
359 7.200000000000000 5.700000000000000
360 7.200000000000000 2.900000000000000
361 7.300000000000000 4.300000000000000
362 7.300000000000000 3.800000000000000
363 7.300000000000000 6.000000000000000
364 7.300000000000000 3.800000000000000
365 7.400000000000000 4.300000000000000
366 7.400000000000000 4.700000000000000
367 7.400000000000000 3.200000000000000
368 7.400000000000000 6.500000000000000
369 7.500000000000000 7.600000000000000
370 7.500000000000000 4.700000000000000
371 7.500000000000000 6.500000000000000
372 7.500000000000000 4.700000000000000
373 7.500000000000000 3.900000000000000
374 7.500000000000000 2.100000000000000
375 7.600000000000000 5.300000000000000
376 7.600000000000000 3.700000000000000
377 7.600000000000000 6.800000000000000
378 7.700000000000000 5.200000000000000
379 7.700000000000000 6.900000000000000
380 7.700000000000000 6.400000000000000
381 7.700000000000000 6.100000000000000
382 7.700000000000000 5.800000000000000
383 7.700000000000000 6.000000000000000
384 7.800000000000000 3.100000000000000
385 7.800000000000000 5.300000000000000
386 7.800000000000000 1.900000000000000
387 7.800000000000000 4.400000000000000
388 7.800000000000000 2.500000000000000
389 7.800000000000000 5.300000000000000
390 7.800000000000000 7.400000000000000
391 7.900000000000000 5.600000000000000
392 7.900000000000000 1.800000000000000
393 7.900000000000000 2.500000000000000
394 7.900000000000000 1.800000000000000
395 8.000000000000000 4.600000000000000
396 8.000000000000000 6.400000000000000
397 8.000000000000000 2.800000000000000
398 8.000000000000000 7.500000000000000
399 8.000000000000000 4.700000000000000
400 8.000000000000000 2.400000000000000
401 8.000000000000000 3.100000000000000
402 8.000000000000000 5.800000000000000
403 8.000000000000000 5.900000000000000
404 8.000000000000000 7.500000000000000
405 8.100000000000000 4.500000000000000
406 8.100000000000000 4.200000000000000
407 8.100000000000000 6.800000000000000
408 8.100000000000000 6.000000000000000
409 8.100000000000000 2.600000000000000
410 8.100000000000000 3.600000000000000
411 8.100000000000000 1.800000000000000
412 8.199999999999999 2.100000000000000
413 8.199999999999999 6.400000000000000
414 8.199999999999999 4.600000000000000
415 8.199999999999999 6.000000000000000
416 8.199999999999999 1.900000000000000
417 8.300000000000001 7.000000000000000
418 8.300000000000001 5.600000000000000
419 8.300000000000001 7.500000000000000
420 8.300000000000001 3.000000000000000
421 8.300000000000001 4.600000000000000
422 8.300000000000001 1.900000000000000
423 8.300000000000001 1.600000000000000
424 8.300000000000001 4.900000000000000
425 8.400000000000000 3.800000000000000
426 8.400000000000000 4.200000000000000
427 8.400000000000000 7.400000000000000
428 8.400000000000000 7.500000000000000
429 8.500000000000000 3.500000000000000
430 8.500000000000000 2.700000000000000
431 8.500000000000000 2.300000000000000
432 8.500000000000000 4.200000000000000
433 8.500000000000000 4.900000000000000
434 8.500000000000000 5.900000000000000
435 8.600000000000000 7.500000000000000
436 8.600000000000000 7.800000000000000
437 8.600000000000000 2.500000000000000
438 8.600000000000000 4.700000000000000
439 8.600000000000000 4.900000000000000
440 8.600000000000000 6.200000000000000
441 8.600000000000000 3.600000000000000
442 8.600000000000000 5.200000000000000
443 8.699999999999999 4.400000000000000
444 8.699999999999999 3.000000000000000
445 8.699999999999999 6.700000000000000
446 8.699999999999999 6.700000000000000
447 8.800000000000001 6.600000000000000
448 8.800000000000001 4.400000000000000
449 8.800000000000001 7.100000000000000
450 8.800000000000001 7.800000000000000
451 8.900000000000000 7.700000000000000
452 8.900000000000000 6.200000000000000
453 8.900000000000000 5.300000000000000
454 8.900000000000000 5.400000000000000
455 8.900000000000000 4.700000000000000
456 8.900000000000000 7.200000000000000
457 8.900000000000000 7.400000000000000
458 8.900000000000000 4.900000000000000
459 8.900000000000000 3.000000000000000
460 9.000000000000000 3.000000000000000
461 9.000000000000000 5.100000000000000
462 9.000000000000000 5.600000000000000
463 9.000000000000000 3.000000000000000
464 9.199999999999999 5.500000000000000
465 9.199999999999999 4.900000000000000
466 9.199999999999999 3.600000000000000
467 9.199999999999999 3.300000000000000
468 9.199999999999999 2.900000000000000
469 9.199999999999999 3.800000000000000
470 9.199999999999999 2.200000000000000
471 9.199999999999999 5.100000000000000
472 9.300000000000001 4.600000000000000
473 9.300000000000001 2.900000000000000
474 9.300000000000001 2.200000000000000
475 9.400000000000000 2.700000000000000
476 9.600000000000000 2.200000000000000
477 9.699999999999999 2.000000000000000
