277
0 5.890000000000000 0.120000000000000
1 6.020000000000000 6.310000000000000
2 5.922922239308424 1.687605087070363
3 6.004033449169738 5.549746541236034
4 5.962867956339240 3.589635767229970
5 5.949983221981984 2.976124185142185
6 5.982381882201577 4.518798852521248
7 5.921413603214764 1.615770799226075
8 5.960652354614917 3.484139038971835
9 5.919891737095760 1.543306558636586
10 5.994942469977547 5.116876070469345
11 5.970259130619866 3.941569373361326
12 5.920400627244676 1.567537558804188
13 7.620000000000000 0.980000000000000
14 1.840000000000000 3.390000000000000
15 2.551916135397064 3.093162995448629
16 4.355619009669055 2.341100032300619
17 6.332636363636364 1.516772727272727
18 5.333161902737931 1.933508618408579
19 6.139023720839051 1.597500490099980
20 1.954898519236147 3.342092485924029
21 2.531710014848805 3.101588038791415
22 3.889751354012802 2.535345888724766
23 6.157560872326911 1.589771331780648
24 0.100000000000000 5.940000000000000
25 1.220000000000000 3.550000000000000
26 0.769874795862820 4.510535033828447
27 0.822421836228288 4.398403403048563
28 0.739883749091790 4.574533785420199
29 0.914344969410313 4.202246002776207
30 5.980000000000000 7.120000000000000
31 0.260000000000000 2.650000000000000
32 5.825750205204709 6.999458639382001
33 0.916895716658714 3.163343331025253
34 4.691120739981579 6.112781417433157
35 1.616651356384918 3.710180343188913
36 3.456136702335728 5.147680255146976
37 3.683848244028646 5.325629659232176
38 4.760661464406804 6.167125305226995
39 2.740133707006368 4.588146445859872
40 3.735879838921204 5.366290713282829
41 2.163879072155091 4.137821582610709
42 1.255389920359302 3.427865899301762
43 3.592401886186859 5.254167208261409
44 0.913064944327774 3.160349702997403
45 2.382856854635328 4.308945828709775
46 5.044374859202523 6.388838395215958
47 0.130000000000000 8.199999999999999
48 8.480000000000000 6.440000000000000
49 8.284498876740352 6.481207422387663
50 6.277403265860578 6.904259910429387
51 1.406097569900004 7.931026140955208
52 5.415471456912775 7.085936555189642
53 1.969215485085888 7.812333023502855
54 6.060540578390868 6.949969890063722
55 3.578044018894148 7.473226649909736
56 3.337202576329968 7.523990834210689
57 4.613556137372243 7.254963017751479
58 4.443314389555796 7.290846308309197
59 1.135086294179943 7.988149475717760
60 8.324888814655663 6.472694094156411
61 5.577527093212875 7.051778720472496
62 3.167463369661848 7.559768199927563
63 1.977658636892231 7.810553389110140
64 7.510000000000000 6.310000000000000
65 0.935692003994654 2.991107963395922
66 1.573932612152704 3.313309429031572
67 6.584901868885114 5.842984943464761
68 4.629155092892158 4.855670019308317
69 4.404884401270563 4.742451987400035
70 4.918269190702424 5.001622791444258
71 2.106039906159480 3.581931869868096
72 3.110507105722329 4.089014621647410
73 1.358172742925747 3.204387895049412
74 4.033918756768248 4.555178296520246
75 1.001387960405751 3.024273094494489
76 1.335557482156538 3.192971087543853
77 7.680000000000000 7.310000000000000
78 9.890000000000001 4.280000000000000
79 8.300892852153016 6.458730614468941
80 0.460000000000000 7.350000000000000
81 0.950000000000000 2.860000000000000
82 0.784998367613451 4.371953733501236
83 0.755886653003921 4.638712097984476
84 0.522615354637568 6.776238893219018
85 0.802891698602692 4.207992394436552
86 0.773741776016866 4.475100868743413
87 0.918062718573460 3.152649782867684
88 8.369999999999999 3.940000000000000
89 1.534293076235570 2.945045353414342
90 8.330524286294141 3.934254208786748
91 5.850448126529844 3.573272773133724
92 5.125686319862062 3.467781836314155
93 1.721896027955328 2.972351443422069
94 2.505662314764805 3.086430633415902
95 3.854984745657182 3.282827968370587
96 7.750257423469806 3.849794881044123
97 1.481016980204225 2.937290881215709
98 4.754866153664820 3.413808011584637
99 1.094372992321106 2.881013858720592
100 2.040000000000000 4.790000000000000
101 6.810000000000000 7.170000000000000
102 6.119510040160643 6.825478804105311
103 2.989619931963619 5.263814557248095
104 3.466245591535748 5.501627779424545
105 4.763150271602074 6.148720680589713
106 3.246784279665617 5.392127166793327
107 3.282961993208689 5.410178101433266
108 3.443318886122196 5.490188458903737
109 3.533753260144358 5.535310850973495
110 5.216515450361603 6.374928044415223
111 1.340000000000000 1.140000000000000
112 2.500000000000000 0.140000000000000
113 6.040000000000000 1.840000000000000
114 8.356461066720147 3.927797527945197
115 6.963904517171819 2.672703642086189
116 8.241796456018880 3.824451741476245
117 1.220000000000000 6.500000000000000
118 1.510000000000000 8.730000000000000
119 1.316300093910132 7.240514515239981
120 1.490688561193838 8.581501694697444
121 1.330199869893896 7.347398999528926
122 9.359999999999999 6.150000000000000
123 6.150000000000000 9.320000000000000
124 7.291174778237643 8.193045468220149
125 6.847269216634485 8.631419496345384
126 8.770598574831331 6.732056859122954
127 7.015212441766787 8.465569021682020
128 1.960000000000000 6.900000000000000
129 1.762227182820006 5.062626730714891
130 1.942165468695383 6.734311451105494
131 1.485620171921477 2.492858371399532
132 1.665448338681296 4.163520049684298
133 1.523512819315369 2.844893289123430
134 1.465804143984952 2.308761079602132
135 1.590184530315695 3.464294991320003
136 9.850000000000000 0.760000000000000
137 8.909186379178005 2.781477915009419
138 8.378197486643391 3.922386481401363
139 8.428251328965260 3.814838360736803
140 8.760000000000000 9.060000000000000
141 2.000000000000000 5.070000000000000
142 2.524526203720558 5.379594608409027
143 3.156173236703539 5.752415860125314
144 4.693998296907814 6.660096627908606
145 3.661959150110452 6.050949261677619
146 2.675988718479331 5.468993341232623
147 5.907709946738101 7.376473770338022
148 3.244683900653441 5.804658101125330
149 4.459341870312743 6.521593796234889
150 4.331958404774098 6.446407401634416
151 4.295109169109387 6.424657630879653
152 4.560000000000000 2.220000000000000
153 2.510000000000000 0.970000000000000
154 4.234917684545937 2.021779075942645
155 1.970000000000000 7.890000000000000
156 1.969330684990337 7.823737814043375
157 8.345939326303748 3.930416801372759
158 6.377988301718426 3.146595625151009
159 5.230901635069635 2.689719001165716
160 3.907095066419825 2.162456071973757
161 8.098447728711767 3.831842623099993
162 2.157821462331248 1.465732588126244
163 5.215989217584919 2.683779489223012
164 2.042738428704816 1.419895817976314
165 4.560000000000000 7.040000000000000
166 0.570000000000000 4.220000000000000
167 2.292446642779249 5.437368303919168
168 2.961259477438236 5.910063089317250
169 0.668912069415140 4.289907778383633
170 4.064584068666774 6.689856409433660
171 2.378041846466258 5.497864162164122
172 0.812305243324020 4.391253329868104
173 3.111177071292310 6.016019884973512
174 3.782905496624879 6.490775313404050
175 4.030259698310669 6.665597080009045
176 9.750000000000000 3.480000000000000
177 7.150000000000000 1.320000000000000
178 7.883232221894364 1.929146768958395
179 7.642270058708416 1.728962818003914
180 7.464704538531832 1.581446847395675
181 6.700000000000000 5.600000000000000
182 9.920000000000000 9.720000000000001
183 4.538049801236449 7.813329200940552
184 4.839977988534898 7.920293709506082
185 7.373414685415262 8.817817765436061
186 3.031651038793896 7.279655267512410
187 2.444410938414697 7.071612920393147
188 3.264562270506060 7.362169045581293
189 1.840000000000000 5.550000000000000
190 8.910000000000000 3.790000000000000
191 4.102941010102294 4.986665321388962
192 4.948765135991058 4.776106557377049
193 3.142017116771687 5.225876927083710
194 5.271340181667931 4.695804990136414
195 2.155009370099820 5.471581825830879
196 3.697638886026795 5.087560899659525
197 3.224169092095748 5.205426081741369
198 3.910000000000000 2.100000000000000
199 5.357779783786135 1.751460422421856
200 6.069118727050183 1.580212158302734
201 6.065328719723183 1.581124567474049
202 3.190000000000000 7.430000000000000
203 4.478621095447944 8.252801983242099
204 5.433898914552357 8.862759779899985
205 0.020000000000000 1.640000000000000
206 0.420000000000000 3.920000000000000
207 8.080000000000000 1.770000000000000
208 5.020665689803767 4.244404982963745
209 3.366585122353445 5.582233668335514
210 3.619650319478971 5.377553263616379
211 0.919458600560697 7.561481911747762
212 4.800972784044941 4.422093710514595
213 5.355927497176729 3.973243546308633
214 2.534829833255757 6.254961531089998
215 3.404599159374937 5.551487723926938
216 3.486653061673525 5.485122114898017
217 0.650446285260963 4.215852289848655
218 0.735709523443451 4.557793401309675
219 0.533191053808237 3.745609955376783
220 4.110000000000000 3.730000000000000
221 3.850000000000000 3.390000000000000
222 4.360000000000000 9.130000000000001
223 5.550000000000000 0.330000000000000
224 5.403207491398371 1.415524433356586
225 4.579483708304417 7.506927199093393
226 4.982363671398971 4.527646799738697
227 5.055237656815353 3.988746739516714
228 4.750950170174342 6.238939918038481
229 5.235985796953902 2.652121837651813
230 4.680814621835057 6.757589351135715
231 4.727214046977997 6.414467551759353
232 7.160000000000000 1.850000000000000
233 2.510000000000000 0.700000000000000
234 6.077374179431072 1.582253829321663
235 1.670000000000000 2.890000000000000
236 5.930000000000000 9.650000000000000
237 3.259586940310605 5.412443125938895
238 2.447145448735788 4.123216721468059
239 3.375870937199118 5.596968905038977
240 2.934854569614645 4.897140115163145
241 3.931557754649377 6.478763009725302
242 4.042359647404505 6.654589487430624
243 4.420000000000000 5.300000000000000
244 2.177188691945255 5.517326677137087
245 3.507607229960741 5.388410152135587
246 3.405204700737907 5.398332877835474
247 1.459725583795639 8.630520836021159
248 0.948353149725452 7.618656232435471
249 9.970000000000001 7.430000000000000
250 4.137581434014812 4.036059950044800
251 1.643238097255487 2.584577747046158
252 4.301551003998348 4.131475408356827
253 1.384503931798976 2.434017865840811
254 0.898867159026187 4.203044019378746
255 4.369368901258511 4.024109277273242
256 2.219568736473527 4.134950292963595
257 8.240000000000000 9.670000000000000
258 4.630000000000000 6.120000000000000
259 4.914088291746641 6.399366602687140
260 3.250000000000000 7.730000000000000
261 2.130000000000000 5.420000000000000
262 2.719571592550079 6.635991409634539
263 5.840000000000000 1.560000000000000
264 7.330494296577947 1.699733840304183
265 1.354258539965148 3.212898444225156
266 5.610000000000000 2.060000000000000
267 0.980000000000000 9.390000000000001
268 3.462664821944177 5.459560875842156
269 7.750000000000000 1.330000000000000
270 1.073286182923526 2.913501670328347
271 4.730000000000000 6.810000000000000
272 1.070000000000000 2.910000000000000
273 4.384776830853677 6.442139245991622
274 4.334630280675466 6.388704397441069
275 3.050000000000000 6.550000000000000
276 4.265277989337395 6.451795718033342
472
0 9
9 12
12 7
7 2
2 5
5 8
8 4
4 11
11 6
6 10
10 3
3 1
14 20
20 21
21 15
15 22
22 16
16 18
18 2
2 19
19 23
23 17
17 13
24 28
28 26
26 27
27 29
29 25
31 44
44 33
33 42
42 35
35 41
41 45
45 39
39 36
36 43
43 37
37 40
40 34
34 38
38 46
46 32
32 30
47 59
59 51
51 53
53 63
63 62
62 56
56 55
55 58
58 57
57 52
52 61
61 32
32 54
54 50
50 49
49 60
60 48
31 65
65 75
75 76
76 73
73 66
66 71
71 72
72 74
74 69
69 68
68 70
70 3
3 67
67 64
77 49
49 79
79 78
80 84
84 83
83 26
26 86
86 82
82 85
85 33
33 87
87 65
65 81
81 99
99 97
97 89
89 93
93 94
94 15
15 95
95 98
98 92
92 91
91 4
4 96
96 90
90 88
100 103
103 106
106 107
107 108
108 104
104 109
109 34
34 105
105 110
110 102
102 50
50 101
111 112
113 115
115 116
116 114
114 88
117 119
119 121
121 51
51 120
120 118
123 125
125 127
127 124
124 126
126 122
111 134
134 131
131 133
133 89
89 66
66 135
135 35
35 132
132 129
129 130
130 128
88 138
138 139
139 137
137 136
141 142
142 146
146 143
143 148
148 145
145 151
151 150
150 149
149 144
144 52
52 147
147 124
124 140
153 154
154 152
128 53
53 156
156 155
111 164
164 162
162 160
160 16
16 163
163 159
159 5
5 158
158 161
161 157
157 88
166 169
169 82
82 172
172 27
27 129
129 167
167 171
171 168
168 173
173 174
174 175
175 170
170 165
177 180
180 179
179 178
178 137
137 176
30 54
54 102
102 67
67 181
128 187
187 186
186 188
188 55
55 183
183 184
184 125
125 185
185 182
189 195
195 167
167 142
142 103
103 193
193 197
197 36
36 196
196 191
191 68
68 192
192 194
194 6
6 90
90 157
157 114
114 138
138 190
198 154
154 199
199 7
7 201
201 200
200 17
17 177
202 56
56 203
203 204
204 123
205 206
47 211
211 119
119 130
130 214
214 168
168 143
143 209
209 215
215 104
104 216
216 210
210 37
37 191
191 69
69 212
212 208
208 213
213 91
91 8
8 158
158 115
115 178
178 207
31 219
219 217
217 169
169 218
218 28
28 83
83 117
221 220
222 203
203 183
183 225
225 57
57 230
230 144
144 231
231 228
228 38
38 105
105 70
70 192
192 226
226 208
208 227
227 92
92 159
159 229
229 18
18 199
199 224
224 223
233 224
224 9
9 200
200 234
234 19
19 232
235 93
93 20
20 71
71 238
238 39
39 240
240 193
193 106
106 237
237 209
209 239
239 145
145 241
241 242
242 170
170 58
58 225
225 184
184 204
204 236
189 244
244 171
171 146
146 237
237 107
107 246
246 245
245 210
210 40
40 243
24 84
84 211
211 248
248 59
59 247
247 118
205 253
253 131
131 251
251 94
94 21
21 250
250 252
252 212
212 226
226 194
194 10
10 79
79 60
60 126
126 249
221 95
95 22
22 160
160 198
166 217
217 85
85 254
254 29
29 132
132 41
41 256
256 238
238 72
72 250
250 255
255 227
227 213
213 11
11 96
96 161
161 116
116 139
139 190
258 228
228 259
259 61
61 147
147 127
127 185
185 257
261 195
195 244
244 214
214 262
262 186
186 62
62 260
263 12
12 201
201 234
234 23
23 264
264 179
179 207
24 218
218 86
86 172
172 254
254 42
42 265
265 73
73 97
97 133
133 251
251 162
162 233
267 247
247 120
120 156
156 63
63 187
187 262
262 173
173 148
148 239
239 215
215 108
108 268
268 245
245 43
43 196
196 74
74 252
252 255
255 98
98 163
163 229
229 266
232 264
264 180
180 269
47 248
248 121
121 128
206 219
219 44
44 87
87 75
75 270
270 99
99 253
253 134
134 164
164 233
272 270
270 76
76 265
265 135
135 256
256 45
45 240
240 197
197 246
246 268
268 216
216 109
109 274
274 273
273 149
149 230
230 271
275 174
174 241
241 276
276 150
150 273
273 231
231 259
259 46
46 110
110 1
202 188
188 175
175 242
242 276
276 151
151 274
274 258
585
0 0.200000000000000 7.800000000000000
1 0.200000000000000 4.600000000000000
2 0.200000000000000 3.200000000000000
3 0.200000000000000 6.200000000000000
4 0.300000000000000 3.100000000000000
5 0.300000000000000 5.500000000000000
6 0.300000000000000 2.100000000000000
7 0.300000000000000 5.600000000000000
8 0.300000000000000 2.400000000000000
9 0.300000000000000 2.600000000000000
10 0.300000000000000 4.500000000000000
11 0.400000000000000 7.400000000000000
12 0.400000000000000 4.300000000000000
13 0.400000000000000 4.900000000000000
14 0.500000000000000 6.600000000000000
15 0.500000000000000 2.900000000000000
16 0.500000000000000 7.400000000000000
17 0.500000000000000 4.500000000000000
18 0.500000000000000 6.400000000000000
19 0.600000000000000 8.000000000000000
20 0.600000000000000 4.200000000000000
21 0.600000000000000 6.500000000000000
22 0.600000000000000 5.700000000000000
23 0.600000000000000 4.300000000000000
24 0.700000000000000 8.000000000000000
25 0.700000000000000 6.500000000000000
26 0.700000000000000 2.800000000000000
27 0.700000000000000 7.800000000000000
28 0.700000000000000 7.700000000000000
29 0.700000000000000 7.500000000000000
30 0.700000000000000 4.500000000000000
31 0.700000000000000 3.400000000000000
32 0.800000000000000 2.200000000000000
33 0.800000000000000 3.400000000000000
34 0.800000000000000 5.600000000000000
35 0.800000000000000 3.900000000000000
36 0.800000000000000 3.000000000000000
37 0.800000000000000 7.900000000000000
38 0.800000000000000 7.500000000000000
39 0.800000000000000 7.700000000000000
40 0.900000000000000 2.400000000000000
41 0.900000000000000 3.100000000000000
42 0.900000000000000 2.700000000000000
43 0.900000000000000 6.700000000000000
44 0.900000000000000 2.600000000000000
45 0.900000000000000 6.200000000000000
46 0.900000000000000 7.100000000000000
47 0.900000000000000 7.100000000000000
48 0.900000000000000 2.400000000000000
49 0.900000000000000 3.700000000000000
50 1.000000000000000 4.700000000000000
51 1.000000000000000 2.500000000000000
52 1.000000000000000 3.500000000000000
53 1.000000000000000 7.500000000000000
54 1.000000000000000 4.200000000000000
55 1.000000000000000 4.300000000000000
56 1.000000000000000 7.500000000000000
57 1.000000000000000 7.800000000000000
58 1.100000000000000 3.800000000000000
59 1.100000000000000 7.900000000000000
60 1.100000000000000 5.100000000000000
61 1.200000000000000 2.500000000000000
62 1.200000000000000 7.500000000000000
63 1.200000000000000 2.600000000000000
64 1.200000000000000 6.000000000000000
65 1.300000000000000 8.199999999999999
66 1.300000000000000 5.600000000000000
67 1.300000000000000 2.700000000000000
68 1.300000000000000 2.800000000000000
69 1.300000000000000 6.200000000000000
70 1.300000000000000 5.000000000000000
71 1.400000000000000 1.800000000000000
72 1.400000000000000 4.400000000000000
73 1.400000000000000 5.400000000000000
74 1.400000000000000 5.400000000000000
75 1.400000000000000 7.300000000000000
76 1.400000000000000 2.600000000000000
77 1.400000000000000 1.300000000000000
78 1.400000000000000 4.800000000000000
79 1.500000000000000 6.600000000000000
80 1.500000000000000 6.500000000000000
81 1.500000000000000 6.300000000000000
82 1.500000000000000 3.400000000000000
83 1.600000000000000 6.200000000000000
84 1.600000000000000 7.900000000000000
85 1.600000000000000 5.700000000000000
86 1.600000000000000 4.600000000000000
87 1.600000000000000 6.900000000000000
88 1.600000000000000 8.000000000000000
89 1.600000000000000 8.400000000000000
90 1.600000000000000 8.000000000000000
91 1.600000000000000 4.600000000000000
92 1.600000000000000 8.300000000000001
93 1.700000000000000 2.500000000000000
94 1.700000000000000 4.800000000000000
95 1.700000000000000 4.000000000000000
96 1.700000000000000 7.900000000000000
97 1.700000000000000 1.600000000000000
98 1.700000000000000 6.600000000000000
99 1.700000000000000 4.000000000000000
100 1.700000000000000 1.500000000000000
101 1.700000000000000 3.000000000000000
102 1.700000000000000 1.500000000000000
103 1.700000000000000 6.600000000000000
104 1.800000000000000 2.900000000000000
105 1.800000000000000 5.700000000000000
106 1.800000000000000 1.600000000000000
107 1.800000000000000 6.300000000000000
108 1.800000000000000 2.600000000000000
109 1.800000000000000 4.700000000000000
110 1.800000000000000 2.400000000000000
111 1.800000000000000 3.300000000000000
112 1.900000000000000 6.900000000000000
113 1.900000000000000 7.900000000000000
114 2.000000000000000 3.800000000000000
115 2.000000000000000 4.500000000000000
116 2.000000000000000 6.100000000000000
117 2.000000000000000 1.500000000000000
118 2.000000000000000 4.600000000000000
119 2.000000000000000 3.700000000000000
120 2.100000000000000 1.600000000000000
121 2.100000000000000 4.700000000000000
122 2.100000000000000 6.800000000000000
123 2.100000000000000 3.500000000000000
124 2.100000000000000 3.900000000000000
125 2.200000000000000 7.100000000000000
126 2.200000000000000 2.600000000000000
127 2.200000000000000 5.700000000000000
128 2.200000000000000 4.800000000000000
129 2.200000000000000 6.400000000000000
130 2.200000000000000 3.500000000000000
131 2.200000000000000 6.500000000000000
132 2.200000000000000 7.500000000000000
133 2.200000000000000 5.800000000000000
134 2.300000000000000 6.600000000000000
135 2.300000000000000 2.400000000000000
136 2.300000000000000 4.900000000000000
137 2.300000000000000 6.200000000000000
138 2.300000000000000 6.300000000000000
139 2.300000000000000 7.600000000000000
140 2.300000000000000 7.600000000000000
141 2.300000000000000 5.000000000000000
142 2.400000000000000 1.900000000000000
143 2.400000000000000 5.900000000000000
144 2.400000000000000 7.400000000000000
145 2.400000000000000 4.400000000000000
146 2.400000000000000 3.700000000000000
147 2.400000000000000 3.200000000000000
148 2.500000000000000 3.100000000000000
149 2.500000000000000 5.300000000000000
150 2.500000000000000 2.700000000000000
151 2.500000000000000 4.700000000000000
152 2.500000000000000 1.400000000000000
153 2.500000000000000 5.600000000000000
154 2.500000000000000 2.100000000000000
155 2.600000000000000 2.100000000000000
156 2.600000000000000 5.200000000000000
157 2.600000000000000 7.600000000000000
158 2.600000000000000 1.800000000000000
159 2.600000000000000 6.000000000000000
160 2.600000000000000 1.200000000000000
161 2.700000000000000 7.500000000000000
162 2.700000000000000 7.300000000000000
163 2.700000000000000 4.900000000000000
164 2.700000000000000 6.200000000000000
165 2.700000000000000 5.100000000000000
166 2.700000000000000 2.400000000000000
167 2.700000000000000 0.900000000000000
168 2.700000000000000 6.500000000000000
169 2.800000000000000 5.800000000000000
170 2.800000000000000 3.600000000000000
171 2.800000000000000 4.600000000000000
172 2.800000000000000 2.300000000000000
173 2.800000000000000 7.400000000000000
174 2.800000000000000 2.400000000000000
175 2.800000000000000 6.400000000000000
176 2.800000000000000 2.000000000000000
177 2.800000000000000 1.700000000000000
178 2.800000000000000 1.400000000000000
179 2.800000000000000 5.200000000000000
180 2.900000000000000 0.800000000000000
181 2.900000000000000 6.000000000000000
182 2.900000000000000 4.000000000000000
183 2.900000000000000 7.100000000000000
184 2.900000000000000 3.400000000000000
185 2.900000000000000 4.400000000000000
186 3.000000000000000 5.100000000000000
187 3.000000000000000 4.100000000000000
188 3.000000000000000 3.100000000000000
189 3.000000000000000 3.100000000000000
190 3.000000000000000 2.000000000000000
191 3.000000000000000 6.700000000000000
192 3.000000000000000 5.100000000000000
193 3.000000000000000 2.400000000000000
194 3.000000000000000 4.200000000000000
195 3.000000000000000 6.600000000000000
196 3.100000000000000 4.300000000000000
197 3.100000000000000 2.800000000000000
198 3.100000000000000 1.700000000000000
199 3.100000000000000 6.500000000000000
200 3.100000000000000 7.100000000000000
201 3.100000000000000 7.300000000000000
202 3.200000000000000 5.900000000000000
203 3.200000000000000 4.100000000000000
204 3.200000000000000 2.100000000000000
205 3.200000000000000 7.300000000000000
206 3.200000000000000 3.600000000000000
207 3.200000000000000 6.400000000000000
208 3.200000000000000 2.900000000000000
209 3.300000000000000 3.100000000000000
210 3.300000000000000 7.200000000000000
211 3.300000000000000 3.300000000000000
212 3.300000000000000 2.700000000000000
213 3.300000000000000 3.400000000000000
214 3.300000000000000 3.700000000000000
215 3.300000000000000 2.600000000000000
216 3.300000000000000 4.700000000000000
217 3.300000000000000 5.000000000000000
218 3.300000000000000 1.500000000000000
219 3.300000000000000 6.100000000000000
220 3.300000000000000 3.000000000000000
221 3.400000000000000 3.800000000000000
222 3.400000000000000 3.700000000000000
223 3.400000000000000 3.200000000000000
224 3.400000000000000 1.200000000000000
225 3.400000000000000 5.200000000000000
226 3.400000000000000 3.200000000000000
227 3.400000000000000 3.900000000000000
228 3.400000000000000 2.000000000000000
229 3.500000000000000 4.300000000000000
230 3.500000000000000 6.500000000000000
231 3.500000000000000 2.300000000000000
232 3.500000000000000 5.600000000000000
233 3.500000000000000 2.700000000000000
234 3.500000000000000 6.200000000000000
235 3.500000000000000 3.600000000000000
236 3.500000000000000 5.600000000000000
237 3.600000000000000 6.000000000000000
238 3.600000000000000 1.900000000000000
239 3.600000000000000 1.100000000000000
240 3.700000000000000 1.700000000000000
241 3.700000000000000 1.500000000000000
242 3.700000000000000 1.800000000000000
243 3.700000000000000 6.600000000000000
244 3.700000000000000 2.100000000000000
245 3.700000000000000 1.400000000000000
246 3.800000000000000 7.800000000000000
247 3.800000000000000 6.200000000000000
248 3.800000000000000 6.700000000000000
249 3.800000000000000 2.200000000000000
250 3.800000000000000 4.900000000000000
251 3.800000000000000 5.000000000000000
252 3.800000000000000 7.300000000000000
253 3.800000000000000 2.100000000000000
254 3.900000000000000 7.800000000000000
255 3.900000000000000 2.000000000000000
256 3.900000000000000 3.200000000000000
257 3.900000000000000 4.800000000000000
258 3.900000000000000 1.700000000000000
259 3.900000000000000 1.100000000000000
260 3.900000000000000 6.200000000000000
261 3.900000000000000 2.900000000000000
262 4.000000000000000 7.300000000000000
263 4.000000000000000 7.400000000000000
264 4.000000000000000 3.000000000000000
265 4.000000000000000 2.500000000000000
266 4.000000000000000 3.800000000000000
267 4.000000000000000 1.300000000000000
268 4.000000000000000 7.200000000000000
269 4.000000000000000 2.900000000000000
270 4.000000000000000 3.200000000000000
271 4.000000000000000 2.600000000000000
272 4.100000000000000 1.100000000000000
273 4.100000000000000 6.400000000000000
274 4.100000000000000 6.800000000000000
275 4.100000000000000 6.700000000000000
276 4.200000000000000 5.600000000000000
277 4.200000000000000 5.900000000000000
278 4.200000000000000 7.100000000000000
279 4.200000000000000 2.200000000000000
280 4.300000000000000 5.300000000000000
281 4.300000000000000 3.000000000000000
282 4.300000000000000 4.700000000000000
283 4.300000000000000 7.900000000000000
284 4.300000000000000 6.900000000000000
285 4.300000000000000 2.700000000000000
286 4.300000000000000 2.300000000000000
287 4.300000000000000 4.000000000000000
288 4.300000000000000 6.300000000000000
289 4.300000000000000 2.200000000000000
290 4.400000000000000 5.200000000000000
291 4.400000000000000 5.100000000000000
292 4.400000000000000 7.600000000000000
293 4.400000000000000 2.900000000000000
294 4.400000000000000 1.300000000000000
295 4.400000000000000 3.000000000000000
296 4.400000000000000 4.900000000000000
297 4.500000000000000 3.300000000000000
298 4.500000000000000 5.200000000000000
299 4.500000000000000 5.100000000000000
300 4.500000000000000 7.700000000000000
301 4.500000000000000 4.800000000000000
302 4.600000000000000 1.400000000000000
303 4.600000000000000 5.900000000000000
304 4.600000000000000 5.200000000000000
305 4.600000000000000 4.200000000000000
306 4.600000000000000 3.800000000000000
307 4.600000000000000 6.000000000000000
308 4.700000000000000 2.700000000000000
309 4.700000000000000 1.700000000000000
310 4.700000000000000 6.100000000000000
311 4.700000000000000 2.400000000000000
312 4.700000000000000 6.100000000000000
313 4.700000000000000 2.300000000000000
314 4.700000000000000 4.300000000000000
315 4.700000000000000 4.300000000000000
316 4.700000000000000 5.400000000000000
317 4.800000000000000 7.400000000000000
318 4.800000000000000 4.600000000000000
319 4.800000000000000 6.500000000000000
320 4.800000000000000 4.300000000000000
321 4.800000000000000 7.800000000000000
322 4.800000000000000 3.200000000000000
323 4.800000000000000 5.500000000000000
324 4.800000000000000 3.100000000000000
325 4.900000000000000 7.400000000000000
326 4.900000000000000 7.600000000000000
327 4.900000000000000 1.700000000000000
328 5.000000000000000 3.200000000000000
329 5.000000000000000 2.700000000000000
330 5.000000000000000 3.600000000000000
331 5.000000000000000 5.200000000000000
332 5.000000000000000 4.100000000000000
333 5.000000000000000 6.900000000000000
334 5.000000000000000 7.000000000000000
335 5.000000000000000 5.300000000000000
336 5.000000000000000 3.400000000000000
337 5.000000000000000 1.500000000000000
338 5.000000000000000 1.600000000000000
339 5.100000000000000 2.800000000000000
340 5.100000000000000 7.300000000000000
341 5.100000000000000 2.500000000000000
342 5.100000000000000 1.600000000000000
343 5.100000000000000 7.500000000000000
344 5.100000000000000 8.500000000000000
345 5.100000000000000 2.600000000000000
346 5.100000000000000 1.600000000000000
347 5.200000000000000 3.500000000000000
348 5.200000000000000 2.800000000000000
349 5.200000000000000 6.800000000000000
350 5.200000000000000 4.600000000000000
351 5.200000000000000 4.100000000000000
352 5.200000000000000 5.300000000000000
353 5.200000000000000 5.700000000000000
354 5.200000000000000 2.800000000000000
355 5.300000000000000 5.500000000000000
356 5.300000000000000 2.900000000000000
357 5.300000000000000 7.500000000000000
358 5.300000000000000 1.700000000000000
359 5.300000000000000 6.600000000000000
360 5.300000000000000 4.900000000000000
361 5.300000000000000 2.700000000000000
362 5.400000000000000 8.500000000000000
363 5.400000000000000 8.800000000000001
364 5.400000000000000 7.300000000000000
365 5.400000000000000 6.300000000000000
366 5.400000000000000 3.200000000000000
367 5.400000000000000 7.100000000000000
368 5.400000000000000 5.500000000000000
369 5.400000000000000 4.100000000000000
370 5.500000000000000 5.100000000000000
371 5.500000000000000 2.600000000000000
372 5.500000000000000 1.600000000000000
373 5.500000000000000 4.800000000000000
374 5.500000000000000 8.000000000000000
375 5.500000000000000 2.900000000000000
376 5.500000000000000 1.900000000000000
377 5.600000000000000 2.400000000000000
378 5.600000000000000 8.000000000000000
379 5.600000000000000 6.300000000000000
380 5.600000000000000 1.800000000000000
381 5.600000000000000 1.800000000000000
382 5.600000000000000 1.900000000000000
383 5.600000000000000 7.700000000000000
384 5.700000000000000 3.800000000000000
385 5.700000000000000 8.100000000000000
386 5.700000000000000 4.600000000000000
387 5.800000000000000 6.400000000000000
388 5.800000000000000 7.700000000000000
389 5.800000000000000 8.000000000000000
390 5.800000000000000 7.400000000000000
391 5.800000000000000 2.600000000000000
392 5.800000000000000 8.100000000000000
393 5.800000000000000 4.200000000000000
394 5.800000000000000 6.700000000000000
395 5.800000000000000 5.900000000000000
396 5.800000000000000 7.500000000000000
397 5.800000000000000 6.500000000000000
398 5.800000000000000 8.100000000000000
399 5.800000000000000 6.200000000000000
400 5.900000000000000 4.400000000000000
401 5.900000000000000 4.600000000000000
402 5.900000000000000 6.000000000000000
403 5.900000000000000 6.800000000000000
404 5.900000000000000 6.500000000000000
405 5.900000000000000 2.900000000000000
406 5.900000000000000 8.600000000000000
407 6.000000000000000 8.300000000000001
408 6.000000000000000 1.600000000000000
409 6.000000000000000 6.700000000000000
410 6.000000000000000 8.400000000000000
411 6.000000000000000 2.600000000000000
412 6.000000000000000 6.800000000000000
413 6.000000000000000 3.000000000000000
414 6.100000000000000 4.700000000000000
415 6.100000000000000 4.300000000000000
416 6.100000000000000 4.500000000000000
417 6.100000000000000 7.200000000000000
418 6.100000000000000 4.800000000000000
419 6.100000000000000 7.500000000000000
420 6.100000000000000 8.800000000000001
421 6.200000000000000 8.800000000000001
422 6.200000000000000 5.200000000000000
423 6.200000000000000 5.300000000000000
424 6.200000000000000 4.800000000000000
425 6.200000000000000 7.600000000000000
426 6.200000000000000 8.600000000000000
427 6.200000000000000 4.200000000000000
428 6.200000000000000 7.700000000000000
429 6.300000000000000 8.699999999999999
430 6.300000000000000 5.100000000000000
431 6.300000000000000 1.700000000000000
432 6.400000000000000 8.199999999999999
433 6.400000000000000 4.500000000000000
434 6.400000000000000 8.000000000000000
435 6.400000000000000 6.700000000000000
436 6.400000000000000 5.100000000000000
437 6.400000000000000 8.100000000000000
438 6.400000000000000 6.800000000000000
439 6.400000000000000 5.700000000000000
440 6.400000000000000 4.400000000000000
441 6.400000000000000 3.100000000000000
442 6.400000000000000 5.100000000000000
443 6.500000000000000 1.500000000000000
444 6.500000000000000 4.600000000000000
445 6.500000000000000 6.800000000000000
446 6.500000000000000 5.300000000000000
447 6.500000000000000 4.400000000000000
448 6.500000000000000 6.300000000000000
449 6.500000000000000 2.700000000000000
450 6.600000000000000 3.000000000000000
451 6.600000000000000 1.900000000000000
452 6.600000000000000 4.700000000000000
453 6.600000000000000 8.600000000000000
454 6.600000000000000 2.500000000000000
455 6.600000000000000 3.600000000000000
456 6.600000000000000 7.200000000000000
457 6.600000000000000 8.199999999999999
458 6.600000000000000 1.600000000000000
459 6.600000000000000 2.100000000000000
460 6.600000000000000 7.900000000000000
461 6.600000000000000 7.600000000000000
462 6.600000000000000 1.600000000000000
463 6.700000000000000 5.000000000000000
464 6.700000000000000 5.800000000000000
465 6.700000000000000 2.000000000000000
466 6.700000000000000 4.700000000000000
467 6.700000000000000 5.200000000000000
468 6.700000000000000 3.600000000000000
469 6.700000000000000 3.300000000000000
470 6.700000000000000 3.200000000000000
471 6.700000000000000 6.500000000000000
472 6.800000000000000 7.400000000000000
473 6.800000000000000 5.100000000000000
474 6.800000000000000 6.900000000000000
475 6.800000000000000 3.300000000000000
476 6.900000000000000 3.600000000000000
477 6.900000000000000 5.200000000000000
478 6.900000000000000 8.500000000000000
479 6.900000000000000 2.400000000000000
480 6.900000000000000 2.800000000000000
481 6.900000000000000 4.300000000000000
482 6.900000000000000 3.200000000000000
483 6.900000000000000 5.800000000000000
484 7.000000000000000 5.500000000000000
485 7.000000000000000 3.600000000000000
486 7.000000000000000 4.800000000000000
487 7.000000000000000 6.300000000000000
488 7.000000000000000 2.300000000000000
489 7.100000000000000 6.300000000000000
490 7.100000000000000 5.000000000000000
491 7.100000000000000 1.500000000000000
492 7.100000000000000 7.300000000000000
493 7.100000000000000 8.600000000000000
494 7.100000000000000 4.200000000000000
495 7.100000000000000 3.400000000000000
496 7.100000000000000 2.700000000000000
497 7.200000000000000 8.699999999999999
498 7.200000000000000 2.400000000000000
499 7.200000000000000 4.900000000000000
500 7.200000000000000 6.700000000000000
501 7.300000000000000 3.400000000000000
502 7.300000000000000 2.800000000000000
503 7.300000000000000 3.100000000000000
504 7.300000000000000 5.100000000000000
505 7.300000000000000 1.500000000000000
506 7.400000000000000 1.800000000000000
507 7.400000000000000 2.200000000000000
508 7.400000000000000 4.500000000000000
509 7.400000000000000 4.400000000000000
510 7.400000000000000 2.500000000000000
511 7.400000000000000 3.400000000000000
512 7.400000000000000 7.200000000000000
513 7.400000000000000 4.300000000000000
514 7.500000000000000 3.500000000000000
515 7.500000000000000 2.000000000000000
516 7.500000000000000 4.000000000000000
517 7.500000000000000 7.900000000000000
518 7.500000000000000 6.400000000000000
519 7.500000000000000 6.100000000000000
520 7.500000000000000 4.500000000000000
521 7.600000000000000 6.900000000000000
522 7.600000000000000 5.100000000000000
523 7.600000000000000 5.400000000000000
524 7.600000000000000 5.700000000000000
525 7.600000000000000 4.400000000000000
526 7.600000000000000 4.800000000000000
527 7.600000000000000 1.800000000000000
528 7.600000000000000 4.100000000000000
529 7.700000000000000 3.200000000000000
530 7.700000000000000 4.300000000000000
531 7.700000000000000 4.200000000000000
532 7.700000000000000 3.100000000000000
533 7.700000000000000 2.800000000000000
534 7.700000000000000 4.900000000000000
535 7.700000000000000 7.100000000000000
536 7.700000000000000 4.700000000000000
537 7.700000000000000 7.400000000000000
538 7.800000000000000 2.000000000000000
539 7.800000000000000 6.600000000000000
540 7.800000000000000 2.700000000000000
541 7.800000000000000 3.700000000000000
542 7.800000000000000 3.200000000000000
543 7.800000000000000 7.200000000000000
544 7.900000000000000 5.200000000000000
545 7.900000000000000 5.900000000000000
546 7.900000000000000 6.900000000000000
547 7.900000000000000 6.300000000000000
548 7.900000000000000 4.000000000000000
549 7.900000000000000 2.100000000000000
550 7.900000000000000 5.200000000000000
551 8.000000000000000 2.300000000000000
552 8.000000000000000 4.900000000000000
553 8.000000000000000 4.200000000000000
554 8.000000000000000 3.000000000000000
555 8.100000000000000 3.000000000000000
556 8.100000000000000 2.800000000000000
557 8.100000000000000 3.900000000000000
558 8.100000000000000 3.100000000000000
559 8.100000000000000 4.300000000000000
560 8.100000000000000 3.400000000000000
561 8.100000000000000 4.200000000000000
562 8.199999999999999 5.400000000000000
563 8.199999999999999 3.400000000000000
564 8.199999999999999 3.800000000000000
565 8.199999999999999 6.500000000000000
566 8.199999999999999 3.700000000000000
567 8.199999999999999 5.300000000000000
568 8.300000000000001 2.900000000000000
569 8.400000000000000 3.300000000000000
570 8.400000000000000 6.100000000000000
571 8.500000000000000 6.900000000000000
572 8.500000000000000 4.500000000000000
573 8.500000000000000 2.600000000000000
574 8.500000000000000 4.300000000000000
575 8.600000000000000 2.700000000000000
576 8.600000000000000 5.400000000000000
577 8.600000000000000 4.800000000000000
578 8.600000000000000 5.100000000000000
579 8.699999999999999 3.500000000000000
580 8.699999999999999 2.900000000000000
581 8.699999999999999 5.400000000000000
582 8.800000000000001 3.800000000000000
583 8.800000000000001 3.500000000000000
584 8.800000000000001 3.500000000000000
