361
0 9.410000000000000 9.690000000000000
1 7.400000000000000 1.110000000000000
2 7.996423206423207 3.655925925925926
3 7.533391082078955 1.679400738426583
4 8.059072263409229 3.923353243806559
5 7.509249446657813 1.576348384240813
6 7.699431818181818 2.388171641791044
7 7.873141232986390 3.129677502001600
8 7.758185997328584 2.638973063223507
9 8.513846749305364 5.864629407482596
10 7.662836604446885 2.231959236892672
11 7.646893515771936 2.163903664339903
12 7.565889662632682 1.818126022581300
13 7.680890471227447 2.309024996582831
14 7.831847692935892 2.953409554920376
15 7.638685938082806 2.128868332711676
16 7.539075150790632 1.703664076509264
17 8.173218908213865 4.410606085808443
18 7.790000000000000 2.180000000000000
19 8.390000000000001 6.470000000000000
20 8.032395761438838 3.913129694287687
21 7.917057360914460 3.088460130538385
22 7.841225496149828 2.546262297471275
23 8.287295836108939 5.735665228178913
24 7.902319123973406 2.983081736409855
25 8.109904323333483 4.467315911834398
26 6.950000000000000 8.010000000000000
27 6.520000000000000 9.710000000000001
28 6.838308371165514 8.451571555857269
29 6.651662521272418 9.189473753109045
30 3.250000000000000 7.090000000000000
31 8.000000000000000 1.090000000000000
32 6.292811662934177 3.246448425767356
33 6.531415151515152 2.945054545454545
34 5.654999999999996 4.052105263157900
35 3.349566278633120 6.964232069095005
36 5.189455542103847 4.640161420500403
37 6.267831646244007 3.278002131060203
38 5.553971897810220 4.179719708029197
39 6.824894039735099 2.574344370860928
40 7.190468665949434 2.112565895642819
41 7.756710353866319 1.397313237221491
42 4.559776989356310 5.435544855549924
43 6.851562500000000 2.540657894736842
44 7.274885688452597 2.005933867217773
45 3.861988592832212 6.316961777475100
46 4.694092464837691 5.265883202310284
47 5.874429328196484 3.774931374909704
48 7.586863452005410 1.611856692203693
49 4.545190430514021 5.453969982508605
50 4.166360655737705 5.932491803278689
51 5.591625635013677 4.132157092614303
52 8.520000000000000 4.100000000000000
53 1.240000000000000 1.310000000000000
54 6.266079824629386 3.236203669054393
55 4.618794767022630 2.604895247251804
56 7.178371774779253 3.585832040059631
57 3.359738778024316 2.122372416303275
58 6.223794700678329 3.219998243803920
59 2.561335498723616 1.816390939758089
60 7.326594792301663 3.642637289906819
61 6.978655386143348 3.509292380129112
62 5.718589841636978 3.026382645352633
63 6.825613831417923 3.450640465612088
64 6.742442247657265 3.418765641615902
65 3.181027778622935 2.053882898675548
66 4.782177776826057 2.667510439195700
67 1.345858830657376 1.350569524386549
68 3.797719853836783 2.290225053874262
69 5.493217924676452 2.940010715638365
70 6.662303686899810 3.388053198688251
71 5.748694576961642 3.037920037049860
72 3.942532340258722 2.345723245785966
73 7.110000000000000 3.380000000000000
74 2.800000000000000 0.140000000000000
75 6.501168995953263 2.922317296261849
76 5.926848999962825 2.490577902524258
77 3.188250556327558 0.431863527262480
78 5.328547411615194 2.040810583209566
79 7.100713338055004 3.373018843456661
80 6.315277144700064 2.782574930122554
81 5.113189855331309 1.878917663868548
82 6.921800223655993 3.238522673931651
83 6.367476498162929 2.821815279361459
84 6.905332627221726 3.226143320695682
85 4.649032712685238 1.529992108839947
86 4.860783336353482 1.689173552154358
87 4.900886262924668 1.719320531757755
88 3.654935671483961 0.782689460697920
89 5.803018335684063 2.397489421720733
90 6.791230603332339 3.140368249372802
91 6.103659777365947 2.623493660943311
92 8.600000000000000 0.120000000000000
93 1.380000000000000 9.760000000000000
94 3.396567666989352 7.067519070667958
95 5.201822426525064 4.657178920816952
96 3.351020995900435 7.128332077495819
97 6.251190722071323 3.256083301832750
98 5.557792600478319 4.181894644236705
99 6.733959110196734 2.611500578629292
100 7.114077857964366 2.103973607925694
101 7.930678834842687 1.013664270376246
102 4.552677672129764 5.523904049954165
103 6.802492113564669 2.519996679395650
104 7.205154148911947 1.982370360732525
105 3.901014424151579 6.393991821492906
106 4.722779522355781 5.296787452145467
107 5.866720591831744 3.769420151626314
108 2.300786924939469 8.530583662546192
109 7.824320167261495 1.155672242049750
110 4.586204559299203 5.479139618885829
111 4.187690449786028 6.011227709703975
112 5.592412150633734 4.135671311342216
113 2.210000000000000 4.460000000000000
114 3.830000000000000 8.020000000000000
115 3.439522518653712 7.161913682967416
116 2.276204841852796 4.605487183330835
117 3.529655296229802 7.359983243566726
118 3.487641427724848 7.267656470802753
119 3.281122247486836 6.813824198180948
120 0.670000000000000 2.950000000000000
121 6.620000000000000 2.430000000000000
122 3.764643908466254 2.679543725646647
123 5.685994704671586 2.511627353541307
124 2.461451694247439 2.793436154452325
125 3.031218307294038 2.743641425244891
126 6.602908558393645 2.431493705821060
127 4.788399602489670 2.590072639782416
128 6.594121433542103 2.432261656228254
129 2.093166785487114 2.825622398579278
130 2.403712564473013 2.798482263272947
131 4.279353851111827 2.634560671835605
132 5.740564566799741 2.506858222733468
133 6.241022700345956 2.463120705179850
134 3.661605903650810 2.688548727748165
135 5.780000000000000 6.800000000000000
136 6.043579195421647 6.194161252314425
137 6.146633560283299 5.957290025617492
138 6.931805985552115 4.152565346641406
139 7.034309012875537 3.916961373390558
140 7.431760649087222 3.003415821501012
141 6.648836880183052 4.802971947041939
142 7.512091276718660 2.818775274407856
143 5.887909534424024 6.551969129831350
144 6.806262214253698 4.441128641864635
145 5.981995607024635 6.335711589823972
146 5.955237475601822 6.397215354586857
147 6.049880326637883 6.179678055190539
148 2.700000000000000 0.460000000000000
149 4.600000000000000 7.350000000000000
150 7.560000000000000 4.980000000000000
151 6.217546410802012 6.054869934594335
152 7.310605620959681 5.179684012947823
153 5.318166672544526 6.774981414212659
154 5.763750131018004 6.418213577529503
155 5.916777415184385 6.295688353382772
156 7.347976464568938 5.149762087490411
157 6.051671646270754 6.187681823762944
158 9.070000000000000 9.980000000000000
159 3.140000000000000 1.820000000000000
160 5.625073752075803 5.239595584643938
161 5.537180562876660 5.118649813334493
162 4.361567904644541 3.500943356138189
163 4.406350409461299 3.562566499359899
164 5.864808600481640 5.569483672838142
165 5.429843997737905 4.970948907511182
166 3.283413223840267 2.017344334997736
167 4.680007789375292 3.939133821467517
168 6.772757153417594 6.818869877215441
169 6.502732456850412 6.447301323423164
170 4.815899499976779 4.126128148366023
171 5.667870253246623 5.298485879678320
172 6.775535211204922 6.822692634642859
173 6.264822846156927 6.119924860816277
174 3.719682959048876 2.617675033025098
175 5.934899046160272 5.665931908375686
176 8.310000000000000 9.010000000000000
177 3.639199792015959 7.237680553492222
178 4.892675611681137 7.713307741981775
179 3.543650191465003 7.201424578579606
180 4.392030798845044 7.523339749759383
181 5.424176145220049 7.914983833759385
182 4.492489584009345 7.561458498280226
183 8.093245578588650 8.927753263021780
184 4.620846900738165 7.610163250872979
185 4.880000000000000 1.450000000000000
186 6.870007300551700 4.071166332443098
187 6.688972358544590 3.832713591665076
188 5.991988468602515 2.914671378420477
189 5.214268746087477 1.890286818540595
190 6.666050591937474 3.802521861768389
191 6.548667705284140 3.647909328228739
192 5.170729783037475 1.832938856015779
193 5.715584906758211 2.550602507782271
194 6.535837788185958 3.631010221006132
195 5.927271784785907 2.829428880706810
196 7.550896849562674 4.968009656326957
197 2.150000000000000 5.840000000000000
198 2.583978828659128 1.594898003297986
199 2.497596228958634 2.439876887641002
200 2.294612464541966 4.425427165025863
201 2.584025422907745 1.594442226829694
202 2.512672811620434 2.292400497240123
203 2.396877150931632 3.425092596341493
204 2.455258935112923 2.854012598349951
205 2.296974498898101 4.402322174414944
206 2.328530656916326 4.093645574163943
207 2.302634799510475 4.346954142970269
208 0.250000000000000 0.650000000000000
209 2.582401980156832 1.594259625184600
210 1.182110592799575 1.027359651756229
211 7.990000000000000 3.020000000000000
212 4.410000000000000 6.380000000000000
213 6.301159843320403 4.605056683364092
214 6.302857863424729 4.603463010863940
215 4.489920382998111 6.304990925454288
216 5.114504814441347 5.718788777507563
217 6.618697446873567 4.307032563828161
218 5.768683333867196 5.104811172683302
219 5.060028821574180 5.769917083662222
220 5.802261574990107 5.073296398891967
221 4.237168266272254 9.450782655165341
222 4.300608685045133 9.443916808977800
223 8.182409437673407 9.023808502416298
224 8.850000000000000 1.420000000000000
225 6.099842646017109 4.490456804848368
226 6.614817631151976 3.915504813412653
227 4.491430651520687 6.286193891073289
228 7.573849326367887 2.844778663733845
229 4.079438460648699 6.746169108191411
230 5.056049822373920 5.655815860964056
231 6.402545941655091 4.152498908513594
232 1.983503875030276 9.086208525066599
233 6.072695000562367 4.520766224271734
234 4.991512346399764 5.727869749802672
235 4.315415957677196 6.482708288215821
236 5.757387692025216 4.872796070750963
237 9.630000000000001 6.500000000000000
238 1.760000000000000 2.020000000000000
239 4.443299427134275 3.547469051278469
240 6.301935086597762 4.605497990845993
241 5.921852250841335 4.389135715853770
242 2.344165229201450 2.352536242290025
243 4.699747357701903 3.693452117217856
244 7.540599509215641 5.310608106897849
245 3.982008117993077 3.284878827015118
246 4.973867541409685 3.849495118871078
247 6.091071023062086 4.485463555694809
248 7.313029294211983 5.181063689716605
249 3.430300856840282 2.970819293347454
250 5.609322465225290 4.211228036112998
251 7.313509249183896 2.374695145494752
252 6.415959229898076 2.741436013590034
253 4.720579520936688 3.434171808649525
254 6.879031377899045 2.552223738062756
255 2.799219026914624 4.219243838464992
256 3.468640118400220 3.945716940868727
257 5.151509613719036 3.258092846007275
258 5.360296597179644 3.172782035561005
259 7.156361142262095 2.438906199935918
260 2.639522973058771 4.284495989502868
261 5.780105724971232 3.001247123130034
262 2.100000000000000 1.540000000000000
263 7.420634339310492 2.138454477532287
264 6.820385590010188 2.070939679719951
265 4.016844257457066 1.755602869028563
266 4.847935286911628 1.849082352130658
267 5.340707434052758 1.904508393285372
268 7.318721426171802 2.126991513664315
269 6.598327339383040 2.045963004781221
270 4.391565349544074 1.797750759878419
271 4.740000000000000 8.050000000000001
272 8.150000000000000 0.530000000000000
273 6.952944389275076 3.169841112214497
274 7.176258227550541 2.677371885284439
275 7.453376444202801 2.066249014543971
276 5.573086018581272 6.212813237615496
277 6.481692325169265 4.209083200799746
278 5.618507772910043 6.112645615166123
279 5.897284253043365 5.497865811470353
280 6.260000000000000 3.000000000000000
281 6.600759493670886 2.435056628914057
282 6.929909592518716 1.889360412403181
283 4.509679266309965 6.059068823926750
284 7.318686123911931 2.737341525857655
285 4.022940028724106 6.634651260884755
286 4.948587484731872 5.540047872969176
287 6.227682331582315 4.027483295882380
288 2.053612044523788 8.963435367006191
289 6.492416642867344 3.714427745252034
290 4.858687243438402 5.646357362673466
291 4.275628850417100 6.335839830552009
292 5.706211553372965 4.644136727836651
293 5.241125005794404 1.318690571702628
294 1.928618553371821 2.500833479692024
295 2.077949524340251 2.447541342511613
296 3.371874870233234 1.985774794103398
297 4.230000000000000 9.539999999999999
298 4.859752690202001 1.702001132716632
299 4.403138238448476 7.385094847618197
300 4.583022418394636 5.146228669519073
301 4.757367118201197 2.976307713465109
302 4.640272487628277 4.433685500134214
303 4.557680742738766 5.461635063451356
304 4.438990866720022 6.938867520361565
305 4.570000000000000 1.580000000000000
306 5.940352422907489 2.156990493855785
307 7.058124446132422 2.627631345739967
308 6.354038008745375 2.331173898419105
309 9.289999999999999 5.350000000000000
310 8.590000000000000 2.160000000000000
311 7.365752281980803 2.036639277997442
312 6.776781337361051 1.837615697497251
313 9.170000000000000 5.520000000000000
314 8.050000000000001 4.310000000000000
315 6.370000000000000 7.610000000000000
316 6.547105678343549 7.262113846110887
317 6.771935609756098 6.820483623693380
318 7.852572733830249 4.697803558547726
319 6.780000000000000 6.070000000000000
320 6.188135780911415 6.875399545191133
321 6.397399114428895 6.590637283502642
322 6.201514765456134 6.857193632889105
323 0.920000000000000 0.510000000000000
324 1.689737520050552 2.029324843241141
325 2.742339909714095 4.106974586189601
326 3.722298401468739 6.041238206040390
327 2.919246944560621 4.456157581672011
328 2.649479927767745 3.923685511876649
329 9.119999999999999 1.400000000000000
330 0.660000000000000 0.920000000000000
331 3.284552868330781 3.747401782054325
332 4.366550687907313 4.913026068066618
333 5.328878776843403 5.949731476599433
334 5.296899115994160 5.915280141606075
335 5.840037981516529 6.500397635260375
336 3.023970843639808 3.466679648439555
337 6.211134613662816 6.900175933387053
338 5.265176107033746 3.339356673806932
339 6.301858451153705 4.080514186797672
340 7.547493052257131 4.971058381251706
341 3.917712609970675 2.376011730205279
342 5.442574646008619 3.466184588549149
343 4.110000000000000 3.200000000000000
344 2.553891616627409 4.231945559499718
345 6.030000000000000 2.000000000000000
346 1.850000000000000 9.320000000000000
347 4.184166710767891 5.232416190712690
348 4.043459956369320 5.478821320425019
349 5.334727734561041 5.938494887406676
350 5.797097669881055 5.050223631383438
351 7.260000000000000 7.120000000000000
352 2.290000000000000 4.070000000000000
353 3.935341248446302 5.079716460314129
354 6.006864963101135 6.350973468301501
355 2.449416314918463 4.167830937726622
356 6.101170544788138 6.408847115010829
357 3.930000000000000 5.060000000000000
358 5.430000000000000 3.410000000000000
359 5.740000000000000 6.590000000000000
360 6.074632935233937 6.290274817002697
658
1 5
5 3
3 16
16 12
12 15
15 11
11 10
10 13
13 6
6 8
8 14
14 7
7 2
2 4
4 17
17 9
9 0
18 22
22 24
24 21
21 2
2 20
20 25
25 23
23 19
27 29
29 28
28 26
30 35
35 45
45 50
50 49
49 42
42 46
46 36
36 38
38 51
51 34
34 47
47 37
37 32
32 33
33 39
39 43
43 40
40 44
44 3
3 48
48 41
41 31
53 67
67 59
59 65
65 57
57 68
68 72
72 55
55 66
66 69
69 62
62 71
71 58
58 54
54 32
32 70
70 64
64 63
63 61
61 56
56 60
60 20
20 4
4 52
74 77
77 88
88 85
85 86
86 87
87 81
81 78
78 89
89 76
76 91
91 80
80 83
83 75
75 33
33 90
90 84
84 82
82 79
79 73
93 108
108 96
96 94
94 105
105 111
111 102
102 110
110 106
106 95
95 98
98 112
112 34
34 107
107 97
97 54
54 75
75 99
99 103
103 100
100 104
104 5
5 109
109 101
101 92
113 116
116 119
119 35
35 94
94 115
115 118
118 117
117 114
120 129
129 130
130 124
124 125
125 134
134 122
122 131
131 55
55 127
127 123
123 132
132 76
76 133
133 128
128 126
126 121
135 143
143 146
146 145
145 136
136 147
147 137
137 141
141 144
144 138
138 139
139 56
56 140
140 142
142 6
6 18
148 77
77 92
149 153
153 154
154 155
155 136
136 157
157 151
151 152
152 156
156 150
159 166
166 57
57 174
174 122
122 162
162 163
163 167
167 170
170 36
36 95
95 165
165 161
161 160
160 171
171 164
164 175
175 137
137 151
151 173
173 169
169 168
168 172
172 158
30 96
96 115
115 179
179 177
177 180
180 182
182 184
184 178
178 181
181 28
28 183
183 176
185 192
192 189
189 78
78 123
123 193
193 195
195 188
188 58
58 97
97 37
37 194
194 191
191 190
190 187
187 186
186 138
138 196
196 150
197 116
116 200
200 205
205 207
207 206
206 203
203 204
204 124
124 199
199 202
202 59
59 198
198 201
201 148
208 210
210 209
209 198
198 159
212 215
215 219
219 216
216 160
160 218
218 220
220 213
213 214
214 217
217 186
186 139
139 60
60 7
7 21
21 211
93 221
221 222
222 29
29 223
223 176
93 232
232 117
117 177
177 229
229 235
235 227
227 234
234 230
230 161
161 236
236 233
233 225
225 231
231 226
226 187
187 61
61 79
79 140
140 228
228 8
8 22
22 224
238 242
242 199
199 125
125 249
249 245
245 162
162 239
239 243
243 246
246 38
38 98
98 250
250 241
241 247
247 225
225 213
213 240
240 141
141 152
152 248
248 244
244 23
23 9
9 237
113 200
200 260
260 255
255 256
256 163
163 239
239 253
253 257
257 258
258 62
62 261
261 188
188 80
80 252
252 99
99 39
39 254
254 259
259 251
251 10
10 18
176 158
262 209
209 201
201 265
265 270
270 266
266 81
81 189
189 267
267 269
269 264
264 100
100 40
40 268
268 263
263 11
11 18
271 178
178 153
153 276
276 278
278 164
164 279
279 240
240 214
214 277
277 226
226 190
190 63
63 82
82 273
273 274
274 251
251 263
263 275
275 12
12 41
41 101
101 272
280 83
83 252
252 281
281 126
126 264
264 282
282 1
93 288
288 118
118 179
179 285
285 291
291 283
283 290
290 286
286 165
165 292
292 241
241 287
287 289
289 191
191 64
64 84
84 273
273 284
284 13
13 18
120 294
294 295
295 242
242 202
202 65
65 166
166 296
296 265
265 85
85 293
293 92
297 221
221 180
180 299
299 304
304 215
215 227
227 283
283 102
102 303
303 42
42 300
300 302
302 167
167 243
243 253
253 301
301 66
66 127
127 266
266 298
298 86
86 185
305 298
298 87
87 192
192 267
267 306
306 308
308 128
128 281
281 103
103 43
43 254
254 307
307 274
274 284
284 142
142 228
228 14
14 24
24 211
310 309
148 88
88 293
293 312
312 282
282 104
104 44
44 311
311 275
275 15
15 18
313 309
315 316
316 317
317 168
168 244
244 318
318 314
297 222
222 181
181 320
320 322
322 321
321 169
169 319
323 210
210 67
67 324
324 294
294 129
129 203
203 328
328 325
325 255
255 327
327 326
326 45
45 105
105 285
285 229
229 299
299 182
182 271
329 237
330 324
324 295
295 130
130 204
204 336
336 331
331 256
256 332
332 300
300 46
46 106
106 286
286 230
230 216
216 334
334 333
333 276
276 154
154 335
335 143
143 320
320 337
337 316
316 183
183 223
223 158
159 296
296 68
68 341
341 131
131 301
301 257
257 338
338 342
342 107
107 47
47 287
287 339
339 231
231 277
277 217
217 144
144 340
340 150
113 205
205 344
344 325
325 331
331 245
245 343
346 232
232 288
288 108
108 119
119 326
326 348
348 347
347 332
332 302
302 170
170 246
246 338
338 258
258 69
69 193
193 132
132 89
89 306
306 345
149 333
333 349
349 171
171 218
218 350
350 233
233 247
247 339
339 289
289 194
194 70
70 90
90 307
307 259
259 268
268 311
311 16
16 48
48 109
109 272
352 206
206 355
355 344
344 260
260 327
327 353
353 347
347 49
49 303
303 110
110 290
290 234
234 219
219 334
334 349
349 278
278 155
155 145
145 354
354 356
356 321
321 317
317 172
172 351
357 353
353 348
348 50
50 111
111 291
291 235
235 304
304 184
184 271
358 71
71 261
261 195
195 91
91 133
133 308
308 269
269 312
312 1
359 335
335 146
146 354
354 360
360 173
173 248
248 156
156 340
340 196
196 318
318 25
25 17
17 52
113 207
207 355
355 328
328 336
336 249
249 134
134 174
174 341
341 72
72 270
270 305
358 342
342 51
51 112
112 250
250 292
292 236
236 350
350 220
220 279
279 175
175 147
147 157
157 360
360 356
356 322
322 337
337 315
692
0 1.300000000000000 1.700000000000000
1 1.300000000000000 2.700000000000000
2 1.300000000000000 2.400000000000000
3 1.300000000000000 1.100000000000000
4 1.400000000000000 5.900000000000000
5 1.400000000000000 8.600000000000000
6 1.400000000000000 6.500000000000000
7 1.400000000000000 3.000000000000000
8 1.400000000000000 7.000000000000000
9 1.400000000000000 4.200000000000000
10 1.500000000000000 7.300000000000000
11 1.500000000000000 8.300000000000001
12 1.500000000000000 5.800000000000000
13 1.500000000000000 9.699999999999999
14 1.500000000000000 1.900000000000000
15 1.500000000000000 5.900000000000000
16 1.500000000000000 3.700000000000000
17 1.600000000000000 4.500000000000000
18 1.600000000000000 1.200000000000000
19 1.600000000000000 5.300000000000000
20 1.600000000000000 4.800000000000000
21 1.600000000000000 3.400000000000000
22 1.600000000000000 5.600000000000000
23 1.600000000000000 5.700000000000000
24 1.600000000000000 3.300000000000000
25 1.600000000000000 8.500000000000000
26 1.600000000000000 5.300000000000000
27 1.700000000000000 3.400000000000000
28 1.700000000000000 2.100000000000000
29 1.700000000000000 4.700000000000000
30 1.700000000000000 9.100000000000000
31 1.700000000000000 6.200000000000000
32 1.700000000000000 2.300000000000000
33 1.700000000000000 9.000000000000000
34 1.800000000000000 6.000000000000000
35 1.800000000000000 4.400000000000000
36 1.800000000000000 5.400000000000000
37 1.800000000000000 2.100000000000000
38 1.900000000000000 7.900000000000000
39 1.900000000000000 3.700000000000000
40 1.900000000000000 4.300000000000000
41 1.900000000000000 2.400000000000000
42 1.900000000000000 8.800000000000001
43 1.900000000000000 8.500000000000000
44 1.900000000000000 5.600000000000000
45 1.900000000000000 3.300000000000000
46 1.900000000000000 2.100000000000000
47 1.900000000000000 6.800000000000000
48 1.900000000000000 9.699999999999999
49 1.900000000000000 5.900000000000000
50 1.900000000000000 9.100000000000000
51 1.900000000000000 3.900000000000000
52 1.900000000000000 2.500000000000000
53 1.900000000000000 3.100000000000000
54 1.900000000000000 6.800000000000000
55 1.900000000000000 6.400000000000000
56 2.000000000000000 7.600000000000000
57 2.000000000000000 1.700000000000000
58 2.100000000000000 9.600000000000000
59 2.100000000000000 2.500000000000000
60 2.100000000000000 3.300000000000000
61 2.100000000000000 6.500000000000000
62 2.100000000000000 8.000000000000000
63 2.100000000000000 7.500000000000000
64 2.200000000000000 2.400000000000000
65 2.200000000000000 5.200000000000000
66 2.200000000000000 4.500000000000000
67 2.200000000000000 8.800000000000001
68 2.200000000000000 4.600000000000000
69 2.200000000000000 7.100000000000000
70 2.200000000000000 8.000000000000000
71 2.200000000000000 9.199999999999999
72 2.300000000000000 6.300000000000000
73 2.300000000000000 5.400000000000000
74 2.300000000000000 4.500000000000000
75 2.300000000000000 8.199999999999999
76 2.300000000000000 2.500000000000000
77 2.300000000000000 8.000000000000000
78 2.300000000000000 4.500000000000000
79 2.300000000000000 2.300000000000000
80 2.300000000000000 5.900000000000000
81 2.400000000000000 3.200000000000000
82 2.400000000000000 3.700000000000000
83 2.400000000000000 9.500000000000000
84 2.400000000000000 8.800000000000001
85 2.400000000000000 9.100000000000000
86 2.400000000000000 3.900000000000000
87 2.400000000000000 8.699999999999999
88 2.400000000000000 9.400000000000000
89 2.400000000000000 7.000000000000000
90 2.400000000000000 9.400000000000000
91 2.500000000000000 3.600000000000000
92 2.500000000000000 7.000000000000000
93 2.500000000000000 2.600000000000000
94 2.500000000000000 6.200000000000000
95 2.500000000000000 2.500000000000000
96 2.500000000000000 9.199999999999999
97 2.500000000000000 4.600000000000000
98 2.500000000000000 4.500000000000000
99 2.500000000000000 9.100000000000000
100 2.500000000000000 4.000000000000000
101 2.500000000000000 1.700000000000000
102 2.500000000000000 5.600000000000000
103 2.500000000000000 7.700000000000000
104 2.500000000000000 6.200000000000000
105 2.500000000000000 7.800000000000000
106 2.500000000000000 3.800000000000000
107 2.500000000000000 9.199999999999999
108 2.500000000000000 5.900000000000000
109 2.600000000000000 2.400000000000000
110 2.600000000000000 3.400000000000000
111 2.600000000000000 8.900000000000000
112 2.600000000000000 8.000000000000000
113 2.600000000000000 5.800000000000000
114 2.600000000000000 4.900000000000000
115 2.600000000000000 6.600000000000000
116 2.600000000000000 7.300000000000000
117 2.600000000000000 7.600000000000000
118 2.700000000000000 3.300000000000000
119 2.700000000000000 2.400000000000000
120 2.700000000000000 8.199999999999999
121 2.700000000000000 8.300000000000001
122 2.700000000000000 1.000000000000000
123 2.700000000000000 8.199999999999999
124 2.700000000000000 1.200000000000000
125 2.800000000000000 5.300000000000000
126 2.800000000000000 5.400000000000000
127 2.800000000000000 5.800000000000000
128 2.800000000000000 6.300000000000000
129 2.800000000000000 2.800000000000000
130 2.800000000000000 8.100000000000000
131 2.800000000000000 7.000000000000000
132 2.800000000000000 8.500000000000000
133 2.800000000000000 2.800000000000000
134 2.800000000000000 4.100000000000000
135 2.900000000000000 4.100000000000000
136 2.900000000000000 2.700000000000000
137 2.900000000000000 4.200000000000000
138 2.900000000000000 1.500000000000000
139 2.900000000000000 0.800000000000000
140 2.900000000000000 3.000000000000000
141 2.900000000000000 6.500000000000000
142 2.900000000000000 3.000000000000000
143 2.900000000000000 5.000000000000000
144 2.900000000000000 4.100000000000000
145 2.900000000000000 5.400000000000000
146 3.000000000000000 2.100000000000000
147 3.000000000000000 2.100000000000000
148 3.000000000000000 7.300000000000000
149 3.000000000000000 1.900000000000000
150 3.000000000000000 4.400000000000000
151 3.000000000000000 0.900000000000000
152 3.000000000000000 5.200000000000000
153 3.100000000000000 3.400000000000000
154 3.100000000000000 6.400000000000000
155 3.100000000000000 8.900000000000000
156 3.100000000000000 2.400000000000000
157 3.100000000000000 1.100000000000000
158 3.100000000000000 7.800000000000000
159 3.100000000000000 8.699999999999999
160 3.200000000000000 8.900000000000000
161 3.200000000000000 5.300000000000000
162 3.200000000000000 3.100000000000000
163 3.200000000000000 3.700000000000000
164 3.200000000000000 5.000000000000000
165 3.200000000000000 7.500000000000000
166 3.200000000000000 8.500000000000000
167 3.300000000000000 7.900000000000000
168 3.300000000000000 1.700000000000000
169 3.300000000000000 6.600000000000000
170 3.300000000000000 3.400000000000000
171 3.300000000000000 6.300000000000000
172 3.300000000000000 4.900000000000000
173 3.300000000000000 1.700000000000000
174 3.300000000000000 5.200000000000000
175 3.400000000000000 0.600000000000000
176 3.400000000000000 8.900000000000000
177 3.400000000000000 3.000000000000000
178 3.400000000000000 2.400000000000000
179 3.400000000000000 6.400000000000000
180 3.400000000000000 8.500000000000000
181 3.400000000000000 8.600000000000000
182 3.500000000000000 8.000000000000000
183 3.500000000000000 4.900000000000000
184 3.500000000000000 5.800000000000000
185 3.500000000000000 3.200000000000000
186 3.500000000000000 2.200000000000000
187 3.500000000000000 2.500000000000000
188 3.500000000000000 6.800000000000000
189 3.500000000000000 5.800000000000000
190 3.500000000000000 5.100000000000000
191 3.600000000000000 1.300000000000000
192 3.600000000000000 4.900000000000000
193 3.600000000000000 2.300000000000000
194 3.600000000000000 1.800000000000000
195 3.600000000000000 5.100000000000000
196 3.600000000000000 5.300000000000000
197 3.600000000000000 5.500000000000000
198 3.600000000000000 5.800000000000000
199 3.700000000000000 0.900000000000000
200 3.700000000000000 7.100000000000000
201 3.700000000000000 3.200000000000000
202 3.700000000000000 5.000000000000000
203 3.700000000000000 6.700000000000000
204 3.700000000000000 3.100000000000000
205 3.700000000000000 5.100000000000000
206 3.700000000000000 6.700000000000000
207 3.700000000000000 8.500000000000000
208 3.700000000000000 8.800000000000001
209 3.700000000000000 8.199999999999999
210 3.800000000000000 3.900000000000000
211 3.800000000000000 2.100000000000000
212 3.800000000000000 9.100000000000000
213 3.800000000000000 4.400000000000000
214 3.800000000000000 5.900000000000000
215 3.800000000000000 9.300000000000001
216 3.800000000000000 5.700000000000000
217 3.800000000000000 7.100000000000000
218 3.800000000000000 6.000000000000000
219 3.900000000000000 8.199999999999999
220 3.900000000000000 0.800000000000000
221 3.900000000000000 6.100000000000000
222 3.900000000000000 9.000000000000000
223 3.900000000000000 0.900000000000000
224 3.900000000000000 3.900000000000000
225 3.900000000000000 7.100000000000000
226 3.900000000000000 5.200000000000000
227 3.900000000000000 5.600000000000000
228 3.900000000000000 4.900000000000000
229 3.900000000000000 2.000000000000000
230 3.900000000000000 5.500000000000000
231 3.900000000000000 5.300000000000000
232 3.900000000000000 8.400000000000000
233 3.900000000000000 9.199999999999999
234 3.900000000000000 8.900000000000000
235 3.900000000000000 7.500000000000000
236 3.900000000000000 1.700000000000000
237 3.900000000000000 2.400000000000000
238 3.900000000000000 9.300000000000001
239 4.000000000000000 8.500000000000000
240 4.000000000000000 6.400000000000000
241 4.000000000000000 3.800000000000000
242 4.000000000000000 2.600000000000000
243 4.000000000000000 5.500000000000000
244 4.000000000000000 1.500000000000000
245 4.000000000000000 3.800000000000000
246 4.000000000000000 2.500000000000000
247 4.000000000000000 8.699999999999999
248 4.000000000000000 4.500000000000000
249 4.100000000000000 3.100000000000000
250 4.100000000000000 2.900000000000000
251 4.100000000000000 6.400000000000000
252 4.100000000000000 4.700000000000000
253 4.100000000000000 4.400000000000000
254 4.100000000000000 8.500000000000000
255 4.100000000000000 4.600000000000000
256 4.100000000000000 1.800000000000000
257 4.100000000000000 5.400000000000000
258 4.100000000000000 8.400000000000000
259 4.200000000000000 3.300000000000000
260 4.200000000000000 6.400000000000000
261 4.200000000000000 4.500000000000000
262 4.200000000000000 6.700000000000000
263 4.200000000000000 9.300000000000001
264 4.200000000000000 9.000000000000000
265 4.200000000000000 5.400000000000000
266 4.200000000000000 7.200000000000000
267 4.200000000000000 3.500000000000000
268 4.300000000000000 2.500000000000000
269 4.300000000000000 7.600000000000000
270 4.300000000000000 2.300000000000000
271 4.400000000000000 5.500000000000000
272 4.400000000000000 0.400000000000000
273 4.400000000000000 7.900000000000000
274 4.400000000000000 1.700000000000000
275 4.400000000000000 7.300000000000000
276 4.400000000000000 2.400000000000000
277 4.400000000000000 8.199999999999999
278 4.400000000000000 1.800000000000000
279 4.500000000000000 2.700000000000000
280 4.500000000000000 7.400000000000000
281 4.500000000000000 7.700000000000000
282 4.500000000000000 8.199999999999999
283 4.500000000000000 5.800000000000000
284 4.500000000000000 7.800000000000000
285 4.500000000000000 3.800000000000000
286 4.500000000000000 3.500000000000000
287 4.500000000000000 3.100000000000000
288 4.500000000000000 9.100000000000000
289 4.600000000000000 1.000000000000000
290 4.600000000000000 7.700000000000000
291 4.600000000000000 7.100000000000000
292 4.600000000000000 5.600000000000000
293 4.600000000000000 6.600000000000000
294 4.600000000000000 8.300000000000001
295 4.600000000000000 9.199999999999999
296 4.600000000000000 5.700000000000000
297 4.600000000000000 8.500000000000000
298 4.600000000000000 8.100000000000000
299 4.600000000000000 5.500000000000000
300 4.600000000000000 7.800000000000000
301 4.600000000000000 1.700000000000000
302 4.600000000000000 7.100000000000000
303 4.700000000000000 7.300000000000000
304 4.700000000000000 0.700000000000000
305 4.700000000000000 4.100000000000000
306 4.700000000000000 5.500000000000000
307 4.700000000000000 6.600000000000000
308 4.700000000000000 8.800000000000001
309 4.800000000000000 5.100000000000000
310 4.800000000000000 8.300000000000001
311 4.800000000000000 8.400000000000000
312 4.800000000000000 6.900000000000000
313 4.800000000000000 0.400000000000000
314 4.800000000000000 0.600000000000000
315 4.800000000000000 7.900000000000000
316 4.800000000000000 4.800000000000000
317 4.800000000000000 6.300000000000000
318 4.900000000000000 0.500000000000000
319 4.900000000000000 3.700000000000000
320 4.900000000000000 7.400000000000000
321 4.900000000000000 6.400000000000000
322 4.900000000000000 7.300000000000000
323 4.900000000000000 7.900000000000000
324 4.900000000000000 8.900000000000000
325 4.900000000000000 7.700000000000000
326 4.900000000000000 6.400000000000000
327 4.900000000000000 8.699999999999999
328 4.900000000000000 4.700000000000000
329 5.000000000000000 3.600000000000000
330 5.000000000000000 4.900000000000000
331 5.000000000000000 8.800000000000001
332 5.000000000000000 1.300000000000000
333 5.000000000000000 2.200000000000000
334 5.000000000000000 8.600000000000000
335 5.000000000000000 9.199999999999999
336 5.000000000000000 3.800000000000000
337 5.000000000000000 8.800000000000001
338 5.000000000000000 4.100000000000000
339 5.000000000000000 3.700000000000000
340 5.000000000000000 1.200000000000000
341 5.000000000000000 0.800000000000000
342 5.000000000000000 4.400000000000000
343 5.000000000000000 4.900000000000000
344 5.000000000000000 5.000000000000000
345 5.100000000000000 4.200000000000000
346 5.100000000000000 8.600000000000000
347 5.100000000000000 3.800000000000000
348 5.100000000000000 6.700000000000000
349 5.200000000000000 9.199999999999999
350 5.200000000000000 1.000000000000000
351 5.200000000000000 4.200000000000000
352 5.200000000000000 4.200000000000000
353 5.200000000000000 3.400000000000000
354 5.200000000000000 2.000000000000000
355 5.200000000000000 8.000000000000000
356 5.200000000000000 8.500000000000000
357 5.200000000000000 0.800000000000000
358 5.200000000000000 6.400000000000000
359 5.200000000000000 6.800000000000000
360 5.300000000000000 5.000000000000000
361 5.300000000000000 4.400000000000000
362 5.300000000000000 3.000000000000000
363 5.300000000000000 5.300000000000000
364 5.300000000000000 7.200000000000000
365 5.300000000000000 2.600000000000000
366 5.300000000000000 4.900000000000000
367 5.300000000000000 5.100000000000000
368 5.300000000000000 5.100000000000000
369 5.300000000000000 8.100000000000000
370 5.300000000000000 5.000000000000000
371 5.300000000000000 3.900000000000000
372 5.300000000000000 7.400000000000000
373 5.300000000000000 7.000000000000000
374 5.400000000000000 3.700000000000000
375 5.400000000000000 5.800000000000000
376 5.400000000000000 9.199999999999999
377 5.400000000000000 7.200000000000000
378 5.400000000000000 8.000000000000000
379 5.400000000000000 8.800000000000001
380 5.400000000000000 5.300000000000000
381 5.400000000000000 1.800000000000000
382 5.400000000000000 8.600000000000000
383 5.400000000000000 6.500000000000000
384 5.400000000000000 0.900000000000000
385 5.500000000000000 4.000000000000000
386 5.500000000000000 0.700000000000000
387 5.500000000000000 9.300000000000001
388 5.500000000000000 6.800000000000000
389 5.500000000000000 5.300000000000000
390 5.500000000000000 3.800000000000000
391 5.500000000000000 8.500000000000000
392 5.500000000000000 3.700000000000000
393 5.500000000000000 7.100000000000000
394 5.600000000000000 3.200000000000000
395 5.600000000000000 8.500000000000000
396 5.600000000000000 5.700000000000000
397 5.600000000000000 6.300000000000000
398 5.700000000000000 2.100000000000000
399 5.700000000000000 2.400000000000000
400 5.700000000000000 1.900000000000000
401 5.700000000000000 5.100000000000000
402 5.700000000000000 0.700000000000000
403 5.700000000000000 8.900000000000000
404 5.700000000000000 5.500000000000000
405 5.700000000000000 0.500000000000000
406 5.800000000000000 5.300000000000000
407 5.800000000000000 1.900000000000000
408 5.800000000000000 8.900000000000000
409 5.800000000000000 5.900000000000000
410 5.800000000000000 8.000000000000000
411 5.800000000000000 3.100000000000000
412 5.800000000000000 4.400000000000000
413 5.800000000000000 2.200000000000000
414 5.800000000000000 6.200000000000000
415 5.900000000000000 2.500000000000000
416 5.900000000000000 1.200000000000000
417 5.900000000000000 8.500000000000000
418 5.900000000000000 8.000000000000000
419 5.900000000000000 0.700000000000000
420 5.900000000000000 9.199999999999999
421 5.900000000000000 9.199999999999999
422 5.900000000000000 4.600000000000000
423 6.000000000000000 7.600000000000000
424 6.000000000000000 1.000000000000000
425 6.000000000000000 7.800000000000000
426 6.000000000000000 6.800000000000000
427 6.100000000000000 2.900000000000000
428 6.100000000000000 9.000000000000000
429 6.100000000000000 7.700000000000000
430 6.100000000000000 6.100000000000000
431 6.100000000000000 4.700000000000000
432 6.100000000000000 5.200000000000000
433 6.100000000000000 9.000000000000000
434 6.100000000000000 5.700000000000000
435 6.100000000000000 6.000000000000000
436 6.100000000000000 2.900000000000000
437 6.200000000000000 8.400000000000000
438 6.200000000000000 2.400000000000000
439 6.200000000000000 8.199999999999999
440 6.200000000000000 9.100000000000000
441 6.200000000000000 1.500000000000000
442 6.200000000000000 5.700000000000000
443 6.200000000000000 5.600000000000000
444 6.200000000000000 7.500000000000000
445 6.200000000000000 0.600000000000000
446 6.200000000000000 5.300000000000000
447 6.300000000000000 5.700000000000000
448 6.300000000000000 7.500000000000000
449 6.300000000000000 8.800000000000001
450 6.300000000000000 2.200000000000000
451 6.300000000000000 4.400000000000000
452 6.300000000000000 1.400000000000000
453 6.300000000000000 5.400000000000000
454 6.300000000000000 0.300000000000000
455 6.300000000000000 9.000000000000000
456 6.400000000000000 4.200000000000000
457 6.400000000000000 2.200000000000000
458 6.400000000000000 3.900000000000000
459 6.400000000000000 5.500000000000000
460 6.400000000000000 5.500000000000000
461 6.400000000000000 7.200000000000000
462 6.400000000000000 5.700000000000000
463 6.400000000000000 3.400000000000000
464 6.400000000000000 6.200000000000000
465 6.400000000000000 2.400000000000000
466 6.500000000000000 2.700000000000000
467 6.500000000000000 8.699999999999999
468 6.500000000000000 6.900000000000000
469 6.500000000000000 5.300000000000000
470 6.500000000000000 6.400000000000000
471 6.500000000000000 3.100000000000000
472 6.500000000000000 3.400000000000000
473 6.500000000000000 5.600000000000000
474 6.600000000000000 9.100000000000000
475 6.600000000000000 4.400000000000000
476 6.600000000000000 1.300000000000000
477 6.600000000000000 3.300000000000000
478 6.600000000000000 3.200000000000000
479 6.600000000000000 8.400000000000000
480 6.600000000000000 0.400000000000000
481 6.600000000000000 1.000000000000000
482 6.600000000000000 1.600000000000000
483 6.700000000000000 2.900000000000000
484 6.700000000000000 2.800000000000000
485 6.700000000000000 3.600000000000000
486 6.700000000000000 8.100000000000000
487 6.700000000000000 8.000000000000000
488 6.700000000000000 1.500000000000000
489 6.700000000000000 4.700000000000000
490 6.700000000000000 6.100000000000000
491 6.700000000000000 5.900000000000000
492 6.800000000000000 4.400000000000000
493 6.800000000000000 3.100000000000000
494 6.800000000000000 5.000000000000000
495 6.800000000000000 9.100000000000000
496 6.800000000000000 5.300000000000000
497 6.800000000000000 0.800000000000000
498 6.800000000000000 0.500000000000000
499 6.800000000000000 8.600000000000000
500 6.800000000000000 1.800000000000000
501 6.800000000000000 1.200000000000000
502 6.900000000000000 6.900000000000000
503 6.900000000000000 6.700000000000000
504 6.900000000000000 8.699999999999999
505 6.900000000000000 0.800000000000000
506 6.900000000000000 6.600000000000000
507 6.900000000000000 5.600000000000000
508 6.900000000000000 9.100000000000000
509 6.900000000000000 4.100000000000000
510 7.000000000000000 3.100000000000000
511 7.000000000000000 8.199999999999999
512 7.000000000000000 3.700000000000000
513 7.000000000000000 0.900000000000000
514 7.000000000000000 3.800000000000000
515 7.000000000000000 8.800000000000001
516 7.000000000000000 7.500000000000000
517 7.000000000000000 2.200000000000000
518 7.000000000000000 6.100000000000000
519 7.000000000000000 3.000000000000000
520 7.100000000000000 8.100000000000000
521 7.100000000000000 9.100000000000000
522 7.100000000000000 6.700000000000000
523 7.100000000000000 1.900000000000000
524 7.100000000000000 3.000000000000000
525 7.100000000000000 1.300000000000000
526 7.100000000000000 8.400000000000000
527 7.100000000000000 8.000000000000000
528 7.100000000000000 8.900000000000000
529 7.100000000000000 6.300000000000000
530 7.200000000000000 1.300000000000000
531 7.200000000000000 7.400000000000000
532 7.200000000000000 5.300000000000000
533 7.200000000000000 5.900000000000000
534 7.200000000000000 6.800000000000000
535 7.200000000000000 3.700000000000000
536 7.200000000000000 4.500000000000000
537 7.200000000000000 7.000000000000000
538 7.200000000000000 9.000000000000000
539 7.200000000000000 7.000000000000000
540 7.300000000000000 8.900000000000000
541 7.300000000000000 6.300000000000000
542 7.300000000000000 9.000000000000000
543 7.300000000000000 5.100000000000000
544 7.300000000000000 1.400000000000000
545 7.300000000000000 0.300000000000000
546 7.300000000000000 1.700000000000000
547 7.300000000000000 3.000000000000000
548 7.400000000000000 4.800000000000000
549 7.400000000000000 8.400000000000000
550 7.400000000000000 2.300000000000000
551 7.400000000000000 3.100000000000000
552 7.400000000000000 4.400000000000000
553 7.400000000000000 1.300000000000000
554 7.400000000000000 4.900000000000000
555 7.400000000000000 6.400000000000000
556 7.400000000000000 1.700000000000000
557 7.400000000000000 5.400000000000000
558 7.500000000000000 0.200000000000000
559 7.500000000000000 5.300000000000000
560 7.500000000000000 3.200000000000000
561 7.500000000000000 1.000000000000000
562 7.500000000000000 7.400000000000000
563 7.500000000000000 7.400000000000000
564 7.500000000000000 4.700000000000000
565 7.600000000000000 3.000000000000000
566 7.600000000000000 2.500000000000000
567 7.600000000000000 3.200000000000000
568 7.600000000000000 5.300000000000000
569 7.600000000000000 3.000000000000000
570 7.600000000000000 0.700000000000000
571 7.600000000000000 4.200000000000000
572 7.700000000000000 1.400000000000000
573 7.700000000000000 5.900000000000000
574 7.700000000000000 8.300000000000001
575 7.700000000000000 8.199999999999999
576 7.700000000000000 1.300000000000000
577 7.700000000000000 2.500000000000000
578 7.700000000000000 7.800000000000000
579 7.700000000000000 4.000000000000000
580 7.700000000000000 5.400000000000000
581 7.700000000000000 2.700000000000000
582 7.700000000000000 9.000000000000000
583 7.700000000000000 3.800000000000000
584 7.700000000000000 4.400000000000000
585 7.800000000000000 7.700000000000000
586 7.800000000000000 8.300000000000001
587 7.800000000000000 1.100000000000000
588 7.800000000000000 2.300000000000000
589 7.800000000000000 6.600000000000000
590 7.800000000000000 4.300000000000000
591 7.800000000000000 1.600000000000000
592 7.800000000000000 4.000000000000000
593 7.800000000000000 4.600000000000000
594 7.800000000000000 6.800000000000000
595 7.800000000000000 7.000000000000000
596 7.800000000000000 1.200000000000000
597 7.800000000000000 1.500000000000000
598 7.900000000000000 2.800000000000000
599 7.900000000000000 7.600000000000000
600 7.900000000000000 8.600000000000000
601 7.900000000000000 5.100000000000000
602 7.900000000000000 4.100000000000000
603 7.900000000000000 5.300000000000000
604 7.900000000000000 8.800000000000001
605 7.900000000000000 8.199999999999999
606 7.900000000000000 7.000000000000000
607 7.900000000000000 5.000000000000000
608 7.900000000000000 7.600000000000000
609 7.900000000000000 5.400000000000000
610 8.000000000000000 7.600000000000000
611 8.000000000000000 3.600000000000000
612 8.000000000000000 0.300000000000000
613 8.000000000000000 6.000000000000000
614 8.000000000000000 3.700000000000000
615 8.000000000000000 1.900000000000000
616 8.000000000000000 1.900000000000000
617 8.000000000000000 0.900000000000000
618 8.000000000000000 7.700000000000000
619 8.000000000000000 1.900000000000000
620 8.000000000000000 2.500000000000000
621 8.100000000000000 2.700000000000000
622 8.100000000000000 0.300000000000000
623 8.100000000000000 7.900000000000000
624 8.100000000000000 4.400000000000000
625 8.100000000000000 1.500000000000000
626 8.100000000000000 6.400000000000000
627 8.100000000000000 3.200000000000000
628 8.100000000000000 6.500000000000000
629 8.100000000000000 3.800000000000000
630 8.199999999999999 5.200000000000000
631 8.199999999999999 4.400000000000000
632 8.199999999999999 7.100000000000000
633 8.199999999999999 2.900000000000000
634 8.199999999999999 4.300000000000000
635 8.199999999999999 0.700000000000000
636 8.199999999999999 6.600000000000000
637 8.199999999999999 5.700000000000000
638 8.199999999999999 8.900000000000000
639 8.199999999999999 4.500000000000000
640 8.199999999999999 0.600000000000000
641 8.199999999999999 5.400000000000000
642 8.199999999999999 8.100000000000000
643 8.199999999999999 2.600000000000000
644 8.199999999999999 3.800000000000000
645 8.199999999999999 4.900000000000000
646 8.300000000000001 1.000000000000000
647 8.300000000000001 5.000000000000000
648 8.300000000000001 4.000000000000000
649 8.300000000000001 1.600000000000000
650 8.300000000000001 5.700000000000000
651 8.300000000000001 4.000000000000000
652 8.300000000000001 5.600000000000000
653 8.300000000000001 5.500000000000000
654 8.300000000000001 6.200000000000000
655 8.300000000000001 2.600000000000000
656 8.300000000000001 4.000000000000000
657 8.400000000000000 3.800000000000000
658 8.400000000000000 3.600000000000000
659 8.400000000000000 2.600000000000000
660 8.400000000000000 6.600000000000000
661 8.400000000000000 3.300000000000000
662 8.400000000000000 8.699999999999999
663 8.400000000000000 6.100000000000000
664 8.400000000000000 6.600000000000000
665 8.400000000000000 8.300000000000001
666 8.400000000000000 2.300000000000000
667 8.400000000000000 4.600000000000000
668 8.400000000000000 5.600000000000000
669 8.400000000000000 4.400000000000000
670 8.400000000000000 3.500000000000000
671 8.500000000000000 9.000000000000000
672 8.500000000000000 3.000000000000000
673 8.500000000000000 4.500000000000000
674 8.500000000000000 4.000000000000000
675 8.500000000000000 9.300000000000001
676 8.600000000000000 7.700000000000000
677 8.600000000000000 1.800000000000000
678 8.600000000000000 8.500000000000000
679 8.600000000000000 9.000000000000000
680 8.600000000000000 0.700000000000000
681 8.600000000000000 3.700000000000000
682 8.600000000000000 8.500000000000000
683 8.600000000000000 2.200000000000000
684 8.600000000000000 7.900000000000000
685 8.600000000000000 7.100000000000000
686 8.600000000000000 5.700000000000000
687 8.600000000000000 1.000000000000000
688 8.600000000000000 0.500000000000000
689 8.600000000000000 6.400000000000000
690 8.600000000000000 6.300000000000000
691 8.600000000000000 3.000000000000000
