42
0 7.602000000000000 8.592000000000001
1 6.709000000000000 3.493000000000000
2 7.330180882754002 7.039921972186626
3 7.001524660411381 5.163305983692756
4 7.127679644624498 5.883646705420289
5 1.869000000000000 5.507000000000000
6 3.947000000000000 9.871000000000000
7 2.548828360228593 6.934704987506053
8 8.061999999999999 9.013000000000000
9 2.539000000000000 6.931000000000000
10 2.911547532710381 7.071438885225967
11 5.478622772372045 8.039146770247800
12 4.022521323496246 7.490241607010535
13 5.313368958170434 7.976851198788856
14 3.655256029126881 7.351793962093458
15 3.874151212424338 7.434310668887828
16 5.249044800019256 7.952602982734038
17 2.954265820209568 7.087542356993721
18 3.656000000000000 8.625000000000000
19 1.192000000000000 3.483000000000000
20 2.117881326782703 5.415176048018125
21 2.838413652925959 6.918819400708313
22 5.049000000000000 8.271000000000001
23 9.132999999999999 6.067000000000000
24 6.186286471057064 7.657244029821311
25 5.256701778492165 8.158910205730479
26 3.484000000000000 5.873000000000000
27 5.544703538443295 7.233624798695319
28 5.655010049473779 7.306457096774941
29 4.768000000000000 9.728999999999999
30 5.391479257422625 7.725900232206341
31 5.209509617786882 8.310528090407523
32 5.997070324134001 5.780271230654491
33 1.319000000000000 2.958000000000000
34 3.611531515511057 6.974233259207787
35 3.760658594501784 8.261943975849096
36 4.116000000000000 7.858000000000000
37 2.616571621473449 5.231185893893421
38 7.892000000000000 3.746000000000000
39 6.580383936584819 5.833605588094863
40 5.173000000000000 4.288000000000000
41 3.238000000000000 5.528000000000000
67
1 3
3 4
4 2
2 0
5 7
7 6
9 7
7 10
10 17
17 14
14 15
15 12
12 16
16 13
13 11
11 8
19 20
20 21
21 10
10 18
22 25
25 11
11 24
24 2
2 23
26 27
27 28
28 24
24 0
26 12
12 29
29 31
31 25
25 13
13 30
30 27
27 32
32 1
19 33
26 34
34 14
14 35
35 6
33 37
37 34
34 15
15 36
22 16
16 30
30 28
28 39
39 3
3 38
22 31
31 8
5 20
20 37
37 40
33 40
5 21
21 17
17 35
35 29
41 32
32 39
39 4
4 23
22
0 1.900000000000000 5.100000000000000
1 2.600000000000000 4.700000000000000
2 2.900000000000000 7.500000000000000
3 3.400000000000000 6.600000000000000
4 3.500000000000000 5.800000000000000
5 3.900000000000000 6.000000000000000
6 3.900000000000000 6.300000000000000
7 4.100000000000000 7.800000000000000
8 4.200000000000000 6.000000000000000
9 4.500000000000000 5.300000000000000
10 4.800000000000000 7.300000000000000
11 4.800000000000000 5.300000000000000
12 4.800000000000000 9.600000000000000
13 4.800000000000000 9.100000000000000
14 4.900000000000000 7.500000000000000
15 5.200000000000000 7.900000000000000
16 5.900000000000000 7.500000000000000
17 6.100000000000000 7.800000000000000
18 6.400000000000000 5.000000000000000
19 6.400000000000000 6.100000000000000
20 6.800000000000000 7.800000000000000
21 7.500000000000000 8.199999999999999
