354
0 9.789999999999999 0.430000000000000
1 0.850000000000000 2.030000000000000
2 8.436045482181523 0.672318481936192
3 7.903278644612604 0.767668251523471
4 8.775555534859464 0.611556056400991
5 8.422764212400994 0.674695442970739
6 2.459206661037154 1.741998807868071
7 3.670614271603621 1.525192076670493
8 1.534806383055367 1.907439573502395
9 7.181249099597229 0.896890541459109
10 4.879987682574343 1.308749408040386
11 1.360000000000000 2.200000000000000
12 4.150000000000000 8.510000000000000
13 2.961548725203357 5.822140665244868
14 3.091849317943337 6.116834837355719
15 3.020117610558620 5.954602911335089
16 1.873209343966770 3.360699268971441
17 2.738856711400278 5.318489551589874
18 3.317975938274045 6.628253824555276
19 1.998121587456712 3.643206887760522
20 4.044952484917006 8.272419419292582
21 2.173120337862778 4.038992592083916
22 2.808785160661520 5.476643141137703
23 3.429252112571349 6.879921444561007
24 3.538033981283160 7.125947821468364
25 2.804208417937410 5.466292156697154
26 1.864836591986632 3.341763044959013
27 3.747321064795001 7.599281691346400
28 3.318967725604354 6.630496899126693
29 5.570000000000000 5.400000000000000
30 1.430000000000000 6.070000000000000
31 2.697512197917936 5.864871214346614
32 3.177764320075434 5.787149252548179
33 3.655843348528802 5.709778974996547
34 2.587764565366308 5.882632304638786
35 2.467470421567786 5.902100197475745
36 5.088377864095565 5.477943678999027
37 2.718536551808482 5.861468722291864
38 4.209597244108917 5.620161798658702
39 3.751773402730633 5.694254062843110
40 8.800000000000001 0.020000000000000
41 6.200000000000000 4.680000000000000
42 6.496073152538305 4.149345811219808
43 6.462098707258610 4.210238470836492
44 6.504796647769288 4.133710623613508
45 6.521624853018192 4.103549301898164
46 7.666006344901073 2.052465551061923
47 8.294655022568618 0.925733690319326
48 6.750343144596464 3.693615748530954
49 6.340292867850197 4.428552013776186
50 5.820000000000000 7.860000000000000
51 1.610000000000000 5.170000000000000
52 2.951694664610975 6.027282339145730
53 3.808481889763780 6.574730708661417
54 2.607863005774230 5.807589426492322
55 4.696297756820331 7.142004980011091
56 5.214791209430480 7.473298896286933
57 2.283161008757799 5.600119504408189
58 3.964391200328431 6.674349721825054
59 5.755196747893208 7.818593646516088
60 2.715330670514376 5.876256414176645
61 3.963497020442030 6.673778381232556
62 3.450489499786611 6.345989727892158
63 1.810000000000000 7.240000000000000
64 8.240000000000000 0.410000000000000
65 3.591872881355932 5.347279661016950
66 4.470070539038034 4.414450733805634
67 2.388921914395769 6.625064280665147
68 2.801254100606429 6.187081569651337
69 4.889811171199533 3.968598709285722
70 6.914066244732066 1.818417970214616
71 3.657864640939938 5.277182659779196
72 4.395607784374516 4.493545697157396
73 4.881046047836746 3.977909096932353
74 2.285693553428960 6.734714312609674
75 5.146968624327876 3.695443902930110
76 2.602079746066217 6.398646241736818
77 4.498203064844871 4.384568128632898
78 5.352249210424045 3.477393140404942
79 4.221190867400741 4.678812811143536
80 3.250000000000000 3.410000000000000
81 3.346822415028258 3.958660351826793
82 3.906617077134642 7.130830103762971
83 3.342194552529183 3.932435797665369
84 3.317350917431193 3.791655198776758
85 4.093274596182085 8.188556045031813
86 3.582622032866707 5.294858186244674
87 3.834843802485724 6.724114880752435
88 3.927210711493355 7.247527365129006
89 3.885151832460733 7.009193717277486
90 3.680363636363636 5.848727272727272
91 8.550000000000001 6.070000000000000
92 0.590000000000000 2.840000000000000
93 3.126949799188873 3.869440684846741
94 3.356848435941263 3.962728699508829
95 2.788638228205011 3.732160989585702
96 6.513009709098611 5.243432331707099
97 0.743617704592567 2.902334822340954
98 5.927219661927760 5.005731093973199
99 7.104841332280037 5.483585113475442
100 5.850459896233365 4.974583601109770
101 2.531585873696795 3.627854569351840
102 5.518831623252590 4.840015847123853
103 4.287931953111435 4.340542739767580
104 5.253334285364560 4.732282630870293
105 6.629860922457935 5.290848087881800
106 7.085057408844066 5.475557214895268
107 5.828251147346016 4.965571759538648
108 8.489224983861391 6.045338781139735
109 3.148500262672632 3.878185408094548
110 1.846886253006502 3.350017914222487
111 4.489391898683285 4.422290933762187
112 5.661600946572408 4.897948625305135
113 4.363408067484873 4.371169354017103
114 1.710000000000000 9.160000000000000
115 2.561132981767639 5.982068412231216
116 3.192794495292026 3.623591981864188
117 3.152743640384678 3.773132511550717
118 2.688960138232259 5.504791691665266
119 1.859783320560162 8.600744095311084
120 2.130737026929830 7.589066295554206
121 2.353852000775973 6.756007139959840
122 6.630000000000000 1.730000000000000
123 2.456827152734130 2.102180500610049
124 2.697574437409192 2.080709680155158
125 3.892187418859907 1.974169243479287
126 1.512667900260875 2.186384456712977
127 5.066409502321456 1.869447349887840
128 5.086086427611572 1.867692481787962
129 5.003315216952899 1.875074354465301
130 8.619492280285037 4.388286817102138
131 8.641059457172613 3.866361136422806
132 8.564238621863037 5.725425350914505
133 8.670397719306445 3.156375192784040
134 8.601779126502441 4.816945138640962
135 8.627113682908924 4.203848873604080
136 8.598589277484766 4.894139484868657
137 8.554165841514132 5.969186635358020
138 8.561442339232441 5.793095390574968
139 0.210000000000000 9.520000000000000
140 9.680000000000000 9.150000000000000
141 6.420714323835630 9.277342734971576
142 6.711222811476612 9.265992350554768
143 3.255049044020524 9.401027650867203
144 3.397863063006171 9.395447800072620
145 5.568381653992394 9.310644011406843
146 7.726306339290187 9.226332276078420
147 1.891011766218736 9.454321609978782
148 5.083116169810047 9.329603697694855
149 1.940043298630476 9.452405911246750
150 3.327133133678192 9.398211271440239
151 6.613651905009314 9.269804519022868
152 2.015826384153972 9.449445009278039
153 1.560000000000000 5.770000000000000
154 0.370000000000000 3.460000000000000
155 0.617111368909513 3.939686774941995
156 1.227176955372415 5.123931736899394
157 0.607061981149741 3.920179139878909
158 7.150000000000000 9.900000000000000
159 6.724565375309275 9.536767910688244
160 4.440225604550482 7.586420055870718
161 4.808586464449433 7.900923100513685
162 5.856611308696221 8.795716875475293
163 2.150325093440244 5.631324493135804
164 3.555802229848676 6.831307679997154
165 4.110285467535526 7.304720263798382
166 2.671890446381233 6.076632095917551
167 3.865033284267416 7.095326251730123
168 6.659734042169847 9.481415526978950
169 3.319430537262706 6.629495747518520
170 3.520000000000000 4.300000000000000
171 2.330000000000000 1.840000000000000
172 3.271603154464718 3.786507361330425
173 3.200321323210220 3.639151642938774
174 2.839614731286192 2.893489276440363
175 8.260000000000000 0.720000000000000
176 5.380000000000000 4.450000000000000
177 5.682800672437901 4.057831073543968
178 6.408289230943890 3.118222627978922
179 5.962608121492242 3.695441564872896
180 5.979726346594517 3.673271085834185
181 7.315432227773086 1.943346455002219
182 6.100441280467682 3.516928480505398
183 5.676920155642023 4.065447159533075
184 5.700189453207596 4.035310187338775
185 5.523561827128761 4.264067494725598
186 9.789999999999999 4.520000000000000
187 6.458892038070721 4.145161949082268
188 0.671472721700041 3.493923682059665
189 6.425260555201739 4.141377514704230
190 6.528678007475778 4.153014722709589
191 8.191070781520217 4.340078028493783
192 6.593044112776350 4.160257617785874
193 2.471734119557439 3.696500866956570
194 8.882901159611528 4.417927306707878
195 3.951902865163520 3.863059133447275
196 4.875665781099466 3.967006977491022
197 5.675501637237344 4.057009738372780
198 5.748967603866872 4.065276609352323
199 3.170833778964722 3.775168132240192
200 1.364406528189910 3.571897125252792
201 4.602904730984704 3.936314120471739
202 5.473521788341824 4.034281644972647
203 4.566334949805150 3.932199049553446
204 6.400000000000000 2.950000000000000
205 6.740000000000000 9.850000000000000
206 6.456070740980816 4.087906214022426
207 6.456400090563760 4.094590073205706
208 6.553446221548745 6.064055672606877
209 6.537511603289635 5.740676654995523
210 6.454203663987493 4.050015533863824
211 6.632695823068619 7.672356409333740
212 6.516686367057368 5.318046860870123
213 6.432382414224199 3.607172523961661
214 6.534862361450799 5.686912629442681
215 6.653733536061226 8.099298231830744
216 6.476994398456824 4.512533380447312
217 4.210000000000000 9.550000000000001
218 3.383134682869270 9.421009010527607
219 1.881221115635578 9.186710494039151
220 1.993835830064742 9.204278389490099
221 3.323964166995323 9.411778410051271
222 2.120059168054041 9.223969230216431
223 0.350000000000000 6.130000000000000
224 0.620228768926926 3.914124094799210
225 3.280000000000000 9.600000000000000
226 6.453547927645634 4.092284574846889
227 5.908120535864931 5.038877765654702
228 6.470464017359608 4.062926578567927
229 7.634536523604647 2.042670308671645
230 8.290913710648317 0.903522944200928
231 6.101584830256229 4.703119080823429
232 5.399993231079133 5.920736385192374
233 5.636919957418766 5.509548334769605
234 5.623591039428291 5.532680768528436
235 6.692346292195241 3.677848282748116
236 3.853494580332423 8.604696000075251
237 5.250416557677216 6.180327785770338
238 4.527449138584685 7.435042980499767
239 5.855832103422724 5.129624719059838
240 6.280836919104992 4.392025781698221
241 5.751488176123205 5.310714361003568
242 7.960000000000000 5.310000000000000
243 5.560000000000000 3.370000000000000
244 7.569542361304359 4.994380075387690
245 7.636902908378786 5.048829850939518
246 7.816979717061531 5.194391937958071
247 9.730000000000000 2.720000000000000
248 4.420000000000000 8.310000000000000
249 6.694425438023265 5.915642523813551
250 7.601362241164354 4.960882311090633
251 8.767559918104176 3.733190218040990
252 5.948806842844721 6.700578107061771
253 6.130372289912923 6.509438587455135
254 7.482592783188786 5.085914565343632
255 8.383412184645170 4.137594329158852
256 7.128215825361111 5.458978067086891
257 5.085520950640172 7.609385665898577
258 6.094209844152306 6.547507904178646
259 7.455959725989610 5.113952002206796
260 6.034508923236267 6.610356896254100
261 8.770000000000000 8.230000000000000
262 5.693068478829064 4.799085206481966
263 6.222000265957447 5.388867553191489
264 6.500970737501349 5.699931972789116
265 7.846329208039526 7.200066196575047
266 5.824991914772187 4.946185674878722
267 7.671111237116000 7.004690405987752
268 5.623075987995898 4.721040482190117
269 5.560000000000000 3.340000000000000
270 8.570000000000000 5.730000000000000
271 7.694647176957748 5.034952409610970
272 5.617454498962125 3.385620017448332
273 7.869862789937930 5.174077098987260
274 8.140000000000001 2.200000000000000
275 7.076075939676950 1.868844828906071
276 2.800000000000000 3.320000000000000
277 6.330000000000000 7.950000000000000
278 5.440000000000000 9.539999999999999
279 6.307053296804882 7.990994672000268
280 6.327293481499659 7.954835240916340
281 8.936561489217938 4.736488277540293
282 8.857385814923338 4.266452408312492
283 8.940962920691858 4.762617902417153
284 9.046880527618328 5.391410456213034
285 9.178386148820177 6.172109320108519
286 4.764193385070983 5.017290778075997
287 5.328559819413092 4.884713318284424
288 5.796188406781194 4.774860913062176
289 2.801598380263624 5.478331414981175
290 4.326391478029294 5.120136484687084
291 5.642650844882391 4.810929004111680
292 3.979505743557902 5.201624728345234
293 7.750000000000000 9.260000000000000
294 2.120000000000000 1.260000000000000
295 5.198751856352100 5.634780612933712
296 5.511971212403028 6.079852522064692
297 6.864606529580930 8.001892049138089
298 6.173660817104365 7.020086418620766
299 6.844764120638886 7.973696796644953
300 3.164442371244029 2.744109941376951
301 4.453525420759069 4.575844292375232
302 6.101363219627197 6.917354486148771
303 4.342030116200837 4.417414019468329
304 1.900000000000000 9.699999999999999
305 1.815981943573668 7.403506457680250
306 1.898031449775884 9.646192960540819
307 3.140000000000000 0.450000000000000
308 6.180000000000000 6.610000000000000
309 5.645712326499728 5.527364451065239
310 5.853602716016509 5.948616029822927
311 6.065817864923747 6.378630936819173
312 4.067262920863503 2.328927497539203
313 4.685663624511083 3.582002607561930
314 5.919466244833393 6.082076338215035
315 4.707638822246457 3.626531297709925
316 9.130000000000001 4.690000000000000
317 4.220000000000000 5.870000000000000
318 5.911944145253115 5.463382058778274
319 7.430643637287275 5.098399288798578
320 5.791060805894601 5.492433451943864
321 0.470000000000000 6.610000000000000
322 2.319835621736607 7.700546956074096
323 3.553754598851094 8.427988123668753
324 2.716266182759539 7.934257528266690
325 1.560000000000000 1.590000000000000
326 1.510000000000000 2.220000000000000
327 1.532028388774515 1.942442301441109
328 2.570000000000000 7.210000000000000
329 3.124832822570671 6.996863001085657
330 5.985034453434713 5.898127008741543
331 7.675416114372278 5.248773078015528
332 3.963262272638372 6.674783395266967
333 5.887561983722986 5.935570701374707
334 3.154953110867806 6.985292402532489
335 8.630000000000001 6.560000000000000
336 6.720000000000000 8.119999999999999
337 2.513775008810465 6.805967388937649
338 3.836128880677510 7.219073229599410
339 6.337220139720268 8.000418850556253
340 3.146478290833908 7.003625086147484
341 5.668589697006875 4.015897158820115
342 8.655208687327566 5.850699910625655
343 4.780000000000000 3.470000000000000
344 9.940000000000000 6.640000000000000
345 5.438772369961533 3.874710932708926
346 1.830000000000000 9.960000000000001
347 0.390000000000000 4.020000000000000
348 5.087995166314212 1.859520694217286
349 5.007944816061904 1.896333657836500
350 5.200000000000000 1.380000000000000
351 5.042419357664746 2.054642124997810
352 4.642196721311476 3.768095286885247
353 4.730000000000000 0.620000000000000
634
1 8
8 6
6 7
7 10
10 9
9 3
3 5
5 2
2 4
4 0
11 26
26 16
16 19
19 21
21 17
17 25
25 22
22 13
13 15
15 14
14 18
18 28
28 23
23 24
24 27
27 20
20 12
30 35
35 34
34 31
31 37
37 13
13 32
32 33
33 39
39 38
38 36
36 29
41 49
49 43
43 42
42 44
44 45
45 48
48 46
46 47
47 2
2 40
51 57
57 54
54 31
31 60
60 52
52 14
14 62
62 53
53 61
61 58
58 55
55 56
56 59
59 50
63 74
74 67
67 76
76 68
68 52
52 15
15 32
32 65
65 71
71 79
79 72
72 66
66 77
77 73
73 69
69 75
75 78
78 70
70 3
3 64
80 84
84 83
83 81
81 86
86 65
65 33
33 90
90 53
53 87
87 89
89 82
82 88
88 85
85 12
92 97
97 110
110 16
16 101
101 95
95 93
93 109
109 81
81 94
94 103
103 113
113 66
66 111
111 104
104 102
102 112
112 107
107 100
100 98
98 96
96 105
105 106
106 99
99 108
108 91
114 119
119 120
120 121
121 67
67 115
115 34
34 54
54 118
118 17
17 93
93 117
117 116
116 80
11 126
126 123
123 124
124 125
125 129
129 127
127 128
128 122
91 137
137 138
138 132
132 136
136 134
134 130
130 135
135 131
131 133
133 4
4 40
139 147
147 149
149 152
152 143
143 150
150 144
144 148
148 145
145 141
141 151
151 142
142 146
146 140
154 157
157 155
155 156
156 153
51 163
163 35
35 115
115 166
166 68
68 18
18 169
169 164
164 167
167 82
82 165
165 160
160 161
161 162
162 141
141 168
168 159
159 158
171 123
123 174
174 116
116 173
173 172
172 83
83 94
94 170
176 185
185 183
183 177
177 184
184 179
179 180
180 182
182 178
178 181
181 175
154 188
188 200
200 19
19 193
193 95
95 117
117 199
199 172
172 84
84 195
195 203
203 201
201 196
196 69
69 202
202 197
197 177
177 198
198 189
189 187
187 42
42 190
190 192
192 191
191 130
130 194
194 186
204 178
178 213
213 210
210 206
206 207
207 187
187 43
43 216
216 96
96 212
212 214
214 209
209 208
208 211
211 215
215 142
142 159
159 205
114 219
219 220
220 222
222 143
143 221
221 218
218 217
223 155
155 224
224 188
188 97
97 1
225 218
218 144
144 236
236 20
20 85
85 160
160 238
238 55
55 237
237 232
232 234
234 233
233 241
241 239
239 227
227 98
98 231
231 240
240 189
189 226
226 206
206 228
228 235
235 229
229 230
230 5
5 40
243 179
179 226
226 207
207 44
44 190
190 244
244 245
245 246
246 242
248 161
161 257
257 56
56 252
252 260
260 258
258 253
253 208
208 249
249 99
99 256
256 259
259 254
254 244
244 250
250 191
191 255
255 131
131 251
251 247
176 268
268 262
262 266
266 100
100 227
227 263
263 264
264 209
209 249
249 267
267 265
265 261
269 272
272 180
180 210
210 228
228 45
45 192
192 250
250 271
271 273
273 132
132 270
122 70
70 275
275 181
181 229
229 46
46 274
223 156
156 21
21 193
193 101
101 276
278 145
145 162
162 279
279 280
280 277
175 230
230 47
47 133
133 251
251 282
282 194
194 281
281 283
283 284
284 285
285 140
153 163
163 57
57 118
118 289
289 22
22 86
86 71
71 292
292 290
290 286
286 287
287 102
102 291
291 262
262 288
288 231
231 41
294 6
6 124
124 300
300 195
195 103
103 303
303 72
72 301
301 286
286 36
36 295
295 232
232 296
296 252
252 302
302 298
298 211
211 299
299 297
297 146
146 293
63 305
305 119
119 219
219 147
147 306
306 304
307 7
7 125
125 312
312 313
313 315
315 196
196 73
73 104
104 287
287 233
233 309
309 310
310 314
314 311
311 253
253 308
317 295
295 234
234 309
309 320
320 318
318 263
263 212
212 105
105 319
319 254
254 245
245 271
271 134
134 281
281 316
269 275
275 175
243 272
272 182
182 213
213 235
235 48
48 255
255 135
135 282
282 186
321 305
305 120
120 322
322 324
324 323
323 236
236 148
148 278
326 126
126 327
327 8
8 325
328 329
329 334
334 23
23 164
164 87
87 332
332 58
58 237
237 296
296 310
310 333
333 330
330 264
264 214
214 106
106 256
256 331
331 246
246 273
273 136
136 283
283 316
336 297
297 265
265 335
223 74
74 121
121 337
337 329
329 340
340 24
24 338
338 88
88 165
165 238
238 257
257 59
59 279
279 339
339 215
215 336
243 341
341 197
197 183
183 288
288 266
266 107
107 239
239 318
318 330
330 311
311 258
258 298
298 277
336 299
299 267
267 108
108 137
137 342
342 284
284 186
343 75
75 345
345 341
341 184
184 198
198 240
240 49
49 216
216 319
319 259
259 331
331 138
138 342
342 285
285 344
346 306
306 149
149 220
220 322
322 337
337 76
76 166
166 60
60 37
37 289
289 25
25 109
109 199
199 173
173 80
1 327
327 171
347 157
157 224
224 200
200 110
110 26
26 174
174 300
300 312
312 349
349 127
127 348
348 9
9 64
225 221
221 150
150 323
323 27
27 338
338 167
167 89
89 332
332 61
61 38
38 290
290 301
301 111
111 77
77 201
201 352
352 313
313 351
351 128
128 348
348 350
353 10
10 129
129 349
349 351
351 78
78 345
345 202
202 185
185 268
268 291
291 112
112 241
241 320
320 333
333 314
314 260
260 302
302 280
280 339
339 151
151 168
168 205
304 152
152 222
222 324
324 340
340 334
334 28
28 169
169 62
62 90
90 39
39 292
292 79
79 303
303 113
113 203
203 352
352 315
315 343
667
0 0.400000000000000 5.600000000000000
1 0.400000000000000 5.900000000000000
2 0.500000000000000 3.900000000000000
3 0.500000000000000 6.000000000000000
4 0.500000000000000 5.000000000000000
5 0.500000000000000 4.600000000000000
6 0.500000000000000 5.500000000000000
7 0.500000000000000 4.100000000000000
8 0.500000000000000 4.500000000000000
9 0.600000000000000 4.300000000000000
10 0.600000000000000 5.600000000000000
11 0.600000000000000 3.800000000000000
12 0.600000000000000 3.600000000000000
13 0.700000000000000 4.000000000000000
14 0.700000000000000 4.500000000000000
15 0.700000000000000 4.200000000000000
16 0.800000000000000 4.600000000000000
17 0.800000000000000 3.900000000000000
18 0.800000000000000 4.100000000000000
19 0.900000000000000 5.800000000000000
20 0.900000000000000 2.600000000000000
21 0.900000000000000 3.800000000000000
22 0.900000000000000 4.700000000000000
23 0.900000000000000 2.400000000000000
24 0.900000000000000 4.100000000000000
25 1.000000000000000 3.800000000000000
26 1.000000000000000 6.200000000000000
27 1.100000000000000 2.100000000000000
28 1.100000000000000 3.800000000000000
29 1.200000000000000 4.000000000000000
30 1.200000000000000 2.900000000000000
31 1.200000000000000 3.700000000000000
32 1.200000000000000 2.600000000000000
33 1.300000000000000 4.600000000000000
34 1.300000000000000 4.200000000000000
35 1.300000000000000 5.400000000000000
36 1.300000000000000 6.300000000000000
37 1.300000000000000 5.900000000000000
38 1.300000000000000 6.300000000000000
39 1.400000000000000 4.300000000000000
40 1.400000000000000 2.400000000000000
41 1.400000000000000 2.000000000000000
42 1.400000000000000 5.600000000000000
43 1.400000000000000 5.500000000000000
44 1.500000000000000 5.700000000000000
45 1.500000000000000 2.800000000000000
46 1.500000000000000 3.900000000000000
47 1.500000000000000 4.800000000000000
48 1.600000000000000 6.200000000000000
49 1.600000000000000 2.600000000000000
50 1.600000000000000 4.700000000000000
51 1.600000000000000 2.600000000000000
52 1.600000000000000 5.500000000000000
53 1.700000000000000 5.900000000000000
54 1.700000000000000 5.700000000000000
55 1.700000000000000 4.300000000000000
56 1.700000000000000 3.000000000000000
57 1.700000000000000 5.300000000000000
58 1.800000000000000 6.000000000000000
59 1.800000000000000 5.500000000000000
60 1.800000000000000 4.700000000000000
61 1.800000000000000 2.700000000000000
62 1.800000000000000 5.900000000000000
63 1.800000000000000 3.300000000000000
64 1.800000000000000 2.200000000000000
65 1.800000000000000 6.500000000000000
66 1.800000000000000 7.400000000000000
67 1.900000000000000 2.100000000000000
68 1.900000000000000 5.900000000000000
69 1.900000000000000 2.700000000000000
70 1.900000000000000 4.900000000000000
71 1.900000000000000 5.400000000000000
72 1.900000000000000 4.000000000000000
73 1.900000000000000 9.500000000000000
74 2.000000000000000 7.400000000000000
75 2.000000000000000 4.800000000000000
76 2.000000000000000 5.200000000000000
77 2.000000000000000 5.100000000000000
78 2.000000000000000 2.000000000000000
79 2.000000000000000 8.699999999999999
80 2.000000000000000 7.000000000000000
81 2.000000000000000 9.100000000000000
82 2.000000000000000 4.100000000000000
83 2.000000000000000 6.800000000000000
84 2.000000000000000 8.500000000000000
85 2.000000000000000 7.900000000000000
86 2.000000000000000 7.700000000000000
87 2.100000000000000 6.700000000000000
88 2.100000000000000 2.300000000000000
89 2.100000000000000 4.300000000000000
90 2.100000000000000 2.200000000000000
91 2.100000000000000 8.800000000000001
92 2.100000000000000 3.900000000000000
93 2.100000000000000 4.100000000000000
94 2.200000000000000 6.700000000000000
95 2.200000000000000 5.000000000000000
96 2.200000000000000 2.900000000000000
97 2.200000000000000 8.800000000000001
98 2.200000000000000 2.100000000000000
99 2.200000000000000 8.000000000000000
100 2.200000000000000 3.800000000000000
101 2.200000000000000 9.199999999999999
102 2.200000000000000 6.000000000000000
103 2.200000000000000 7.700000000000000
104 2.200000000000000 5.500000000000000
105 2.200000000000000 9.400000000000000
106 2.300000000000000 3.600000000000000
107 2.300000000000000 3.100000000000000
108 2.300000000000000 5.000000000000000
109 2.300000000000000 4.400000000000000
110 2.300000000000000 4.900000000000000
111 2.300000000000000 2.700000000000000
112 2.400000000000000 9.400000000000000
113 2.400000000000000 4.100000000000000
114 2.400000000000000 3.600000000000000
115 2.400000000000000 7.100000000000000
116 2.400000000000000 7.700000000000000
117 2.400000000000000 5.100000000000000
118 2.400000000000000 2.900000000000000
119 2.500000000000000 7.000000000000000
120 2.500000000000000 8.400000000000000
121 2.500000000000000 7.700000000000000
122 2.500000000000000 9.199999999999999
123 2.500000000000000 8.199999999999999
124 2.500000000000000 6.200000000000000
125 2.600000000000000 5.100000000000000
126 2.600000000000000 8.199999999999999
127 2.600000000000000 1.800000000000000
128 2.600000000000000 6.400000000000000
129 2.600000000000000 3.400000000000000
130 2.600000000000000 3.700000000000000
131 2.600000000000000 7.700000000000000
132 2.600000000000000 8.000000000000000
133 2.700000000000000 6.800000000000000
134 2.700000000000000 2.700000000000000
135 2.700000000000000 2.600000000000000
136 2.700000000000000 9.100000000000000
137 2.700000000000000 4.500000000000000
138 2.700000000000000 7.300000000000000
139 2.700000000000000 4.800000000000000
140 2.700000000000000 2.800000000000000
141 2.700000000000000 3.400000000000000
142 2.800000000000000 4.500000000000000
143 2.800000000000000 4.000000000000000
144 2.800000000000000 1.900000000000000
145 2.800000000000000 8.199999999999999
146 2.800000000000000 6.000000000000000
147 2.900000000000000 6.200000000000000
148 2.900000000000000 8.300000000000001
149 2.900000000000000 6.300000000000000
150 2.900000000000000 9.400000000000000
151 2.900000000000000 4.000000000000000
152 2.900000000000000 6.500000000000000
153 2.900000000000000 8.500000000000000
154 2.900000000000000 5.600000000000000
155 3.000000000000000 2.400000000000000
156 3.000000000000000 7.200000000000000
157 3.000000000000000 5.500000000000000
158 3.000000000000000 9.100000000000000
159 3.000000000000000 6.100000000000000
160 3.000000000000000 5.700000000000000
161 3.000000000000000 5.800000000000000
162 3.100000000000000 4.700000000000000
163 3.100000000000000 6.500000000000000
164 3.100000000000000 8.800000000000001
165 3.100000000000000 2.900000000000000
166 3.100000000000000 1.700000000000000
167 3.200000000000000 8.699999999999999
168 3.200000000000000 4.100000000000000
169 3.200000000000000 9.000000000000000
170 3.200000000000000 7.100000000000000
171 3.200000000000000 3.000000000000000
172 3.200000000000000 2.300000000000000
173 3.200000000000000 5.500000000000000
174 3.200000000000000 6.300000000000000
175 3.300000000000000 2.200000000000000
176 3.300000000000000 9.300000000000001
177 3.300000000000000 5.100000000000000
178 3.300000000000000 3.100000000000000
179 3.300000000000000 5.500000000000000
180 3.300000000000000 8.800000000000001
181 3.400000000000000 6.000000000000000
182 3.400000000000000 3.000000000000000
183 3.400000000000000 5.800000000000000
184 3.400000000000000 7.900000000000000
185 3.500000000000000 8.000000000000000
186 3.500000000000000 3.400000000000000
187 3.500000000000000 2.000000000000000
188 3.500000000000000 7.800000000000000
189 3.500000000000000 3.800000000000000
190 3.500000000000000 5.600000000000000
191 3.500000000000000 3.300000000000000
192 3.600000000000000 8.600000000000000
193 3.600000000000000 7.000000000000000
194 3.600000000000000 5.900000000000000
195 3.600000000000000 7.200000000000000
196 3.600000000000000 3.900000000000000
197 3.600000000000000 2.700000000000000
198 3.600000000000000 8.000000000000000
199 3.600000000000000 8.600000000000000
200 3.600000000000000 2.800000000000000
201 3.600000000000000 7.800000000000000
202 3.700000000000000 4.400000000000000
203 3.700000000000000 8.199999999999999
204 3.700000000000000 2.500000000000000
205 3.700000000000000 8.300000000000001
206 3.700000000000000 9.100000000000000
207 3.700000000000000 1.600000000000000
208 3.700000000000000 5.500000000000000
209 3.700000000000000 5.200000000000000
210 3.700000000000000 5.600000000000000
211 3.700000000000000 6.300000000000000
212 3.800000000000000 4.800000000000000
213 3.800000000000000 5.100000000000000
214 3.800000000000000 2.900000000000000
215 3.800000000000000 5.300000000000000
216 3.800000000000000 5.100000000000000
217 3.800000000000000 3.700000000000000
218 3.800000000000000 8.400000000000000
219 3.800000000000000 5.800000000000000
220 3.800000000000000 9.300000000000001
221 3.800000000000000 7.800000000000000
222 3.800000000000000 4.700000000000000
223 3.800000000000000 3.200000000000000
224 3.800000000000000 2.500000000000000
225 3.800000000000000 3.100000000000000
226 3.800000000000000 7.900000000000000
227 3.800000000000000 2.200000000000000
228 3.900000000000000 3.800000000000000
229 3.900000000000000 7.200000000000000
230 3.900000000000000 3.100000000000000
231 3.900000000000000 6.000000000000000
232 3.900000000000000 9.100000000000000
233 3.900000000000000 6.800000000000000
234 3.900000000000000 3.900000000000000
235 3.900000000000000 6.100000000000000
236 3.900000000000000 4.600000000000000
237 4.000000000000000 4.300000000000000
238 4.000000000000000 6.100000000000000
239 4.000000000000000 8.000000000000000
240 4.000000000000000 6.400000000000000
241 4.000000000000000 4.100000000000000
242 4.100000000000000 6.500000000000000
243 4.100000000000000 2.100000000000000
244 4.100000000000000 5.200000000000000
245 4.100000000000000 5.300000000000000
246 4.100000000000000 4.800000000000000
247 4.100000000000000 6.700000000000000
248 4.100000000000000 1.600000000000000
249 4.100000000000000 4.300000000000000
250 4.100000000000000 2.600000000000000
251 4.100000000000000 4.100000000000000
252 4.100000000000000 1.500000000000000
253 4.100000000000000 9.000000000000000
254 4.100000000000000 6.500000000000000
255 4.100000000000000 5.400000000000000
256 4.100000000000000 4.900000000000000
257 4.100000000000000 4.500000000000000
258 4.100000000000000 7.500000000000000
259 4.200000000000000 7.600000000000000
260 4.200000000000000 5.400000000000000
261 4.200000000000000 6.300000000000000
262 4.200000000000000 3.500000000000000
263 4.200000000000000 4.800000000000000
264 4.300000000000000 1.600000000000000
265 4.300000000000000 1.700000000000000
266 4.300000000000000 7.400000000000000
267 4.300000000000000 5.000000000000000
268 4.300000000000000 2.500000000000000
269 4.300000000000000 7.000000000000000
270 4.300000000000000 6.600000000000000
271 4.400000000000000 2.000000000000000
272 4.400000000000000 5.900000000000000
273 4.400000000000000 3.200000000000000
274 4.400000000000000 2.600000000000000
275 4.400000000000000 8.500000000000000
276 4.400000000000000 2.300000000000000
277 4.400000000000000 5.500000000000000
278 4.400000000000000 6.200000000000000
279 4.400000000000000 8.300000000000001
280 4.400000000000000 3.500000000000000
281 4.400000000000000 4.200000000000000
282 4.400000000000000 1.800000000000000
283 4.400000000000000 2.900000000000000
284 4.400000000000000 3.800000000000000
285 4.500000000000000 8.199999999999999
286 4.500000000000000 2.400000000000000
287 4.500000000000000 4.600000000000000
288 4.500000000000000 5.000000000000000
289 4.500000000000000 2.500000000000000
290 4.500000000000000 5.400000000000000
291 4.500000000000000 3.700000000000000
292 4.500000000000000 6.100000000000000
293 4.600000000000000 4.600000000000000
294 4.600000000000000 5.900000000000000
295 4.600000000000000 1.500000000000000
296 4.600000000000000 6.800000000000000
297 4.600000000000000 7.800000000000000
298 4.600000000000000 6.800000000000000
299 4.600000000000000 4.400000000000000
300 4.600000000000000 7.400000000000000
301 4.600000000000000 7.600000000000000
302 4.700000000000000 5.200000000000000
303 4.700000000000000 7.200000000000000
304 4.700000000000000 1.800000000000000
305 4.700000000000000 2.900000000000000
306 4.700000000000000 2.800000000000000
307 4.700000000000000 7.800000000000000
308 4.700000000000000 4.800000000000000
309 4.700000000000000 1.800000000000000
310 4.700000000000000 6.600000000000000
311 4.700000000000000 4.700000000000000
312 4.700000000000000 2.900000000000000
313 4.800000000000000 7.400000000000000
314 4.800000000000000 7.500000000000000
315 4.800000000000000 7.300000000000000
316 4.800000000000000 2.400000000000000
317 4.800000000000000 1.600000000000000
318 4.800000000000000 5.600000000000000
319 4.800000000000000 4.300000000000000
320 4.800000000000000 6.900000000000000
321 4.900000000000000 7.600000000000000
322 4.900000000000000 4.000000000000000
323 4.900000000000000 8.300000000000001
324 4.900000000000000 8.900000000000000
325 4.900000000000000 3.600000000000000
326 4.900000000000000 4.300000000000000
327 4.900000000000000 4.800000000000000
328 4.900000000000000 4.200000000000000
329 5.000000000000000 4.700000000000000
330 5.000000000000000 9.199999999999999
331 5.000000000000000 4.400000000000000
332 5.000000000000000 3.900000000000000
333 5.000000000000000 8.600000000000000
334 5.000000000000000 2.100000000000000
335 5.000000000000000 2.900000000000000
336 5.100000000000000 8.000000000000000
337 5.100000000000000 8.400000000000000
338 5.100000000000000 6.200000000000000
339 5.100000000000000 3.400000000000000
340 5.100000000000000 6.800000000000000
341 5.100000000000000 7.200000000000000
342 5.100000000000000 7.500000000000000
343 5.200000000000000 7.000000000000000
344 5.200000000000000 9.000000000000000
345 5.200000000000000 1.800000000000000
346 5.200000000000000 2.400000000000000
347 5.200000000000000 4.000000000000000
348 5.200000000000000 5.700000000000000
349 5.300000000000000 7.300000000000000
350 5.300000000000000 7.900000000000000
351 5.300000000000000 6.100000000000000
352 5.300000000000000 4.500000000000000
353 5.300000000000000 8.100000000000000
354 5.300000000000000 8.699999999999999
355 5.300000000000000 5.000000000000000
356 5.400000000000000 1.900000000000000
357 5.400000000000000 9.000000000000000
358 5.400000000000000 8.500000000000000
359 5.400000000000000 6.700000000000000
360 5.400000000000000 7.500000000000000
361 5.500000000000000 2.400000000000000
362 5.500000000000000 2.700000000000000
363 5.500000000000000 6.500000000000000
364 5.500000000000000 1.500000000000000
365 5.500000000000000 4.200000000000000
366 5.600000000000000 3.300000000000000
367 5.600000000000000 2.700000000000000
368 5.600000000000000 3.300000000000000
369 5.600000000000000 7.000000000000000
370 5.600000000000000 9.199999999999999
371 5.600000000000000 6.700000000000000
372 5.600000000000000 1.800000000000000
373 5.600000000000000 4.500000000000000
374 5.600000000000000 3.200000000000000
375 5.700000000000000 8.000000000000000
376 5.700000000000000 8.199999999999999
377 5.700000000000000 6.500000000000000
378 5.700000000000000 5.300000000000000
379 5.700000000000000 3.700000000000000
380 5.700000000000000 4.000000000000000
381 5.700000000000000 5.200000000000000
382 5.700000000000000 2.600000000000000
383 5.700000000000000 8.600000000000000
384 5.700000000000000 3.600000000000000
385 5.700000000000000 6.500000000000000
386 5.800000000000000 2.900000000000000
387 5.800000000000000 2.700000000000000
388 5.800000000000000 9.300000000000001
389 5.800000000000000 7.000000000000000
390 5.800000000000000 4.600000000000000
391 5.800000000000000 5.600000000000000
392 5.800000000000000 6.500000000000000
393 5.800000000000000 3.200000000000000
394 5.900000000000000 1.700000000000000
395 5.900000000000000 6.100000000000000
396 5.900000000000000 8.400000000000000
397 5.900000000000000 7.000000000000000
398 6.000000000000000 4.800000000000000
399 6.000000000000000 2.100000000000000
400 6.000000000000000 5.700000000000000
401 6.000000000000000 9.000000000000000
402 6.000000000000000 6.000000000000000
403 6.000000000000000 4.100000000000000
404 6.000000000000000 7.900000000000000
405 6.000000000000000 7.900000000000000
406 6.000000000000000 3.600000000000000
407 6.000000000000000 8.900000000000000
408 6.000000000000000 2.800000000000000
409 6.000000000000000 8.400000000000000
410 6.000000000000000 4.500000000000000
411 6.000000000000000 9.199999999999999
412 6.100000000000000 8.800000000000001
413 6.100000000000000 3.600000000000000
414 6.100000000000000 4.700000000000000
415 6.100000000000000 3.600000000000000
416 6.100000000000000 8.900000000000000
417 6.100000000000000 5.200000000000000
418 6.100000000000000 7.500000000000000
419 6.100000000000000 4.900000000000000
420 6.200000000000000 1.800000000000000
421 6.200000000000000 1.700000000000000
422 6.200000000000000 5.000000000000000
423 6.200000000000000 3.900000000000000
424 6.200000000000000 4.900000000000000
425 6.200000000000000 7.900000000000000
426 6.300000000000000 6.500000000000000
427 6.300000000000000 4.100000000000000
428 6.300000000000000 1.400000000000000
429 6.300000000000000 6.600000000000000
430 6.300000000000000 5.600000000000000
431 6.300000000000000 1.900000000000000
432 6.300000000000000 6.600000000000000
433 6.400000000000000 5.500000000000000
434 6.400000000000000 1.500000000000000
435 6.400000000000000 2.900000000000000
436 6.400000000000000 8.900000000000000
437 6.500000000000000 5.700000000000000
438 6.500000000000000 4.500000000000000
439 6.500000000000000 8.199999999999999
440 6.500000000000000 5.600000000000000
441 6.500000000000000 4.900000000000000
442 6.500000000000000 6.800000000000000
443 6.500000000000000 4.900000000000000
444 6.500000000000000 8.800000000000001
445 6.500000000000000 8.100000000000000
446 6.500000000000000 6.800000000000000
447 6.500000000000000 5.300000000000000
448 6.600000000000000 2.700000000000000
449 6.600000000000000 6.900000000000000
450 6.600000000000000 8.699999999999999
451 6.600000000000000 7.200000000000000
452 6.600000000000000 4.600000000000000
453 6.600000000000000 2.500000000000000
454 6.700000000000000 2.600000000000000
455 6.700000000000000 9.199999999999999
456 6.700000000000000 8.500000000000000
457 6.700000000000000 6.000000000000000
458 6.700000000000000 5.300000000000000
459 6.700000000000000 7.300000000000000
460 6.700000000000000 3.100000000000000
461 6.700000000000000 3.800000000000000
462 6.700000000000000 8.500000000000000
463 6.800000000000000 7.500000000000000
464 6.800000000000000 1.600000000000000
465 6.800000000000000 5.700000000000000
466 6.800000000000000 3.700000000000000
467 6.800000000000000 2.600000000000000
468 6.800000000000000 6.900000000000000
469 6.800000000000000 4.200000000000000
470 6.900000000000000 6.800000000000000
471 6.900000000000000 8.800000000000001
472 6.900000000000000 8.400000000000000
473 6.900000000000000 8.400000000000000
474 6.900000000000000 9.100000000000000
475 6.900000000000000 5.400000000000000
476 6.900000000000000 2.500000000000000
477 6.900000000000000 4.100000000000000
478 7.000000000000000 4.100000000000000
479 7.000000000000000 6.300000000000000
480 7.000000000000000 5.400000000000000
481 7.000000000000000 6.200000000000000
482 7.000000000000000 3.900000000000000
483 7.100000000000000 6.400000000000000
484 7.100000000000000 7.100000000000000
485 7.100000000000000 8.300000000000001
486 7.100000000000000 7.600000000000000
487 7.100000000000000 2.900000000000000
488 7.100000000000000 3.500000000000000
489 7.100000000000000 8.300000000000001
490 7.200000000000000 1.400000000000000
491 7.200000000000000 9.199999999999999
492 7.200000000000000 4.200000000000000
493 7.200000000000000 1.100000000000000
494 7.200000000000000 4.300000000000000
495 7.200000000000000 9.199999999999999
496 7.200000000000000 4.300000000000000
497 7.200000000000000 8.199999999999999
498 7.200000000000000 4.700000000000000
499 7.200000000000000 7.100000000000000
500 7.300000000000000 2.800000000000000
501 7.300000000000000 2.000000000000000
502 7.300000000000000 6.000000000000000
503 7.300000000000000 5.000000000000000
504 7.300000000000000 1.300000000000000
505 7.300000000000000 1.200000000000000
506 7.300000000000000 4.200000000000000
507 7.300000000000000 7.200000000000000
508 7.300000000000000 1.400000000000000
509 7.300000000000000 7.100000000000000
510 7.400000000000000 2.600000000000000
511 7.400000000000000 8.800000000000001
512 7.400000000000000 6.200000000000000
513 7.400000000000000 3.900000000000000
514 7.400000000000000 2.100000000000000
515 7.400000000000000 6.300000000000000
516 7.400000000000000 5.100000000000000
517 7.500000000000000 0.900000000000000
518 7.500000000000000 6.400000000000000
519 7.500000000000000 8.800000000000001
520 7.500000000000000 2.600000000000000
521 7.500000000000000 8.800000000000001
522 7.500000000000000 9.199999999999999
523 7.500000000000000 6.800000000000000
524 7.500000000000000 8.600000000000000
525 7.500000000000000 8.500000000000000
526 7.600000000000000 6.500000000000000
527 7.600000000000000 4.800000000000000
528 7.600000000000000 9.199999999999999
529 7.600000000000000 1.900000000000000
530 7.600000000000000 6.000000000000000
531 7.600000000000000 3.400000000000000
532 7.700000000000000 7.400000000000000
533 7.700000000000000 8.800000000000001
534 7.700000000000000 4.500000000000000
535 7.700000000000000 2.200000000000000
536 7.700000000000000 7.600000000000000
537 7.700000000000000 1.600000000000000
538 7.700000000000000 4.700000000000000
539 7.700000000000000 5.700000000000000
540 7.800000000000000 6.200000000000000
541 7.800000000000000 3.300000000000000
542 7.800000000000000 6.100000000000000
543 7.800000000000000 1.100000000000000
544 7.800000000000000 5.300000000000000
545 7.800000000000000 8.100000000000000
546 7.900000000000000 8.100000000000000
547 7.900000000000000 5.500000000000000
548 7.900000000000000 5.700000000000000
549 7.900000000000000 2.700000000000000
550 7.900000000000000 2.900000000000000
551 7.900000000000000 4.400000000000000
552 7.900000000000000 7.200000000000000
553 7.900000000000000 3.400000000000000
554 7.900000000000000 3.500000000000000
555 7.900000000000000 6.800000000000000
556 7.900000000000000 8.900000000000000
557 8.000000000000000 6.900000000000000
558 8.000000000000000 5.300000000000000
559 8.000000000000000 0.700000000000000
560 8.000000000000000 8.699999999999999
561 8.000000000000000 3.100000000000000
562 8.000000000000000 1.400000000000000
563 8.100000000000000 6.400000000000000
564 8.100000000000000 7.300000000000000
565 8.100000000000000 5.400000000000000
566 8.100000000000000 6.700000000000000
567 8.100000000000000 7.000000000000000
568 8.100000000000000 7.500000000000000
569 8.100000000000000 7.300000000000000
570 8.100000000000000 7.200000000000000
571 8.100000000000000 3.000000000000000
572 8.100000000000000 3.600000000000000
573 8.100000000000000 8.800000000000001
574 8.199999999999999 2.700000000000000
575 8.199999999999999 3.100000000000000
576 8.199999999999999 1.900000000000000
577 8.199999999999999 6.600000000000000
578 8.199999999999999 7.300000000000000
579 8.199999999999999 5.000000000000000
580 8.199999999999999 8.800000000000001
581 8.199999999999999 8.900000000000000
582 8.199999999999999 4.100000000000000
583 8.199999999999999 2.500000000000000
584 8.300000000000001 6.200000000000000
585 8.300000000000001 3.000000000000000
586 8.300000000000001 3.100000000000000
587 8.300000000000001 9.199999999999999
588 8.400000000000000 4.500000000000000
589 8.400000000000000 5.800000000000000
590 8.400000000000000 4.100000000000000
591 8.400000000000000 0.900000000000000
592 8.400000000000000 5.700000000000000
593 8.400000000000000 1.200000000000000
594 8.500000000000000 1.400000000000000
595 8.500000000000000 6.400000000000000
596 8.500000000000000 4.600000000000000
597 8.500000000000000 3.300000000000000
598 8.500000000000000 0.900000000000000
599 8.500000000000000 6.000000000000000
600 8.500000000000000 4.100000000000000
601 8.500000000000000 0.900000000000000
602 8.500000000000000 2.800000000000000
603 8.600000000000000 7.600000000000000
604 8.600000000000000 6.600000000000000
605 8.600000000000000 1.500000000000000
606 8.600000000000000 0.400000000000000
607 8.600000000000000 8.900000000000000
608 8.600000000000000 5.700000000000000
609 8.600000000000000 0.900000000000000
610 8.699999999999999 7.100000000000000
611 8.699999999999999 8.000000000000000
612 8.699999999999999 1.700000000000000
613 8.699999999999999 1.900000000000000
614 8.800000000000001 0.200000000000000
615 8.800000000000001 0.200000000000000
616 8.800000000000001 7.500000000000000
617 8.800000000000001 0.900000000000000
618 8.800000000000001 3.400000000000000
619 8.800000000000001 1.500000000000000
620 8.800000000000001 5.600000000000000
621 8.900000000000000 8.400000000000000
622 8.900000000000000 8.199999999999999
623 9.000000000000000 4.700000000000000
624 9.000000000000000 8.199999999999999
625 9.000000000000000 9.000000000000000
626 9.000000000000000 8.600000000000000
627 9.000000000000000 4.500000000000000
628 9.000000000000000 5.000000000000000
629 9.100000000000000 7.400000000000000
630 9.100000000000000 7.600000000000000
631 9.100000000000000 7.800000000000000
632 9.100000000000000 8.199999999999999
633 9.100000000000000 8.400000000000000
634 9.100000000000000 5.100000000000000
635 9.100000000000000 5.800000000000000
636 9.199999999999999 7.600000000000000
637 9.199999999999999 8.199999999999999
638 9.199999999999999 5.700000000000000
639 9.199999999999999 7.900000000000000
640 9.199999999999999 5.600000000000000
641 9.300000000000001 5.000000000000000
642 9.300000000000001 5.600000000000000
643 9.300000000000001 5.400000000000000
644 9.300000000000001 4.700000000000000
645 9.300000000000001 4.900000000000000
646 9.400000000000000 6.400000000000000
647 9.400000000000000 6.500000000000000
648 9.400000000000000 6.000000000000000
649 9.400000000000000 6.200000000000000
650 9.400000000000000 6.100000000000000
651 9.500000000000000 8.000000000000000
652 9.500000000000000 6.700000000000000
653 9.500000000000000 7.900000000000000
654 9.500000000000000 5.100000000000000
655 9.500000000000000 8.300000000000001
656 9.500000000000000 4.600000000000000
657 9.500000000000000 4.600000000000000
658 9.500000000000000 5.900000000000000
659 9.500000000000000 5.800000000000000
660 9.500000000000000 9.000000000000000
661 9.500000000000000 8.000000000000000
662 9.600000000000000 6.400000000000000
663 9.600000000000000 8.400000000000000
664 9.600000000000000 6.100000000000000
665 9.600000000000000 8.199999999999999
666 9.699999999999999 4.600000000000000
