321
0 5.400000000000000 4.090000000000000
1 1.510000000000000 0.060000000000000
2 2.499714215977588 1.085333750742848
3 5.012787685513955 3.688852023810087
4 4.545964461070845 3.205227963525836
5 4.386862334666745 3.040399796582772
6 4.574971159154510 3.235278604471124
7 4.291630090513662 2.941740170892046
8 2.668595481600842 1.260293005360255
9 5.039671326743347 3.716703199685267
10 3.540847970704466 2.163937614894343
11 5.009924077418176 3.685885355268701
12 5.372369557154823 4.061375145330060
13 2.480000000000000 6.490000000000000
14 7.360000000000000 4.140000000000000
15 3.458181425465678 6.018949518474520
16 4.089129438467078 5.715111848279173
17 4.115623896103896 5.702353246753247
18 2.708386537628196 6.380018777986423
19 3.478063492978865 6.009375162192555
20 6.049156519019716 4.771246348422883
21 4.544662445562608 5.495746568222924
22 2.867195622435021 6.303543091655267
23 5.783160237655043 4.899338819981691
24 3.292022362168867 6.098964641168681
25 4.926096667055480 5.312064105004021
26 4.280603474648590 5.622906113642585
27 2.860685466228563 6.306678105402229
28 4.764451925099937 5.389905322953924
29 2.010000000000000 5.320000000000000
30 1.480000000000000 6.400000000000000
31 1.505932293044169 6.347156836815657
32 1.669707520891365 6.013426183844011
33 1.370000000000000 1.110000000000000
34 5.950000000000000 1.010000000000000
35 2.287107976202197 1.089975808379865
36 2.410000000000000 7.590000000000000
37 6.700000000000000 1.160000000000000
38 2.859947918430948 6.915602537176925
39 5.227912412681355 3.366415661179229
40 3.782982018939539 5.532127183733978
41 2.721982978491251 7.122389148788172
42 6.349128577080311 1.685898193327179
43 3.719699705761977 5.626976897890557
44 3.120288041466124 6.525395779340985
45 5.590200110793235 2.823406360745804
46 3.172312020214707 6.447420445225974
47 3.473067794528959 5.996637314960093
48 5.598402848330501 2.811111814740066
49 5.323050362991356 3.223819619106196
50 4.072922887462417 5.097553807369851
51 2.908660771704180 6.842590032154341
52 2.938789524425075 6.797432018169411
53 5.723212095580461 2.624043409188261
54 4.984176977552710 3.731734739938478
55 3.370239178352014 6.150760392353508
56 3.876254608766899 5.392327008305092
57 3.285364401038727 6.277973636671559
58 5.019120507095009 3.679360172349440
59 4.427276884635331 4.566435811607185
60 2.580000000000000 6.970000000000000
61 6.800000000000000 6.150000000000000
62 5.303306279661600 6.440826741866704
63 6.635175785107643 6.182027454078610
64 3.740876209882832 6.744426897605705
65 6.240512111851735 6.258715655990896
66 3.764542314335060 6.739828270674230
67 6.384769770963242 6.230684546874441
68 5.596749035082045 6.383807059533821
69 2.913477011494253 6.905201149425287
70 3.172403479677635 6.854888423380175
71 4.147437496530155 6.665426837167126
72 3.976676070562148 6.698607967331526
73 4.184045331377717 6.658313466414756
74 5.697997004867092 6.364133283414452
75 1.590000000000000 6.770000000000000
76 2.870000000000000 9.529999999999999
77 2.188236407898296 8.059947254530702
78 2.174026126714566 8.029306335728283
79 8.840000000000000 2.380000000000000
80 9.020000000000000 7.260000000000000
81 8.850216659495304 2.656984990761600
82 8.908472524994362 4.236366233180486
83 8.907280828370657 4.204058013604501
84 8.851223544297326 2.684282756505291
85 8.930613518657871 4.836633172502324
86 9.730000000000000 1.100000000000000
87 8.210000000000001 3.790000000000000
88 8.235140615835121 3.745507725923372
89 8.831822479971798 2.689537847944647
90 8.253279332351497 3.713406971035838
91 3.170000000000000 2.880000000000000
92 9.770000000000000 4.440000000000000
93 4.324663420735248 3.152920444901059
94 3.233784461152882 2.895076327181590
95 4.611096442608082 3.220622795525547
96 5.754735977766549 3.490937594744821
97 6.337181885587178 3.628606627502424
98 7.801982094006465 3.974832131310619
99 5.817979113745413 3.505885972339825
100 6.114815070860699 3.576047198567074
101 5.402137834036568 3.407596215317734
102 7.483971806031660 3.899666063243847
103 5.645237189791038 3.465056063041518
104 0.450000000000000 3.540000000000000
105 6.540000000000000 7.180000000000000
106 4.045422722388736 5.688988293841543
107 3.201582749352021 5.184624172026496
108 5.114488223378481 6.327969972594034
109 3.140216554110622 5.147945526594854
110 5.900397392114250 6.797708786091276
111 2.760861909175162 4.921204819277109
112 6.530313468085759 7.174210348740913
113 4.487197255068951 5.953037439811327
114 4.853507201245621 6.171981315687038
115 3.036609802698277 5.086019652187476
116 4.502566668463903 5.962223755863482
117 5.405909359140801 6.502152720405996
118 0.130000000000000 5.470000000000000
119 4.930000000000000 8.529999999999999
120 4.818873109796187 8.459156607495069
121 4.312161777006722 8.136128132841785
122 2.940920121334682 7.261961577350859
123 4.185427713856929 8.055335167583792
124 3.393406195942759 7.550421449913508
125 4.787140141313646 8.438926840087449
126 1.578391556825515 6.393349617476265
127 3.689464927797625 7.739158891470986
128 3.305745576042570 7.494537804727138
129 4.470000000000000 2.890000000000000
130 8.590000000000000 0.250000000000000
131 5.469294585969555 2.249675313844751
132 5.229230665625084 2.403502680279073
133 6.505083780545846 1.585965732854118
134 2.580000000000000 5.410000000000000
135 7.570000000000000 6.360000000000000
136 3.029676798710620 5.495609811377774
137 6.843267606654824 6.221644133531480
138 3.296490055028440 5.546405922300004
139 6.361603545993820 6.129944562864555
140 4.985661850255143 5.867991735018514
141 2.801708385481852 5.452209011264080
142 6.514178771995507 6.158991950580307
143 6.867755115675926 6.226306084146719
144 4.596201810628095 5.793846036091521
145 4.572431984652948 5.789320718521102
146 6.129419327912110 6.085741154612526
147 4.580943314363239 5.790941111952922
148 6.241853033021062 6.107146369012026
149 3.870000000000000 8.730000000000000
150 4.477110491517006 8.556708267469903
151 6.769211761325543 7.902458002107078
152 6.214724233203931 8.060729199454412
153 4.719466526874093 8.487530913688365
154 2.568154224774405 6.330525020508613
155 4.193615337564034 3.389992354155516
156 3.174100326736676 5.234341117461289
157 4.421730903888489 2.977320977890172
158 3.511616845232414 4.623758470936336
159 2.832487275195113 5.852334577536478
160 3.832227790010907 4.043758771839565
161 2.855826634566994 5.810112620883830
162 3.275986106020143 5.050025134837933
163 2.570493901249756 6.326292439950190
164 3.397723145520876 4.829797324685853
165 3.860000000000000 2.750000000000000
166 2.287935901537534 3.114202533074882
167 3.714114553034710 2.783797508241225
168 1.844852945595665 3.216852250140594
169 0.576555851063830 3.510680609284333
170 2.477870576686352 3.070200071676769
171 6.080000000000000 7.570000000000000
172 2.939864209505335 6.461716779825412
173 3.770437817258883 6.754860406091371
174 2.877674418604651 6.439767441860465
175 4.866857506361322 7.141832061068702
176 3.905513698630137 6.802534246575343
177 6.024338554444234 7.550354783921494
178 2.558465454545455 6.327105454545455
179 4.088499425183034 6.867117444182247
180 4.400501174628034 6.977235708692247
181 8.310000000000000 1.720000000000000
182 2.690000000000000 4.000000000000000
183 5.600288890504767 2.819313403852159
184 4.893072951420414 3.106226631808088
185 8.090605737767293 1.809006924891561
186 2.745820471198083 3.977353972538856
187 5.893840373398506 2.700221343176407
188 7.073719680049861 2.221551446527814
189 7.698108079646161 1.968240850250312
190 6.018324588195370 2.649718850340669
191 3.142701819644113 3.816341610535840
192 6.870000000000000 6.220000000000000
193 3.638614141781634 6.418741271462178
194 6.389114089562106 6.249576126610076
195 5.502338729802851 6.304115841219414
196 2.879647715381933 6.465420299965120
197 3.763333859676825 6.411070582662245
198 4.191600028651242 6.384730749946279
199 4.312639553964974 6.377286405564797
200 5.873293544457979 6.281300852618758
201 4.800000000000000 9.380000000000001
202 3.877699864894167 7.028353210014512
203 3.590795153001243 6.296814181586107
204 3.831517488285690 6.910599093354035
205 4.509205559736266 8.638543085962613
206 3.051637942974732 4.922091058390550
207 3.575709340823147 6.258348935368973
208 3.098662069009988 5.041991436622625
209 3.940937905874913 7.189595229197645
210 3.942525029725491 7.193642018920922
211 2.050000000000000 2.590000000000000
212 2.638666509749959 3.886905904292878
213 2.113618509186997 2.730159528052602
214 0.050000000000000 1.470000000000000
215 0.190000000000000 1.820000000000000
216 5.290000000000000 1.470000000000000
217 7.040000000000000 9.080000000000000
218 5.718158135096050 3.331876233189107
219 5.976588921282799 4.455680966264057
220 5.536182712929852 2.540543111654957
221 6.573710128098124 7.052305185615270
222 5.761680286752316 3.521135418391498
223 5.859913255695210 3.948308500480310
224 6.348040419624957 6.070964339054813
225 5.688797878815964 3.204201061593994
226 5.714151363891693 3.314452502409017
227 6.345137673231218 6.058341539022612
228 6.386823095838953 3.514747026210653
229 7.839076543763309 3.911918637229631
230 6.087492042784754 3.432884045103972
231 6.193072704995886 3.461758923495744
232 2.686682804089562 2.502808867089212
233 5.567085764335260 3.290559989828641
234 7.493103721682136 3.817299765219958
235 5.707510928937523 3.328964366786671
236 8.340000000000000 2.110000000000000
237 7.760000000000000 1.410000000000000
238 5.880000000000000 6.710000000000000
239 6.068118879682257 7.518911182633705
240 6.530966787498776 7.172375115117076
241 4.706679057967239 5.632503897748724
242 1.538551365969883 2.958304775054893
243 5.309301005577227 6.141173762188021
244 3.592219982199687 4.691795134581153
245 4.668275353801595 5.600087542736464
246 3.804867241711642 4.871289514263685
247 5.618143688963079 6.401866168951512
248 3.010000000000000 8.160000000000000
249 2.977348798674399 7.735534382767192
250 2.904539097266370 6.789008264462810
251 2.827812415288696 5.791561398753050
252 2.747593085106383 4.748710106382978
253 2.867401856763926 6.306224137931035
254 2.787155102700954 5.263016335112405
255 2.970978792822186 7.652724306688418
256 1.580000000000000 8.310000000000000
257 3.380000000000000 7.570000000000000
258 6.790000000000000 2.590000000000000
259 5.530000000000000 5.480000000000000
260 6.603760239053224 3.017168975504908
261 6.467376222635517 3.329986283002663
262 2.380000000000000 6.660000000000000
263 3.769164897743055 7.001659474850319
264 6.018161659169067 7.554791110768608
265 4.000859515358025 7.058643826750217
266 4.150389814393783 7.095420197594147
267 1.660000000000000 0.810000000000000
268 8.289999999999999 3.770000000000000
269 7.999280687989033 3.640206762661771
270 6.988351302666260 3.188871773136068
271 6.522379346338522 2.980836027927908
272 4.150706525317705 1.921989640262505
273 6.203959890758441 2.838675908996228
274 7.535685149776927 3.433231982404179
275 5.978018416906205 2.737803094124038
276 8.760000000000000 2.350000000000000
277 6.490000000000000 6.200000000000000
278 8.508105592632075 2.777221792231942
279 6.575130853477862 6.055615072295257
280 8.097592616310717 3.473466267490635
281 7.400061567494250 4.656503508875391
282 6.661727466962096 5.908744163962966
283 4.230000000000000 7.960000000000000
284 5.770000000000000 9.310000000000000
285 6.524217155493135 7.191335445023831
286 9.789999999999999 2.430000000000000
287 3.440000000000000 4.150000000000000
288 6.241387929093323 3.391198860151100
289 4.921302735059062 3.748765243417073
290 7.774724707325801 2.975869843055059
291 7.580561822340185 3.028461994578722
292 5.599471048217533 3.565072408986747
293 5.000000000000000 7.230000000000000
294 2.010000000000000 5.250000000000000
295 4.045581831623695 6.597977266426393
296 3.536691288014169 6.260986204103029
297 4.173034127882195 6.682377114784865
298 4.527604210526316 6.917176032388665
299 4.591755284232637 5.800339790182248
300 4.312226187478791 6.208567034121884
301 4.546198895261028 5.866870821583600
302 3.491905398793019 7.406572174196706
303 0.400000000000000 3.410000000000000
304 2.158884455205811 2.712201259079903
305 3.630000000000000 9.270000000000000
306 5.240000000000000 6.170000000000000
307 5.202150139225726 6.148416195095662
308 3.171397070404788 4.990383453371326
309 4.579770015034768 5.793505215185116
310 7.250000000000000 6.010000000000000
311 4.392320496055657 6.203153380682546
312 6.313480857868498 6.073300253974226
313 7.090000000000000 2.210000000000000
314 5.801044416636920 3.124558285313050
315 7.440000000000000 2.460000000000000
316 7.613876717415522 2.727974705663921
317 7.294369627145990 5.609803362996950
318 5.347506049464190 4.115711322711417
319 3.938137458541325 7.195715266843110
320 3.440000000000000 5.050000000000000
560
1 2
2 8
8 10
10 7
7 5
5 4
4 6
6 11
11 3
3 9
9 12
12 0
13 18
18 27
27 22
22 24
24 15
15 19
19 16
16 17
17 26
26 21
21 28
28 25
25 23
23 20
20 14
30 31
31 32
32 29
33 35
35 2
2 34
36 41
41 38
38 51
51 52
52 44
44 46
46 57
57 55
55 15
15 47
47 43
43 40
40 56
56 50
50 59
59 54
54 3
3 58
58 39
39 49
49 45
45 48
48 53
53 42
42 37
60 38
38 69
69 70
70 64
64 66
66 72
72 71
71 73
73 62
62 68
68 74
74 65
65 67
67 63
63 61
75 78
78 77
77 76
79 81
81 84
84 83
83 82
82 85
85 80
87 88
88 90
90 89
89 81
81 86
91 94
94 93
93 4
4 95
95 39
39 101
101 103
103 96
96 99
99 100
100 97
97 102
102 98
98 82
82 92
104 111
111 115
115 109
109 107
107 40
40 106
106 16
16 113
113 116
116 114
114 108
108 62
62 117
117 110
110 112
112 105
118 31
31 126
126 41
41 122
122 128
128 124
124 127
127 123
123 121
121 125
125 120
120 119
129 132
132 131
131 42
42 133
133 130
134 141
141 136
136 138
138 43
43 106
106 17
17 145
145 147
147 144
144 140
140 146
146 148
148 139
139 142
142 63
63 137
137 143
143 135
149 150
150 153
153 120
120 152
152 151
151 80
13 154
154 163
163 159
159 161
161 136
136 156
156 107
107 162
162 164
164 158
158 160
160 155
155 93
93 5
5 157
157 129
104 169
169 168
168 166
166 170
170 94
94 167
167 165
118 32
32 178
178 154
154 18
18 174
174 172
172 44
44 64
64 173
173 176
176 179
179 180
180 175
175 177
177 171
182 186
186 191
191 155
155 6
6 95
95 184
184 45
45 183
183 187
187 190
190 188
188 189
189 185
185 181
13 196
196 172
172 46
46 193
193 197
197 198
198 199
199 108
108 195
195 200
200 65
65 194
194 137
137 192
182 206
206 208
208 109
109 156
156 138
138 47
47 19
19 207
207 203
203 193
193 66
66 173
173 204
204 202
202 209
209 210
210 121
121 150
150 205
205 201
211 213
213 166
166 212
212 182
214 215
216 131
131 220
220 48
48 183
183 225
225 226
226 218
218 96
96 222
222 223
223 219
219 20
20 227
227 224
224 139
139 67
67 194
194 221
221 151
151 217
215 232
232 167
167 7
7 157
157 184
184 49
49 233
233 235
235 218
218 230
230 231
231 228
228 234
234 229
229 83
83 92
237 185
185 236
238 110
110 239
239 171
215 242
242 168
168 212
212 186
186 158
158 244
244 246
246 50
50 21
21 245
245 241
241 140
140 243
243 195
195 68
68 247
247 240
240 105
182 252
252 111
111 254
254 141
141 251
251 159
159 22
22 253
253 174
174 196
196 250
250 51
51 69
69 122
122 255
255 249
249 248
256 77
77 249
249 257
259 23
23 219
219 97
97 228
228 261
261 260
260 258
262 250
250 52
52 70
70 263
263 202
202 265
265 266
266 264
264 171
267 35
35 8
8 272
272 132
132 220
220 53
53 187
187 275
275 273
273 271
271 260
260 270
270 274
274 269
269 88
88 268
277 142
142 279
279 282
282 281
281 98
98 229
229 269
269 280
280 278
278 276
149 123
123 283
284 152
152 285
285 112
112 240
240 221
221 143
143 192
287 160
160 289
289 54
54 9
9 292
292 222
222 99
99 230
230 288
288 261
261 270
270 291
291 290
290 278
278 89
89 84
84 286
294 251
251 161
161 24
24 55
55 296
296 203
203 197
197 295
295 71
71 297
297 298
298 175
175 293
257 124
124 302
302 263
263 204
204 176
176 72
72 295
295 198
198 300
300 113
113 301
301 299
299 144
144 241
241 25
25 223
223 100
100 231
231 288
288 271
271 258
303 242
242 213
213 304
304 232
232 10
10 272
272 216
305 205
205 153
153 125
125 264
264 177
177 239
239 285
285 105
303 169
169 252
252 206
206 308
308 162
162 56
56 26
26 145
145 309
309 299
299 307
307 306
30 126
126 178
178 163
163 27
27 253
253 57
57 296
296 207
207 300
300 311
311 114
114 307
307 243
243 146
146 312
312 224
224 279
279 310
134 254
254 115
115 208
208 308
308 164
164 244
244 289
289 11
11 58
58 101
101 233
233 225
225 314
314 273
273 188
188 313
315 316
316 290
290 280
280 90
90 268
310 317
317 281
281 102
102 234
234 274
274 291
291 316
316 189
189 237
76 127
127 319
319 209
209 265
265 179
179 297
297 73
73 199
199 311
311 116
116 301
301 309
309 147
147 245
245 28
28 318
318 12
12 292
292 103
103 235
235 226
226 314
314 275
275 190
190 133
133 37
211 304
304 170
170 191
191 287
320 246
246 59
59 318
318 0
256 78
78 255
255 128
128 302
302 319
319 210
210 266
266 180
180 298
298 117
117 247
247 74
74 200
200 148
148 312
312 227
227 282
282 317
317 85
85 92
521
0 0.200000000000000 2.900000000000000
1 0.200000000000000 2.800000000000000
2 0.200000000000000 2.600000000000000
3 0.200000000000000 4.600000000000000
4 0.200000000000000 2.200000000000000
5 0.200000000000000 3.400000000000000
6 0.200000000000000 5.300000000000000
7 0.200000000000000 2.400000000000000
8 0.200000000000000 2.600000000000000
9 0.300000000000000 3.300000000000000
10 0.300000000000000 4.400000000000000
11 0.300000000000000 5.500000000000000
12 0.300000000000000 4.300000000000000
13 0.300000000000000 2.400000000000000
14 0.400000000000000 2.100000000000000
15 0.400000000000000 4.900000000000000
16 0.400000000000000 4.900000000000000
17 0.500000000000000 4.900000000000000
18 0.500000000000000 4.500000000000000
19 0.500000000000000 5.700000000000000
20 0.600000000000000 2.500000000000000
21 0.600000000000000 3.100000000000000
22 0.600000000000000 5.600000000000000
23 0.600000000000000 3.700000000000000
24 0.600000000000000 5.700000000000000
25 0.600000000000000 3.300000000000000
26 0.700000000000000 5.700000000000000
27 0.700000000000000 4.700000000000000
28 0.700000000000000 2.200000000000000
29 0.700000000000000 5.400000000000000
30 0.700000000000000 3.200000000000000
31 0.700000000000000 5.000000000000000
32 0.800000000000000 4.500000000000000
33 0.800000000000000 3.700000000000000
34 0.900000000000000 2.900000000000000
35 0.900000000000000 2.700000000000000
36 1.000000000000000 4.000000000000000
37 1.000000000000000 3.200000000000000
38 1.000000000000000 2.900000000000000
39 1.000000000000000 5.200000000000000
40 1.000000000000000 2.200000000000000
41 1.000000000000000 5.400000000000000
42 1.100000000000000 3.300000000000000
43 1.100000000000000 3.100000000000000
44 1.100000000000000 5.500000000000000
45 1.200000000000000 5.300000000000000
46 1.200000000000000 5.900000000000000
47 1.200000000000000 5.300000000000000
48 1.200000000000000 5.800000000000000
49 1.200000000000000 3.700000000000000
50 1.200000000000000 5.700000000000000
51 1.300000000000000 2.700000000000000
52 1.300000000000000 5.200000000000000
53 1.300000000000000 4.900000000000000
54 1.400000000000000 4.400000000000000
55 1.400000000000000 5.500000000000000
56 1.400000000000000 2.300000000000000
57 1.500000000000000 5.200000000000000
58 1.500000000000000 4.600000000000000
59 1.600000000000000 4.800000000000000
60 1.600000000000000 4.100000000000000
61 1.600000000000000 8.300000000000001
62 1.600000000000000 2.300000000000000
63 1.700000000000000 2.400000000000000
64 1.700000000000000 5.800000000000000
65 1.700000000000000 4.800000000000000
66 1.800000000000000 8.000000000000000
67 1.800000000000000 7.900000000000000
68 1.800000000000000 5.600000000000000
69 1.800000000000000 7.700000000000000
70 1.800000000000000 4.300000000000000
71 1.900000000000000 2.700000000000000
72 1.900000000000000 6.700000000000000
73 1.900000000000000 7.200000000000000
74 2.000000000000000 6.500000000000000
75 2.000000000000000 3.600000000000000
76 2.100000000000000 4.100000000000000
77 2.100000000000000 7.400000000000000
78 2.100000000000000 7.500000000000000
79 2.100000000000000 5.400000000000000
80 2.100000000000000 6.800000000000000
81 2.100000000000000 7.200000000000000
82 2.100000000000000 3.200000000000000
83 2.100000000000000 5.200000000000000
84 2.200000000000000 3.500000000000000
85 2.200000000000000 6.200000000000000
86 2.200000000000000 3.000000000000000
87 2.200000000000000 7.900000000000000
88 2.300000000000000 4.700000000000000
89 2.300000000000000 3.900000000000000
90 2.300000000000000 8.199999999999999
91 2.300000000000000 4.300000000000000
92 2.300000000000000 4.000000000000000
93 2.300000000000000 3.400000000000000
94 2.300000000000000 7.300000000000000
95 2.400000000000000 6.500000000000000
96 2.400000000000000 1.400000000000000
97 2.400000000000000 2.900000000000000
98 2.400000000000000 5.500000000000000
99 2.400000000000000 4.600000000000000
100 2.500000000000000 1.200000000000000
101 2.500000000000000 4.700000000000000
102 2.500000000000000 4.800000000000000
103 2.500000000000000 8.199999999999999
104 2.500000000000000 8.199999999999999
105 2.600000000000000 6.000000000000000
106 2.600000000000000 1.400000000000000
107 2.600000000000000 6.500000000000000
108 2.600000000000000 5.200000000000000
109 2.600000000000000 5.100000000000000
110 2.600000000000000 1.600000000000000
111 2.700000000000000 3.400000000000000
112 2.700000000000000 5.000000000000000
113 2.700000000000000 4.000000000000000
114 2.700000000000000 4.600000000000000
115 2.700000000000000 3.700000000000000
116 2.800000000000000 7.600000000000000
117 2.800000000000000 2.200000000000000
118 2.800000000000000 1.500000000000000
119 2.800000000000000 4.800000000000000
120 2.800000000000000 5.000000000000000
121 2.800000000000000 9.199999999999999
122 2.900000000000000 6.800000000000000
123 2.900000000000000 2.500000000000000
124 2.900000000000000 6.800000000000000
125 2.900000000000000 2.800000000000000
126 2.900000000000000 6.400000000000000
127 2.900000000000000 7.400000000000000
128 2.900000000000000 1.500000000000000
129 2.900000000000000 7.000000000000000
130 2.900000000000000 4.600000000000000
131 3.000000000000000 5.000000000000000
132 3.000000000000000 5.900000000000000
133 3.000000000000000 8.000000000000000
134 3.000000000000000 3.700000000000000
135 3.000000000000000 6.600000000000000
136 3.000000000000000 2.000000000000000
137 3.000000000000000 5.300000000000000
138 3.000000000000000 6.300000000000000
139 3.000000000000000 7.200000000000000
140 3.000000000000000 8.600000000000000
141 3.000000000000000 8.199999999999999
142 3.100000000000000 1.800000000000000
143 3.100000000000000 5.700000000000000
144 3.100000000000000 6.900000000000000
145 3.100000000000000 5.600000000000000
146 3.100000000000000 8.300000000000001
147 3.100000000000000 7.100000000000000
148 3.200000000000000 7.500000000000000
149 3.200000000000000 2.300000000000000
150 3.200000000000000 5.200000000000000
151 3.200000000000000 6.300000000000000
152 3.200000000000000 4.800000000000000
153 3.200000000000000 2.500000000000000
154 3.300000000000000 7.500000000000000
155 3.300000000000000 1.700000000000000
156 3.300000000000000 1.900000000000000
157 3.300000000000000 2.800000000000000
158 3.300000000000000 5.200000000000000
159 3.300000000000000 2.300000000000000
160 3.300000000000000 6.500000000000000
161 3.300000000000000 3.200000000000000
162 3.400000000000000 5.500000000000000
163 3.400000000000000 6.300000000000000
164 3.400000000000000 2.900000000000000
165 3.400000000000000 3.100000000000000
166 3.400000000000000 7.700000000000000
167 3.400000000000000 3.300000000000000
168 3.400000000000000 6.400000000000000
169 3.400000000000000 7.300000000000000
170 3.500000000000000 6.500000000000000
171 3.500000000000000 6.500000000000000
172 3.500000000000000 4.100000000000000
173 3.500000000000000 2.600000000000000
174 3.500000000000000 8.100000000000000
175 3.500000000000000 6.200000000000000
176 3.500000000000000 6.300000000000000
177 3.500000000000000 2.600000000000000
178 3.600000000000000 7.200000000000000
179 3.600000000000000 6.100000000000000
180 3.600000000000000 6.000000000000000
181 3.600000000000000 2.300000000000000
182 3.600000000000000 7.200000000000000
183 3.600000000000000 5.300000000000000
184 3.700000000000000 3.800000000000000
185 3.700000000000000 6.600000000000000
186 3.700000000000000 7.600000000000000
187 3.700000000000000 7.500000000000000
188 3.700000000000000 5.000000000000000
189 3.700000000000000 6.000000000000000
190 3.700000000000000 6.600000000000000
191 3.700000000000000 5.600000000000000
192 3.700000000000000 5.500000000000000
193 3.800000000000000 3.000000000000000
194 3.800000000000000 6.700000000000000
195 3.800000000000000 4.000000000000000
196 3.800000000000000 4.400000000000000
197 3.800000000000000 7.400000000000000
198 3.800000000000000 5.500000000000000
199 3.900000000000000 2.400000000000000
200 3.900000000000000 8.699999999999999
201 3.900000000000000 6.900000000000000
202 3.900000000000000 7.000000000000000
203 3.900000000000000 3.600000000000000
204 3.900000000000000 4.000000000000000
205 3.900000000000000 8.500000000000000
206 4.000000000000000 5.000000000000000
207 4.000000000000000 5.300000000000000
208 4.000000000000000 8.199999999999999
209 4.000000000000000 8.600000000000000
210 4.000000000000000 2.000000000000000
211 4.100000000000000 8.100000000000000
212 4.100000000000000 2.000000000000000
213 4.100000000000000 7.300000000000000
214 4.100000000000000 6.500000000000000
215 4.100000000000000 8.199999999999999
216 4.100000000000000 4.800000000000000
217 4.100000000000000 6.400000000000000
218 4.200000000000000 4.900000000000000
219 4.200000000000000 7.500000000000000
220 4.200000000000000 5.900000000000000
221 4.200000000000000 4.100000000000000
222 4.200000000000000 4.800000000000000
223 4.200000000000000 2.500000000000000
224 4.200000000000000 2.400000000000000
225 4.300000000000000 4.900000000000000
226 4.300000000000000 3.700000000000000
227 4.300000000000000 4.400000000000000
228 4.300000000000000 5.000000000000000
229 4.300000000000000 2.400000000000000
230 4.300000000000000 6.200000000000000
231 4.300000000000000 4.000000000000000
232 4.300000000000000 7.100000000000000
233 4.300000000000000 2.200000000000000
234 4.300000000000000 2.700000000000000
235 4.300000000000000 8.600000000000000
236 4.300000000000000 7.700000000000000
237 4.300000000000000 6.800000000000000
238 4.300000000000000 3.300000000000000
239 4.300000000000000 8.600000000000000
240 4.300000000000000 5.800000000000000
241 4.400000000000000 5.600000000000000
242 4.400000000000000 7.000000000000000
243 4.400000000000000 7.400000000000000
244 4.400000000000000 5.900000000000000
245 4.400000000000000 3.500000000000000
246 4.400000000000000 2.400000000000000
247 4.400000000000000 3.000000000000000
248 4.400000000000000 4.600000000000000
249 4.400000000000000 8.199999999999999
250 4.400000000000000 7.200000000000000
251 4.400000000000000 4.900000000000000
252 4.500000000000000 4.200000000000000
253 4.500000000000000 8.400000000000000
254 4.500000000000000 5.700000000000000
255 4.500000000000000 2.400000000000000
256 4.600000000000000 5.600000000000000
257 4.600000000000000 6.000000000000000
258 4.600000000000000 5.300000000000000
259 4.600000000000000 2.000000000000000
260 4.600000000000000 3.600000000000000
261 4.600000000000000 7.400000000000000
262 4.700000000000000 2.900000000000000
263 4.700000000000000 4.200000000000000
264 4.700000000000000 5.000000000000000
265 4.700000000000000 3.500000000000000
266 4.700000000000000 3.500000000000000
267 4.700000000000000 3.000000000000000
268 4.700000000000000 4.800000000000000
269 4.700000000000000 5.300000000000000
270 4.700000000000000 7.800000000000000
271 4.700000000000000 3.100000000000000
272 4.800000000000000 6.300000000000000
273 4.800000000000000 5.300000000000000
274 4.800000000000000 3.000000000000000
275 4.800000000000000 3.200000000000000
276 4.800000000000000 6.400000000000000
277 4.800000000000000 5.500000000000000
278 4.800000000000000 3.400000000000000
279 4.800000000000000 5.000000000000000
280 4.800000000000000 3.400000000000000
281 4.800000000000000 3.500000000000000
282 4.800000000000000 4.500000000000000
283 4.900000000000000 8.100000000000000
284 4.900000000000000 4.100000000000000
285 4.900000000000000 2.500000000000000
286 4.900000000000000 6.100000000000000
287 4.900000000000000 6.300000000000000
288 4.900000000000000 8.300000000000001
289 4.900000000000000 1.700000000000000
290 5.000000000000000 2.900000000000000
291 5.000000000000000 4.600000000000000
292 5.000000000000000 8.000000000000000
293 5.000000000000000 5.700000000000000
294 5.000000000000000 8.300000000000001
295 5.000000000000000 7.000000000000000
296 5.000000000000000 5.700000000000000
297 5.000000000000000 4.800000000000000
298 5.000000000000000 3.500000000000000
299 5.000000000000000 5.500000000000000
300 5.100000000000000 2.000000000000000
301 5.100000000000000 6.300000000000000
302 5.100000000000000 6.300000000000000
303 5.100000000000000 2.700000000000000
304 5.100000000000000 1.900000000000000
305 5.100000000000000 1.600000000000000
306 5.100000000000000 5.000000000000000
307 5.100000000000000 2.700000000000000
308 5.100000000000000 4.800000000000000
309 5.200000000000000 4.700000000000000
310 5.200000000000000 4.800000000000000
311 5.200000000000000 5.900000000000000
312 5.200000000000000 4.000000000000000
313 5.200000000000000 8.300000000000001
314 5.200000000000000 3.500000000000000
315 5.300000000000000 2.100000000000000
316 5.300000000000000 2.200000000000000
317 5.300000000000000 2.100000000000000
318 5.300000000000000 6.500000000000000
319 5.300000000000000 2.000000000000000
320 5.300000000000000 1.600000000000000
321 5.300000000000000 2.900000000000000
322 5.300000000000000 6.500000000000000
323 5.300000000000000 2.300000000000000
324 5.300000000000000 6.600000000000000
325 5.300000000000000 6.600000000000000
326 5.400000000000000 4.700000000000000
327 5.400000000000000 7.800000000000000
328 5.400000000000000 5.100000000000000
329 5.400000000000000 8.199999999999999
330 5.400000000000000 3.600000000000000
331 5.400000000000000 6.600000000000000
332 5.400000000000000 2.200000000000000
333 5.400000000000000 6.000000000000000
334 5.500000000000000 2.400000000000000
335 5.500000000000000 7.200000000000000
336 5.500000000000000 6.000000000000000
337 5.500000000000000 3.700000000000000
338 5.600000000000000 3.200000000000000
339 5.600000000000000 3.400000000000000
340 5.600000000000000 3.900000000000000
341 5.600000000000000 5.500000000000000
342 5.700000000000000 3.700000000000000
343 5.700000000000000 2.200000000000000
344 5.700000000000000 5.900000000000000
345 5.700000000000000 4.200000000000000
346 5.700000000000000 3.900000000000000
347 5.700000000000000 3.600000000000000
348 5.700000000000000 6.400000000000000
349 5.800000000000000 6.100000000000000
350 5.800000000000000 7.200000000000000
351 5.800000000000000 3.300000000000000
352 5.900000000000000 7.500000000000000
353 5.900000000000000 7.600000000000000
354 5.900000000000000 6.100000000000000
355 6.000000000000000 3.900000000000000
356 6.000000000000000 7.900000000000000
357 6.000000000000000 5.500000000000000
358 6.000000000000000 3.700000000000000
359 6.000000000000000 4.200000000000000
360 6.000000000000000 2.300000000000000
361 6.100000000000000 6.000000000000000
362 6.100000000000000 5.200000000000000
363 6.100000000000000 2.100000000000000
364 6.100000000000000 3.200000000000000
365 6.100000000000000 2.700000000000000
366 6.100000000000000 8.000000000000000
367 6.100000000000000 7.900000000000000
368 6.200000000000000 1.900000000000000
369 6.200000000000000 6.800000000000000
370 6.200000000000000 5.900000000000000
371 6.200000000000000 3.200000000000000
372 6.200000000000000 6.700000000000000
373 6.200000000000000 7.500000000000000
374 6.200000000000000 6.900000000000000
375 6.300000000000000 3.700000000000000
376 6.300000000000000 7.700000000000000
377 6.300000000000000 2.500000000000000
378 6.300000000000000 3.700000000000000
379 6.300000000000000 7.900000000000000
380 6.400000000000000 1.700000000000000
381 6.400000000000000 4.200000000000000
382 6.400000000000000 7.800000000000000
383 6.500000000000000 7.400000000000000
384 6.500000000000000 4.000000000000000
385 6.500000000000000 4.800000000000000
386 6.500000000000000 4.100000000000000
387 6.500000000000000 1.500000000000000
388 6.500000000000000 3.600000000000000
389 6.500000000000000 6.500000000000000
390 6.500000000000000 2.200000000000000
391 6.500000000000000 7.300000000000000
392 6.500000000000000 5.800000000000000
393 6.600000000000000 6.200000000000000
394 6.600000000000000 1.500000000000000
395 6.600000000000000 4.300000000000000
396 6.600000000000000 6.400000000000000
397 6.600000000000000 6.000000000000000
398 6.600000000000000 2.400000000000000
399 6.600000000000000 1.600000000000000
400 6.700000000000000 5.100000000000000
401 6.700000000000000 6.400000000000000
402 6.700000000000000 2.700000000000000
403 6.700000000000000 1.500000000000000
404 6.700000000000000 6.000000000000000
405 6.700000000000000 7.400000000000000
406 6.800000000000000 4.500000000000000
407 6.800000000000000 5.000000000000000
408 6.800000000000000 7.800000000000000
409 6.800000000000000 6.200000000000000
410 6.800000000000000 5.400000000000000
411 6.800000000000000 3.700000000000000
412 6.800000000000000 7.700000000000000
413 6.800000000000000 2.500000000000000
414 6.800000000000000 7.000000000000000
415 6.800000000000000 7.700000000000000
416 6.900000000000000 6.800000000000000
417 6.900000000000000 4.300000000000000
418 6.900000000000000 3.400000000000000
419 7.000000000000000 3.800000000000000
420 7.000000000000000 5.700000000000000
421 7.000000000000000 4.900000000000000
422 7.000000000000000 6.800000000000000
423 7.000000000000000 6.300000000000000
424 7.000000000000000 7.200000000000000
425 7.000000000000000 7.700000000000000
426 7.100000000000000 7.800000000000000
427 7.100000000000000 4.800000000000000
428 7.100000000000000 5.400000000000000
429 7.200000000000000 3.200000000000000
430 7.200000000000000 5.800000000000000
431 7.300000000000000 5.900000000000000
432 7.300000000000000 3.400000000000000
433 7.300000000000000 5.600000000000000
434 7.300000000000000 5.800000000000000
435 7.300000000000000 6.500000000000000
436 7.300000000000000 5.500000000000000
437 7.300000000000000 3.300000000000000
438 7.300000000000000 4.900000000000000
439 7.300000000000000 7.700000000000000
440 7.400000000000000 6.200000000000000
441 7.400000000000000 7.400000000000000
442 7.400000000000000 7.300000000000000
443 7.400000000000000 4.500000000000000
444 7.400000000000000 3.500000000000000
445 7.500000000000000 6.900000000000000
446 7.500000000000000 3.600000000000000
447 7.500000000000000 2.300000000000000
448 7.500000000000000 4.600000000000000
449 7.500000000000000 3.100000000000000
450 7.600000000000000 3.900000000000000
451 7.600000000000000 6.300000000000000
452 7.600000000000000 6.600000000000000
453 7.600000000000000 6.900000000000000
454 7.600000000000000 3.500000000000000
455 7.600000000000000 2.700000000000000
456 7.600000000000000 5.400000000000000
457 7.600000000000000 4.500000000000000
458 7.600000000000000 2.200000000000000
459 7.700000000000000 4.800000000000000
460 7.700000000000000 4.300000000000000
461 7.700000000000000 5.700000000000000
462 7.700000000000000 6.400000000000000
463 7.800000000000000 4.000000000000000
464 7.800000000000000 5.800000000000000
465 7.800000000000000 2.600000000000000
466 7.800000000000000 3.500000000000000
467 7.800000000000000 3.800000000000000
468 7.900000000000000 7.200000000000000
469 7.900000000000000 3.400000000000000
470 7.900000000000000 2.900000000000000
471 7.900000000000000 2.500000000000000
472 7.900000000000000 7.000000000000000
473 7.900000000000000 5.800000000000000
474 7.900000000000000 3.200000000000000
475 7.900000000000000 5.100000000000000
476 8.000000000000000 3.300000000000000
477 8.000000000000000 2.200000000000000
478 8.000000000000000 6.300000000000000
479 8.000000000000000 6.200000000000000
480 8.100000000000000 3.400000000000000
481 8.100000000000000 6.900000000000000
482 8.100000000000000 5.300000000000000
483 8.100000000000000 6.900000000000000
484 8.199999999999999 3.700000000000000
485 8.199999999999999 3.800000000000000
486 8.199999999999999 5.600000000000000
487 8.199999999999999 6.300000000000000
488 8.300000000000001 5.600000000000000
489 8.300000000000001 6.000000000000000
490 8.300000000000001 4.600000000000000
491 8.300000000000001 4.500000000000000
492 8.300000000000001 4.000000000000000
493 8.400000000000000 3.200000000000000
494 8.400000000000000 4.300000000000000
495 8.400000000000000 3.200000000000000
496 8.400000000000000 4.500000000000000
497 8.500000000000000 3.600000000000000
498 8.500000000000000 3.400000000000000
499 8.500000000000000 6.100000000000000
500 8.500000000000000 7.300000000000000
501 8.500000000000000 3.400000000000000
502 8.600000000000000 4.000000000000000
503 8.600000000000000 3.300000000000000
504 8.600000000000000 5.900000000000000
505 8.600000000000000 4.300000000000000
506 8.699999999999999 7.100000000000000
507 8.699999999999999 7.100000000000000
508 8.699999999999999 6.700000000000000
509 8.800000000000001 4.900000000000000
510 8.800000000000001 3.000000000000000
511 8.800000000000001 5.000000000000000
512 8.800000000000001 5.500000000000000
513 8.900000000000000 5.300000000000000
514 8.900000000000000 5.200000000000000
515 9.000000000000000 4.800000000000000
516 9.000000000000000 5.300000000000000
517 9.000000000000000 5.500000000000000
518 9.000000000000000 6.700000000000000
519 9.400000000000000 4.500000000000000
520 9.500000000000000 4.500000000000000
