66
0 1.961000000000000 8.084000000000000
1 6.130000000000000 6.513000000000000
2 2.712735684742078 7.800724211866202
3 3.976145008358199 7.324634970465164
4 4.782436453014038 7.020800991200515
5 5.297678543563068 6.826642841943492
6 5.847861635374392 6.619317910968297
7 5.846296004027115 6.619907886225330
8 5.064819102801867 6.914391026504742
9 0.438000000000000 8.449999999999999
10 8.820000000000000 6.602000000000000
11 2.644559017111891 7.963514547408401
12 5.892388241486622 7.247457710538383
13 4.082830362544853 7.646415353139717
14 5.910796904879949 7.243399107585523
15 6.018285046728972 7.219700934579439
16 4.782295022975955 7.492202672099789
17 7.279000000000000 2.386000000000000
18 2.842000000000000 6.638000000000000
19 4.928534903235541 4.638462833320371
20 3.439474878394397 6.065436740380218
21 3.529923762884615 5.978759107553441
22 3.607293934109056 5.904614873150393
23 2.843225939549792 6.636825175802183
24 5.813000000000000 0.398000000000000
25 3.051300680059832 4.535154032401530
26 4.392407029359094 2.526114344111735
27 2.529553069805167 5.316756219893728
28 1.643693838605529 6.643814550985725
29 2.143358477765197 5.895293681308767
30 4.602000000000000 4.129000000000000
31 5.309056811916955 5.232156701315458
32 5.637100758487917 5.743973958269106
33 2.182000000000000 9.068000000000000
34 3.505997922458963 5.906594880826436
35 4.932728629826981 2.499887298099719
36 3.172388685136950 6.703177664517388
37 3.525509670866195 5.860005275017924
38 3.201050317572351 6.634740222155800
39 4.099170601885803 4.490233787290027
40 3.200589501862953 6.635840544987109
41 5.119000000000000 9.638000000000000
42 5.894726910195267 7.240228887873185
43 5.918905219950051 7.165493756336391
44 6.096071923352185 6.617871651359465
45 6.095899453972661 6.618404754040981
46 4.335000000000000 8.407000000000000
47 2.417000000000000 2.622000000000000
48 3.811932782310032 6.829344184391833
49 3.482833560343008 5.836727396550732
50 3.746358951690163 6.631562844383522
51 3.240846693466954 5.106855642182656
52 3.746686871017124 6.632551902416090
53 1.097000000000000 6.647000000000000
54 1.298000000000000 4.645000000000000
55 9.757000000000000 9.259000000000000
56 9.228999999999999 7.898000000000000
57 6.147250306597988 7.290045621780720
58 4.992524498887920 7.062246260936085
59 4.927415390856876 6.624681122285569
60 2.767787637497947 5.446702347726152
61 4.928794120891242 6.625433156849768
62 5.147718755587340 6.744846593956732
63 5.207271618889553 6.623050469655571
64 4.716000000000000 6.089000000000000
65 5.206925557255866 6.623758226821477
117
0 2
2 3
3 4
4 8
8 5
5 7
7 6
6 1
9 11
11 13
13 16
16 12
12 14
14 15
15 10
18 23
23 20
20 21
21 22
22 19
19 17
9 28
28 29
29 27
27 25
25 26
26 24
30 19
19 31
31 32
32 1
33 11
11 2
2 36
36 40
40 38
38 20
20 34
34 37
37 39
39 35
35 24
41 12
12 42
42 43
43 45
45 44
44 1
47 25
25 51
51 49
49 34
34 21
21 50
50 52
52 48
48 3
3 13
13 46
24 17
53 54
47 26
26 35
35 17
10 55
18 36
36 48
48 4
4 58
58 42
42 14
14 57
57 56
54 27
27 60
60 49
49 37
37 22
22 59
59 61
61 62
62 5
5 43
43 15
15 57
57 55
53 28
28 23
23 38
38 50
50 59
59 63
63 6
6 44
44 10
53 29
29 60
60 51
51 39
39 30
64 31
31 17
18 40
40 52
52 61
61 65
65 7
7 45
45 10
46 16
16 58
58 8
8 62
62 65
65 63
63 32
32 17
45
0 1.300000000000000 5.200000000000000
1 1.700000000000000 5.200000000000000
2 1.700000000000000 5.100000000000000
3 1.800000000000000 7.400000000000000
4 2.100000000000000 5.500000000000000
5 2.400000000000000 7.000000000000000
6 2.400000000000000 6.100000000000000
7 2.600000000000000 4.500000000000000
8 2.600000000000000 3.500000000000000
9 2.700000000000000 3.400000000000000
10 2.700000000000000 7.500000000000000
11 3.000000000000000 5.300000000000000
12 3.100000000000000 6.600000000000000
13 3.400000000000000 3.700000000000000
14 3.700000000000000 5.800000000000000
15 4.100000000000000 4.100000000000000
16 4.100000000000000 6.100000000000000
17 4.100000000000000 6.000000000000000
18 4.300000000000000 6.400000000000000
19 4.400000000000000 5.600000000000000
20 4.500000000000000 5.800000000000000
21 4.900000000000000 1.900000000000000
22 4.900000000000000 6.500000000000000
23 5.100000000000000 6.400000000000000
24 5.200000000000000 6.500000000000000
25 5.300000000000000 5.300000000000000
26 5.700000000000000 3.100000000000000
27 6.100000000000000 1.200000000000000
28 6.100000000000000 3.100000000000000
29 6.200000000000000 2.600000000000000
30 6.200000000000000 2.400000000000000
31 6.300000000000000 6.400000000000000
32 6.400000000000000 3.800000000000000
33 6.500000000000000 2.400000000000000
34 6.500000000000000 2.800000000000000
35 6.600000000000000 6.500000000000000
36 6.600000000000000 1.800000000000000
37 6.700000000000000 3.600000000000000
38 6.700000000000000 4.800000000000000
39 7.000000000000000 5.700000000000000
40 7.300000000000000 7.000000000000000
41 8.300000000000001 7.000000000000000
42 8.400000000000000 7.100000000000000
43 8.400000000000000 6.800000000000000
44 8.500000000000000 8.300000000000001
