375
0 4.310000000000000 7.610000000000000
1 6.040000000000000 6.460000000000000
2 4.866858784341289 7.239833756073709
3 4.517300002456217 7.472199420332572
4 5.231716317462768 6.997298401686599
5 4.799950315960882 7.284310483609818
6 5.496492608919358 6.821291040313721
7 5.973222968048339 6.504389356499659
8 5.894997408233380 6.556389006087638
9 5.610000000000000 1.070000000000000
10 8.570000000000000 7.180000000000000
11 6.005941537809786 1.887298241897903
12 7.022019207450163 3.984674782946112
13 6.341853665605621 2.580684424611602
14 6.880920634920635 3.693420634920635
15 7.150480215104889 4.249842606179348
16 8.259981435189626 6.540063030070478
17 7.655576848491933 5.292457616312738
18 6.600947521745248 3.115503161440359
19 6.233717709316668 2.357471352677311
20 5.790000000000000 8.070000000000000
21 7.260000000000000 5.220000000000000
22 7.024858789838794 5.675886019700298
23 7.226043771732461 5.285833503784005
24 5.858425889714510 7.937337560757585
25 6.785433454220279 6.140077996919866
26 6.000760127446518 7.661383426379200
27 6.462306879052720 6.766547887550848
28 6.442129841680773 6.805666633476052
29 6.780858965308592 6.148946903993545
30 7.011063338029730 5.702632303819911
31 7.300000000000000 1.610000000000000
32 3.100000000000000 2.510000000000000
33 4.305483356774496 2.251682137834036
34 3.722912246865959 2.376518804243009
35 4.971916149985237 2.108875110717449
36 3.596541574687270 2.403598233995585
37 4.096062322946175 2.296558073654391
38 7.282330097087379 1.613786407766990
39 4.416805069516693 2.227827485103566
40 4.695734597156398 2.168056872037915
41 5.343619167717528 2.029224464060530
42 4.542366013071895 2.200921568627451
43 4.409860335195532 2.229315642458100
44 5.111741486068111 2.078912538699691
45 4.496498249124563 2.210750375187594
46 1.720000000000000 8.090000000000000
47 0.010000000000000 7.660000000000000
48 0.722305956089462 7.839117871999105
49 3.780000000000000 1.590000000000000
50 8.949999999999999 8.100000000000000
51 4.397366188365925 2.367379861946261
52 6.192095250590396 4.627280479950382
53 5.313378121146657 3.520810748291052
54 6.054642240749658 4.454201351504889
55 6.469096444412619 4.976076954183007
56 4.126310467918777 2.026069854187861
57 8.247093748872778 7.214909149934581
58 7.406313550346311 6.156209132060829
59 8.773858195211787 7.878204419889504
60 5.408389664665495 3.640448107731601
61 4.471568298535750 2.460814240516003
62 4.704599942354154 2.754244801687726
63 5.068930454431333 3.213005272407733
64 4.391818072353922 2.360393742944687
65 4.318575901476803 2.268168108049128
66 5.558572514400812 3.829556492988258
67 5.102046473091555 3.254704553157838
68 6.840223900078322 5.443396052129570
69 5.680000000000000 2.350000000000000
70 1.990000000000000 2.400000000000000
71 5.148113632006135 2.357207132357641
72 3.602279135463582 2.378153399248461
73 4.087673194221509 2.371576243980738
74 4.449440816663911 2.366674243676641
75 4.765141591215565 2.362396455403583
76 4.385065556141839 2.367546537179650
77 4.075220534282686 2.371744979210262
78 5.182653411867589 2.356739113660331
79 4.585869973322794 2.364825610117578
80 8.100000000000000 3.150000000000000
81 6.557847542705192 4.344080429316042
82 3.793300534751153 6.484654444879201
83 3.718222510572252 6.542786958898601
84 4.461811731604381 5.967029787754601
85 2.440027553338050 7.532486502587778
86 4.962245809703275 5.579546347972698
87 4.238685020665949 6.139795610957712
88 7.718438366523822 3.445441139400050
89 1.953611516769061 7.909115847517372
90 5.356607697644256 5.274194039755074
91 4.081865676267122 6.261219993611350
92 5.167302474327195 5.420772065332861
93 4.669995676736755 5.805834068482826
94 4.513532018032288 5.926983045598823
95 5.707919663216979 5.002175057007542
96 4.635011038856776 5.832922487154784
97 5.833125146455405 4.905229118575281
98 5.989296072130180 4.784306803084155
99 6.265128518253663 4.570731210004217
100 4.100000000000000 0.880000000000000
101 5.713930459678702 3.154667090822332
102 6.406269516500114 4.130446969563919
103 6.774961113132298 4.650079421193172
104 4.233441431332211 1.068071815971573
105 8.256206344883926 6.737740486078017
106 7.532744937235488 5.718096891405720
107 5.903858350539561 3.422350695391328
108 5.317063005369965 2.595323698843575
109 4.373262548262549 1.265135135135136
110 4.824887155879736 1.901653038488219
111 4.907185606117853 2.017644142850666
112 5.202245981830887 2.433501048218029
113 2.820000000000000 5.800000000000000
114 7.360000000000000 1.650000000000000
115 2.965359718822000 5.667127129270638
116 2.833460816581889 5.787695509071621
117 3.958354438857070 4.759433717784837
118 3.804964174537013 4.899647285390175
119 3.318008117360340 5.344772315628764
120 7.303293996037558 1.701834783357739
121 4.972682739054191 3.832239346459275
122 4.047652840817181 4.677806323922621
123 3.391487831074463 5.277604735912110
124 4.825535592254408 3.966746099591235
125 3.499807303905295 5.178590239822253
126 6.725698828707432 2.229812744683735
127 5.211967738109358 3.613509666706203
128 3.590721533911900 5.095485822525466
129 5.448291808409307 3.397486562797660
130 5.276144305203465 3.554846064626788
131 5.475535980998593 3.372582748646660
132 8.350000000000000 9.690000000000000
133 3.476864916890734 6.262062301393301
134 4.010631918237190 6.637533121508620
135 3.860990067003645 6.532269685469109
136 2.829223295028537 5.806487995960399
137 4.673039398995533 7.103494260776243
138 5.739086016645272 7.853389621112136
139 6.020000000000000 9.220000000000001
140 0.870000000000000 3.230000000000000
141 3.918016959677501 6.775169240479268
142 3.767599834859630 6.600218060351299
143 2.882404421855912 5.570641259595519
144 0.872895148022915 3.233367366341215
145 2.078232731155389 4.635303700897239
146 1.392695414465706 3.837950588863996
147 2.372019957165651 4.977009620081991
148 1.729469141310265 4.229654399310387
149 1.234998601095511 3.654532353507206
150 2.157346338585425 4.727321275364408
151 5.238263988522238 8.310757532281206
152 1.188462851572956 3.600406306975147
153 2.477538003189424 5.099738376525176
154 2.320000000000000 9.150000000000000
155 5.200000000000000 4.870000000000000
156 4.292937526613541 6.217995620171545
157 4.807573520279314 5.453189351807130
158 4.306280837203691 6.198165978044514
159 5.028585939814619 5.124740339442163
160 4.174776988749700 6.393595308385862
161 5.079823051924811 5.048596297833962
162 4.596712204694694 5.766552695800941
163 4.494571829667759 5.918344642021526
164 4.578774358204473 5.793210328779463
165 4.730000000000000 5.900000000000000
166 2.430953438534970 7.572728229105786
167 4.312642107421839 6.203659064699726
168 1.954978259119092 7.919035751670827
169 4.133134063301791 6.334264585172451
170 4.623839280442442 5.977239859080084
171 1.940000000000000 9.750000000000000
172 3.204239651416122 4.143371980676329
173 2.996029788882027 5.066737458001444
174 3.363758070442496 3.435942470211537
175 2.105885810243493 9.014332493702771
176 3.087254728477705 4.662174682403220
177 3.173535167552212 4.279539691724972
178 3.056198630136986 4.799901727218582
179 3.027851978426870 4.925612965237358
180 3.443699029006428 3.081421697449754
181 3.359772599010722 3.453617169604621
182 3.072124734458295 4.729272916750171
183 3.553669280752857 2.593727537530809
184 3.266100034977265 3.869034627492129
185 1.670000000000000 2.890000000000000
186 3.832171538853492 4.656350662175507
187 1.789147254524734 2.987335400149497
188 3.575969211269100 4.447050362524185
189 3.619828361564982 4.482880377754459
190 1.777077903272519 2.977475541117367
191 5.262223657777603 5.824608342852641
192 2.275398842853221 3.384570679401830
193 2.924419391241752 3.914777397421752
194 2.076786956356303 3.222317948327689
195 3.129462478651022 4.082283992856785
196 8.340000000000000 2.350000000000000
197 5.060000000000000 5.370000000000000
198 7.616275303643725 3.016356275303643
199 5.227796156971714 5.215504757910189
200 5.138401227036637 5.297813504374804
201 5.646443788921665 4.830042608980662
202 5.782063309947900 4.705173415840653
203 5.887228626571384 4.608344374315372
204 6.137847492742059 4.377591637780176
205 9.890000000000001 1.330000000000000
206 5.940000000000000 5.540000000000000
207 8.327679293280511 2.995157006402291
208 8.314475766681193 3.009229625891691
209 7.756240384615385 3.604209615384616
210 5.983349988058638 5.493796595005857
211 6.241339637671638 5.218825348203141
212 6.506196798238586 4.936534551750774
213 1.250000000000000 5.840000000000000
214 0.510000000000000 2.920000000000000
215 0.747923791757350 3.858834421529001
216 4.250000000000000 0.920000000000000
217 3.730000000000000 5.570000000000000
218 3.949970667695871 3.602954606181159
219 3.870053424733570 4.317599182670959
220 3.840335274673383 4.583348024555328
221 4.204673242909988 1.325325808593381
222 3.758277350165856 5.317135234093786
223 4.025165008187429 2.930543676785490
224 4.243296203546028 0.979947410598017
225 4.048222423419345 2.724357175192395
226 3.768986614775701 5.221369694794215
227 4.088275701196186 2.366188441226417
228 4.058515021459227 2.632317596566523
229 4.168829144129813 1.645854768839179
230 8.230000000000000 8.109999999999999
231 8.328327176610381 2.961231479310985
232 8.274480874316939 5.780819672131146
233 8.237484624601059 7.718077839071874
234 8.240350968454003 7.567985651863177
235 6.670000000000000 6.010000000000000
236 8.010000000000000 7.520000000000000
237 7.257466649708891 6.671996000791363
238 6.757373183283380 6.108457840864107
239 2.156688113741792 4.341948792095909
240 1.368342609691596 3.661196360664809
241 2.716513208045473 4.825369186029064
242 3.624225036294951 5.609196874453676
243 5.615825237100001 7.328984292750894
244 2.513033187976431 4.649660036045974
245 1.331598204240705 3.629466816672140
246 0.869855795075136 3.230742823043197
247 2.357473414258847 4.515330996751581
248 1.261798385843834 3.569193249000351
249 2.675841101456504 4.790247991946496
250 9.180000000000000 0.010000000000000
251 6.880000000000000 7.980000000000000
252 7.930981281905843 4.338121384004537
253 7.127313632642664 7.123004499059987
254 8.686206190603215 1.721102896040161
255 7.128630449314189 7.118441443028661
256 7.199921369997005 6.871402904836465
257 7.376974460828006 6.257875455304693
258 0.570000000000000 2.640000000000000
259 4.080000000000000 3.640000000000000
260 1.254513607907743 2.835018121911038
261 1.782711367094110 2.985501813986926
262 2.750623058368316 3.261260130589264
263 3.373766394808289 3.438793844674726
264 2.292169900419200 3.130646695276126
265 3.515838047648790 3.479270099045239
266 1.510000000000000 6.760000000000000
267 2.200000000000000 4.180000000000000
268 1.698288483611784 6.055964800408111
269 1.935451880899921 5.169179923591599
270 2.129390048552732 4.444019818455005
271 2.012624294375915 4.880622203637884
272 1.578962851868944 6.502138901707428
273 7.110000000000000 0.890000000000000
274 8.960000000000001 8.660000000000000
275 7.541324783499703 2.701564090698751
276 8.808623700346576 8.024219541455613
277 7.388080663159573 2.057938785270206
278 2.210000000000000 9.770000000000000
279 0.970000000000000 0.770000000000000
280 1.338332678601493 3.443382344688255
281 2.202645179536599 9.716618238572087
282 1.151302039985944 2.085901903123784
283 1.424112418407884 4.065977230379805
284 1.362853591202355 3.621356710339673
285 2.192088573824225 9.639997713240339
286 1.347727506066828 3.511570608549562
287 1.350467012473327 3.531454122790277
288 1.727764668569616 6.269904852521408
289 1.820000000000000 5.220000000000000
290 3.558279149401764 4.454837245585419
291 2.989677939295587 4.705126428561605
292 4.810681376633268 3.903549762126153
293 2.784777538410185 4.795320316681406
294 5.246965824103001 3.711504307488402
295 3.019402174946894 4.692042294156812
296 5.500011030628378 3.600117843879840
297 2.628519412290626 4.864102651338328
298 5.342596852863176 3.669409054031087
299 5.597270433936940 3.557305805920396
300 4.770000000000000 0.740000000000000
301 3.740000000000000 0.500000000000000
302 2.464096097690470 3.956304139184415
303 5.106012461059190 5.160017511843536
304 1.596110648143609 3.560831478739988
305 5.892226148409893 5.518233215547703
306 2.758560326169023 4.090468314290028
307 1.092647190508170 3.331442802775912
308 1.444133903054854 3.491587636303099
309 3.041591660870892 4.219423419450052
310 6.110000000000000 9.220000000000001
311 2.299080935624094 9.704361415855931
312 6.320000000000000 9.449999999999999
313 0.340000000000000 0.930000000000000
314 3.214745833582224 5.025791722762633
315 2.095561414034469 3.431234656784895
316 2.643676941601863 4.212161796395965
317 5.454242305430308 8.216512448539502
318 2.942259622807986 4.637567221793318
319 1.978337503454354 3.264219988199180
320 2.854126324241717 4.511999378351075
321 5.342545844910331 6.166334097577089
322 4.549969682238172 2.794368056386067
323 5.378965961488770 6.321281220771752
324 4.436771900318858 2.312775126208633
325 4.416491470964708 2.226493299548079
326 4.355762035763410 1.968123690614749
327 0.760000000000000 3.710000000000000
328 0.845209946951773 3.755674196229339
329 7.063106751339268 7.088588356334479
330 0.775232131132807 3.718164719862396
331 2.325538336808425 4.549159132916849
332 4.365583293653494 5.642663084143937
333 0.835671397465831 3.750561347359584
334 2.701271252907494 4.750559316271539
335 7.444475211608223 7.293009301460329
336 8.394852254950687 7.802429963276375
337 0.790000000000000 3.770000000000000
338 9.230000000000000 1.580000000000000
339 4.888083804507785 2.706634652621795
340 3.797905250618529 2.989512737102539
341 1.465484662576687 3.594726136132353
342 5.248115594163141 2.613214081609327
343 3.835974956972099 2.979634460216956
344 4.797735584369248 2.730078088889970
345 7.420297316896302 7.251327048585932
346 6.300000000000000 6.660000000000000
347 4.285929648241206 1.020603015075377
348 4.662154400961667 2.074032322692668
349 4.677004868050218 2.115613630540610
350 5.054625735912532 3.172952060555088
351 5.007259923175416 1.708469514368310
352 5.200542685940203 1.892785551025451
353 5.020384894887100 1.720985595639761
354 1.730000000000000 5.180000000000000
355 2.522144631329869 4.340898341555215
356 4.586558539782851 2.154109381827960
357 5.015076862435947 1.700189199842334
358 3.896699349318120 2.884862287191373
359 4.510423616959763 2.234757457292623
360 2.668662420382164 9.432038216560510
361 1.366326071533630 3.524704192694364
362 2.826188260601592 4.555602136633352
363 5.630000000000000 1.710000000000000
364 5.077591514497486 1.945116008292392
365 4.487980602792154 2.196066107076066
366 4.680000000000000 7.950000000000000
367 6.110000000000000 5.990000000000000
368 5.655289744655308 4.208485939880870
369 5.420695360098682 3.289366149640357
370 0.600000000000000 8.029999999999999
371 4.060000000000000 2.630000000000000
372 8.220000000000001 8.630000000000001
373 3.800000000000000 1.010000000000000
374 5.230000000000000 3.000000000000000
667
0 3
3 5
5 2
2 4
4 6
6 8
8 7
7 1
9 11
11 19
19 13
13 18
18 14
14 12
12 15
15 17
17 16
16 10
20 24
24 26
26 28
28 27
27 29
29 25
25 30
30 22
22 23
23 21
32 36
36 34
34 37
37 33
33 43
43 39
39 45
45 42
42 40
40 35
35 44
44 41
41 11
11 38
38 31
47 48
48 46
49 56
56 33
33 65
65 64
64 51
51 61
61 62
62 63
63 67
67 53
53 60
60 66
66 54
54 52
52 55
55 68
68 22
22 58
58 57
57 59
59 50
70 72
72 34
34 77
77 73
73 76
76 51
51 74
74 79
79 75
75 71
71 78
78 69
46 89
89 85
85 83
83 82
82 91
91 87
87 84
84 94
94 96
96 93
93 86
86 92
92 90
90 95
95 97
97 98
98 52
52 99
99 81
81 12
12 88
88 80
100 104
104 109
109 110
110 111
111 35
35 71
71 112
112 108
108 101
101 107
107 102
102 81
81 103
103 23
23 106
106 105
105 10
113 116
116 115
115 119
119 123
123 125
125 128
128 118
118 117
117 122
122 124
124 121
121 127
127 130
130 53
53 129
129 131
131 101
101 13
13 126
126 120
120 114
113 136
136 133
133 82
82 135
135 134
134 137
137 2
2 138
138 24
24 132
140 144
144 152
152 149
149 146
146 148
148 145
145 150
150 147
147 153
153 143
143 115
115 133
133 83
83 142
142 141
141 3
3 151
151 139
154 141
141 134
134 160
160 156
156 158
158 84
84 163
163 164
164 162
162 157
157 159
159 161
161 155
46 168
168 166
166 142
142 135
135 169
169 156
156 167
167 170
170 165
171 175
175 166
166 85
85 136
136 116
116 143
143 173
173 179
179 178
178 182
182 176
176 177
177 172
172 184
184 181
181 174
174 180
180 183
183 36
36 72
72 49
185 190
190 187
187 194
194 192
192 193
193 195
195 172
172 188
188 189
189 186
186 117
117 157
157 86
86 191
191 1
197 200
200 199
199 201
201 202
202 203
203 54
54 204
204 102
102 14
14 198
198 196
206 210
210 211
211 55
55 212
212 103
103 15
15 209
209 208
208 207
207 205
214 215
215 213
217 222
222 226
226 118
118 186
186 220
220 219
219 218
218 223
223 225
225 228
228 73
73 227
227 37
37 56
56 229
229 221
221 104
104 224
224 216
230 233
233 234
234 57
57 105
105 16
16 232
232 207
207 231
231 196
235 238
238 25
25 237
237 236
214 246
246 144
144 248
248 245
245 240
240 239
239 247
247 244
244 249
249 241
241 173
173 119
119 242
242 87
87 158
158 167
167 4
4 243
243 26
26 132
251 253
253 255
255 256
256 237
237 257
257 58
58 106
106 17
17 252
252 208
208 231
231 254
254 250
258 260
260 261
261 187
187 264
264 262
262 174
174 263
263 265
265 218
218 259
266 272
272 268
268 269
269 271
271 145
145 270
270 239
239 267
273 38
38 120
120 277
277 275
275 198
198 88
88 209
209 252
252 232
232 59
59 276
276 274
279 282
282 260
260 280
280 286
286 287
287 284
284 240
240 146
146 283
283 268
268 288
288 89
89 168
168 175
175 285
285 281
281 278
289 269
269 147
147 297
297 241
241 293
293 291
291 295
295 176
176 290
290 188
188 219
219 292
292 121
121 294
294 298
298 60
60 296
296 299
299 107
107 18
18 275
275 196
301 300
140 307
307 280
280 308
308 304
304 302
302 306
306 309
309 177
177 290
290 189
189 220
220 122
122 159
159 303
303 199
199 90
90 305
305 206
171 281
281 311
311 310
313 282
282 190
190 261
261 319
319 315
315 302
302 316
316 320
320 318
318 291
291 178
178 314
314 123
123 242
242 91
91 169
169 160
160 137
137 5
5 317
317 312
100 221
221 326
326 325
325 39
39 324
324 74
74 61
61 322
322 292
292 124
124 161
161 303
303 200
200 92
92 191
191 321
321 323
323 6
6 243
243 138
138 20
327 330
330 333
333 328
328 283
283 148
148 270
270 331
331 244
244 334
334 293
293 179
179 314
314 125
125 222
222 332
332 162
162 93
93 321
321 7
7 27
27 329
329 253
253 335
335 233
233 336
336 276
276 50
337 328
328 149
149 245
245 284
284 341
341 304
304 315
315 192
192 262
262 180
180 340
340 343
343 223
223 322
322 62
62 344
344 339
339 342
342 108
108 19
19 126
126 277
277 254
254 338
217 163
163 94
94 170
170 323
323 8
8 28
28 329
329 255
255 345
345 236
47 215
215 330
330 246
246 140
216 347
347 109
109 348
348 349
349 40
40 75
75 339
339 350
350 63
63 127
127 294
294 201
201 95
95 305
305 346
301 224
224 347
347 351
351 353
353 352
352 41
41 69
354 271
271 150
150 331
331 247
247 355
355 316
316 306
306 193
193 181
181 263
263 340
340 358
358 225
225 76
76 64
64 324
324 359
359 42
42 356
356 348
348 110
110 351
351 357
357 9
171 285
285 360
360 151
151 317
317 20
214 307
307 286
286 361
361 341
341 355
355 362
362 318
318 295
295 182
182 128
128 226
226 332
332 164
164 96
96 165
337 333
333 152
152 248
248 287
287 361
361 308
308 319
319 194
194 264
264 183
183 77
77 227
227 65
65 43
43 325
325 365
365 356
356 349
349 111
111 364
364 352
352 363
278 311
311 360
360 366
300 357
357 353
353 364
364 44
44 78
78 112
112 342
342 369
369 129
129 296
296 66
66 368
368 202
202 97
97 210
210 367
370 48
48 272
272 288
288 153
153 297
297 249
249 334
334 362
362 320
320 309
309 195
195 184
184 265
265 343
343 358
358 228
228 371
373 229
229 326
326 365
365 45
45 359
359 79
79 344
344 350
350 67
67 130
130 298
298 368
368 203
203 98
98 211
211 238
238 29
29 256
256 345
345 335
335 372
374 369
369 131
131 299
299 204
204 99
99 212
212 68
68 30
30 257
257 234
234 336
336 274
601
0 0.200000000000000 7.000000000000000
1 0.200000000000000 7.700000000000000
2 0.200000000000000 6.700000000000000
3 0.300000000000000 7.300000000000000
4 0.300000000000000 6.700000000000000
5 0.400000000000000 7.700000000000000
6 0.400000000000000 5.700000000000000
7 0.500000000000000 7.000000000000000
8 0.500000000000000 7.100000000000000
9 0.500000000000000 5.400000000000000
10 0.600000000000000 3.600000000000000
11 0.600000000000000 3.400000000000000
12 0.600000000000000 3.900000000000000
13 0.600000000000000 6.100000000000000
14 0.600000000000000 5.100000000000000
15 0.700000000000000 6.400000000000000
16 0.700000000000000 4.000000000000000
17 0.700000000000000 4.500000000000000
18 0.700000000000000 4.200000000000000
19 0.700000000000000 5.600000000000000
20 0.700000000000000 7.000000000000000
21 0.700000000000000 7.700000000000000
22 0.700000000000000 6.600000000000000
23 0.800000000000000 7.400000000000000
24 0.800000000000000 6.400000000000000
25 0.800000000000000 4.000000000000000
26 0.800000000000000 6.900000000000000
27 0.800000000000000 5.200000000000000
28 0.900000000000000 7.200000000000000
29 0.900000000000000 3.600000000000000
30 0.900000000000000 4.000000000000000
31 0.900000000000000 4.300000000000000
32 0.900000000000000 6.800000000000000
33 0.900000000000000 6.900000000000000
34 1.000000000000000 4.200000000000000
35 1.000000000000000 6.000000000000000
36 1.000000000000000 3.900000000000000
37 1.000000000000000 5.200000000000000
38 1.100000000000000 3.700000000000000
39 1.200000000000000 4.800000000000000
40 1.200000000000000 6.500000000000000
41 1.200000000000000 2.800000000000000
42 1.200000000000000 3.600000000000000
43 1.200000000000000 2.700000000000000
44 1.200000000000000 5.400000000000000
45 1.200000000000000 5.700000000000000
46 1.200000000000000 4.500000000000000
47 1.300000000000000 6.400000000000000
48 1.300000000000000 4.300000000000000
49 1.300000000000000 5.200000000000000
50 1.300000000000000 4.800000000000000
51 1.300000000000000 4.700000000000000
52 1.300000000000000 4.400000000000000
53 1.300000000000000 2.900000000000000
54 1.400000000000000 6.200000000000000
55 1.400000000000000 5.400000000000000
56 1.400000000000000 4.200000000000000
57 1.400000000000000 3.700000000000000
58 1.400000000000000 6.500000000000000
59 1.400000000000000 4.400000000000000
60 1.400000000000000 7.700000000000000
61 1.400000000000000 6.300000000000000
62 1.500000000000000 6.500000000000000
63 1.500000000000000 3.300000000000000
64 1.500000000000000 3.000000000000000
65 1.500000000000000 2.600000000000000
66 1.600000000000000 6.600000000000000
67 1.600000000000000 7.100000000000000
68 1.600000000000000 6.900000000000000
69 1.600000000000000 7.100000000000000
70 1.600000000000000 3.100000000000000
71 1.600000000000000 4.800000000000000
72 1.600000000000000 4.400000000000000
73 1.700000000000000 3.100000000000000
74 1.700000000000000 6.300000000000000
75 1.700000000000000 8.000000000000000
76 1.700000000000000 7.300000000000000
77 1.800000000000000 5.700000000000000
78 1.800000000000000 6.000000000000000
79 1.800000000000000 7.300000000000000
80 1.800000000000000 6.200000000000000
81 1.800000000000000 7.000000000000000
82 1.800000000000000 6.400000000000000
83 1.900000000000000 3.200000000000000
84 1.900000000000000 5.600000000000000
85 1.900000000000000 7.800000000000000
86 1.900000000000000 3.100000000000000
87 2.000000000000000 5.000000000000000
88 2.000000000000000 3.200000000000000
89 2.000000000000000 9.400000000000000
90 2.000000000000000 5.900000000000000
91 2.000000000000000 5.600000000000000
92 2.000000000000000 3.100000000000000
93 2.000000000000000 5.100000000000000
94 2.000000000000000 7.500000000000000
95 2.000000000000000 8.900000000000000
96 2.000000000000000 5.300000000000000
97 2.100000000000000 4.500000000000000
98 2.100000000000000 7.000000000000000
99 2.100000000000000 3.500000000000000
100 2.100000000000000 4.800000000000000
101 2.200000000000000 9.100000000000000
102 2.200000000000000 3.900000000000000
103 2.200000000000000 4.100000000000000
104 2.200000000000000 7.400000000000000
105 2.200000000000000 6.200000000000000
106 2.200000000000000 8.199999999999999
107 2.200000000000000 5.100000000000000
108 2.200000000000000 4.400000000000000
109 2.300000000000000 9.400000000000000
110 2.300000000000000 5.000000000000000
111 2.300000000000000 9.100000000000000
112 2.300000000000000 7.300000000000000
113 2.300000000000000 4.900000000000000
114 2.300000000000000 6.400000000000000
115 2.300000000000000 4.700000000000000
116 2.300000000000000 4.300000000000000
117 2.400000000000000 6.300000000000000
118 2.400000000000000 8.800000000000001
119 2.400000000000000 8.000000000000000
120 2.400000000000000 4.900000000000000
121 2.400000000000000 6.100000000000000
122 2.400000000000000 4.600000000000000
123 2.500000000000000 3.600000000000000
124 2.500000000000000 6.900000000000000
125 2.500000000000000 3.500000000000000
126 2.500000000000000 7.300000000000000
127 2.500000000000000 9.100000000000000
128 2.500000000000000 4.600000000000000
129 2.500000000000000 7.000000000000000
130 2.500000000000000 8.199999999999999
131 2.500000000000000 4.400000000000000
132 2.500000000000000 6.800000000000000
133 2.500000000000000 9.300000000000001
134 2.500000000000000 6.600000000000000
135 2.600000000000000 7.600000000000000
136 2.600000000000000 7.800000000000000
137 2.600000000000000 3.900000000000000
138 2.600000000000000 7.000000000000000
139 2.600000000000000 6.600000000000000
140 2.600000000000000 3.800000000000000
141 2.600000000000000 6.100000000000000
142 2.600000000000000 8.900000000000000
143 2.600000000000000 3.700000000000000
144 2.700000000000000 8.199999999999999
145 2.700000000000000 3.900000000000000
146 2.700000000000000 7.200000000000000
147 2.800000000000000 7.500000000000000
148 2.800000000000000 6.200000000000000
149 2.800000000000000 8.199999999999999
150 2.800000000000000 9.300000000000001
151 2.900000000000000 5.900000000000000
152 2.900000000000000 5.300000000000000
153 2.900000000000000 6.400000000000000
154 2.900000000000000 4.300000000000000
155 2.900000000000000 6.300000000000000
156 2.900000000000000 8.500000000000000
157 2.900000000000000 8.800000000000001
158 2.900000000000000 8.000000000000000
159 2.900000000000000 6.600000000000000
160 2.900000000000000 8.300000000000001
161 3.000000000000000 7.900000000000000
162 3.000000000000000 4.400000000000000
163 3.000000000000000 4.500000000000000
164 3.000000000000000 9.100000000000000
165 3.000000000000000 5.800000000000000
166 3.000000000000000 3.700000000000000
167 3.000000000000000 7.400000000000000
168 3.000000000000000 5.100000000000000
169 3.000000000000000 4.000000000000000
170 3.100000000000000 8.699999999999999
171 3.100000000000000 3.100000000000000
172 3.100000000000000 9.000000000000000
173 3.100000000000000 9.000000000000000
174 3.100000000000000 3.700000000000000
175 3.100000000000000 5.700000000000000
176 3.100000000000000 7.300000000000000
177 3.100000000000000 7.600000000000000
178 3.200000000000000 8.100000000000000
179 3.200000000000000 3.600000000000000
180 3.200000000000000 7.000000000000000
181 3.200000000000000 8.300000000000001
182 3.200000000000000 8.600000000000000
183 3.300000000000000 3.400000000000000
184 3.300000000000000 2.800000000000000
185 3.300000000000000 6.300000000000000
186 3.300000000000000 7.600000000000000
187 3.300000000000000 3.800000000000000
188 3.300000000000000 4.500000000000000
189 3.300000000000000 2.900000000000000
190 3.300000000000000 6.500000000000000
191 3.400000000000000 4.900000000000000
192 3.400000000000000 4.100000000000000
193 3.400000000000000 6.700000000000000
194 3.400000000000000 6.600000000000000
195 3.400000000000000 7.500000000000000
196 3.400000000000000 8.000000000000000
197 3.400000000000000 4.300000000000000
198 3.400000000000000 8.100000000000000
199 3.400000000000000 2.800000000000000
200 3.400000000000000 7.500000000000000
201 3.400000000000000 4.200000000000000
202 3.400000000000000 8.699999999999999
203 3.400000000000000 7.200000000000000
204 3.500000000000000 5.900000000000000
205 3.500000000000000 5.000000000000000
206 3.500000000000000 5.700000000000000
207 3.500000000000000 5.300000000000000
208 3.500000000000000 4.700000000000000
209 3.600000000000000 5.700000000000000
210 3.600000000000000 3.900000000000000
211 3.600000000000000 8.400000000000000
212 3.600000000000000 3.300000000000000
213 3.700000000000000 5.200000000000000
214 3.700000000000000 8.800000000000001
215 3.700000000000000 6.700000000000000
216 3.700000000000000 7.200000000000000
217 3.700000000000000 2.100000000000000
218 3.700000000000000 4.900000000000000
219 3.700000000000000 7.600000000000000
220 3.700000000000000 2.000000000000000
221 3.700000000000000 4.800000000000000
222 3.700000000000000 5.800000000000000
223 3.700000000000000 7.000000000000000
224 3.700000000000000 2.400000000000000
225 3.800000000000000 6.100000000000000
226 3.800000000000000 4.700000000000000
227 3.800000000000000 8.300000000000001
228 3.800000000000000 8.400000000000000
229 3.800000000000000 7.400000000000000
230 3.800000000000000 5.000000000000000
231 3.800000000000000 7.900000000000000
232 3.800000000000000 4.700000000000000
233 3.800000000000000 3.300000000000000
234 3.900000000000000 2.100000000000000
235 3.900000000000000 3.100000000000000
236 3.900000000000000 6.900000000000000
237 3.900000000000000 1.300000000000000
238 3.900000000000000 4.500000000000000
239 3.900000000000000 5.500000000000000
240 3.900000000000000 2.100000000000000
241 3.900000000000000 8.800000000000001
242 4.000000000000000 6.800000000000000
243 4.000000000000000 5.200000000000000
244 4.000000000000000 2.600000000000000
245 4.000000000000000 3.300000000000000
246 4.000000000000000 1.700000000000000
247 4.000000000000000 3.600000000000000
248 4.000000000000000 7.100000000000000
249 4.000000000000000 8.400000000000000
250 4.000000000000000 2.100000000000000
251 4.000000000000000 5.400000000000000
252 4.000000000000000 4.100000000000000
253 4.100000000000000 7.800000000000000
254 4.100000000000000 4.100000000000000
255 4.100000000000000 0.600000000000000
256 4.100000000000000 7.800000000000000
257 4.100000000000000 5.600000000000000
258 4.100000000000000 5.700000000000000
259 4.100000000000000 7.500000000000000
260 4.100000000000000 1.300000000000000
261 4.100000000000000 5.700000000000000
262 4.100000000000000 1.100000000000000
263 4.100000000000000 4.800000000000000
264 4.200000000000000 0.900000000000000
265 4.200000000000000 1.600000000000000
266 4.200000000000000 1.500000000000000
267 4.200000000000000 2.200000000000000
268 4.200000000000000 6.600000000000000
269 4.200000000000000 5.500000000000000
270 4.200000000000000 0.900000000000000
271 4.200000000000000 5.200000000000000
272 4.200000000000000 7.100000000000000
273 4.200000000000000 8.000000000000000
274 4.200000000000000 5.800000000000000
275 4.300000000000000 0.700000000000000
276 4.300000000000000 8.699999999999999
277 4.300000000000000 5.600000000000000
278 4.300000000000000 3.300000000000000
279 4.300000000000000 8.100000000000000
280 4.300000000000000 0.800000000000000
281 4.300000000000000 6.100000000000000
282 4.300000000000000 4.100000000000000
283 4.400000000000000 1.800000000000000
284 4.400000000000000 3.300000000000000
285 4.400000000000000 3.300000000000000
286 4.400000000000000 4.600000000000000
287 4.400000000000000 7.000000000000000
288 4.400000000000000 4.500000000000000
289 4.400000000000000 1.700000000000000
290 4.400000000000000 7.000000000000000
291 4.400000000000000 7.900000000000000
292 4.400000000000000 2.500000000000000
293 4.400000000000000 5.900000000000000
294 4.500000000000000 8.600000000000000
295 4.500000000000000 6.600000000000000
296 4.500000000000000 5.300000000000000
297 4.500000000000000 8.500000000000000
298 4.500000000000000 5.500000000000000
299 4.500000000000000 1.900000000000000
300 4.500000000000000 4.600000000000000
301 4.500000000000000 2.100000000000000
302 4.500000000000000 3.500000000000000
303 4.500000000000000 3.800000000000000
304 4.500000000000000 4.000000000000000
305 4.500000000000000 7.900000000000000
306 4.500000000000000 5.900000000000000
307 4.500000000000000 7.600000000000000
308 4.500000000000000 5.400000000000000
309 4.500000000000000 4.400000000000000
310 4.500000000000000 7.400000000000000
311 4.600000000000000 1.300000000000000
312 4.600000000000000 2.400000000000000
313 4.600000000000000 6.900000000000000
314 4.600000000000000 6.100000000000000
315 4.600000000000000 2.900000000000000
316 4.600000000000000 6.100000000000000
317 4.600000000000000 8.199999999999999
318 4.600000000000000 5.500000000000000
319 4.600000000000000 5.400000000000000
320 4.600000000000000 5.800000000000000
321 4.600000000000000 2.600000000000000
322 4.700000000000000 6.300000000000000
323 4.700000000000000 8.199999999999999
324 4.700000000000000 8.100000000000000
325 4.700000000000000 7.800000000000000
326 4.700000000000000 8.500000000000000
327 4.700000000000000 7.200000000000000
328 4.700000000000000 3.400000000000000
329 4.800000000000000 7.600000000000000
330 4.800000000000000 2.300000000000000
331 4.800000000000000 3.800000000000000
332 4.800000000000000 1.600000000000000
333 4.900000000000000 7.600000000000000
334 4.900000000000000 2.000000000000000
335 5.000000000000000 2.700000000000000
336 5.000000000000000 7.600000000000000
337 5.000000000000000 6.100000000000000
338 5.000000000000000 3.700000000000000
339 5.000000000000000 2.500000000000000
340 5.000000000000000 4.800000000000000
341 5.000000000000000 3.700000000000000
342 5.000000000000000 2.700000000000000
343 5.100000000000000 5.100000000000000
344 5.100000000000000 7.900000000000000
345 5.100000000000000 2.600000000000000
346 5.100000000000000 7.600000000000000
347 5.100000000000000 6.500000000000000
348 5.100000000000000 2.600000000000000
349 5.100000000000000 2.200000000000000
350 5.100000000000000 8.199999999999999
351 5.100000000000000 6.600000000000000
352 5.200000000000000 5.800000000000000
353 5.200000000000000 5.200000000000000
354 5.200000000000000 2.600000000000000
355 5.200000000000000 3.000000000000000
356 5.200000000000000 1.700000000000000
357 5.200000000000000 7.500000000000000
358 5.200000000000000 3.900000000000000
359 5.200000000000000 6.400000000000000
360 5.200000000000000 8.100000000000000
361 5.300000000000000 7.000000000000000
362 5.300000000000000 7.600000000000000
363 5.300000000000000 6.700000000000000
364 5.300000000000000 1.800000000000000
365 5.300000000000000 1.600000000000000
366 5.300000000000000 8.199999999999999
367 5.300000000000000 2.300000000000000
368 5.300000000000000 1.700000000000000
369 5.300000000000000 3.100000000000000
370 5.400000000000000 5.000000000000000
371 5.400000000000000 5.600000000000000
372 5.400000000000000 4.600000000000000
373 5.400000000000000 7.800000000000000
374 5.400000000000000 7.900000000000000
375 5.400000000000000 3.600000000000000
376 5.400000000000000 3.400000000000000
377 5.400000000000000 6.600000000000000
378 5.500000000000000 4.700000000000000
379 5.500000000000000 5.700000000000000
380 5.500000000000000 6.700000000000000
381 5.500000000000000 1.400000000000000
382 5.500000000000000 2.400000000000000
383 5.600000000000000 3.100000000000000
384 5.600000000000000 6.800000000000000
385 5.600000000000000 2.700000000000000
386 5.600000000000000 3.900000000000000
387 5.600000000000000 5.900000000000000
388 5.600000000000000 6.400000000000000
389 5.700000000000000 6.700000000000000
390 5.700000000000000 3.100000000000000
391 5.700000000000000 4.500000000000000
392 5.700000000000000 2.300000000000000
393 5.700000000000000 6.500000000000000
394 5.700000000000000 8.000000000000000
395 5.700000000000000 6.000000000000000
396 5.700000000000000 7.700000000000000
397 5.700000000000000 5.600000000000000
398 5.800000000000000 5.500000000000000
399 5.800000000000000 5.500000000000000
400 5.800000000000000 3.500000000000000
401 5.800000000000000 2.300000000000000
402 5.800000000000000 4.900000000000000
403 5.800000000000000 2.600000000000000
404 5.800000000000000 2.300000000000000
405 5.800000000000000 6.100000000000000
406 5.900000000000000 3.400000000000000
407 5.900000000000000 2.900000000000000
408 5.900000000000000 7.400000000000000
409 5.900000000000000 3.100000000000000
410 5.900000000000000 5.400000000000000
411 5.900000000000000 6.100000000000000
412 5.900000000000000 1.700000000000000
413 5.900000000000000 4.300000000000000
414 6.000000000000000 6.000000000000000
415 6.000000000000000 3.100000000000000
416 6.000000000000000 2.900000000000000
417 6.000000000000000 7.000000000000000
418 6.000000000000000 3.400000000000000
419 6.000000000000000 5.900000000000000
420 6.100000000000000 4.300000000000000
421 6.100000000000000 2.600000000000000
422 6.100000000000000 7.200000000000000
423 6.200000000000000 7.500000000000000
424 6.200000000000000 2.300000000000000
425 6.200000000000000 4.300000000000000
426 6.200000000000000 3.500000000000000
427 6.200000000000000 3.200000000000000
428 6.200000000000000 2.700000000000000
429 6.300000000000000 6.900000000000000
430 6.300000000000000 7.800000000000000
431 6.300000000000000 6.600000000000000
432 6.300000000000000 3.300000000000000
433 6.300000000000000 2.600000000000000
434 6.300000000000000 7.300000000000000
435 6.300000000000000 7.000000000000000
436 6.300000000000000 6.500000000000000
437 6.300000000000000 3.700000000000000
438 6.400000000000000 8.300000000000001
439 6.400000000000000 5.800000000000000
440 6.400000000000000 3.500000000000000
441 6.500000000000000 3.900000000000000
442 6.500000000000000 4.000000000000000
443 6.500000000000000 6.500000000000000
444 6.500000000000000 7.000000000000000
445 6.500000000000000 3.200000000000000
446 6.500000000000000 7.700000000000000
447 6.500000000000000 6.500000000000000
448 6.500000000000000 3.800000000000000
449 6.500000000000000 5.800000000000000
450 6.500000000000000 7.300000000000000
451 6.500000000000000 4.500000000000000
452 6.600000000000000 7.900000000000000
453 6.600000000000000 6.600000000000000
454 6.600000000000000 7.400000000000000
455 6.600000000000000 8.199999999999999
456 6.600000000000000 5.400000000000000
457 6.600000000000000 4.500000000000000
458 6.700000000000000 4.000000000000000
459 6.700000000000000 8.199999999999999
460 6.700000000000000 7.800000000000000
461 6.700000000000000 2.800000000000000
462 6.700000000000000 2.600000000000000
463 6.700000000000000 6.100000000000000
464 6.800000000000000 4.600000000000000
465 6.800000000000000 2.100000000000000
466 6.800000000000000 2.700000000000000
467 6.800000000000000 2.800000000000000
468 6.800000000000000 2.600000000000000
469 6.800000000000000 6.700000000000000
470 6.800000000000000 2.600000000000000
471 6.800000000000000 4.500000000000000
472 6.800000000000000 4.800000000000000
473 6.800000000000000 5.200000000000000
474 6.900000000000000 7.500000000000000
475 6.900000000000000 6.400000000000000
476 7.000000000000000 7.200000000000000
477 7.000000000000000 7.900000000000000
478 7.000000000000000 7.000000000000000
479 7.100000000000000 5.000000000000000
480 7.100000000000000 5.200000000000000
481 7.100000000000000 8.199999999999999
482 7.100000000000000 5.200000000000000
483 7.100000000000000 6.200000000000000
484 7.100000000000000 4.100000000000000
485 7.100000000000000 7.000000000000000
486 7.100000000000000 5.600000000000000
487 7.100000000000000 7.700000000000000
488 7.100000000000000 4.800000000000000
489 7.100000000000000 2.300000000000000
490 7.100000000000000 2.000000000000000
491 7.100000000000000 7.400000000000000
492 7.200000000000000 6.000000000000000
493 7.200000000000000 2.900000000000000
494 7.200000000000000 8.400000000000000
495 7.200000000000000 6.600000000000000
496 7.200000000000000 8.100000000000000
497 7.200000000000000 8.800000000000001
498 7.200000000000000 6.900000000000000
499 7.200000000000000 8.100000000000000
500 7.200000000000000 5.900000000000000
501 7.200000000000000 7.000000000000000
502 7.200000000000000 4.000000000000000
503 7.200000000000000 4.900000000000000
504 7.200000000000000 2.900000000000000
505 7.200000000000000 7.000000000000000
506 7.300000000000000 3.900000000000000
507 7.300000000000000 4.700000000000000
508 7.300000000000000 4.500000000000000
509 7.300000000000000 3.900000000000000
510 7.300000000000000 6.600000000000000
511 7.300000000000000 8.400000000000000
512 7.300000000000000 6.000000000000000
513 7.300000000000000 4.000000000000000
514 7.400000000000000 3.200000000000000
515 7.400000000000000 7.600000000000000
516 7.400000000000000 6.800000000000000
517 7.400000000000000 4.100000000000000
518 7.400000000000000 5.200000000000000
519 7.400000000000000 7.000000000000000
520 7.400000000000000 4.400000000000000
521 7.400000000000000 5.100000000000000
522 7.500000000000000 8.100000000000000
523 7.500000000000000 6.100000000000000
524 7.500000000000000 3.900000000000000
525 7.500000000000000 5.300000000000000
526 7.500000000000000 8.100000000000000
527 7.500000000000000 2.200000000000000
528 7.600000000000000 8.100000000000000
529 7.600000000000000 6.000000000000000
530 7.600000000000000 6.400000000000000
531 7.700000000000000 3.300000000000000
532 7.700000000000000 4.400000000000000
533 7.700000000000000 2.000000000000000
534 7.700000000000000 6.500000000000000
535 7.700000000000000 8.800000000000001
536 7.700000000000000 8.100000000000000
537 7.700000000000000 4.200000000000000
538 7.700000000000000 2.000000000000000
539 7.700000000000000 4.200000000000000
540 7.700000000000000 3.800000000000000
541 7.700000000000000 5.800000000000000
542 7.700000000000000 7.500000000000000
543 7.700000000000000 3.600000000000000
544 7.800000000000000 7.700000000000000
545 7.800000000000000 2.800000000000000
546 7.800000000000000 2.800000000000000
547 7.800000000000000 8.500000000000000
548 7.800000000000000 8.900000000000000
549 7.900000000000000 4.000000000000000
550 7.900000000000000 2.000000000000000
551 7.900000000000000 5.700000000000000
552 8.000000000000000 6.600000000000000
553 8.000000000000000 2.800000000000000
554 8.000000000000000 5.800000000000000
555 8.000000000000000 6.100000000000000
556 8.000000000000000 2.000000000000000
557 8.000000000000000 7.400000000000000
558 8.000000000000000 8.699999999999999
559 8.100000000000000 7.800000000000000
560 8.100000000000000 6.100000000000000
561 8.100000000000000 9.199999999999999
562 8.100000000000000 6.500000000000000
563 8.100000000000000 7.500000000000000
564 8.100000000000000 4.900000000000000
565 8.100000000000000 9.199999999999999
566 8.100000000000000 5.100000000000000
567 8.100000000000000 7.800000000000000
568 8.199999999999999 6.600000000000000
569 8.199999999999999 3.200000000000000
570 8.199999999999999 2.000000000000000
571 8.300000000000001 8.600000000000000
572 8.300000000000001 5.200000000000000
573 8.300000000000001 4.400000000000000
574 8.300000000000001 6.300000000000000
575 8.300000000000001 9.000000000000000
576 8.300000000000001 5.200000000000000
577 8.300000000000001 5.600000000000000
578 8.300000000000001 4.900000000000000
579 8.400000000000000 4.800000000000000
580 8.400000000000000 2.200000000000000
581 8.400000000000000 6.800000000000000
582 8.400000000000000 5.200000000000000
583 8.400000000000000 2.000000000000000
584 8.500000000000000 4.800000000000000
585 8.500000000000000 7.700000000000000
586 8.500000000000000 5.700000000000000
587 8.500000000000000 2.600000000000000
588 8.500000000000000 4.300000000000000
589 8.500000000000000 6.500000000000000
590 8.500000000000000 7.100000000000000
591 8.500000000000000 1.900000000000000
592 8.500000000000000 7.700000000000000
593 8.500000000000000 4.200000000000000
594 8.500000000000000 2.400000000000000
595 8.600000000000000 8.100000000000000
596 8.600000000000000 3.900000000000000
597 8.600000000000000 3.900000000000000
598 8.600000000000000 3.600000000000000
599 8.699999999999999 8.199999999999999
600 8.800000000000001 8.400000000000000
