292
0 4.520000000000000 5.350000000000000
1 6.680000000000000 4.330000000000000
2 6.503748498197838 4.413229875851021
3 4.829699886749717 5.203752831257078
4 5.488405828386400 4.892697247706423
5 5.875745283018867 4.709786949685535
6 5.813534246575345 4.739164383561643
7 5.079026702480645 5.086015168273028
8 4.920639896373057 5.160808937823833
9 4.240000000000000 4.100000000000000
10 9.539999999999999 4.000000000000000
11 6.364835921242197 4.059908756202978
12 8.707288080089821 4.015711545658682
13 7.029626283115128 4.047365541828016
14 8.503492787847843 4.019556739851927
15 7.875672838701265 4.031402399269787
16 9.050349904204900 4.009238681052738
17 4.838578538102644 4.088706065318818
18 6.483422005782986 4.057671282909755
19 5.372544812528639 4.078631229952290
20 6.768160919540231 4.052298850574712
21 7.853344971631648 4.031823679780535
22 4.670415200562983 4.091878958479944
23 8.619973166830075 4.017358996852263
24 4.926744292761271 4.087042560513938
25 7.913371699732444 4.030691100005048
26 7.424542034195895 4.039914301241587
27 4.948997278750591 4.086622692853762
28 5.658325912464031 4.073239133727093
29 0.780000000000000 3.600000000000000
30 8.970000000000001 1.140000000000000
31 5.613245876851567 2.148255817209420
32 7.921786314706546 1.454848066644921
33 5.618131585710616 2.146788314914760
34 8.753237061221334 1.205108281977475
35 3.093321932449765 2.905156049593844
36 8.958400558756766 1.143484081252547
37 6.224911998714137 1.964531927126157
38 8.963348416289589 1.141997911590673
39 2.296094877416783 3.144616190666022
40 7.645774647887324 1.537752669865347
41 2.898589588939408 2.963647083175709
42 5.618071174377224 2.146806460443472
43 3.016534524758857 2.928220399156681
44 2.750752595054475 3.008052334086202
45 4.674194395796848 2.430315236427321
46 5.606509562233942 2.150279179109219
47 7.309633293722251 1.638718204816028
48 4.032989420302527 2.622911602693014
49 4.540000000000000 1.550000000000000
50 2.400000000000000 1.790000000000000
51 2.646154145581938 1.762393927598287
52 2.669432137568376 1.759783311674575
53 4.416035233160621 1.563902590673575
54 5.610000000000000 2.140000000000000
55 8.369999999999999 9.160000000000000
56 6.942856731160997 5.530092120561668
57 5.798118519832777 2.618475365661628
58 5.778101651842440 2.567562897077509
59 6.624131937955522 4.719422537843394
60 6.399404428451677 4.147833002801005
61 6.067011399968307 3.302398560788956
62 6.451439714007150 4.280183620409490
63 7.368283068783069 6.612154761904764
64 7.253181257706535 6.319395807644884
65 7.075441200021352 5.867317834836918
66 6.685478605573044 4.875456453305352
67 6.108904199640969 3.408951986043336
68 7.276578099692442 6.378905166609037
69 8.267491831576351 8.899272702052894
70 7.770000000000000 0.960000000000000
71 9.000000000000000 4.970000000000000
72 8.327580731211672 2.777803847283583
73 8.661544235660140 3.866579174794440
74 8.067313540368941 1.929290485267851
75 7.963133481560990 1.589646553706969
76 8.166236131984263 2.251794218908044
77 7.870253751315547 1.286843530711664
78 8.673657345951270 3.906069883954953
79 8.390859783428557 2.984103846787407
80 8.382512097344286 2.956889032805353
81 6.710000000000000 4.360000000000000
82 9.910000000000000 1.230000000000000
83 7.428013698281868 3.657692851368048
84 8.990047960076476 2.129828089050197
85 7.419533050155683 3.665987985316473
86 8.611826237949822 2.499776211005330
87 2.490000000000000 9.840000000000000
88 8.720000000000001 3.810000000000000
89 7.221992064704417 5.259917792910493
90 8.206186916575176 4.307318281388715
91 2.493468535590890 9.836642813866282
92 7.581303150077854 4.912141573841179
93 5.259372286584068 7.159532120689900
94 8.194007867474959 4.319106349779455
95 5.377658959291069 7.045042772949415
96 7.455807098471272 5.033608859746106
97 4.388327989589026 8.002613518905004
98 9.640000000000001 9.510000000000000
99 9.202151989323223 8.740403667240479
100 6.952050040473912 4.785446316873942
101 7.654157878140220 6.019526645877860
102 7.450520670391061 5.661597765363128
103 7.294451394436322 5.387278048241317
104 6.878870034955774 4.656819344717487
105 7.693900197326472 6.089380892911716
106 5.933914049424041 2.410406123855469
107 6.002087187324058 2.467317622456366
108 7.106362417272089 3.389175705274339
109 6.466941032494622 2.855381451905540
110 8.401463539737270 4.470336819308694
111 7.902738682789454 4.053997189467301
112 7.620496748601658 3.818379291605514
113 6.478078308703918 2.864678942074362
114 5.080000000000000 7.610000000000000
115 4.580000000000000 9.910000000000000
116 4.965639633525619 8.136057685782152
117 3.990000000000000 6.320000000000000
118 3.620000000000000 3.650000000000000
119 3.774783077561178 4.766948154292824
120 3.777574631118437 4.787092608341151
121 3.775142962257964 4.769545160077739
122 3.883571768060837 5.551990866817388
123 3.906480962005468 5.717308563661079
124 3.729549953727920 4.440536152577153
125 3.631492513539344 3.732932462567697
126 0.450000000000000 2.020000000000000
127 2.890000000000000 0.750000000000000
128 1.933275444994042 1.247967288876052
129 2.613039458733602 0.894155691560789
130 3.110000000000000 5.720000000000000
131 3.764377267230955 4.781866218660046
132 3.773075259730576 4.769396530297758
133 3.449353493222108 5.233493222106358
134 3.851401345666752 4.657106035415806
135 3.150000000000000 3.050000000000000
136 3.552387814981015 3.563686572316189
137 7.110000000000000 2.940000000000000
138 9.619999999999999 0.290000000000000
139 8.953590784511714 0.993579450615121
140 8.702391553295772 1.258789794329164
141 8.855657221163387 1.096975443791642
142 1.290000000000000 1.710000000000000
143 0.910000000000000 3.510000000000000
144 2.610000000000000 1.670000000000000
145 3.134948805460751 3.011535836177475
146 2.674285714285714 1.834285714285714
147 2.460000000000000 9.890000000000001
148 0.340000000000000 6.910000000000000
149 9.240000000000000 9.920000000000000
150 8.940000000000000 0.570000000000000
151 8.958423594470046 1.144202027649769
152 8.957319851465275 1.109802037334402
153 8.966409769478293 1.393104482073465
154 9.084383896274721 5.069964767228826
155 8.976286527624470 1.700930110962645
156 8.994389394478620 2.265136127917029
157 9.086102156253986 5.123517203249264
158 5.300000000000000 5.390000000000000
159 3.723977835177997 4.765867328532879
160 4.258483957225629 4.977541213149088
161 2.207830903255388 4.165446309032554
162 2.319428755038034 4.209641033521699
163 5.286098481754417 5.384494752730178
164 5.257550913784625 5.373189410547450
165 4.487265531252940 5.068142765695301
166 3.966671076095062 4.861978147391628
167 5.114146124359324 5.316398575797166
168 4.600483709288409 5.112979168058905
169 4.878423653488989 5.223048305253383
170 3.316277020628319 4.604410590027586
171 5.590000000000000 4.900000000000000
172 0.860000000000000 4.560000000000000
173 4.366489731610747 4.812052116014303
174 1.261728240450846 4.588876871406614
175 2.329418996523854 4.665624198481630
176 4.695238565537867 4.835683110419213
177 3.920544946273256 4.779996888315625
178 5.044695524099997 4.860802638095983
179 4.694657609988491 4.835641350400865
180 5.120437774547545 4.866247112758175
181 3.269689157788593 4.733212328466833
182 7.370000000000000 0.210000000000000
183 2.560000000000000 7.580000000000000
184 5.853315908694895 2.533900572332355
185 3.422941959258878 6.257779160137644
186 4.136689810222840 5.164157193068123
187 5.932755502252763 2.412181278253043
188 4.784239837636034 4.171965155222958
189 4.910256091420115 3.978879959715956
190 5.067281012042987 3.738282524166982
191 3.138621078347522 6.693422588893713
192 9.369999999999999 0.960000000000000
193 0.790000000000000 4.800000000000000
194 9.018140342883180 1.117475650737597
195 2.317386234326401 4.116414552469303
196 7.356409710391823 1.861187262481981
197 3.299801488833745 3.676732200801681
198 5.999506420545746 2.468472650944561
199 3.776897837434750 3.463206562266965
200 0.817950343370313 4.787490755414685
201 4.764283490340092 3.021299696631008
202 9.300038225765098 0.991311563293942
203 5.408671872993039 2.732902098800318
204 7.072569978198946 1.988220429337534
205 3.719811823184804 3.488755547665543
206 9.201677158571332 1.140632164866477
207 8.122840588086126 1.004517270459464
208 9.230267457396685 1.144239352101451
209 2.420000000000000 8.800000000000001
210 2.280000000000000 2.410000000000000
211 2.387020814195774 7.294735733649991
212 2.389607036744834 7.412778319996356
213 2.408766853008879 8.287287076619533
214 2.384516969013106 7.180453085669649
215 2.372594887272379 6.636295211932178
216 3.580000000000000 4.980000000000000
217 2.240000000000000 7.580000000000000
218 2.713276667336280 6.661701988750503
219 5.366580091545112 5.256187010603799
220 4.745538824522367 6.246281554515461
221 5.156115786669174 5.591719560549783
222 3.738141184369468 7.852324437698516
223 4.405791512807367 6.787923434853431
224 7.670000000000000 4.930000000000000
225 6.180000000000000 4.630000000000000
226 7.517120310436470 4.899218854450296
227 6.793357535589728 4.753494805823435
228 3.490000000000000 7.270000000000000
229 4.632000198072896 6.044486182000004
230 5.919250439882696 4.663100293255134
231 7.099728237373239 3.396295037784840
232 5.141747217196787 5.497461744810930
233 9.260916707912040 1.077060471611398
234 3.969541895007560 6.755389565051411
235 8.609999999999999 0.460000000000000
236 4.238876680270556 5.345776771816898
237 6.463228178368121 2.859531455262005
238 5.094033801028637 4.389933961801586
239 4.990549203389276 4.505602774233651
240 4.694279374788167 4.836755235715581
241 6.539066875147872 2.774763555564701
242 3.039782507788301 6.686051576852010
243 6.700000000000000 9.720000000000001
244 1.760000000000000 0.940000000000000
245 2.788309231099220 2.767642722479991
246 2.728121821354531 2.660669957792062
247 5.445554803101615 7.490439508346595
248 4.491105806853255 5.794070644569148
249 5.509805304076404 7.604633718581139
250 5.934856951533076 8.360089885518301
251 5.596538133653993 7.758786399490296
252 3.514072986577182 4.057562919463088
253 7.230000000000000 3.720000000000000
254 9.119999999999999 5.100000000000000
255 8.393330772143770 4.487196320668252
256 7.896320433968750 4.068065095312678
257 7.611842401834439 3.828163392999983
258 6.474895840812938 2.869370851511766
259 5.620000000000000 4.760000000000000
260 2.732534189169852 2.728399803757231
261 4.958365677593505 4.294478845013394
262 4.893834328346973 4.249075051381851
263 5.330611433380229 4.556388283965131
264 3.738758949880668 3.436372315035800
265 6.940000000000000 7.500000000000000
266 7.583521684898393 6.165957855463445
267 2.810000000000000 9.170000000000000
268 0.310000000000000 3.670000000000000
269 2.760000000000000 3.150000000000000
270 2.560000000000000 0.080000000000000
271 6.830000000000000 7.730000000000000
272 7.224486652977413 6.415044490075291
273 5.790000000000000 9.750000000000000
274 4.933594841897996 4.131982162850855
275 5.059271929926600 4.956423860318495
276 5.467442614621316 7.634023551915835
277 5.565094544889395 8.274620214474433
278 5.475518351690889 7.687000387092233
279 4.446241423125795 1.480391359593393
280 6.180000000000000 7.830000000000000
281 8.425394392422483 2.908408802655371
282 6.640802473680336 6.819985275712287
283 5.850000000000000 5.820000000000000
284 3.845337107091905 6.746126835105159
285 5.430000000000000 7.660000000000000
286 8.660000000000000 8.990000000000000
287 7.041458063442636 8.615878011385922
288 4.960000000000000 0.060000000000000
289 2.575857152889950 6.651453753774844
290 2.020000000000000 6.610000000000000
291 4.970000000000000 6.830000000000000
498
0 3
3 8
8 7
7 4
4 6
6 5
5 2
2 1
9 22
22 17
17 24
24 27
27 19
19 28
28 11
11 18
18 20
20 13
13 26
26 21
21 15
15 25
25 14
14 23
23 12
12 16
16 10
29 39
39 44
44 41
41 43
43 35
35 48
48 45
45 46
46 31
31 42
42 33
33 37
37 47
47 40
40 32
32 34
34 36
36 38
38 30
50 51
51 52
52 53
53 49
54 31
31 58
58 57
57 61
61 67
67 11
11 60
60 62
62 2
2 59
59 66
66 56
56 65
65 64
64 68
68 63
63 69
69 55
70 77
77 32
32 75
75 74
74 76
76 72
72 80
80 79
79 73
73 78
78 12
12 71
81 13
13 85
85 83
83 72
72 86
86 84
84 82
87 91
91 97
97 93
93 95
95 56
56 89
89 96
96 92
92 94
94 90
90 14
14 73
73 88
81 104
104 100
100 89
89 103
103 102
102 101
101 105
105 99
99 98
54 33
33 106
106 107
107 109
109 113
113 108
108 83
83 112
112 15
15 111
111 90
90 110
110 71
115 116
116 114
118 125
125 124
124 119
119 121
121 120
120 122
122 123
123 117
126 128
128 129
129 127
130 133
133 131
131 132
132 119
119 134
134 9
135 136
136 118
137 74
74 140
140 34
34 141
141 139
139 138
143 142
144 51
51 146
146 35
35 145
145 135
148 147
150 139
139 152
152 36
36 151
151 153
153 155
155 84
84 156
156 16
16 154
154 157
157 99
99 149
29 161
161 162
162 170
170 159
159 131
131 120
120 166
166 160
160 165
165 168
168 3
3 169
169 167
167 164
164 163
163 158
172 174
174 175
175 181
181 159
159 132
132 121
121 177
177 173
173 179
179 176
176 178
178 180
180 4
4 171
183 191
191 185
185 122
122 186
186 160
160 173
173 188
188 17
17 189
189 190
190 57
57 184
184 187
187 106
106 37
37 182
193 200
200 174
174 161
161 195
195 197
197 136
136 205
205 199
199 201
201 203
203 58
58 184
184 198
198 107
107 204
204 196
196 75
75 140
140 151
151 38
38 194
194 202
202 192
70 207
207 141
141 152
152 194
194 206
206 208
208 82
210 39
39 195
195 162
162 175
175 215
215 214
214 211
211 212
212 213
213 209
217 211
211 218
218 133
133 216
147 91
91 222
222 223
223 220
220 221
221 163
163 219
219 171
225 59
59 227
227 100
100 226
226 92
92 224
228 234
234 229
229 232
232 164
164 219
219 5
5 230
230 60
60 18
18 231
231 108
108 76
76 153
153 206
206 233
233 192
217 212
212 242
242 185
185 123
123 236
236 165
165 240
240 176
176 239
239 238
238 19
19 61
61 237
237 109
109 241
241 196
196 40
40 77
77 207
207 235
244 128
128 246
246 245
245 41
41 197
197 252
252 124
124 134
134 177
177 166
166 186
186 236
236 248
248 229
229 220
220 93
93 247
247 249
249 251
251 250
250 243
171 6
6 230
230 62
62 20
20 253
54 42
42 187
187 198
198 237
237 258
258 231
231 85
85 257
257 21
21 256
256 94
94 255
255 154
154 254
210 260
260 245
245 43
43 145
145 264
264 199
199 22
22 188
188 262
262 261
261 238
238 263
263 259
265 63
63 266
266 101
101 255
255 110
110 23
23 78
78 88
268 200
200 213
213 267
270 129
129 52
52 146
146 246
246 260
260 44
44 269
271 272
272 64
64 102
102 224
49 45
45 201
201 189
189 24
24 274
274 261
261 239
239 178
178 275
275 7
7 167
167 232
232 221
221 95
95 247
247 276
276 278
278 277
277 273
270 279
279 49
280 282
282 65
65 103
103 96
96 226
226 256
256 111
111 25
25 79
79 281
281 86
86 155
155 208
208 233
233 202
202 138
283 66
66 227
227 104
104 26
26 257
257 112
112 80
80 281
281 156
156 82
0 168
168 240
240 179
179 262
262 274
274 27
27 190
190 203
203 46
46 54
228 284
284 248
248 169
169 8
8 275
275 180
180 263
263 28
28 67
67 258
258 113
113 241
241 204
204 47
47 70
285 276
276 249
249 282
282 272
272 68
68 266
266 105
105 157
157 254
183 222
222 97
97 116
116 277
277 250
250 287
287 69
69 286
285 278
278 251
251 287
287 149
217 214
214 289
289 181
181 170
170 252
252 125
125 205
205 264
264 48
48 53
53 279
279 288
290 215
215 289
289 218
218 242
242 191
191 284
284 234
234 223
223 291
600
0 0.900000000000000 3.700000000000000
1 1.000000000000000 4.800000000000000
2 1.000000000000000 4.000000000000000
3 1.100000000000000 4.200000000000000
4 1.100000000000000 5.200000000000000
5 1.100000000000000 4.300000000000000
6 1.100000000000000 4.500000000000000
7 1.100000000000000 4.100000000000000
8 1.100000000000000 3.900000000000000
9 1.200000000000000 4.900000000000000
10 1.200000000000000 5.000000000000000
11 1.200000000000000 4.600000000000000
12 1.200000000000000 3.600000000000000
13 1.300000000000000 5.500000000000000
14 1.300000000000000 5.700000000000000
15 1.300000000000000 5.400000000000000
16 1.300000000000000 4.500000000000000
17 1.300000000000000 4.400000000000000
18 1.300000000000000 4.600000000000000
19 1.400000000000000 5.500000000000000
20 1.400000000000000 4.600000000000000
21 1.400000000000000 3.700000000000000
22 1.600000000000000 3.800000000000000
23 1.600000000000000 5.600000000000000
24 1.700000000000000 5.600000000000000
25 1.700000000000000 5.400000000000000
26 1.700000000000000 3.900000000000000
27 1.800000000000000 3.900000000000000
28 1.800000000000000 5.800000000000000
29 1.800000000000000 6.700000000000000
30 1.900000000000000 5.800000000000000
31 1.900000000000000 5.400000000000000
32 1.900000000000000 4.300000000000000
33 1.900000000000000 4.300000000000000
34 1.900000000000000 5.300000000000000
35 1.900000000000000 4.500000000000000
36 1.900000000000000 4.500000000000000
37 1.900000000000000 5.700000000000000
38 2.000000000000000 2.300000000000000
39 2.000000000000000 3.200000000000000
40 2.000000000000000 5.100000000000000
41 2.000000000000000 2.200000000000000
42 2.000000000000000 3.500000000000000
43 2.000000000000000 4.900000000000000
44 2.000000000000000 6.700000000000000
45 2.000000000000000 2.400000000000000
46 2.000000000000000 6.500000000000000
47 2.000000000000000 3.600000000000000
48 2.000000000000000 4.000000000000000
49 2.100000000000000 4.700000000000000
50 2.100000000000000 5.700000000000000
51 2.100000000000000 2.600000000000000
52 2.100000000000000 1.400000000000000
53 2.100000000000000 6.800000000000000
54 2.100000000000000 1.300000000000000
55 2.100000000000000 5.500000000000000
56 2.100000000000000 2.900000000000000
57 2.100000000000000 3.300000000000000
58 2.100000000000000 4.600000000000000
59 2.100000000000000 7.600000000000000
60 2.200000000000000 6.800000000000000
61 2.200000000000000 2.900000000000000
62 2.300000000000000 2.200000000000000
63 2.300000000000000 1.600000000000000
64 2.300000000000000 4.200000000000000
65 2.300000000000000 1.300000000000000
66 2.300000000000000 3.900000000000000
67 2.300000000000000 3.000000000000000
68 2.300000000000000 7.500000000000000
69 2.300000000000000 7.700000000000000
70 2.300000000000000 7.100000000000000
71 2.300000000000000 7.400000000000000
72 2.400000000000000 2.800000000000000
73 2.400000000000000 4.200000000000000
74 2.400000000000000 8.100000000000000
75 2.400000000000000 2.600000000000000
76 2.400000000000000 6.900000000000000
77 2.400000000000000 5.000000000000000
78 2.500000000000000 7.400000000000000
79 2.500000000000000 9.699999999999999
80 2.500000000000000 8.600000000000000
81 2.500000000000000 5.300000000000000
82 2.500000000000000 8.000000000000000
83 2.500000000000000 7.600000000000000
84 2.500000000000000 4.800000000000000
85 2.500000000000000 3.800000000000000
86 2.600000000000000 5.700000000000000
87 2.600000000000000 9.500000000000000
88 2.600000000000000 4.300000000000000
89 2.600000000000000 5.700000000000000
90 2.600000000000000 8.699999999999999
91 2.600000000000000 7.900000000000000
92 2.600000000000000 6.100000000000000
93 2.600000000000000 0.600000000000000
94 2.600000000000000 0.500000000000000
95 2.600000000000000 7.900000000000000
96 2.700000000000000 4.600000000000000
97 2.700000000000000 4.500000000000000
98 2.700000000000000 8.199999999999999
99 2.700000000000000 5.900000000000000
100 2.700000000000000 5.600000000000000
101 2.700000000000000 2.700000000000000
102 2.700000000000000 4.500000000000000
103 2.700000000000000 3.300000000000000
104 2.800000000000000 5.700000000000000
105 2.800000000000000 7.000000000000000
106 2.800000000000000 2.500000000000000
107 2.800000000000000 9.300000000000001
108 2.800000000000000 5.100000000000000
109 2.800000000000000 7.900000000000000
110 2.800000000000000 2.900000000000000
111 2.800000000000000 4.000000000000000
112 2.800000000000000 2.100000000000000
113 2.800000000000000 3.500000000000000
114 2.800000000000000 5.200000000000000
115 2.900000000000000 1.500000000000000
116 2.900000000000000 7.800000000000000
117 2.900000000000000 5.000000000000000
118 2.900000000000000 4.900000000000000
119 2.900000000000000 4.600000000000000
120 2.900000000000000 3.800000000000000
121 3.000000000000000 6.900000000000000
122 3.000000000000000 5.700000000000000
123 3.000000000000000 6.200000000000000
124 3.000000000000000 8.900000000000000
125 3.000000000000000 7.700000000000000
126 3.000000000000000 5.300000000000000
127 3.100000000000000 6.800000000000000
128 3.100000000000000 8.699999999999999
129 3.100000000000000 2.000000000000000
130 3.100000000000000 2.600000000000000
131 3.100000000000000 2.200000000000000
132 3.100000000000000 7.600000000000000
133 3.200000000000000 2.200000000000000
134 3.200000000000000 6.400000000000000
135 3.200000000000000 3.500000000000000
136 3.200000000000000 3.000000000000000
137 3.200000000000000 2.800000000000000
138 3.200000000000000 2.600000000000000
139 3.200000000000000 6.200000000000000
140 3.200000000000000 5.800000000000000
141 3.200000000000000 2.400000000000000
142 3.200000000000000 2.800000000000000
143 3.200000000000000 3.000000000000000
144 3.200000000000000 8.600000000000000
145 3.300000000000000 4.400000000000000
146 3.300000000000000 4.100000000000000
147 3.300000000000000 6.600000000000000
148 3.300000000000000 3.700000000000000
149 3.300000000000000 0.900000000000000
150 3.300000000000000 6.000000000000000
151 3.300000000000000 8.199999999999999
152 3.300000000000000 4.400000000000000
153 3.400000000000000 4.100000000000000
154 3.400000000000000 4.600000000000000
155 3.400000000000000 5.500000000000000
156 3.400000000000000 1.100000000000000
157 3.400000000000000 5.000000000000000
158 3.400000000000000 7.700000000000000
159 3.500000000000000 6.400000000000000
160 3.500000000000000 5.400000000000000
161 3.500000000000000 5.100000000000000
162 3.500000000000000 4.800000000000000
163 3.500000000000000 1.800000000000000
164 3.600000000000000 5.200000000000000
165 3.600000000000000 2.000000000000000
166 3.600000000000000 5.500000000000000
167 3.600000000000000 7.100000000000000
168 3.600000000000000 1.500000000000000
169 3.600000000000000 3.700000000000000
170 3.600000000000000 5.000000000000000
171 3.600000000000000 2.200000000000000
172 3.600000000000000 6.800000000000000
173 3.600000000000000 5.800000000000000
174 3.600000000000000 5.000000000000000
175 3.600000000000000 5.000000000000000
176 3.700000000000000 1.700000000000000
177 3.700000000000000 6.400000000000000
178 3.700000000000000 4.400000000000000
179 3.700000000000000 8.600000000000000
180 3.700000000000000 1.700000000000000
181 3.700000000000000 6.700000000000000
182 3.800000000000000 5.100000000000000
183 3.800000000000000 2.900000000000000
184 3.800000000000000 8.000000000000000
185 3.800000000000000 1.700000000000000
186 3.900000000000000 4.500000000000000
187 3.900000000000000 8.000000000000000
188 3.900000000000000 7.300000000000000
189 3.900000000000000 1.600000000000000
190 3.900000000000000 3.900000000000000
191 4.000000000000000 4.900000000000000
192 4.000000000000000 1.600000000000000
193 4.100000000000000 5.400000000000000
194 4.100000000000000 3.700000000000000
195 4.100000000000000 7.900000000000000
196 4.100000000000000 5.600000000000000
197 4.100000000000000 7.400000000000000
198 4.100000000000000 6.000000000000000
199 4.100000000000000 5.600000000000000
200 4.100000000000000 4.200000000000000
201 4.100000000000000 4.700000000000000
202 4.100000000000000 5.900000000000000
203 4.100000000000000 6.500000000000000
204 4.200000000000000 3.000000000000000
205 4.200000000000000 3.800000000000000
206 4.200000000000000 4.500000000000000
207 4.200000000000000 7.400000000000000
208 4.200000000000000 2.700000000000000
209 4.200000000000000 5.000000000000000
210 4.200000000000000 6.400000000000000
211 4.200000000000000 5.500000000000000
212 4.200000000000000 4.600000000000000
213 4.200000000000000 7.700000000000000
214 4.300000000000000 3.500000000000000
215 4.300000000000000 3.800000000000000
216 4.300000000000000 4.100000000000000
217 4.300000000000000 4.100000000000000
218 4.300000000000000 6.000000000000000
219 4.300000000000000 3.200000000000000
220 4.300000000000000 4.700000000000000
221 4.300000000000000 3.400000000000000
222 4.300000000000000 3.300000000000000
223 4.400000000000000 3.800000000000000
224 4.400000000000000 5.900000000000000
225 4.400000000000000 4.800000000000000
226 4.400000000000000 3.800000000000000
227 4.400000000000000 2.400000000000000
228 4.500000000000000 3.700000000000000
229 4.500000000000000 7.200000000000000
230 4.500000000000000 5.600000000000000
231 4.500000000000000 7.800000000000000
232 4.500000000000000 5.800000000000000
233 4.500000000000000 6.700000000000000
234 4.500000000000000 2.800000000000000
235 4.500000000000000 2.300000000000000
236 4.600000000000000 3.100000000000000
237 4.600000000000000 2.500000000000000
238 4.600000000000000 3.700000000000000
239 4.600000000000000 3.400000000000000
240 4.600000000000000 2.400000000000000
241 4.600000000000000 5.300000000000000
242 4.600000000000000 4.200000000000000
243 4.600000000000000 4.900000000000000
244 4.600000000000000 4.300000000000000
245 4.600000000000000 5.200000000000000
246 4.600000000000000 4.100000000000000
247 4.700000000000000 5.900000000000000
248 4.700000000000000 3.900000000000000
249 4.700000000000000 2.900000000000000
250 4.800000000000000 4.900000000000000
251 4.800000000000000 7.900000000000000
252 4.800000000000000 7.600000000000000
253 4.800000000000000 3.500000000000000
254 4.800000000000000 7.100000000000000
255 4.800000000000000 3.200000000000000
256 4.800000000000000 3.300000000000000
257 4.800000000000000 4.300000000000000
258 4.900000000000000 6.300000000000000
259 4.900000000000000 7.300000000000000
260 4.900000000000000 4.000000000000000
261 4.900000000000000 7.800000000000000
262 4.900000000000000 7.700000000000000
263 4.900000000000000 4.600000000000000
264 4.900000000000000 5.500000000000000
265 4.900000000000000 5.400000000000000
266 4.900000000000000 3.900000000000000
267 5.000000000000000 3.100000000000000
268 5.000000000000000 5.500000000000000
269 5.000000000000000 5.000000000000000
270 5.000000000000000 3.500000000000000
271 5.000000000000000 4.700000000000000
272 5.100000000000000 6.600000000000000
273 5.100000000000000 7.400000000000000
274 5.100000000000000 4.600000000000000
275 5.100000000000000 3.800000000000000
276 5.100000000000000 6.300000000000000
277 5.100000000000000 4.800000000000000
278 5.100000000000000 7.100000000000000
279 5.200000000000000 2.400000000000000
280 5.200000000000000 5.600000000000000
281 5.200000000000000 5.600000000000000
282 5.200000000000000 4.900000000000000
283 5.200000000000000 6.500000000000000
284 5.300000000000000 6.200000000000000
285 5.300000000000000 3.800000000000000
286 5.300000000000000 5.600000000000000
287 5.300000000000000 7.200000000000000
288 5.300000000000000 2.300000000000000
289 5.300000000000000 2.600000000000000
290 5.400000000000000 6.000000000000000
291 5.400000000000000 3.200000000000000
292 5.400000000000000 7.500000000000000
293 5.400000000000000 3.100000000000000
294 5.400000000000000 4.900000000000000
295 5.400000000000000 5.500000000000000
296 5.500000000000000 5.400000000000000
297 5.500000000000000 3.400000000000000
298 5.500000000000000 5.500000000000000
299 5.600000000000000 3.200000000000000
300 5.600000000000000 4.400000000000000
301 5.600000000000000 2.400000000000000
302 5.600000000000000 4.300000000000000
303 5.600000000000000 7.000000000000000
304 5.600000000000000 7.600000000000000
305 5.700000000000000 5.100000000000000
306 5.700000000000000 4.500000000000000
307 5.700000000000000 4.300000000000000
308 5.700000000000000 4.700000000000000
309 5.700000000000000 7.600000000000000
310 5.700000000000000 8.199999999999999
311 5.700000000000000 2.700000000000000
312 5.800000000000000 6.500000000000000
313 5.800000000000000 4.600000000000000
314 5.800000000000000 6.200000000000000
315 5.800000000000000 7.300000000000000
316 5.800000000000000 6.100000000000000
317 5.800000000000000 3.100000000000000
318 5.800000000000000 8.000000000000000
319 5.800000000000000 8.100000000000000
320 5.900000000000000 4.300000000000000
321 5.900000000000000 7.500000000000000
322 5.900000000000000 5.900000000000000
323 5.900000000000000 7.800000000000000
324 5.900000000000000 4.300000000000000
325 5.900000000000000 3.800000000000000
326 5.900000000000000 5.500000000000000
327 5.900000000000000 3.200000000000000
328 5.900000000000000 2.400000000000000
329 6.000000000000000 3.900000000000000
330 6.000000000000000 2.500000000000000
331 6.000000000000000 4.300000000000000
332 6.000000000000000 5.000000000000000
333 6.000000000000000 3.700000000000000
334 6.000000000000000 5.900000000000000
335 6.000000000000000 5.800000000000000
336 6.000000000000000 6.900000000000000
337 6.000000000000000 8.199999999999999
338 6.000000000000000 7.100000000000000
339 6.000000000000000 4.800000000000000
340 6.000000000000000 7.000000000000000
341 6.000000000000000 3.300000000000000
342 6.100000000000000 5.100000000000000
343 6.100000000000000 4.300000000000000
344 6.100000000000000 4.200000000000000
345 6.100000000000000 6.800000000000000
346 6.100000000000000 4.300000000000000
347 6.100000000000000 5.100000000000000
348 6.100000000000000 7.500000000000000
349 6.100000000000000 3.000000000000000
350 6.200000000000000 6.100000000000000
351 6.200000000000000 6.400000000000000
352 6.200000000000000 2.000000000000000
353 6.200000000000000 7.900000000000000
354 6.200000000000000 5.300000000000000
355 6.300000000000000 6.000000000000000
356 6.300000000000000 3.400000000000000
357 6.300000000000000 8.100000000000000
358 6.300000000000000 3.300000000000000
359 6.400000000000000 5.100000000000000
360 6.400000000000000 6.700000000000000
361 6.400000000000000 6.200000000000000
362 6.400000000000000 4.100000000000000
363 6.500000000000000 6.400000000000000
364 6.500000000000000 8.000000000000000
365 6.500000000000000 8.000000000000000
366 6.500000000000000 3.400000000000000
367 6.500000000000000 6.500000000000000
368 6.500000000000000 4.900000000000000
369 6.500000000000000 5.500000000000000
370 6.500000000000000 5.100000000000000
371 6.600000000000000 2.700000000000000
372 6.600000000000000 3.800000000000000
373 6.600000000000000 3.200000000000000
374 6.600000000000000 3.800000000000000
375 6.600000000000000 4.400000000000000
376 6.600000000000000 7.800000000000000
377 6.700000000000000 6.700000000000000
378 6.700000000000000 2.700000000000000
379 6.800000000000000 6.500000000000000
380 6.800000000000000 3.100000000000000
381 6.800000000000000 5.200000000000000
382 6.800000000000000 3.800000000000000
383 6.900000000000000 2.800000000000000
384 6.900000000000000 3.400000000000000
385 6.900000000000000 3.800000000000000
386 6.900000000000000 3.300000000000000
387 6.900000000000000 3.000000000000000
388 6.900000000000000 8.400000000000000
389 6.900000000000000 5.400000000000000
390 6.900000000000000 6.300000000000000
391 6.900000000000000 2.900000000000000
392 7.000000000000000 6.200000000000000
393 7.000000000000000 1.900000000000000
394 7.000000000000000 6.100000000000000
395 7.000000000000000 3.800000000000000
396 7.000000000000000 8.600000000000000
397 7.000000000000000 5.900000000000000
398 7.000000000000000 7.800000000000000
399 7.000000000000000 7.600000000000000
400 7.000000000000000 7.900000000000000
401 7.000000000000000 3.000000000000000
402 7.100000000000000 3.000000000000000
403 7.100000000000000 7.000000000000000
404 7.100000000000000 6.200000000000000
405 7.100000000000000 5.700000000000000
406 7.100000000000000 6.800000000000000
407 7.100000000000000 8.100000000000000
408 7.200000000000000 6.300000000000000
409 7.200000000000000 5.800000000000000
410 7.200000000000000 3.700000000000000
411 7.200000000000000 7.400000000000000
412 7.200000000000000 2.500000000000000
413 7.200000000000000 2.200000000000000
414 7.200000000000000 8.300000000000001
415 7.200000000000000 8.400000000000000
416 7.300000000000000 7.400000000000000
417 7.300000000000000 5.700000000000000
418 7.300000000000000 6.900000000000000
419 7.300000000000000 5.300000000000000
420 7.300000000000000 8.100000000000000
421 7.300000000000000 5.500000000000000
422 7.300000000000000 5.900000000000000
423 7.300000000000000 7.500000000000000
424 7.300000000000000 2.800000000000000
425 7.300000000000000 5.000000000000000
426 7.300000000000000 5.600000000000000
427 7.300000000000000 3.700000000000000
428 7.400000000000000 5.000000000000000
429 7.400000000000000 1.800000000000000
430 7.400000000000000 7.900000000000000
431 7.400000000000000 7.700000000000000
432 7.400000000000000 8.400000000000000
433 7.400000000000000 6.600000000000000
434 7.400000000000000 2.100000000000000
435 7.500000000000000 3.000000000000000
436 7.500000000000000 3.200000000000000
437 7.500000000000000 6.600000000000000
438 7.500000000000000 8.100000000000000
439 7.500000000000000 7.900000000000000
440 7.500000000000000 6.000000000000000
441 7.500000000000000 4.000000000000000
442 7.500000000000000 1.500000000000000
443 7.500000000000000 6.300000000000000
444 7.600000000000000 2.900000000000000
445 7.600000000000000 8.600000000000000
446 7.600000000000000 5.000000000000000
447 7.600000000000000 8.699999999999999
448 7.600000000000000 8.600000000000000
449 7.600000000000000 2.100000000000000
450 7.600000000000000 8.600000000000000
451 7.700000000000000 1.600000000000000
452 7.700000000000000 5.100000000000000
453 7.700000000000000 7.600000000000000
454 7.700000000000000 3.200000000000000
455 7.700000000000000 4.900000000000000
456 7.700000000000000 7.700000000000000
457 7.700000000000000 8.000000000000000
458 7.700000000000000 3.800000000000000
459 7.800000000000000 8.199999999999999
460 7.800000000000000 8.600000000000000
461 7.800000000000000 6.400000000000000
462 7.800000000000000 7.700000000000000
463 7.800000000000000 8.199999999999999
464 7.800000000000000 1.300000000000000
465 7.900000000000000 4.300000000000000
466 7.900000000000000 1.500000000000000
467 7.900000000000000 6.000000000000000
468 7.900000000000000 2.300000000000000
469 7.900000000000000 1.700000000000000
470 7.900000000000000 2.600000000000000
471 7.900000000000000 6.700000000000000
472 7.900000000000000 7.200000000000000
473 7.900000000000000 6.800000000000000
474 7.900000000000000 1.300000000000000
475 7.900000000000000 8.600000000000000
476 7.900000000000000 4.600000000000000
477 7.900000000000000 6.000000000000000
478 7.900000000000000 3.500000000000000
479 7.900000000000000 3.500000000000000
480 8.000000000000000 6.400000000000000
481 8.000000000000000 4.300000000000000
482 8.000000000000000 7.100000000000000
483 8.000000000000000 6.200000000000000
484 8.000000000000000 1.900000000000000
485 8.000000000000000 7.700000000000000
486 8.000000000000000 2.900000000000000
487 8.000000000000000 7.100000000000000
488 8.000000000000000 8.699999999999999
489 8.000000000000000 4.100000000000000
490 8.000000000000000 7.300000000000000
491 8.100000000000000 3.200000000000000
492 8.100000000000000 1.700000000000000
493 8.100000000000000 2.900000000000000
494 8.100000000000000 4.100000000000000
495 8.100000000000000 1.400000000000000
496 8.100000000000000 4.700000000000000
497 8.199999999999999 4.100000000000000
498 8.199999999999999 8.100000000000000
499 8.199999999999999 5.600000000000000
500 8.199999999999999 1.500000000000000
501 8.199999999999999 5.100000000000000
502 8.199999999999999 3.000000000000000
503 8.199999999999999 9.100000000000000
504 8.300000000000001 1.900000000000000
505 8.300000000000001 9.199999999999999
506 8.300000000000001 5.000000000000000
507 8.400000000000000 5.000000000000000
508 8.400000000000000 5.400000000000000
509 8.400000000000000 1.700000000000000
510 8.400000000000000 9.300000000000001
511 8.500000000000000 9.199999999999999
512 8.500000000000000 6.700000000000000
513 8.500000000000000 7.300000000000000
514 8.500000000000000 4.300000000000000
515 8.500000000000000 1.500000000000000
516 8.500000000000000 3.600000000000000
517 8.500000000000000 2.800000000000000
518 8.500000000000000 6.600000000000000
519 8.600000000000000 5.600000000000000
520 8.600000000000000 8.800000000000001
521 8.600000000000000 3.700000000000000
522 8.600000000000000 2.700000000000000
523 8.600000000000000 8.699999999999999
524 8.600000000000000 6.700000000000000
525 8.600000000000000 4.200000000000000
526 8.699999999999999 2.100000000000000
527 8.699999999999999 9.300000000000001
528 8.699999999999999 1.300000000000000
529 8.699999999999999 9.100000000000000
530 8.699999999999999 1.700000000000000
531 8.699999999999999 8.400000000000000
532 8.699999999999999 6.500000000000000
533 8.699999999999999 8.199999999999999
534 8.699999999999999 9.300000000000001
535 8.699999999999999 7.600000000000000
536 8.699999999999999 6.300000000000000
537 8.699999999999999 9.100000000000000
538 8.699999999999999 7.600000000000000
539 8.699999999999999 6.200000000000000
540 8.699999999999999 1.900000000000000
541 8.800000000000001 1.100000000000000
542 8.800000000000001 7.200000000000000
543 8.800000000000001 6.400000000000000
544 8.800000000000001 3.000000000000000
545 8.800000000000001 8.500000000000000
546 8.800000000000001 5.500000000000000
547 8.800000000000001 4.300000000000000
548 8.800000000000001 6.300000000000000
549 8.800000000000001 1.900000000000000
550 8.800000000000001 7.800000000000000
551 8.800000000000001 2.800000000000000
552 8.900000000000000 8.400000000000000
553 8.900000000000000 9.300000000000001
554 8.900000000000000 1.600000000000000
555 8.900000000000000 1.800000000000000
556 8.900000000000000 5.100000000000000
557 8.900000000000000 9.400000000000000
558 8.900000000000000 7.000000000000000
559 8.900000000000000 5.300000000000000
560 8.900000000000000 4.600000000000000
561 8.900000000000000 7.600000000000000
562 8.900000000000000 1.100000000000000
563 8.900000000000000 4.800000000000000
564 8.900000000000000 8.400000000000000
565 9.000000000000000 3.700000000000000
566 9.000000000000000 5.800000000000000
567 9.000000000000000 2.500000000000000
568 9.000000000000000 4.100000000000000
569 9.000000000000000 7.400000000000000
570 9.000000000000000 6.400000000000000
571 9.000000000000000 9.500000000000000
572 9.000000000000000 8.600000000000000
573 9.000000000000000 5.500000000000000
574 9.000000000000000 4.400000000000000
575 9.000000000000000 4.000000000000000
576 9.000000000000000 8.199999999999999
577 9.000000000000000 4.100000000000000
578 9.100000000000000 8.400000000000000
579 9.100000000000000 7.900000000000000
580 9.100000000000000 2.100000000000000
581 9.100000000000000 2.500000000000000
582 9.100000000000000 6.500000000000000
583 9.100000000000000 8.300000000000001
584 9.100000000000000 8.800000000000001
585 9.100000000000000 4.100000000000000
586 9.100000000000000 6.400000000000000
587 9.100000000000000 5.300000000000000
588 9.199999999999999 5.300000000000000
589 9.199999999999999 5.200000000000000
590 9.199999999999999 2.800000000000000
591 9.199999999999999 3.300000000000000
592 9.199999999999999 3.300000000000000
593 9.199999999999999 2.000000000000000
594 9.199999999999999 1.500000000000000
595 9.199999999999999 2.800000000000000
596 9.300000000000001 1.300000000000000
597 9.300000000000001 1.800000000000000
598 9.500000000000000 0.700000000000000
599 9.600000000000000 1.400000000000000
