386
0 7.490000000000000 6.210000000000000
1 7.660000000000000 2.400000000000000
2 7.579369928435081 4.207062192131433
3 7.631442329050796 3.040027801861578
4 7.557557064288942 4.695926970936063
5 7.546988925698906 4.932777606395107
6 7.495040862607505 6.097025373325916
7 7.523428397003921 5.460810631853295
8 5.970000000000000 4.500000000000000
9 3.740000000000000 0.120000000000000
10 5.065158640653465 2.722777957875416
11 5.590000000000000 3.753632286995516
12 5.259272191517298 3.104041344773885
13 4.187616467197016 0.999174944539430
14 5.225278104614011 3.037272689779986
15 5.084643423083870 2.761048517088498
16 5.903901350423437 4.370173952849622
17 5.718395778482360 4.005817717377909
18 5.540648387562509 3.656699523553269
19 4.540492631393114 1.692268038341632
20 4.415025381576815 1.445834605967017
21 5.187742433795712 2.963547919293821
22 5.061580708830344 2.715750450527762
23 5.161703059090426 2.912403317854737
24 4.660000000000000 0.450000000000000
25 7.403190915774855 2.233074095253656
26 6.474832933809500 1.629641406976175
27 6.591702304643539 1.705606498018300
28 6.493408315797112 1.641715405268123
29 7.615237091675448 2.370904109589041
30 6.703827499177000 1.778487874465050
31 5.867018272425249 1.234561877076412
32 6.553898522800257 1.681034039820167
33 6.726333166583292 1.793116558279139
34 1.570000000000000 2.430000000000000
35 3.240000000000000 4.190000000000000
36 3.211630950859188 4.160102079947407
37 3.170587811150546 4.116847034505964
38 2.297430130423209 3.196632951823263
39 1.855609379139804 2.731001501368895
40 3.026968889821946 3.965488171309357
41 1.932442946852504 2.811975800275693
42 1.988542585409914 2.871098772647574
43 9.690000000000000 3.090000000000000
44 5.930000000000000 5.080000000000000
45 6.161353399284360 4.957554982825564
46 7.166918090248660 4.425354521384353
47 9.503645818253853 3.188628941934796
48 6.290591538843188 4.889155010027142
49 6.100501193317422 4.989761336515514
50 8.518192463224523 3.710185371857234
51 3.640000000000000 8.520000000000000
52 4.752949713642900 6.599803498350019
53 5.949787431295940 4.534873187206145
54 5.657178109416116 5.039718454998804
55 5.590000000000000 5.155622317596567
56 4.699062489517996 6.692776305638480
57 4.321258949612838 7.344609022556392
58 5.113330743534149 5.978030219310179
59 5.953906608352446 4.527766280868313
60 5.227873355454275 5.780407343808504
61 5.731353102591137 4.911742715701129
62 5.736455489292145 4.902939456242737
63 5.408726967875426 5.468376647699909
64 4.660401049025312 6.759479735158046
65 8.300000000000001 0.500000000000000
66 6.078754645354189 4.792533216994858
67 6.505737277167787 3.967393785051280
68 6.053441225290478 4.841451134248780
69 7.060047592429928 2.896194947962417
70 7.907744448304429 1.258029715934903
71 7.994571407494837 1.090237533195633
72 0.860000000000000 2.700000000000000
73 6.540000000000000 8.390000000000001
74 2.707657233334392 4.550910150998714
75 2.866199620769918 4.709731662355781
76 5.590000000000000 7.438327464788733
77 1.861576406002684 3.703339744745647
78 4.262712169867904 6.108702860307813
79 4.595539274230593 6.442115927882408
80 5.256362474869887 7.104102549649587
81 3.183258644497475 5.027348888589901
82 2.694399407103357 4.537628983524314
83 5.170653100246903 7.018242278240296
84 3.771164250124531 5.616289539297286
85 1.417983120670236 3.258965485319303
86 1.384800206516010 3.225724150541567
87 5.938689617711515 7.787630972672275
88 5.571416844672715 7.419711592638689
89 4.396305544921818 6.242531434965695
90 5.501706263498919 7.349878281568460
91 3.629864570639115 5.474741092770522
92 2.751249114282822 4.594578778216419
93 2.821110443242280 4.664563102473341
94 5.132348593080314 6.979870333561090
95 7.880000000000000 0.540000000000000
96 0.710000000000000 6.100000000000000
97 5.049033654581775 2.735282131175080
98 3.106543064772743 4.241592825643451
99 3.693890179246823 3.786132580667736
100 5.590000000000000 2.315788005578800
101 4.897041035384691 2.853145305894158
102 3.545982524283612 3.900828056483001
103 7.428386694432994 0.890205017985014
104 2.669463745749177 4.580527416127556
105 5.318767596538810 2.526116061819277
106 4.076106190948655 3.489741921663247
107 5.752576509432141 2.189717518487768
108 5.363575654009628 2.491369506793092
109 7.243971767166260 1.033210177762287
110 5.105886373993616 2.691195503569804
111 4.647250885339242 3.046845896445442
112 4.874005828167292 2.871008032829826
113 4.072507099852322 3.492532848650082
114 9.800000000000001 0.440000000000000
115 6.112886789240428 4.860724883184603
116 6.728995351972751 4.122031412621818
117 6.634544116250357 4.235275271472441
118 6.074254319654427 4.907043916486682
119 8.440000000000000 9.510000000000000
120 6.458615755576000 5.551447222310351
121 5.590000000000000 3.816063829787235
122 5.219991390807923 3.076833863763063
123 4.182836865790931 1.004731525484435
124 5.208415380641167 3.053706473238417
125 5.068393231666701 2.773960094755388
126 8.098064631328588 8.826856784718181
127 6.206825017749951 5.048401471632349
128 5.967200581232883 4.569662437824847
129 5.694761742192268 4.025364416847957
130 5.553906802840581 3.743954229504906
131 4.528962522937674 1.696246402209522
132 4.406213883917157 1.451010291485553
133 5.171105558102054 2.979166210761337
134 6.689345424906624 6.012415646781533
135 5.044105185973864 2.725435680062678
136 6.914371240062640 6.461988498763445
137 6.415233768382457 5.464775550023676
138 5.135824836320704 2.908679832564130
139 3.400000000000000 3.670000000000000
140 0.910000000000000 8.520000000000000
141 1.086283085368801 8.176637363839887
142 2.222351602067861 5.963813144566616
143 1.389475080964376 7.586082673623606
144 2.471314108130679 5.478886174926187
145 3.031390352150649 4.387974615288896
146 2.926082147433736 4.593093006002563
147 5.590000000000000 4.996824324324324
148 2.465196030418672 3.001594762665976
149 4.154856474066773 4.080465789184528
150 2.240982997278394 2.858431711100056
151 3.749671340387572 3.821749605855578
152 3.283528907307687 3.524111363112003
153 6.072049669717264 5.304619552623523
154 6.233021957876725 5.407402533914532
155 4.986265251204826 4.611331528640919
156 4.476339786148577 4.285737228317841
157 5.760858442296761 5.105919748628675
158 2.032319873608406 2.725197486864827
159 2.130360668896321 2.787797859531773
160 6.854651471691200 5.804321378883908
161 3.429457784663052 3.617288923315259
162 3.431982732143467 3.618901136402417
163 5.912322872856682 5.202631834357813
164 7.403335962145111 6.154663840694007
165 6.323390623382248 5.465104148037989
166 3.909295014982293 3.923671479160991
167 3.479255407653910 3.649085378535774
168 5.590000000000000 2.260000000000000
169 5.590000000000000 8.850000000000000
170 5.590000000000000 3.333116883116883
171 5.590000000000000 7.018291746641075
172 5.590000000000000 2.681828298887122
173 5.590000000000000 2.359517819706499
174 5.590000000000000 6.432994746059545
175 5.590000000000000 6.221032258064516
176 5.590000000000000 3.380909090909091
177 5.590000000000000 4.112008368200838
178 5.590000000000000 6.500614525139665
179 5.590000000000000 3.981486486486486
180 5.590000000000000 2.585918367346939
181 5.590000000000000 7.396318327974276
182 5.590000000000000 2.422891566265061
183 5.590000000000000 4.653367346938775
184 5.590000000000000 7.294383802816902
185 5.590000000000000 5.467728085867621
186 5.590000000000000 2.974028776978417
187 5.590000000000000 7.193584905660377
188 0.720000000000000 9.619999999999999
189 2.130000000000000 8.730000000000000
190 7.780000000000000 4.850000000000000
191 3.160000000000000 1.650000000000000
192 3.453144512391374 1.853043818106579
193 5.199352674793492 3.062538649207613
194 4.935343170459331 2.879674923261874
195 6.703427768445535 4.104322263858379
196 5.570563380281690 3.319654289372599
197 6.102530482354203 3.688116351414166
198 5.479891115372006 3.256850989002254
199 3.221101667954369 1.692321501613416
200 3.659762965772258 1.996156166768663
201 3.576407545435144 1.938420810691008
202 5.131993934799091 3.015883244882486
203 7.672109432118491 4.775270602333153
204 4.859984522713964 2.827478457291057
205 4.284683583002139 2.429001615932217
206 4.935632236095346 2.879875141884222
207 9.510000000000000 3.140000000000000
208 9.020000000000000 6.890000000000000
209 9.115616815988972 6.158238653145618
210 9.269332146675055 4.981845816262334
211 0.600000000000000 5.170000000000000
212 2.511420226616933 2.947856288267999
213 3.326934993712450 1.999770155092916
214 3.190882810651993 2.157939195498176
215 3.178833409553902 2.171947366232902
216 3.147641886490807 2.208209432454037
217 3.746537375721124 1.511956548422732
218 2.830444878472222 2.576970486111111
219 4.880000000000000 5.350000000000000
220 4.392139526732555 5.949624872597806
221 2.975570492933471 7.690716994139952
222 4.694374418516476 5.578150714696112
223 4.781862871034862 5.470619453055331
224 3.988511746442693 6.445720108008617
225 3.430000000000000 3.620000000000000
226 4.906142482259386 7.194178325100273
227 3.773619658629098 4.452005006773232
228 3.571718321336412 3.963142046569184
229 3.942225876526286 4.860250617700220
230 4.981776550828191 7.377310815199740
231 4.131417471212275 5.318339525203796
232 5.194992698722175 7.893570284406008
233 4.462593396372656 6.120214566217124
234 5.079931369195245 7.614972713375524
235 4.195176287360523 5.472718510599783
236 3.633085130028896 4.111729273171815
237 3.445672413793103 3.657947557471264
238 4.742431949224511 6.797786617798239
239 5.700000000000000 6.990000000000000
240 0.490000000000000 8.330000000000000
241 5.105012856116950 7.143029322994873
242 5.347942165601911 7.080548464125420
243 1.980000000000000 6.200000000000000
244 8.270000000000000 0.070000000000000
245 7.380479170523975 0.936893908535458
246 3.645411747215759 4.576951667657774
247 5.420570144199894 2.846948333236033
248 4.301345208016761 3.937703318737243
249 6.367909606880461 1.923706535742888
250 5.417988427143609 2.849464378634289
251 7.737160538275701 0.589285516751979
252 6.206008658008656 2.081489177489178
253 4.853978815022075 3.399127164374353
254 2.720851822886918 5.477993374515611
255 5.328744618405310 2.936438074590692
256 4.030000000000000 3.450000000000000
257 0.280000000000000 2.210000000000000
258 3.440008456960395 3.254909463101570
259 1.978768176682823 2.771726010423120
260 2.093265838491801 2.809586570594622
261 3.351102227298687 3.225511136493433
262 3.846325974874737 3.389265122358580
263 3.110000000000000 4.330000000000000
264 3.260988152166155 4.210032474484334
265 5.331162038155036 2.565177332367383
266 4.102203675106142 3.541645297976462
267 5.864724998281670 2.141235273901986
268 5.370090840999444 2.534246480631470
269 7.159759715218034 1.112266389795314
270 5.326307934839725 2.569034156594852
271 4.671957431871302 3.088947868597015
272 4.935174137349127 2.879809228395558
273 4.209520987654321 3.456376406035665
274 3.780000000000000 2.670000000000000
275 3.717765956472775 2.777065254214010
276 3.378236092265943 3.361180461329714
277 2.593799141829989 4.710698132900383
278 3.756614117812654 2.710232247167288
279 2.489298245614035 4.890477790220231
280 8.949999999999999 9.640000000000001
281 5.515771516073169 6.362146193099610
282 4.287189799936383 5.189506901865725
283 5.524626516964463 6.370597989046642
284 5.906125539514809 6.734725777645483
285 6.025241482133564 6.848417876992633
286 4.735226123543209 5.617142272033361
287 7.964052733210957 8.698947004553368
288 8.500312280121651 9.210788428487392
289 6.134154228516556 6.952371373978150
290 4.582460684702596 5.471332877693372
291 3.355795110169299 4.300522478182605
292 3.760000000000000 9.699999999999999
293 8.410000000000000 0.860000000000000
294 6.152112289119331 5.152414486921529
295 7.553676326438283 2.487935757910877
296 5.518126142765368 6.357669870527772
297 8.286834043973929 1.094147752961389
298 5.854030239386578 5.719090899746805
299 6.024839579516334 5.394369487543140
300 4.746537620460151 7.824517727985434
301 5.986998779464180 5.466307696674547
302 5.179303427389127 7.001797355243035
303 6.310000000000000 5.650000000000000
304 5.773759202014086 3.960029000286817
305 5.414882388059701 2.829023283582089
306 5.003490250147725 1.532514727738285
307 4.887859306763190 1.168102057677932
308 5.395639552464469 2.768379195645600
309 5.331476847290641 2.566169458128079
310 6.251412838046802 5.465361671420226
311 5.454717309365033 2.954563641635256
312 4.741738438678579 4.813569185304885
313 5.607618715670087 4.097436682855841
314 5.376120391559322 4.288899034595987
315 3.943668865303452 5.473618358263673
316 3.208635783608457 6.081532748005836
317 2.960000000000000 1.270000000000000
318 3.187170464378425 1.721802711277761
319 3.374592105718681 2.094551897406985
320 3.360001263224380 2.065533238591503
321 5.919129794415465 7.155196686100032
322 5.865798959592244 7.049130891703011
323 3.986518712614473 3.311567942406437
324 5.893272356272382 7.103770719737252
325 5.071588015770308 5.469582869353237
326 3.678511240850471 2.698994423143954
327 4.196104185218166 3.728397150489760
328 4.076923500843868 3.491367409499535
329 6.045348651971394 7.406224134647019
330 6.233507848392037 1.981808958652373
331 6.926131455399063 1.682384976525821
332 5.140000000000000 1.020000000000000
333 5.880000000000000 5.890000000000000
334 5.207196794401490 1.462227552344940
335 5.404415593941394 2.760140462830528
336 5.371565544780377 2.543951625784370
337 5.727765211490613 4.888130513458493
338 5.815712769980285 5.466920526762145
339 5.433494328908220 2.951509975382478
340 1.060000000000000 3.570000000000000
341 3.500000000000000 1.450000000000000
342 1.605326547921968 3.096191687871077
343 3.070614525139665 1.823072625698324
344 2.292076394549901 2.499507394899266
345 3.040000000000000 2.210000000000000
346 3.219481830974256 2.148071351709296
347 7.705043675875292 0.600367161423195
348 3.141028218013143 2.175141090065713
349 3.968221906702060 1.889725085910653
350 1.020000000000000 3.440000000000000
351 3.144430929626412 2.192154648132059
352 3.889037613488975 1.754788586251621
353 2.556416256745785 2.537541907445437
354 5.940000000000000 7.830000000000000
355 5.913973804699839 6.988486351961456
356 5.917076575213204 7.088809265226912
357 5.925157645433464 7.350097202348645
358 4.840000000000000 3.290000000000000
359 6.013932225063938 2.187941176470589
360 5.231521562245728 2.922449145646867
361 9.980000000000000 1.870000000000000
362 6.515758105953225 6.230934731573353
363 5.751718352867214 7.192740401454937
364 7.126401330727478 5.462231122251422
365 5.707470537056079 7.248441430040337
366 3.232977777777778 2.634888888888889
367 4.040000000000000 6.900000000000000
368 4.814695699434531 5.470501983186281
369 4.226070526520303 6.556655576063727
370 4.602320213403016 2.970280363656160
371 4.800520238390862 2.860434566674944
372 3.540000000000000 1.160000000000000
373 6.722218696569676 6.582760431909551
374 6.066887085912196 5.466021870891192
375 4.513636663059333 2.819156354397026
376 4.804231224396904 3.314353208921256
377 4.796652743770704 3.301438859282730
378 9.320000000000000 4.950000000000000
379 5.682011583128658 7.236552578913853
380 7.750000000000000 5.460000000000000
381 2.160000000000000 5.480000000000000
382 5.840000000000000 3.010000000000000
383 0.140000000000000 6.490000000000000
384 6.910000000000000 7.810000000000000
385 2.670000000000000 5.830000000000000
700
0 6
6 7
7 5
5 4
4 2
2 3
3 1
9 13
13 20
20 19
19 22
22 10
10 15
15 23
23 21
21 14
14 12
12 18
18 11
11 17
17 16
16 8
24 31
31 26
26 28
28 32
32 27
27 30
30 33
33 25
25 29
29 1
34 39
39 41
41 42
42 38
38 40
40 37
37 36
36 35
44 49
49 45
45 48
48 46
46 2
2 50
50 47
47 43
51 57
57 64
64 56
56 52
52 58
58 60
60 63
63 55
55 54
54 61
61 62
62 53
53 59
59 8
44 68
68 66
66 67
67 69
69 25
25 70
70 71
71 65
72 86
86 85
85 77
77 82
82 74
74 92
92 93
93 75
75 81
81 91
91 84
84 78
78 89
89 79
79 52
52 94
94 83
83 80
80 90
90 88
88 76
76 87
87 73
96 104
104 74
74 98
98 36
36 102
102 99
99 113
113 106
106 111
111 112
112 101
101 97
97 10
10 110
110 105
105 108
108 100
100 107
107 26
26 109
109 103
103 95
44 118
118 115
115 117
117 116
116 3
3 114
9 123
123 132
132 131
131 135
135 97
97 125
125 138
138 133
133 124
124 122
122 130
130 121
121 129
129 53
53 128
128 66
66 115
115 45
45 127
127 137
137 120
120 134
134 136
136 126
126 119
140 141
141 143
143 142
142 144
144 75
75 146
146 145
145 98
98 37
37 139
34 158
158 159
159 150
150 148
148 152
152 161
161 162
162 167
167 99
99 151
151 166
166 149
149 156
156 155
155 147
147 54
54 157
157 163
163 153
153 154
154 165
165 120
120 160
160 164
164 0
168 100
100 173
173 182
182 180
180 172
172 186
186 170
170 176
176 11
11 121
121 179
179 177
177 183
183 147
147 55
55 185
185 175
175 174
174 178
178 171
171 187
187 184
184 181
181 76
76 169
188 189
191 199
199 192
192 201
201 200
200 205
205 204
204 101
101 194
194 206
206 202
202 193
193 122
122 12
12 198
198 196
196 170
170 197
197 67
67 195
195 116
116 46
46 4
4 203
203 190
208 209
209 210
210 47
47 207
211 77
77 38
38 148
148 212
212 218
218 216
216 215
215 214
214 213
213 192
192 217
217 123
123 13
13 24
189 221
221 224
224 78
78 220
220 222
222 223
223 219
225 237
237 102
102 228
228 236
236 227
227 229
229 231
231 235
235 220
220 233
233 79
79 56
56 238
238 226
226 230
230 234
234 232
232 169
240 141
141 221
221 57
57 226
226 241
241 80
80 242
242 171
171 239
243 142
142 254
254 81
81 246
246 227
227 149
149 248
248 253
253 193
193 124
124 14
14 255
255 250
250 247
247 172
172 252
252 249
249 27
27 245
245 103
103 251
251 244
257 39
39 259
259 260
260 150
150 212
212 261
261 258
258 262
262 256
263 264
264 228
228 151
151 266
266 273
273 271
271 272
272 194
194 125
125 15
15 270
270 265
265 268
268 173
173 267
267 28
28 269
269 245
245 95
240 279
279 277
277 104
104 82
82 40
40 152
152 276
276 258
258 275
275 278
278 274
35 264
264 291
291 246
246 229
229 282
282 290
290 222
222 286
286 58
58 281
281 283
283 174
174 284
284 285
285 289
289 287
287 126
126 288
288 280
292 300
300 230
230 241
241 83
83 302
302 281
281 296
296 175
175 298
298 301
301 299
299 153
153 294
294 127
127 48
48 117
117 195
195 295
295 29
29 297
297 293
24 307
307 306
306 105
105 265
265 309
309 308
308 305
305 247
247 311
311 196
196 176
176 304
304 16
16 59
59 128
128 68
68 118
118 49
49 294
294 154
154 310
310 303
240 143
143 316
316 84
84 315
315 231
231 282
282 312
312 155
155 314
314 177
177 313
313 129
129 17
17 304
304 197
197 69
69 295
295 1
317 318
318 213
213 320
320 319
319 326
326 275
275 323
323 106
106 328
328 266
266 327
327 248
248 156
156 312
312 325
325 60
60 296
296 283
283 178
178 322
322 324
324 321
321 329
329 73
168 107
107 267
267 330
330 249
249 30
30 331
331 70
70 297
297 114
332 334
334 108
108 268
268 336
336 335
335 305
305 250
250 339
339 198
198 18
18 130
130 179
179 313
313 337
337 61
61 157
157 338
338 298
298 333
340 85
85 342
342 41
41 259
259 158
158 344
344 343
343 318
318 199
199 341
345 348
348 214
214 346
346 319
319 200
200 349
349 131
131 19
19 306
306 334
334 31
31 347
347 251
251 95
350 86
86 342
342 42
42 260
260 159
159 353
353 351
351 215
215 346
346 320
320 201
201 352
352 132
132 20
20 307
307 332
333 284
284 355
355 356
356 321
321 357
357 87
87 354
358 202
202 133
133 21
21 360
360 308
308 335
335 180
180 359
359 330
330 32
32 269
269 109
109 347
347 244
292 232
232 88
88 181
181 365
365 363
363 322
322 355
355 285
285 362
362 134
134 160
160 364
364 5
5 203
203 50
50 361
317 343
343 348
348 351
351 216
216 366
366 261
261 276
276 161
161 225
367 369
369 89
89 233
233 286
286 368
368 219
225 162
162 262
262 323
323 370
370 371
371 204
204 135
135 22
22 110
110 270
270 309
309 336
336 182
182 359
359 252
252 33
33 331
331 71
71 293
372 217
217 352
352 349
349 205
205 375
375 370
370 111
111 271
271 377
377 376
376 253
253 314
314 183
183 337
337 62
62 163
163 299
299 374
374 362
362 373
373 287
287 119
119 288
288 209
209 361
51 300
300 234
234 90
90 184
184 379
379 363
363 324
324 356
356 289
289 373
373 136
136 164
164 6
6 210
210 378
381 144
144 254
254 91
91 315
315 235
235 290
290 223
223 368
368 325
325 63
63 185
185 338
338 301
301 374
374 310
310 165
165 137
137 364
364 7
7 380
96 277
277 92
92 145
145 263
257 344
344 353
353 218
218 366
366 326
326 278
278 375
375 371
371 112
112 272
272 206
206 138
138 23
23 360
360 255
255 339
339 311
311 186
186 382
383 279
279 93
93 146
146 291
291 236
236 166
166 327
327 376
376 358
139 237
237 167
167 113
113 328
328 273
273 377
377 358
385 316
316 224
224 369
369 64
64 238
238 94
94 302
302 242
242 187
187 379
379 365
365 357
357 329
329 384
626
0 0.500000000000000 4.500000000000000
1 0.500000000000000 4.700000000000000
2 0.600000000000000 4.100000000000000
3 0.600000000000000 4.100000000000000
4 0.600000000000000 3.200000000000000
5 0.600000000000000 2.600000000000000
6 0.600000000000000 5.500000000000000
7 0.700000000000000 5.400000000000000
8 0.700000000000000 2.600000000000000
9 0.700000000000000 4.300000000000000
10 0.700000000000000 5.800000000000000
11 0.800000000000000 6.800000000000000
12 0.800000000000000 4.300000000000000
13 0.800000000000000 3.700000000000000
14 0.900000000000000 2.800000000000000
15 0.900000000000000 7.200000000000000
16 0.900000000000000 3.900000000000000
17 0.900000000000000 3.700000000000000
18 1.000000000000000 7.600000000000000
19 1.000000000000000 7.500000000000000
20 1.000000000000000 6.500000000000000
21 1.000000000000000 4.100000000000000
22 1.000000000000000 6.000000000000000
23 1.000000000000000 6.700000000000000
24 1.000000000000000 6.100000000000000
25 1.000000000000000 7.300000000000000
26 1.000000000000000 7.800000000000000
27 1.000000000000000 3.000000000000000
28 1.100000000000000 2.900000000000000
29 1.100000000000000 5.400000000000000
30 1.100000000000000 6.700000000000000
31 1.100000000000000 5.200000000000000
32 1.100000000000000 7.100000000000000
33 1.100000000000000 2.700000000000000
34 1.100000000000000 6.600000000000000
35 1.200000000000000 5.900000000000000
36 1.200000000000000 3.600000000000000
37 1.200000000000000 4.300000000000000
38 1.200000000000000 2.800000000000000
39 1.200000000000000 5.300000000000000
40 1.200000000000000 4.100000000000000
41 1.200000000000000 5.900000000000000
42 1.200000000000000 6.700000000000000
43 1.300000000000000 7.400000000000000
44 1.300000000000000 4.200000000000000
45 1.400000000000000 4.700000000000000
46 1.400000000000000 5.200000000000000
47 1.400000000000000 6.000000000000000
48 1.400000000000000 6.400000000000000
49 1.400000000000000 2.800000000000000
50 1.400000000000000 2.900000000000000
51 1.500000000000000 6.400000000000000
52 1.500000000000000 4.800000000000000
53 1.500000000000000 2.700000000000000
54 1.500000000000000 8.000000000000000
55 1.500000000000000 7.400000000000000
56 1.500000000000000 4.100000000000000
57 1.500000000000000 7.600000000000000
58 1.500000000000000 4.700000000000000
59 1.600000000000000 5.500000000000000
60 1.600000000000000 7.400000000000000
61 1.600000000000000 4.000000000000000
62 1.600000000000000 7.300000000000000
63 1.600000000000000 7.000000000000000
64 1.600000000000000 5.300000000000000
65 1.600000000000000 4.200000000000000
66 1.700000000000000 4.600000000000000
67 1.700000000000000 7.900000000000000
68 1.700000000000000 7.100000000000000
69 1.700000000000000 6.300000000000000
70 1.700000000000000 5.400000000000000
71 1.700000000000000 3.600000000000000
72 1.700000000000000 3.200000000000000
73 1.700000000000000 7.700000000000000
74 1.700000000000000 5.500000000000000
75 1.800000000000000 3.000000000000000
76 1.800000000000000 5.000000000000000
77 1.800000000000000 5.800000000000000
78 1.900000000000000 2.500000000000000
79 1.900000000000000 6.000000000000000
80 1.900000000000000 6.200000000000000
81 1.900000000000000 7.800000000000000
82 1.900000000000000 5.000000000000000
83 1.900000000000000 7.100000000000000
84 2.000000000000000 5.400000000000000
85 2.000000000000000 2.900000000000000
86 2.000000000000000 3.900000000000000
87 2.000000000000000 2.800000000000000
88 2.000000000000000 7.100000000000000
89 2.000000000000000 4.700000000000000
90 2.000000000000000 6.800000000000000
91 2.000000000000000 3.100000000000000
92 2.100000000000000 4.700000000000000
93 2.100000000000000 3.300000000000000
94 2.200000000000000 2.800000000000000
95 2.300000000000000 6.100000000000000
96 2.300000000000000 2.800000000000000
97 2.300000000000000 6.000000000000000
98 2.300000000000000 5.100000000000000
99 2.300000000000000 6.100000000000000
100 2.300000000000000 5.600000000000000
101 2.300000000000000 6.100000000000000
102 2.300000000000000 5.200000000000000
103 2.300000000000000 3.200000000000000
104 2.400000000000000 6.700000000000000
105 2.400000000000000 5.900000000000000
106 2.400000000000000 4.500000000000000
107 2.400000000000000 6.300000000000000
108 2.400000000000000 5.700000000000000
109 2.400000000000000 4.200000000000000
110 2.400000000000000 2.600000000000000
111 2.400000000000000 3.900000000000000
112 2.400000000000000 3.100000000000000
113 2.400000000000000 7.800000000000000
114 2.500000000000000 3.000000000000000
115 2.500000000000000 7.400000000000000
116 2.500000000000000 5.500000000000000
117 2.500000000000000 2.400000000000000
118 2.500000000000000 5.200000000000000
119 2.600000000000000 2.600000000000000
120 2.600000000000000 5.300000000000000
121 2.600000000000000 6.900000000000000
122 2.600000000000000 3.200000000000000
123 2.600000000000000 6.800000000000000
124 2.600000000000000 4.300000000000000
125 2.600000000000000 4.000000000000000
126 2.700000000000000 6.200000000000000
127 2.700000000000000 4.100000000000000
128 2.700000000000000 4.500000000000000
129 2.700000000000000 2.700000000000000
130 2.700000000000000 3.100000000000000
131 2.800000000000000 7.400000000000000
132 2.800000000000000 4.600000000000000
133 2.800000000000000 5.200000000000000
134 2.800000000000000 3.100000000000000
135 2.800000000000000 6.900000000000000
136 2.900000000000000 3.600000000000000
137 2.900000000000000 2.400000000000000
138 2.900000000000000 2.400000000000000
139 2.900000000000000 3.000000000000000
140 3.000000000000000 2.500000000000000
141 3.000000000000000 5.900000000000000
142 3.000000000000000 3.400000000000000
143 3.000000000000000 6.900000000000000
144 3.000000000000000 3.100000000000000
145 3.000000000000000 5.500000000000000
146 3.000000000000000 6.500000000000000
147 3.000000000000000 4.200000000000000
148 3.000000000000000 5.500000000000000
149 3.000000000000000 2.700000000000000
150 3.000000000000000 4.100000000000000
151 3.000000000000000 1.500000000000000
152 3.000000000000000 2.300000000000000
153 3.100000000000000 2.400000000000000
154 3.100000000000000 1.900000000000000
155 3.100000000000000 7.500000000000000
156 3.100000000000000 6.100000000000000
157 3.100000000000000 7.400000000000000
158 3.100000000000000 7.200000000000000
159 3.100000000000000 3.400000000000000
160 3.100000000000000 6.400000000000000
161 3.200000000000000 4.700000000000000
162 3.200000000000000 3.100000000000000
163 3.200000000000000 6.300000000000000
164 3.200000000000000 2.800000000000000
165 3.200000000000000 6.800000000000000
166 3.300000000000000 4.100000000000000
167 3.400000000000000 2.000000000000000
168 3.500000000000000 3.300000000000000
169 3.500000000000000 3.600000000000000
170 3.500000000000000 4.800000000000000
171 3.500000000000000 6.900000000000000
172 3.500000000000000 5.700000000000000
173 3.500000000000000 7.000000000000000
174 3.500000000000000 4.100000000000000
175 3.600000000000000 5.500000000000000
176 3.600000000000000 5.100000000000000
177 3.600000000000000 2.200000000000000
178 3.600000000000000 4.300000000000000
179 3.600000000000000 7.400000000000000
180 3.600000000000000 1.900000000000000
181 3.600000000000000 7.200000000000000
182 3.600000000000000 3.100000000000000
183 3.600000000000000 5.900000000000000
184 3.600000000000000 4.600000000000000
185 3.600000000000000 3.600000000000000
186 3.700000000000000 7.000000000000000
187 3.700000000000000 2.200000000000000
188 3.700000000000000 4.500000000000000
189 3.700000000000000 6.200000000000000
190 3.700000000000000 2.800000000000000
191 3.700000000000000 3.700000000000000
192 3.700000000000000 2.300000000000000
193 3.700000000000000 1.600000000000000
194 3.700000000000000 2.500000000000000
195 3.800000000000000 4.400000000000000
196 3.800000000000000 2.700000000000000
197 3.800000000000000 9.400000000000000
198 3.800000000000000 4.700000000000000
199 3.800000000000000 5.800000000000000
200 3.800000000000000 5.300000000000000
201 3.800000000000000 9.100000000000000
202 3.800000000000000 5.000000000000000
203 3.800000000000000 3.300000000000000
204 3.800000000000000 0.700000000000000
205 3.800000000000000 0.700000000000000
206 3.900000000000000 9.400000000000000
207 3.900000000000000 7.100000000000000
208 3.900000000000000 4.600000000000000
209 3.900000000000000 5.600000000000000
210 3.900000000000000 6.100000000000000
211 4.000000000000000 3.200000000000000
212 4.000000000000000 7.200000000000000
213 4.000000000000000 3.300000000000000
214 4.000000000000000 1.500000000000000
215 4.000000000000000 4.800000000000000
216 4.000000000000000 2.100000000000000
217 4.000000000000000 2.000000000000000
218 4.000000000000000 3.000000000000000
219 4.000000000000000 2.700000000000000
220 4.100000000000000 4.300000000000000
221 4.100000000000000 6.500000000000000
222 4.100000000000000 8.100000000000000
223 4.100000000000000 5.600000000000000
224 4.100000000000000 9.000000000000000
225 4.100000000000000 9.199999999999999
226 4.100000000000000 8.199999999999999
227 4.200000000000000 8.199999999999999
228 4.200000000000000 6.800000000000000
229 4.200000000000000 8.000000000000000
230 4.200000000000000 7.600000000000000
231 4.200000000000000 8.600000000000000
232 4.200000000000000 1.900000000000000
233 4.200000000000000 1.800000000000000
234 4.200000000000000 7.000000000000000
235 4.200000000000000 4.800000000000000
236 4.300000000000000 1.600000000000000
237 4.300000000000000 5.400000000000000
238 4.300000000000000 6.500000000000000
239 4.300000000000000 0.900000000000000
240 4.400000000000000 2.700000000000000
241 4.400000000000000 8.400000000000000
242 4.400000000000000 8.800000000000001
243 4.400000000000000 6.200000000000000
244 4.400000000000000 5.000000000000000
245 4.400000000000000 6.200000000000000
246 4.400000000000000 5.000000000000000
247 4.500000000000000 4.300000000000000
248 4.500000000000000 3.800000000000000
249 4.500000000000000 8.699999999999999
250 4.500000000000000 4.100000000000000
251 4.500000000000000 1.800000000000000
252 4.500000000000000 6.300000000000000
253 4.500000000000000 6.800000000000000
254 4.500000000000000 5.500000000000000
255 4.600000000000000 4.100000000000000
256 4.600000000000000 6.500000000000000
257 4.600000000000000 4.600000000000000
258 4.600000000000000 0.900000000000000
259 4.600000000000000 4.600000000000000
260 4.600000000000000 4.500000000000000
261 4.600000000000000 8.000000000000000
262 4.600000000000000 2.900000000000000
263 4.600000000000000 5.200000000000000
264 4.600000000000000 1.800000000000000
265 4.600000000000000 2.700000000000000
266 4.600000000000000 0.600000000000000
267 4.700000000000000 1.000000000000000
268 4.700000000000000 1.500000000000000
269 4.700000000000000 3.200000000000000
270 4.700000000000000 8.100000000000000
271 4.700000000000000 5.800000000000000
272 4.700000000000000 7.000000000000000
273 4.800000000000000 5.300000000000000
274 4.800000000000000 7.400000000000000
275 4.800000000000000 2.900000000000000
276 4.800000000000000 3.000000000000000
277 4.800000000000000 0.700000000000000
278 4.800000000000000 6.700000000000000
279 4.800000000000000 4.600000000000000
280 4.800000000000000 5.500000000000000
281 4.800000000000000 2.300000000000000
282 4.900000000000000 0.900000000000000
283 4.900000000000000 1.400000000000000
284 4.900000000000000 6.300000000000000
285 4.900000000000000 7.600000000000000
286 4.900000000000000 3.500000000000000
287 4.900000000000000 6.700000000000000
288 4.900000000000000 6.200000000000000
289 4.900000000000000 5.000000000000000
290 5.000000000000000 1.000000000000000
291 5.000000000000000 6.200000000000000
292 5.000000000000000 7.100000000000000
293 5.000000000000000 6.400000000000000
294 5.000000000000000 6.200000000000000
295 5.000000000000000 4.600000000000000
296 5.100000000000000 8.000000000000000
297 5.100000000000000 4.600000000000000
298 5.100000000000000 2.100000000000000
299 5.100000000000000 6.700000000000000
300 5.100000000000000 4.300000000000000
301 5.100000000000000 8.000000000000000
302 5.100000000000000 2.800000000000000
303 5.100000000000000 1.100000000000000
304 5.100000000000000 3.700000000000000
305 5.100000000000000 0.900000000000000
306 5.100000000000000 7.500000000000000
307 5.100000000000000 0.800000000000000
308 5.200000000000000 2.200000000000000
309 5.200000000000000 2.600000000000000
310 5.200000000000000 1.800000000000000
311 5.200000000000000 1.700000000000000
312 5.200000000000000 6.200000000000000
313 5.200000000000000 3.900000000000000
314 5.200000000000000 7.200000000000000
315 5.200000000000000 7.400000000000000
316 5.200000000000000 2.400000000000000
317 5.200000000000000 6.600000000000000
318 5.300000000000000 2.900000000000000
319 5.300000000000000 2.200000000000000
320 5.300000000000000 3.100000000000000
321 5.300000000000000 5.100000000000000
322 5.300000000000000 7.200000000000000
323 5.300000000000000 3.200000000000000
324 5.300000000000000 4.500000000000000
325 5.300000000000000 5.100000000000000
326 5.400000000000000 4.500000000000000
327 5.400000000000000 6.500000000000000
328 5.500000000000000 1.900000000000000
329 5.500000000000000 6.800000000000000
330 5.500000000000000 6.900000000000000
331 5.500000000000000 6.300000000000000
332 5.600000000000000 1.500000000000000
333 5.600000000000000 4.200000000000000
334 5.600000000000000 2.200000000000000
335 5.600000000000000 4.800000000000000
336 5.600000000000000 4.300000000000000
337 5.700000000000000 1.800000000000000
338 5.700000000000000 3.000000000000000
339 5.700000000000000 4.100000000000000
340 5.700000000000000 6.300000000000000
341 5.700000000000000 6.000000000000000
342 5.700000000000000 3.700000000000000
343 5.800000000000000 1.400000000000000
344 5.800000000000000 2.100000000000000
345 5.800000000000000 3.400000000000000
346 5.800000000000000 1.800000000000000
347 5.800000000000000 2.500000000000000
348 5.800000000000000 7.600000000000000
349 5.800000000000000 4.100000000000000
350 5.800000000000000 5.800000000000000
351 5.900000000000000 2.500000000000000
352 5.900000000000000 7.100000000000000
353 5.900000000000000 6.200000000000000
354 5.900000000000000 7.300000000000000
355 6.000000000000000 5.800000000000000
356 6.000000000000000 7.600000000000000
357 6.000000000000000 7.600000000000000
358 6.000000000000000 6.500000000000000
359 6.000000000000000 2.100000000000000
360 6.000000000000000 3.100000000000000
361 6.000000000000000 2.700000000000000
362 6.100000000000000 1.800000000000000
363 6.100000000000000 4.900000000000000
364 6.100000000000000 3.800000000000000
365 6.100000000000000 6.000000000000000
366 6.100000000000000 3.700000000000000
367 6.100000000000000 1.400000000000000
368 6.100000000000000 7.200000000000000
369 6.200000000000000 4.200000000000000
370 6.200000000000000 5.600000000000000
371 6.200000000000000 4.200000000000000
372 6.200000000000000 1.400000000000000
373 6.200000000000000 7.200000000000000
374 6.300000000000000 4.500000000000000
375 6.300000000000000 3.900000000000000
376 6.300000000000000 4.400000000000000
377 6.300000000000000 6.200000000000000
378 6.300000000000000 6.300000000000000
379 6.300000000000000 2.000000000000000
380 6.300000000000000 6.800000000000000
381 6.400000000000000 5.000000000000000
382 6.400000000000000 7.300000000000000
383 6.400000000000000 1.300000000000000
384 6.400000000000000 3.700000000000000
385 6.400000000000000 3.700000000000000
386 6.400000000000000 7.100000000000000
387 6.500000000000000 4.600000000000000
388 6.500000000000000 1.800000000000000
389 6.500000000000000 1.400000000000000
390 6.500000000000000 4.000000000000000
391 6.500000000000000 7.000000000000000
392 6.500000000000000 5.700000000000000
393 6.600000000000000 2.400000000000000
394 6.600000000000000 2.000000000000000
395 6.600000000000000 5.500000000000000
396 6.600000000000000 4.900000000000000
397 6.600000000000000 7.300000000000000
398 6.600000000000000 2.800000000000000
399 6.700000000000000 6.400000000000000
400 6.700000000000000 5.400000000000000
401 6.700000000000000 2.900000000000000
402 6.700000000000000 1.400000000000000
403 6.700000000000000 4.900000000000000
404 6.700000000000000 6.000000000000000
405 6.700000000000000 7.000000000000000
406 6.800000000000000 4.300000000000000
407 6.800000000000000 3.100000000000000
408 6.800000000000000 6.800000000000000
409 6.800000000000000 6.700000000000000
410 6.800000000000000 4.600000000000000
411 6.800000000000000 5.700000000000000
412 6.800000000000000 4.000000000000000
413 6.800000000000000 1.600000000000000
414 6.800000000000000 4.900000000000000
415 6.900000000000000 6.900000000000000
416 6.900000000000000 5.000000000000000
417 6.900000000000000 1.200000000000000
418 6.900000000000000 4.300000000000000
419 6.900000000000000 1.400000000000000
420 7.000000000000000 4.500000000000000
421 7.000000000000000 3.600000000000000
422 7.000000000000000 1.400000000000000
423 7.000000000000000 1.800000000000000
424 7.000000000000000 6.600000000000000
425 7.000000000000000 3.800000000000000
426 7.000000000000000 1.700000000000000
427 7.000000000000000 6.600000000000000
428 7.000000000000000 2.500000000000000
429 7.000000000000000 5.000000000000000
430 7.000000000000000 0.900000000000000
431 7.000000000000000 2.200000000000000
432 7.000000000000000 7.300000000000000
433 7.100000000000000 4.500000000000000
434 7.100000000000000 7.700000000000000
435 7.100000000000000 7.000000000000000
436 7.100000000000000 5.800000000000000
437 7.100000000000000 2.300000000000000
438 7.200000000000000 2.900000000000000
439 7.200000000000000 3.800000000000000
440 7.200000000000000 5.300000000000000
441 7.200000000000000 6.300000000000000
442 7.200000000000000 4.700000000000000
443 7.200000000000000 3.300000000000000
444 7.300000000000000 2.600000000000000
445 7.300000000000000 7.100000000000000
446 7.300000000000000 4.100000000000000
447 7.300000000000000 5.900000000000000
448 7.300000000000000 3.200000000000000
449 7.400000000000000 7.700000000000000
450 7.400000000000000 7.600000000000000
451 7.400000000000000 5.500000000000000
452 7.400000000000000 6.900000000000000
453 7.400000000000000 1.900000000000000
454 7.400000000000000 4.700000000000000
455 7.400000000000000 2.400000000000000
456 7.400000000000000 6.400000000000000
457 7.500000000000000 1.200000000000000
458 7.500000000000000 1.900000000000000
459 7.500000000000000 2.300000000000000
460 7.500000000000000 5.300000000000000
461 7.500000000000000 3.000000000000000
462 7.500000000000000 3.600000000000000
463 7.500000000000000 7.000000000000000
464 7.600000000000000 6.500000000000000
465 7.600000000000000 2.100000000000000
466 7.600000000000000 1.800000000000000
467 7.600000000000000 0.900000000000000
468 7.600000000000000 2.700000000000000
469 7.600000000000000 6.400000000000000
470 7.600000000000000 5.500000000000000
471 7.600000000000000 3.800000000000000
472 7.700000000000000 7.500000000000000
473 7.700000000000000 1.300000000000000
474 7.700000000000000 7.100000000000000
475 7.700000000000000 4.000000000000000
476 7.700000000000000 5.200000000000000
477 7.700000000000000 3.700000000000000
478 7.700000000000000 3.000000000000000
479 7.700000000000000 1.300000000000000
480 7.700000000000000 4.300000000000000
481 7.700000000000000 0.900000000000000
482 7.700000000000000 1.800000000000000
483 7.800000000000000 6.400000000000000
484 7.800000000000000 4.600000000000000
485 7.800000000000000 3.900000000000000
486 7.800000000000000 4.500000000000000
487 7.800000000000000 3.000000000000000
488 7.800000000000000 1.500000000000000
489 7.900000000000000 5.000000000000000
490 7.900000000000000 4.800000000000000
491 7.900000000000000 8.199999999999999
492 7.900000000000000 5.600000000000000
493 7.900000000000000 5.900000000000000
494 7.900000000000000 6.200000000000000
495 7.900000000000000 3.200000000000000
496 8.000000000000000 6.500000000000000
497 8.000000000000000 3.500000000000000
498 8.000000000000000 8.400000000000000
499 8.000000000000000 2.100000000000000
500 8.000000000000000 5.700000000000000
501 8.000000000000000 0.500000000000000
502 8.000000000000000 8.100000000000000
503 8.000000000000000 2.600000000000000
504 8.000000000000000 3.200000000000000
505 8.000000000000000 7.800000000000000
506 8.000000000000000 5.600000000000000
507 8.000000000000000 4.100000000000000
508 8.000000000000000 4.600000000000000
509 8.000000000000000 1.300000000000000
510 8.100000000000000 7.200000000000000
511 8.100000000000000 4.500000000000000
512 8.100000000000000 4.100000000000000
513 8.100000000000000 8.100000000000000
514 8.100000000000000 7.000000000000000
515 8.100000000000000 7.300000000000000
516 8.100000000000000 8.100000000000000
517 8.100000000000000 0.500000000000000
518 8.100000000000000 1.000000000000000
519 8.100000000000000 3.300000000000000
520 8.100000000000000 3.300000000000000
521 8.199999999999999 6.900000000000000
522 8.199999999999999 5.600000000000000
523 8.199999999999999 6.900000000000000
524 8.199999999999999 2.600000000000000
525 8.199999999999999 8.000000000000000
526 8.199999999999999 4.500000000000000
527 8.199999999999999 4.600000000000000
528 8.199999999999999 3.800000000000000
529 8.199999999999999 4.100000000000000
530 8.300000000000001 7.000000000000000
531 8.300000000000001 5.700000000000000
532 8.300000000000001 8.100000000000000
533 8.300000000000001 6.100000000000000
534 8.300000000000001 2.700000000000000
535 8.300000000000001 3.400000000000000
536 8.300000000000001 2.600000000000000
537 8.300000000000001 5.800000000000000
538 8.400000000000000 6.600000000000000
539 8.400000000000000 8.600000000000000
540 8.400000000000000 7.100000000000000
541 8.400000000000000 5.500000000000000
542 8.400000000000000 2.200000000000000
543 8.400000000000000 4.800000000000000
544 8.400000000000000 6.900000000000000
545 8.400000000000000 6.900000000000000
546 8.400000000000000 1.400000000000000
547 8.400000000000000 2.000000000000000
548 8.400000000000000 7.400000000000000
549 8.400000000000000 6.000000000000000
550 8.400000000000000 6.500000000000000
551 8.400000000000000 2.300000000000000
552 8.400000000000000 5.200000000000000
553 8.500000000000000 5.200000000000000
554 8.500000000000000 4.800000000000000
555 8.500000000000000 7.000000000000000
556 8.500000000000000 6.000000000000000
557 8.500000000000000 3.800000000000000
558 8.500000000000000 5.000000000000000
559 8.500000000000000 3.500000000000000
560 8.500000000000000 1.700000000000000
561 8.500000000000000 4.800000000000000
562 8.500000000000000 3.200000000000000
563 8.600000000000000 1.700000000000000
564 8.600000000000000 7.000000000000000
565 8.600000000000000 5.700000000000000
566 8.600000000000000 5.600000000000000
567 8.600000000000000 2.500000000000000
568 8.600000000000000 5.100000000000000
569 8.600000000000000 3.000000000000000
570 8.600000000000000 7.700000000000000
571 8.600000000000000 5.000000000000000
572 8.699999999999999 2.800000000000000
573 8.699999999999999 1.700000000000000
574 8.699999999999999 3.500000000000000
575 8.699999999999999 7.600000000000000
576 8.699999999999999 2.600000000000000
577 8.699999999999999 6.100000000000000
578 8.699999999999999 2.400000000000000
579 8.699999999999999 5.100000000000000
580 8.800000000000001 1.300000000000000
581 8.800000000000001 6.100000000000000
582 8.800000000000001 3.600000000000000
583 8.800000000000001 4.200000000000000
584 8.900000000000000 0.900000000000000
585 8.900000000000000 1.000000000000000
586 8.900000000000000 5.100000000000000
587 8.900000000000000 5.200000000000000
588 8.900000000000000 3.200000000000000
589 8.900000000000000 2.100000000000000
590 8.900000000000000 6.800000000000000
591 9.000000000000000 4.700000000000000
592 9.100000000000000 4.300000000000000
593 9.100000000000000 5.400000000000000
594 9.100000000000000 4.200000000000000
595 9.100000000000000 2.000000000000000
596 9.100000000000000 1.000000000000000
597 9.100000000000000 0.900000000000000
598 9.199999999999999 0.900000000000000
599 9.199999999999999 2.800000000000000
600 9.199999999999999 3.900000000000000
601 9.199999999999999 1.000000000000000
602 9.300000000000001 2.400000000000000
603 9.300000000000001 1.000000000000000
604 9.300000000000001 0.700000000000000
605 9.300000000000001 1.300000000000000
606 9.400000000000000 3.500000000000000
607 9.400000000000000 4.700000000000000
608 9.400000000000000 3.600000000000000
609 9.400000000000000 4.600000000000000
610 9.400000000000000 1.500000000000000
611 9.400000000000000 3.800000000000000
612 9.400000000000000 4.300000000000000
613 9.500000000000000 3.100000000000000
614 9.500000000000000 3.300000000000000
615 9.500000000000000 2.900000000000000
616 9.500000000000000 0.700000000000000
617 9.500000000000000 1.400000000000000
618 9.600000000000000 2.300000000000000
619 9.600000000000000 3.700000000000000
620 9.600000000000000 3.700000000000000
621 9.699999999999999 3.000000000000000
622 9.699999999999999 3.000000000000000
623 9.800000000000001 1.800000000000000
624 9.800000000000001 2.400000000000000
625 9.800000000000001 1.800000000000000
