361
0 4.010000000000000 3.730000000000000
1 0.280000000000000 9.640000000000001
2 4.006463455500375 3.735603479354633
3 3.151813862323003 5.089753370957386
4 2.979347431975592 5.363017875877816
5 2.617107634615544 5.936968868477785
6 3.214333327884662 4.990694378606339
7 2.391667213652773 6.294168034131933
8 2.932299235267161 5.437563410072674
9 2.680865591575880 5.835947547932051
10 2.237000000000000 6.539230563002681
11 3.003214086228883 5.325202345948338
12 6.420000000000000 6.970000000000000
13 6.330000000000000 3.320000000000000
14 6.393979940875752 5.914742046627720
15 6.333665280802482 3.468647499211745
16 6.390300921704241 5.765537380227551
17 6.382446370447163 5.446991690357144
18 6.399089113604044 6.121947385052930
19 6.333791999657801 3.473786652788570
20 6.395358774267225 5.970661400837457
21 6.347450250908461 4.027704620176500
22 6.402833483401479 6.273802382393316
23 6.351349576781613 4.185843947254300
24 6.412466718997806 6.664483603799882
25 6.358281812095514 4.466984601651417
26 7.580000000000000 4.670000000000000
27 5.100000000000000 0.190000000000000
28 6.140629172567266 2.069846247218288
29 6.787084780311037 3.237637022497358
30 7.522071973197782 4.565355822550832
31 6.740877245113577 3.154165346011622
32 5.118256978345224 0.222980347978471
33 6.395351405222244 2.529989635240183
34 6.072875517026460 1.947452546886509
35 5.982133873272987 1.783532158170557
36 6.939156626506024 3.512347454333463
37 7.127912413566019 3.853325650312808
38 7.304394577520400 4.172132140036851
39 6.000000000000000 7.420000000000000
40 5.530000000000000 1.590000000000000
41 5.837719475553876 5.407030941444884
42 5.589625126885579 2.329605297325370
43 5.707183597290624 3.787830579158164
44 5.822940449532163 5.223708129303216
45 5.654448770990509 3.133694329520564
46 5.834579628978604 5.368083482862258
47 5.615852148762213 2.654931972944044
48 5.572672006097807 2.119314458617484
49 5.586884853623834 2.295614248142452
50 5.996915986370047 7.381745107526327
51 5.558619320427240 1.945001357640019
52 5.975963025355276 7.121839229406937
53 5.888742267666109 6.039930681900881
54 5.551973131126563 1.862560328655024
55 5.767259849033192 4.533031744390446
56 5.886102908277405 6.007191394164406
57 5.714893987711296 3.883472230546502
58 5.956911731668962 6.885522118361806
59 5.797953074217056 4.913758346139224
60 0.760000000000000 1.890000000000000
61 0.710000000000000 4.630000000000000
62 4.390000000000000 6.170000000000000
63 4.812763076858290 4.471530796481606
64 5.313505548095272 2.459775955897943
65 4.877758080910755 4.210410517042758
66 4.855506200716214 4.299808421683984
67 4.632691124856227 5.194977761542525
68 5.241172055646109 2.750378934334054
69 5.417526543008458 2.041867046509877
70 5.303907039909568 2.498338383521210
71 5.429371779982697 1.994278287437938
72 5.488624155247912 1.756229271021548
73 4.529014388489208 5.611503597122303
74 5.039055688538759 3.562390303940777
75 4.603977857878475 5.310334570979457
76 3.080000000000000 2.890000000000000
77 9.840000000000000 9.060000000000000
78 3.529889156920822 3.300623683165898
79 4.652444434422048 4.325204461595271
80 3.135820291642538 2.940948402283205
81 4.970526821457166 4.615525220176141
82 5.787640714784685 5.361322960091940
83 6.773270867494340 6.260929179355041
84 3.431977666138996 3.211257721904971
85 9.737950686725295 8.966857357558442
86 3.817537960939900 3.563167044230648
87 7.698057835556254 7.105002491920427
88 6.289620280974033 5.819490700238134
89 9.016532007458050 8.308402734617776
90 6.447443966185091 5.963539833041717
91 7.913858605094025 7.301968578909783
92 5.313319243425452 4.928399368629444
93 7.287437728066000 6.730220529906394
94 7.016572251560250 6.482995679308690
95 6.936719576719577 6.410112394727779
96 8.478013740812132 7.816885322605156
97 5.530725118333587 5.126830470431691
98 7.710000000000000 1.330000000000000
99 3.716915373059588 3.212454181271908
100 3.099475667314480 3.503532899694602
101 2.435990267385275 3.816318873946942
102 1.974041994750656 4.034094488188977
103 4.057418259782025 3.051931391817045
104 5.797562118077847 2.231577858620443
105 5.442853820311827 2.398797484710139
106 5.657119119236047 2.297786700931578
107 1.254620681537285 4.373250250132423
108 2.576649521150219 3.750008082886325
109 5.777467088379320 2.241051229764035
110 4.007346581606729 3.075536611528256
111 1.914993160054720 4.061931795974203
112 4.010830724566713 3.073894086989978
113 9.020000000000000 2.100000000000000
114 1.640000000000000 5.860000000000000
115 4.802203573312114 4.248904412513069
116 2.991732159627069 5.171312612439325
117 2.136030676014339 5.607279763981854
118 5.243507767784138 4.024066503134369
119 3.317171735319683 5.005505999349322
120 6.352669239595285 3.458965265463648
121 2.120148581719947 5.615371454299865
122 7.294776490605183 2.978975663323105
123 5.906494574642025 3.686284606957450
124 2.726009843576715 5.306694171836254
125 2.206754476818026 5.571247041621168
126 2.118192771084338 5.616367910667059
127 6.468044517076601 3.400183281272626
128 7.913446191051996 2.663772672309552
129 5.613763770436380 3.835426588503958
130 8.132777246653919 2.552026768642447
131 2.683860811513495 5.328168475434859
132 6.438752773351997 3.415106988102506
133 1.840000000000000 1.420000000000000
134 3.153067288677044 2.673979260686577
135 5.036476241324079 4.472634810464496
136 5.998900905323649 5.391750364584086
137 6.995446756425948 6.343451652386781
138 3.655925357586892 3.154208716495481
139 9.737994067668795 8.962584334623701
140 3.969876671954469 3.454032221716518
141 7.749592159342397 7.063660512171990
142 6.257080383786748 5.638311766516345
143 3.293880516717142 2.808455893464870
144 2.853329351192371 2.387729530388714
145 9.078177499460161 8.332459511984453
146 6.578823471630465 5.945576415407094
147 8.024988627748293 7.326664139499621
148 5.418129140535288 4.837113329211200
149 7.533239641385993 6.857043857523625
150 3.137236608598021 2.658860961211110
151 7.035809830781628 6.381998388396456
152 7.021947040818422 6.368759423981594
153 8.500970099667773 7.781226445182725
154 5.634693386165644 5.043932183788190
155 2.840000000000000 7.520000000000000
156 3.320000000000000 0.090000000000000
157 2.928482871125611 6.150358890701468
158 3.005345192106504 4.960594213851405
159 2.845840092699884 7.429600231749710
160 3.113109862602214 3.292486918469897
161 3.263373530012701 0.966530566678392
162 3.060590622661450 4.105440986719641
163 2.972868868633023 5.463300637617989
164 3.140604428552639 2.866893949695601
165 2.942206141333931 5.937934103935192
166 2.909299103356135 6.447307629299831
167 3.173118467713391 2.363603718519805
168 2.869943414454617 7.056500897087915
169 3.153543484609367 2.666608144484171
170 2.981777564677187 5.325401446767704
171 5.000000000000000 7.570000000000000
172 2.109691714836223 5.589229287090559
173 1.537128245186107 5.196843133064605
174 2.191689206551636 5.645423372322099
175 2.190421965317918 5.644554913294797
176 3.286524277601660 6.395729924510229
177 3.895565241723708 6.813114641181282
178 1.348863642127153 5.067822635863363
179 3.477969270908827 6.526929989853602
180 4.811897977941177 7.441090921945702
181 1.741527288595206 5.336920799177134
182 5.910000000000000 2.580000000000000
183 4.590000000000000 5.440000000000000
184 4.698699324324324 5.204484797297297
185 5.764445331205108 2.895368449055600
186 5.381500840704730 3.725081511806418
187 9.250000000000000 5.860000000000000
188 7.251622537305826 5.572177484881284
189 2.504771540324414 4.888497540351175
190 8.841465402671821 5.801159536918775
191 1.788111332007952 4.785278330019881
192 2.057468726191601 4.824073364545161
193 6.218477655380860 5.423375587367501
194 1.938169079970844 4.806890862806105
195 2.349950294826817 4.866198930051169
196 8.253938814531548 5.716539196940727
197 7.809966225850287 5.652594667189210
198 8.366504368645810 5.732751800167956
199 4.406781509195629 5.162440428139417
200 1.528895831745790 4.747944013237391
201 4.954098098321610 5.241269398236017
202 5.320935809540340 5.294104337908035
203 7.040000000000000 6.360000000000000
204 8.050000000000001 2.600000000000000
205 7.870941796456187 3.266592916163106
206 7.173149514793074 5.864314677602019
207 7.410244692087498 4.981663324505949
208 7.479983137377084 4.722042973724918
209 7.872895677790772 3.259319060897723
210 7.566197775921650 4.401085507459998
211 6.340000000000000 6.100000000000000
212 2.510000000000000 4.970000000000000
213 2.340000000000000 2.320000000000000
214 2.420342892007322 3.572403904820012
215 2.413813831339364 3.470627370878320
216 2.481166586730615 4.520537969624301
217 2.466521234676007 4.292242775831874
218 8.760000000000000 7.490000000000000
219 8.938031228506622 3.799275685958878
220 8.822067300269339 6.203297121339487
221 8.849475117789316 5.635111981213793
222 8.770833760323915 7.265407814823440
223 8.797788331804199 6.706618813751417
224 8.861851005743805 5.378550304003429
225 8.765795004813349 7.369865092523264
226 8.959037881848410 3.363791603219491
227 8.854648327771647 5.527867358887752
228 5.740000000000000 3.940000000000000
229 9.510000000000000 0.980000000000000
230 7.092569590647177 2.878035546865877
231 5.925854239367433 3.794077308082865
232 6.455134999055950 3.378514695701429
233 5.775390470662264 3.912213317464111
234 6.424454842669454 3.402603094349713
235 1.630000000000000 4.390000000000000
236 2.553002157238734 3.435170182166827
237 2.663891708967851 3.320456852791879
238 1.870203235172128 4.141513894649522
239 9.270000000000000 0.530000000000000
240 3.810000000000000 9.840000000000000
241 1.860167623421355 4.965419058553387
242 1.748669108669109 4.686672771672772
243 2.171645244215938 5.744113110539845
244 2.120982658959538 5.617456647398844
245 2.476588713777326 6.506471784443314
246 1.671691022964509 4.494227557411273
247 2.741387559808612 7.168468899521532
248 3.169246778989098 8.238116947472745
249 2.007779148673658 5.334447871684145
250 2.220000000000000 3.520000000000000
251 4.792572511207261 2.864656325058313
252 5.716650979986555 2.629254221900444
253 2.645372433991608 3.411639542560403
254 3.997555601080652 3.067180957990295
255 3.996998907113230 3.067322771629692
256 3.070000000000000 0.870000000000000
257 9.260000000000000 3.960000000000000
258 5.726080725076952 2.195894901532760
259 5.630225308884867 2.148044621074999
260 5.368605504587155 2.017446043485349
261 3.153151018570318 0.911508343680498
262 5.760927973917893 2.213290377933165
263 7.457997109386886 3.060454130534003
264 7.866533164437490 3.264392161245855
265 9.770000000000000 5.810000000000000
266 9.730000000000000 9.750000000000000
267 9.738730762417815 8.890019901845353
268 9.739313270369777 8.832642868576919
269 1.100000000000000 5.510000000000000
270 7.870000000000000 0.660000000000000
271 5.648766874049654 2.251282224646850
272 2.014160245304944 4.855099381133090
273 6.665222189785180 1.523097840405004
274 2.409765390078525 4.571689491598103
275 5.743240375317239 2.183601799071107
276 4.231357630575507 3.266708344417841
277 4.305252792242773 3.213770156221943
278 4.750000000000000 9.470000000000001
279 6.754215937759863 7.862173436597088
280 7.120369528657788 7.568436889232308
281 7.552603036876357 7.221689563750301
282 8.359255515513755 6.574575019776743
283 8.639684008338994 6.349609051088051
284 7.821652109973278 7.005852418443659
285 5.591506612803192 1.932462745360980
286 6.318654281304756 5.981149146524014
287 5.590595010105696 1.927387031576158
288 6.019166254329540 4.313629391390401
289 5.963086968368244 4.001385465852816
290 6.085738154918777 4.684295158868749
291 0.950000000000000 4.180000000000000
292 2.313620277281992 5.045075733993245
293 4.965883490727047 6.727661850039823
294 4.237663054023339 6.265681459101366
295 5.237554564740571 6.900008989248859
296 4.093441774557338 6.174188005043778
297 1.612130776952081 4.600053351665499
298 3.971667439533351 6.096934810729016
299 5.536366016770101 7.089573885354152
300 2.758763209071736 5.327472787531841
301 5.593227976814251 1.931806457951271
302 3.570711843971146 2.702911154802600
303 3.381666732246458 2.774986512422998
304 2.010000000000000 6.540000000000000
305 2.191759573946253 5.645076906905855
306 2.828091882459920 2.511990349720240
307 2.255315520674034 5.332148772253801
308 9.199999999999999 8.380000000000001
309 1.410000000000000 5.340000000000000
310 3.900270505025437 6.311812880009927
311 5.249270536692223 6.838251916757941
312 4.034585904514453 6.364228645664177
313 3.779201497192763 6.264566437928883
314 5.695466534784041 7.012377184305968
315 8.333247720237598 8.041755207897600
316 1.500000000000000 6.640000000000000
317 8.960000000000001 5.620000000000000
318 7.878634562670934 5.767854255506119
319 8.353307572857606 5.702952583872016
320 4.057476052689307 6.290318287701998
321 3.692308598351002 6.340247349823321
322 5.936816622604820 6.033357512726955
323 6.903350253807107 7.077411167512691
324 8.697409261576970 7.476090947017105
325 5.050000000000000 1.020000000000000
326 6.672984652772275 3.744174657262858
327 7.166975829309575 4.573337300135487
328 8.800733354291644 7.315594189666978
329 6.863580277002722 4.064088815678891
330 6.518469224541378 3.484820994846071
331 5.340000000000000 6.360000000000000
332 5.167652396219694 7.268476352130090
333 3.040000000000000 2.250000000000000
334 4.950000000000000 3.880000000000000
335 3.998629548260876 3.068097467887553
336 7.670000000000000 4.160000000000000
337 8.035858490566037 4.986132075471698
338 8.958766010269141 7.070116797381933
339 7.909865248226950 4.701631205673757
340 3.720000000000000 7.380000000000000
341 4.550000000000000 4.700000000000000
342 4.171185099719795 5.923161364760178
343 4.360277472050050 5.312598042055262
344 1.580000000000000 8.180000000000000
345 8.090000000000000 2.510000000000000
346 6.231342922995751 4.128830357390798
347 6.744154311011173 3.682188180732203
348 5.000000000000000 5.550000000000000
349 6.997933579335793 6.580848708487085
350 6.797728944638310 6.477551636329341
351 8.706293998697603 7.462289988689722
352 1.140000000000000 1.710000000000000
353 6.576641515142348 4.292877197228694
354 8.472263512022943 5.193462386940216
355 6.880000000000000 7.200000000000000
356 8.270000000000000 8.140000000000001
357 9.800000000000001 4.190000000000000
358 8.010000000000000 3.150000000000000
359 7.029538269739328 3.931763505855685
360 4.640000000000000 5.310000000000000
644
1 10
10 7
7 5
5 9
9 8
8 4
4 11
11 3
3 6
6 2
2 0
13 15
15 19
19 21
21 23
23 25
25 17
17 16
16 14
14 20
20 18
18 22
22 24
24 12
27 32
32 35
35 34
34 28
28 33
33 31
31 29
29 36
36 37
37 38
38 30
30 26
40 54
54 51
51 48
48 49
49 42
42 47
47 45
45 43
43 57
57 55
55 59
59 44
44 46
46 41
41 56
56 53
53 58
58 52
52 50
50 39
61 60
62 73
73 75
75 67
67 63
63 66
66 65
65 74
74 68
68 70
70 64
64 69
69 71
71 72
72 40
76 80
80 84
84 78
78 86
86 2
2 79
79 63
63 81
81 92
92 97
97 82
82 41
41 88
88 14
14 90
90 83
83 95
95 94
94 93
93 87
87 91
91 96
96 89
89 85
85 77
61 107
107 111
111 102
102 101
101 108
108 100
100 78
78 99
99 110
110 112
112 103
103 64
64 105
105 42
42 106
106 109
109 104
104 28
28 98
114 126
126 121
121 117
117 125
125 131
131 124
124 116
116 3
3 119
119 79
79 115
115 65
65 118
118 129
129 43
43 123
123 15
15 120
120 132
132 127
127 29
29 122
122 128
128 130
130 113
133 144
144 150
150 134
134 143
143 138
138 99
99 140
140 115
115 66
66 135
135 148
148 154
154 44
44 136
136 142
142 16
16 146
146 137
137 152
152 151
151 149
149 141
141 147
147 153
153 145
145 139
139 77
155 159
159 168
168 166
166 157
157 165
165 163
163 4
4 170
170 116
116 158
158 162
162 100
100 160
160 80
80 164
164 134
134 169
169 167
167 161
161 156
61 178
178 173
173 181
181 172
172 117
117 175
175 174
174 5
5 157
157 176
176 179
179 177
177 180
180 171
183 184
184 81
81 135
135 118
118 186
186 45
45 185
185 182
61 200
200 191
191 194
194 192
192 195
195 189
189 158
158 6
6 119
119 199
199 67
67 184
184 201
201 202
202 82
82 46
46 136
136 193
193 17
17 188
188 197
197 196
196 198
198 190
190 187
203 206
206 188
188 207
207 208
208 30
30 210
210 205
205 209
209 204
211 18
18 83
83 137
137 203
213 215
215 214
214 101
101 217
217 216
216 189
189 212
218 225
225 222
222 223
223 220
220 190
190 221
221 227
227 224
224 219
219 226
226 113
228 233
233 231
231 19
19 120
120 234
234 232
232 31
31 230
230 229
235 238
238 102
102 214
214 236
236 237
237 76
156 32
32 239
235 246
246 242
242 191
191 241
241 249
249 172
172 121
121 244
244 243
243 7
7 245
245 247
247 159
159 248
248 240
250 215
215 236
236 253
253 160
160 84
84 138
138 255
255 254
254 103
103 251
251 68
68 47
47 252
252 182
256 261
261 161
161 260
260 69
69 48
48 259
259 258
258 262
262 104
104 33
33 230
230 122
122 263
263 264
264 205
205 219
219 257
266 85
85 139
139 267
267 268
268 265
269 173
173 241
241 272
272 192
192 274
274 216
216 162
162 86
86 140
140 276
276 277
277 251
251 70
70 105
105 49
49 271
271 258
258 275
275 34
34 273
273 270
278 279
279 280
280 281
281 87
87 141
141 284
284 282
282 283
283 220
220 187
40 287
287 285
285 259
259 271
271 106
106 252
252 185
185 123
123 231
231 289
289 288
288 290
290 193
193 142
142 88
88 286
286 211
291 107
107 297
297 242
242 194
194 272
272 292
292 124
124 300
300 8
8 163
163 298
298 296
296 294
294 293
293 295
295 299
299 50
50 279
279 266
76 164
164 143
143 303
303 302
302 260
260 71
71 51
51 285
285 301
301 35
35 273
273 239
304 243
243 174
174 305
305 125
125 307
307 292
292 195
195 274
274 217
217 108
108 253
253 237
237 306
306 144
144 261
261 156
309 126
126 244
244 175
175 305
305 9
9 165
165 313
313 310
310 312
312 293
293 311
311 314
314 52
52 280
280 315
315 89
89 145
145 308
316 10
10 245
245 166
166 176
176 321
321 310
310 320
320 294
294 53
53 322
322 286
286 20
20 90
90 146
146 206
206 318
318 196
196 319
319 221
221 317
12 323
323 281
281 91
91 147
147 324
324 218
325 72
72 54
54 287
287 301
301 275
275 262
262 109
109 232
232 127
127 330
330 326
326 329
329 327
327 207
207 197
197 318
318 282
282 222
222 328
328 267
267 77
278 332
332 295
295 311
311 331
333 167
167 302
302 254
254 335
335 110
110 276
276 334
336 339
339 337
337 319
319 198
198 283
283 223
223 338
338 268
268 77
340 177
177 312
312 320
320 296
296 342
342 343
343 199
199 341
269 178
178 200
200 297
297 246
246 238
238 111
111 250
344 247
247 168
168 179
179 321
321 313
313 298
298 342
342 73
73 201
201 92
92 148
148 55
55 288
288 346
346 21
21 326
326 347
347 36
36 263
263 128
128 345
348 56
56 322
322 22
22 350
350 349
349 93
93 149
149 284
284 351
351 218
352 306
306 150
150 169
169 303
303 255
255 335
335 112
112 277
277 74
74 186
186 129
129 57
57 233
233 289
289 346
346 23
23 353
353 327
327 208
208 337
337 354
354 224
224 265
355 323
323 349
349 94
94 151
151 203
1 248
248 180
180 332
332 299
299 314
314 58
58 24
24 350
350 95
95 152
152 203
356 315
315 96
96 153
153 324
324 351
351 225
225 328
328 338
338 265
345 130
130 226
226 357
348 202
202 97
97 154
154 59
59 290
290 25
25 353
353 329
329 359
359 37
37 264
264 209
209 358
309 181
181 249
249 307
307 131
131 300
300 170
170 11
11 343
343 75
75 360
13 234
234 132
132 330
330 347
347 359
359 38
38 210
210 339
339 354
354 227
227 317
642
0 0.700000000000000 9.400000000000000
1 0.800000000000000 4.900000000000000
2 0.800000000000000 4.700000000000000
3 0.900000000000000 5.900000000000000
4 0.900000000000000 9.300000000000001
5 0.900000000000000 5.000000000000000
6 0.900000000000000 6.100000000000000
7 0.900000000000000 8.400000000000000
8 1.000000000000000 5.000000000000000
9 1.000000000000000 4.900000000000000
10 1.000000000000000 5.100000000000000
11 1.000000000000000 6.500000000000000
12 1.000000000000000 7.300000000000000
13 1.100000000000000 9.199999999999999
14 1.100000000000000 7.800000000000000
15 1.200000000000000 9.100000000000000
16 1.200000000000000 8.100000000000000
17 1.200000000000000 4.800000000000000
18 1.200000000000000 8.600000000000000
19 1.200000000000000 7.100000000000000
20 1.200000000000000 6.200000000000000
21 1.200000000000000 5.800000000000000
22 1.200000000000000 7.400000000000000
23 1.200000000000000 5.200000000000000
24 1.300000000000000 8.800000000000001
25 1.300000000000000 4.400000000000000
26 1.300000000000000 5.300000000000000
27 1.400000000000000 5.000000000000000
28 1.400000000000000 6.000000000000000
29 1.400000000000000 6.200000000000000
30 1.400000000000000 8.600000000000000
31 1.500000000000000 4.400000000000000
32 1.500000000000000 7.300000000000000
33 1.500000000000000 5.500000000000000
34 1.500000000000000 9.000000000000000
35 1.600000000000000 8.100000000000000
36 1.600000000000000 6.700000000000000
37 1.600000000000000 8.199999999999999
38 1.700000000000000 8.900000000000000
39 1.700000000000000 8.300000000000001
40 1.700000000000000 8.500000000000000
41 1.700000000000000 5.700000000000000
42 1.700000000000000 6.600000000000000
43 1.800000000000000 6.100000000000000
44 1.800000000000000 6.900000000000000
45 1.900000000000000 5.300000000000000
46 2.000000000000000 8.699999999999999
47 2.000000000000000 7.500000000000000
48 2.000000000000000 8.500000000000000
49 2.100000000000000 4.000000000000000
50 2.100000000000000 5.100000000000000
51 2.100000000000000 5.300000000000000
52 2.100000000000000 5.700000000000000
53 2.100000000000000 4.800000000000000
54 2.200000000000000 4.500000000000000
55 2.200000000000000 5.700000000000000
56 2.200000000000000 7.600000000000000
57 2.200000000000000 3.600000000000000
58 2.200000000000000 7.400000000000000
59 2.300000000000000 3.500000000000000
60 2.300000000000000 6.400000000000000
61 2.300000000000000 4.200000000000000
62 2.300000000000000 3.800000000000000
63 2.300000000000000 5.600000000000000
64 2.300000000000000 8.000000000000000
65 2.400000000000000 5.500000000000000
66 2.400000000000000 4.000000000000000
67 2.400000000000000 6.200000000000000
68 2.400000000000000 5.000000000000000
69 2.400000000000000 6.200000000000000
70 2.400000000000000 4.700000000000000
71 2.400000000000000 5.200000000000000
72 2.500000000000000 6.600000000000000
73 2.500000000000000 3.900000000000000
74 2.500000000000000 8.300000000000001
75 2.500000000000000 7.100000000000000
76 2.600000000000000 7.500000000000000
77 2.600000000000000 8.199999999999999
78 2.600000000000000 5.500000000000000
79 2.600000000000000 5.000000000000000
80 2.600000000000000 4.900000000000000
81 2.600000000000000 7.300000000000000
82 2.700000000000000 3.500000000000000
83 2.700000000000000 4.800000000000000
84 2.700000000000000 6.600000000000000
85 2.700000000000000 6.000000000000000
86 2.700000000000000 4.600000000000000
87 2.800000000000000 5.600000000000000
88 2.900000000000000 3.200000000000000
89 2.900000000000000 5.800000000000000
90 2.900000000000000 4.300000000000000
91 2.900000000000000 3.600000000000000
92 2.900000000000000 2.800000000000000
93 2.900000000000000 7.100000000000000
94 2.900000000000000 5.700000000000000
95 2.900000000000000 4.300000000000000
96 2.900000000000000 2.700000000000000
97 2.900000000000000 3.400000000000000
98 2.900000000000000 2.600000000000000
99 3.000000000000000 6.300000000000000
100 3.000000000000000 4.200000000000000
101 3.000000000000000 3.100000000000000
102 3.000000000000000 4.700000000000000
103 3.000000000000000 2.100000000000000
104 3.000000000000000 4.300000000000000
105 3.100000000000000 6.800000000000000
106 3.100000000000000 2.500000000000000
107 3.100000000000000 6.900000000000000
108 3.100000000000000 7.300000000000000
109 3.100000000000000 6.200000000000000
110 3.100000000000000 6.200000000000000
111 3.200000000000000 2.400000000000000
112 3.200000000000000 3.300000000000000
113 3.200000000000000 5.500000000000000
114 3.200000000000000 2.600000000000000
115 3.200000000000000 3.200000000000000
116 3.200000000000000 7.300000000000000
117 3.200000000000000 7.700000000000000
118 3.300000000000000 2.300000000000000
119 3.300000000000000 4.400000000000000
120 3.300000000000000 2.400000000000000
121 3.300000000000000 2.600000000000000
122 3.400000000000000 1.700000000000000
123 3.400000000000000 3.400000000000000
124 3.400000000000000 5.100000000000000
125 3.400000000000000 5.900000000000000
126 3.400000000000000 7.200000000000000
127 3.400000000000000 6.000000000000000
128 3.400000000000000 0.100000000000000
129 3.500000000000000 3.400000000000000
130 3.500000000000000 3.100000000000000
131 3.500000000000000 3.000000000000000
132 3.500000000000000 5.700000000000000
133 3.500000000000000 0.200000000000000
134 3.500000000000000 5.300000000000000
135 3.600000000000000 1.500000000000000
136 3.600000000000000 4.000000000000000
137 3.600000000000000 4.900000000000000
138 3.600000000000000 4.000000000000000
139 3.600000000000000 3.800000000000000
140 3.600000000000000 6.700000000000000
141 3.600000000000000 3.900000000000000
142 3.600000000000000 7.900000000000000
143 3.600000000000000 4.300000000000000
144 3.600000000000000 2.500000000000000
145 3.600000000000000 4.800000000000000
146 3.600000000000000 2.100000000000000
147 3.600000000000000 5.400000000000000
148 3.600000000000000 2.000000000000000
149 3.700000000000000 2.500000000000000
150 3.700000000000000 6.800000000000000
151 3.700000000000000 7.000000000000000
152 3.700000000000000 2.100000000000000
153 3.700000000000000 5.500000000000000
154 3.700000000000000 4.600000000000000
155 3.700000000000000 0.900000000000000
156 3.700000000000000 6.600000000000000
157 3.800000000000000 2.900000000000000
158 3.800000000000000 1.900000000000000
159 3.800000000000000 3.900000000000000
160 3.800000000000000 2.800000000000000
161 3.800000000000000 6.800000000000000
162 3.800000000000000 3.600000000000000
163 3.800000000000000 7.400000000000000
164 3.900000000000000 5.800000000000000
165 3.900000000000000 6.700000000000000
166 3.900000000000000 1.400000000000000
167 3.900000000000000 6.100000000000000
168 3.900000000000000 7.000000000000000
169 3.900000000000000 4.500000000000000
170 3.900000000000000 7.500000000000000
171 3.900000000000000 7.100000000000000
172 3.900000000000000 6.200000000000000
173 3.900000000000000 0.800000000000000
174 3.900000000000000 2.100000000000000
175 3.900000000000000 5.400000000000000
176 3.900000000000000 3.000000000000000
177 3.900000000000000 5.100000000000000
178 4.000000000000000 7.200000000000000
179 4.000000000000000 2.700000000000000
180 4.000000000000000 5.500000000000000
181 4.000000000000000 5.000000000000000
182 4.000000000000000 7.000000000000000
183 4.100000000000000 4.400000000000000
184 4.100000000000000 0.900000000000000
185 4.100000000000000 7.500000000000000
186 4.100000000000000 0.500000000000000
187 4.100000000000000 7.500000000000000
188 4.100000000000000 2.800000000000000
189 4.100000000000000 7.300000000000000
190 4.100000000000000 2.000000000000000
191 4.100000000000000 3.300000000000000
192 4.100000000000000 1.200000000000000
193 4.200000000000000 1.500000000000000
194 4.200000000000000 4.300000000000000
195 4.200000000000000 6.100000000000000
196 4.200000000000000 3.800000000000000
197 4.200000000000000 6.500000000000000
198 4.200000000000000 4.200000000000000
199 4.200000000000000 7.300000000000000
200 4.200000000000000 1.700000000000000
201 4.200000000000000 5.200000000000000
202 4.200000000000000 2.800000000000000
203 4.200000000000000 4.100000000000000
204 4.200000000000000 6.100000000000000
205 4.300000000000000 3.200000000000000
206 4.300000000000000 4.300000000000000
207 4.300000000000000 7.600000000000000
208 4.300000000000000 3.600000000000000
209 4.300000000000000 5.100000000000000
210 4.300000000000000 4.600000000000000
211 4.300000000000000 2.100000000000000
212 4.300000000000000 6.700000000000000
213 4.400000000000000 5.500000000000000
214 4.400000000000000 5.800000000000000
215 4.400000000000000 2.600000000000000
216 4.400000000000000 5.300000000000000
217 4.400000000000000 7.000000000000000
218 4.400000000000000 1.800000000000000
219 4.400000000000000 0.200000000000000
220 4.400000000000000 6.900000000000000
221 4.400000000000000 4.400000000000000
222 4.500000000000000 3.700000000000000
223 4.500000000000000 5.900000000000000
224 4.500000000000000 5.500000000000000
225 4.500000000000000 4.300000000000000
226 4.500000000000000 3.500000000000000
227 4.500000000000000 5.200000000000000
228 4.500000000000000 4.800000000000000
229 4.500000000000000 5.900000000000000
230 4.600000000000000 0.300000000000000
231 4.600000000000000 4.400000000000000
232 4.600000000000000 6.000000000000000
233 4.600000000000000 5.600000000000000
234 4.600000000000000 7.300000000000000
235 4.600000000000000 2.700000000000000
236 4.600000000000000 5.000000000000000
237 4.600000000000000 6.200000000000000
238 4.600000000000000 5.100000000000000
239 4.600000000000000 6.600000000000000
240 4.600000000000000 1.100000000000000
241 4.600000000000000 5.600000000000000
242 4.700000000000000 5.500000000000000
243 4.700000000000000 1.900000000000000
244 4.700000000000000 2.900000000000000
245 4.700000000000000 0.300000000000000
246 4.700000000000000 5.600000000000000
247 4.700000000000000 2.900000000000000
248 4.800000000000000 8.500000000000000
249 4.800000000000000 1.400000000000000
250 4.800000000000000 6.200000000000000
251 4.800000000000000 2.400000000000000
252 4.800000000000000 0.200000000000000
253 4.800000000000000 2.500000000000000
254 4.800000000000000 7.300000000000000
255 4.900000000000000 2.900000000000000
256 4.900000000000000 7.600000000000000
257 4.900000000000000 8.500000000000000
258 4.900000000000000 0.700000000000000
259 4.900000000000000 3.000000000000000
260 4.900000000000000 8.000000000000000
261 4.900000000000000 3.800000000000000
262 5.000000000000000 1.400000000000000
263 5.000000000000000 2.200000000000000
264 5.000000000000000 4.300000000000000
265 5.000000000000000 4.500000000000000
266 5.000000000000000 2.200000000000000
267 5.000000000000000 2.600000000000000
268 5.000000000000000 4.800000000000000
269 5.000000000000000 3.800000000000000
270 5.000000000000000 0.900000000000000
271 5.000000000000000 6.100000000000000
272 5.000000000000000 3.000000000000000
273 5.000000000000000 4.200000000000000
274 5.100000000000000 4.500000000000000
275 5.100000000000000 7.100000000000000
276 5.100000000000000 4.300000000000000
277 5.100000000000000 1.000000000000000
278 5.100000000000000 1.500000000000000
279 5.100000000000000 6.000000000000000
280 5.100000000000000 2.100000000000000
281 5.100000000000000 3.100000000000000
282 5.100000000000000 1.500000000000000
283 5.100000000000000 8.600000000000000
284 5.100000000000000 8.199999999999999
285 5.200000000000000 2.600000000000000
286 5.200000000000000 3.100000000000000
287 5.200000000000000 0.900000000000000
288 5.200000000000000 2.800000000000000
289 5.200000000000000 6.200000000000000
290 5.200000000000000 6.800000000000000
291 5.200000000000000 6.700000000000000
292 5.300000000000000 4.800000000000000
293 5.300000000000000 3.200000000000000
294 5.300000000000000 6.400000000000000
295 5.300000000000000 5.700000000000000
296 5.300000000000000 2.600000000000000
297 5.300000000000000 8.800000000000001
298 5.300000000000000 7.100000000000000
299 5.300000000000000 7.300000000000000
300 5.300000000000000 2.200000000000000
301 5.300000000000000 6.700000000000000
302 5.300000000000000 6.700000000000000
303 5.400000000000000 8.199999999999999
304 5.400000000000000 3.000000000000000
305 5.400000000000000 2.400000000000000
306 5.400000000000000 2.100000000000000
307 5.400000000000000 7.800000000000000
308 5.400000000000000 6.000000000000000
309 5.400000000000000 5.200000000000000
310 5.400000000000000 2.500000000000000
311 5.400000000000000 3.300000000000000
312 5.400000000000000 2.000000000000000
313 5.400000000000000 5.000000000000000
314 5.500000000000000 8.000000000000000
315 5.500000000000000 7.100000000000000
316 5.500000000000000 2.600000000000000
317 5.500000000000000 6.000000000000000
318 5.500000000000000 4.000000000000000
319 5.500000000000000 6.000000000000000
320 5.500000000000000 7.900000000000000
321 5.500000000000000 2.400000000000000
322 5.600000000000000 3.400000000000000
323 5.600000000000000 3.300000000000000
324 5.600000000000000 3.000000000000000
325 5.600000000000000 7.900000000000000
326 5.600000000000000 5.800000000000000
327 5.600000000000000 3.800000000000000
328 5.600000000000000 4.500000000000000
329 5.600000000000000 4.000000000000000
330 5.600000000000000 6.500000000000000
331 5.600000000000000 6.400000000000000
332 5.700000000000000 7.700000000000000
333 5.700000000000000 7.100000000000000
334 5.700000000000000 3.200000000000000
335 5.700000000000000 8.500000000000000
336 5.800000000000000 4.500000000000000
337 5.800000000000000 1.500000000000000
338 5.800000000000000 5.000000000000000
339 5.800000000000000 7.000000000000000
340 5.800000000000000 7.400000000000000
341 5.800000000000000 6.200000000000000
342 5.800000000000000 4.700000000000000
343 5.900000000000000 4.500000000000000
344 5.900000000000000 7.200000000000000
345 5.900000000000000 1.200000000000000
346 5.900000000000000 6.500000000000000
347 5.900000000000000 4.000000000000000
348 5.900000000000000 8.400000000000000
349 5.900000000000000 5.300000000000000
350 5.900000000000000 7.000000000000000
351 5.900000000000000 3.400000000000000
352 5.900000000000000 8.500000000000000
353 6.000000000000000 5.900000000000000
354 6.000000000000000 1.600000000000000
355 6.000000000000000 3.600000000000000
356 6.000000000000000 6.600000000000000
357 6.000000000000000 1.500000000000000
358 6.000000000000000 8.100000000000000
359 6.000000000000000 4.800000000000000
360 6.000000000000000 4.000000000000000
361 6.000000000000000 0.600000000000000
362 6.000000000000000 8.400000000000000
363 6.000000000000000 4.200000000000000
364 6.000000000000000 3.800000000000000
365 6.100000000000000 2.800000000000000
366 6.100000000000000 7.900000000000000
367 6.100000000000000 0.500000000000000
368 6.100000000000000 6.100000000000000
369 6.100000000000000 6.400000000000000
370 6.200000000000000 5.200000000000000
371 6.200000000000000 6.900000000000000
372 6.200000000000000 2.800000000000000
373 6.200000000000000 1.400000000000000
374 6.200000000000000 5.100000000000000
375 6.200000000000000 3.500000000000000
376 6.200000000000000 6.600000000000000
377 6.200000000000000 3.300000000000000
378 6.300000000000000 1.600000000000000
379 6.300000000000000 8.000000000000000
380 6.300000000000000 5.200000000000000
381 6.300000000000000 1.500000000000000
382 6.300000000000000 7.300000000000000
383 6.400000000000000 1.000000000000000
384 6.400000000000000 1.700000000000000
385 6.400000000000000 0.400000000000000
386 6.400000000000000 3.800000000000000
387 6.500000000000000 1.400000000000000
388 6.500000000000000 1.500000000000000
389 6.500000000000000 4.000000000000000
390 6.500000000000000 3.600000000000000
391 6.600000000000000 3.700000000000000
392 6.600000000000000 2.200000000000000
393 6.600000000000000 6.100000000000000
394 6.600000000000000 2.200000000000000
395 6.600000000000000 7.000000000000000
396 6.600000000000000 3.500000000000000
397 6.600000000000000 3.200000000000000
398 6.600000000000000 4.500000000000000
399 6.700000000000000 1.700000000000000
400 6.700000000000000 5.300000000000000
401 6.700000000000000 6.500000000000000
402 6.700000000000000 0.800000000000000
403 6.700000000000000 4.400000000000000
404 6.700000000000000 4.700000000000000
405 6.700000000000000 6.800000000000000
406 6.700000000000000 4.000000000000000
407 6.700000000000000 2.200000000000000
408 6.800000000000000 6.100000000000000
409 6.800000000000000 5.300000000000000
410 6.800000000000000 6.100000000000000
411 6.800000000000000 3.300000000000000
412 6.800000000000000 2.900000000000000
413 6.800000000000000 1.500000000000000
414 6.900000000000000 4.100000000000000
415 6.900000000000000 3.000000000000000
416 6.900000000000000 3.600000000000000
417 6.900000000000000 1.300000000000000
418 6.900000000000000 3.300000000000000
419 6.900000000000000 1.700000000000000
420 6.900000000000000 6.000000000000000
421 6.900000000000000 3.000000000000000
422 6.900000000000000 6.700000000000000
423 7.000000000000000 3.700000000000000
424 7.000000000000000 3.600000000000000
425 7.000000000000000 4.400000000000000
426 7.000000000000000 2.500000000000000
427 7.000000000000000 5.700000000000000
428 7.000000000000000 4.100000000000000
429 7.000000000000000 8.000000000000000
430 7.000000000000000 4.400000000000000
431 7.000000000000000 7.600000000000000
432 7.100000000000000 5.700000000000000
433 7.100000000000000 8.000000000000000
434 7.100000000000000 6.100000000000000
435 7.100000000000000 4.800000000000000
436 7.100000000000000 7.900000000000000
437 7.200000000000000 7.200000000000000
438 7.200000000000000 5.200000000000000
439 7.200000000000000 2.500000000000000
440 7.200000000000000 7.000000000000000
441 7.200000000000000 7.400000000000000
442 7.200000000000000 2.900000000000000
443 7.200000000000000 0.400000000000000
444 7.200000000000000 5.000000000000000
445 7.200000000000000 4.700000000000000
446 7.200000000000000 2.000000000000000
447 7.200000000000000 7.000000000000000
448 7.200000000000000 6.400000000000000
449 7.300000000000000 1.900000000000000
450 7.300000000000000 7.000000000000000
451 7.300000000000000 3.700000000000000
452 7.300000000000000 2.000000000000000
453 7.300000000000000 7.800000000000000
454 7.300000000000000 6.800000000000000
455 7.300000000000000 7.500000000000000
456 7.300000000000000 2.700000000000000
457 7.300000000000000 1.000000000000000
458 7.300000000000000 1.200000000000000
459 7.400000000000000 1.600000000000000
460 7.400000000000000 2.500000000000000
461 7.400000000000000 6.100000000000000
462 7.400000000000000 5.600000000000000
463 7.400000000000000 4.500000000000000
464 7.400000000000000 3.400000000000000
465 7.400000000000000 6.200000000000000
466 7.400000000000000 2.700000000000000
467 7.500000000000000 5.500000000000000
468 7.500000000000000 4.300000000000000
469 7.500000000000000 4.500000000000000
470 7.500000000000000 7.900000000000000
471 7.500000000000000 5.700000000000000
472 7.500000000000000 4.500000000000000
473 7.500000000000000 6.600000000000000
474 7.600000000000000 5.600000000000000
475 7.600000000000000 7.100000000000000
476 7.600000000000000 8.300000000000001
477 7.600000000000000 2.200000000000000
478 7.600000000000000 7.300000000000000
479 7.600000000000000 5.900000000000000
480 7.600000000000000 5.700000000000000
481 7.600000000000000 3.300000000000000
482 7.600000000000000 7.800000000000000
483 7.600000000000000 5.000000000000000
484 7.600000000000000 5.800000000000000
485 7.700000000000000 4.500000000000000
486 7.700000000000000 3.600000000000000
487 7.700000000000000 4.800000000000000
488 7.700000000000000 7.600000000000000
489 7.700000000000000 6.900000000000000
490 7.700000000000000 2.000000000000000
491 7.700000000000000 2.100000000000000
492 7.700000000000000 1.900000000000000
493 7.700000000000000 2.200000000000000
494 7.700000000000000 4.800000000000000
495 7.700000000000000 5.600000000000000
496 7.700000000000000 4.400000000000000
497 7.700000000000000 6.200000000000000
498 7.700000000000000 6.800000000000000
499 7.800000000000000 5.600000000000000
500 7.800000000000000 5.700000000000000
501 7.800000000000000 8.000000000000000
502 7.800000000000000 5.900000000000000
503 7.900000000000000 7.100000000000000
504 7.900000000000000 7.400000000000000
505 7.900000000000000 5.200000000000000
506 7.900000000000000 6.900000000000000
507 7.900000000000000 1.200000000000000
508 7.900000000000000 7.900000000000000
509 7.900000000000000 4.600000000000000
510 7.900000000000000 8.500000000000000
511 7.900000000000000 5.500000000000000
512 7.900000000000000 3.300000000000000
513 7.900000000000000 4.600000000000000
514 8.000000000000000 6.500000000000000
515 8.000000000000000 6.200000000000000
516 8.000000000000000 1.200000000000000
517 8.000000000000000 8.000000000000000
518 8.000000000000000 3.900000000000000
519 8.000000000000000 3.000000000000000
520 8.000000000000000 4.400000000000000
521 8.000000000000000 2.600000000000000
522 8.100000000000000 7.000000000000000
523 8.100000000000000 0.500000000000000
524 8.100000000000000 0.600000000000000
525 8.100000000000000 8.699999999999999
526 8.100000000000000 7.200000000000000
527 8.100000000000000 6.900000000000000
528 8.199999999999999 8.199999999999999
529 8.199999999999999 8.600000000000000
530 8.199999999999999 4.200000000000000
531 8.199999999999999 5.100000000000000
532 8.199999999999999 7.600000000000000
533 8.199999999999999 7.200000000000000
534 8.199999999999999 1.500000000000000
535 8.199999999999999 8.100000000000000
536 8.199999999999999 6.600000000000000
537 8.199999999999999 7.900000000000000
538 8.199999999999999 0.500000000000000
539 8.199999999999999 5.500000000000000
540 8.199999999999999 6.600000000000000
541 8.199999999999999 2.900000000000000
542 8.300000000000001 4.700000000000000
543 8.300000000000001 8.400000000000000
544 8.300000000000001 0.700000000000000
545 8.300000000000001 1.800000000000000
546 8.300000000000001 1.600000000000000
547 8.300000000000001 5.700000000000000
548 8.300000000000001 3.600000000000000
549 8.300000000000001 2.900000000000000
550 8.300000000000001 1.300000000000000
551 8.300000000000001 4.700000000000000
552 8.400000000000000 2.500000000000000
553 8.400000000000000 8.900000000000000
554 8.400000000000000 8.500000000000000
555 8.400000000000000 8.500000000000000
556 8.400000000000000 0.600000000000000
557 8.400000000000000 8.000000000000000
558 8.400000000000000 7.500000000000000
559 8.500000000000000 2.400000000000000
560 8.500000000000000 2.100000000000000
561 8.500000000000000 3.700000000000000
562 8.500000000000000 0.600000000000000
563 8.500000000000000 1.400000000000000
564 8.500000000000000 3.600000000000000
565 8.500000000000000 6.300000000000000
566 8.500000000000000 3.400000000000000
567 8.500000000000000 5.500000000000000
568 8.500000000000000 4.300000000000000
569 8.600000000000000 8.500000000000000
570 8.600000000000000 5.500000000000000
571 8.600000000000000 4.000000000000000
572 8.600000000000000 3.700000000000000
573 8.600000000000000 5.000000000000000
574 8.600000000000000 6.900000000000000
575 8.699999999999999 3.500000000000000
576 8.699999999999999 5.500000000000000
577 8.699999999999999 5.800000000000000
578 8.699999999999999 3.100000000000000
579 8.699999999999999 0.800000000000000
580 8.699999999999999 7.200000000000000
581 8.800000000000001 7.200000000000000
582 8.800000000000001 2.500000000000000
583 8.800000000000001 5.900000000000000
584 8.800000000000001 3.400000000000000
585 8.800000000000001 8.000000000000000
586 8.800000000000001 5.100000000000000
587 8.900000000000000 8.900000000000000
588 8.900000000000000 3.000000000000000
589 8.900000000000000 6.200000000000000
590 8.900000000000000 1.500000000000000
591 8.900000000000000 4.800000000000000
592 8.900000000000000 3.400000000000000
593 8.900000000000000 7.100000000000000
594 8.900000000000000 8.400000000000000
595 8.900000000000000 6.500000000000000
596 8.900000000000000 0.800000000000000
597 8.900000000000000 6.400000000000000
598 8.900000000000000 1.900000000000000
599 9.000000000000000 7.300000000000000
600 9.000000000000000 6.400000000000000
601 9.000000000000000 7.200000000000000
602 9.000000000000000 7.200000000000000
603 9.000000000000000 2.000000000000000
604 9.000000000000000 5.700000000000000
605 9.000000000000000 8.000000000000000
606 9.000000000000000 7.100000000000000
607 9.000000000000000 3.100000000000000
608 9.100000000000000 8.300000000000001
609 9.100000000000000 4.800000000000000
610 9.100000000000000 3.600000000000000
611 9.100000000000000 4.800000000000000
612 9.100000000000000 3.000000000000000
613 9.100000000000000 7.100000000000000
614 9.100000000000000 4.400000000000000
615 9.199999999999999 7.700000000000000
616 9.199999999999999 4.300000000000000
617 9.199999999999999 1.000000000000000
618 9.199999999999999 1.800000000000000
619 9.199999999999999 4.100000000000000
620 9.199999999999999 2.100000000000000
621 9.199999999999999 9.199999999999999
622 9.199999999999999 8.400000000000000
623 9.199999999999999 4.000000000000000
624 9.199999999999999 6.600000000000000
625 9.300000000000001 6.500000000000000
626 9.300000000000001 9.199999999999999
627 9.300000000000001 7.300000000000000
628 9.400000000000000 6.200000000000000
629 9.500000000000000 8.000000000000000
630 9.500000000000000 9.400000000000000
631 9.500000000000000 7.100000000000000
632 9.600000000000000 8.100000000000000
633 9.600000000000000 8.000000000000000
634 9.600000000000000 8.000000000000000
635 9.600000000000000 9.400000000000000
636 9.699999999999999 6.300000000000000
637 9.699999999999999 9.300000000000001
638 9.699999999999999 8.100000000000000
639 9.699999999999999 7.600000000000000
640 9.699999999999999 8.800000000000001
641 9.699999999999999 6.300000000000000
