326
0 7.960000000000000 2.330000000000000
1 1.200000000000000 1.550000000000000
2 5.787823218090590 2.079364217471991
3 7.359363186775964 2.260695752320304
4 5.741652188724238 2.074036791006643
5 4.592649430080623 1.941459549624687
6 6.205272727272727 2.127531468531469
7 6.002363765038925 2.104118895966030
8 4.089745686369621 1.883432194581110
9 5.304083926564257 2.023548145372799
10 7.180065075921909 2.240007508760220
11 5.788294573643411 2.079418604651163
12 0.650000000000000 6.320000000000000
13 9.100000000000000 6.300000000000000
14 6.778067464523655 6.305495698308819
15 1.758595794433194 6.317376104628560
16 5.438477651526567 6.308666325085144
17 5.639628732849071 6.308190227851245
18 8.601685463441717 6.301179442690079
19 4.429810394052785 6.311053703209343
20 2.789522984237022 6.314936040273995
21 4.211978297161938 6.311569282136895
22 3.351927045107518 6.313604906402112
23 6.836423399703802 6.305357577752180
24 3.539227633636102 6.313161591399678
25 5.609920783121439 6.308260542525156
26 4.359948347004558 6.311219057166853
27 3.444047947669118 6.313386868762914
28 2.131616330325780 6.316493215786211
29 1.471461658841942 6.318055712050079
30 5.539296302781819 6.308427701058505
31 3.136684500470274 6.314114356211904
32 0.673709146960839 6.319943883675832
33 6.375844966228852 6.306447704221943
34 7.632721819152612 6.303472847765319
35 8.131297195404356 6.302292787703185
36 3.518629870237332 6.313210343502397
37 3.636120306061446 6.312932259630624
38 4.750670489660941 6.310294271030388
39 7.070000000000000 1.770000000000000
40 3.740000000000000 0.000000000000000
41 6.683631935726838 1.564633191062013
42 5.772566172995115 1.080373010871277
43 4.956608824504279 0.646665951763536
44 5.872223667100130 1.133344111341510
45 4.881047529337886 0.606502740819236
46 5.778846829696882 1.083711377946991
47 6.585427945548427 1.512434673759975
48 6.003240601814253 1.202983743306675
49 5.070000000000000 8.560000000000000
50 9.789999999999999 2.330000000000000
51 6.496533611539508 6.677096525446793
52 6.371066518318366 6.842702455694191
53 6.395260044837487 6.810769050987809
54 6.940715165448724 6.090814516791196
55 5.559987529335520 7.913257985644008
56 9.325599397701474 2.942969439050808
57 5.484180577149556 8.013316738211497
58 5.500652613743402 7.991575045842925
59 6.494704572492898 6.679510701985009
60 6.944791612736215 6.085433951833343
61 8.569851987120957 3.940491974626362
62 3.910000000000000 4.370000000000000
63 3.100000000000000 3.770000000000000
64 3.247686969930609 3.879397755504155
65 4.230000000000000 1.910000000000000
66 0.940000000000000 2.040000000000000
67 4.069348086304279 1.916347947957582
68 1.830000000000000 5.530000000000000
69 1.460000000000000 9.609999999999999
70 1.808949439301288 5.762125101758770
71 1.654943548955568 7.460352216922391
72 1.747941554032549 6.434860701478919
73 0.900000000000000 5.130000000000000
74 5.590000000000000 4.100000000000000
75 1.607423140107955 4.974638414859021
76 2.881389397666021 4.694854780469935
77 2.503550569291601 4.777834309942357
78 2.944364175850794 4.681024498693748
79 2.306692387823603 4.821067556618697
80 2.191775537508215 4.846305159139987
81 2.263431596300725 4.830568327464873
82 4.088587746625130 4.429734460762498
83 2.884138793306119 4.694250968634264
84 5.275824306704291 4.168998073367714
85 1.140000000000000 4.750000000000000
86 9.250000000000000 0.090000000000000
87 2.176208604973707 4.154595302197598
88 2.367183492655631 4.044861273024015
89 2.733066235322531 3.834625319777682
90 5.740643033708491 2.106473916512753
91 4.316192183316018 2.924962321300537
92 4.245821226264836 2.965397421159786
93 4.417774262379513 2.866593333823855
94 5.983938517824106 1.966676511336579
95 2.962195688176497 3.702967705684035
96 5.066522307595867 2.493823187004101
97 2.581395559590236 3.921775177843341
98 6.645837832046219 1.586349655075785
99 5.788387419837034 2.079040027565896
100 1.577594714844276 5.421438587029797
101 7.510000000000000 7.030000000000000
102 0.790000000000000 4.690000000000000
103 5.823967684021545 6.442899461400359
104 4.634120377301992 6.028577631381943
105 2.604777975133215 5.321931616341031
106 3.151925593203790 5.512456233347748
107 6.632672605790646 6.724502068087815
108 3.939769691515986 5.786794803295745
109 5.608070898598516 6.367721116476269
110 4.546010942551604 5.997896667495648
111 4.150821432209433 5.860286034430071
112 1.929249194792540 5.086702844615260
113 5.538491243927240 6.343492486724664
114 2.073565889274828 5.136955979301057
115 3.483347945205479 5.627862230919765
116 6.493611182474250 6.676078893897284
117 3.213160738406124 5.533779185694990
118 3.682050268452417 5.697053218478967
119 4.805155286562669 6.088134430142358
120 3.740000000000000 4.920000000000000
121 6.600000000000000 7.010000000000000
122 4.849503961584634 5.730791356542617
123 6.296452944136889 6.788177151484650
124 6.521702798581002 6.952782814347655
125 4.292259970457902 5.323574593796160
126 5.610583319404981 6.286964733411332
127 4.748471825694966 5.656960180315552
128 4.617395101575850 5.561173343459275
129 5.540957251761073 6.236084145517707
130 3.813715609614828 4.973869099333912
131 4.101698172652806 5.184317895400127
132 4.886214511041009 5.757618296529968
133 7.680000000000000 7.070000000000000
134 9.730000000000000 5.360000000000000
135 9.295244071024822 5.722650067584174
136 8.332893158556294 6.525391560423775
137 7.830000000000000 1.610000000000000
138 4.040000000000000 6.850000000000000
139 4.398578317660476 6.354234727034064
140 6.387747226209346 3.604038135794994
141 5.662872547698115 4.606239538274903
142 5.278928399306000 5.137075247397509
143 5.575607082279009 4.726891527403164
144 7.523128682899590 2.034275910714023
145 5.781774593411088 4.441847263991003
146 5.031587335836624 5.479045477629574
147 7.283122817264752 2.366104600932112
148 4.915003344066523 5.640232843559741
149 3.110000000000000 4.870000000000000
150 1.870000000000000 3.920000000000000
151 2.422738407699038 4.343468941382327
152 2.963526223701618 4.757782187513336
153 2.595966452940420 4.476183976043064
154 2.519394153725970 4.417519714548122
155 2.885656724978492 4.698124103814167
156 3.410000000000000 9.650000000000000
157 2.130000000000000 2.770000000000000
158 2.725670741438192 5.971730235230283
159 2.513942686567164 4.833691940298507
160 2.936543391057627 7.105170726934742
161 2.859012710473243 6.688443318793679
162 3.246940014114326 8.773552575864503
163 2.469051389417587 4.592401218119528
164 2.310099667774086 3.738035714285714
165 2.902589189495774 6.922666893539787
166 2.455652198138965 4.520380564996936
167 2.882854665279223 6.816593825875823
168 3.005355281388137 7.475034637461238
169 8.359999999999999 7.260000000000000
170 0.750000000000000 5.520000000000000
171 3.299324507813944 6.102894171300429
172 7.655223679746042 7.098855348588451
173 6.571183765316515 6.850993397063172
174 3.639964057169614 6.180780218065062
175 5.599944619381477 6.628922948452532
176 4.342075867321309 6.341315638520246
177 3.648021800372436 6.182622592989230
178 1.929597888407215 5.789710949517549
179 5.532293132540566 6.613454671566437
180 3.249175643345518 6.091427808071117
181 1.342222634484612 5.655409643101606
182 6.547623437664804 6.845606410188799
183 3.449677288287782 6.137271810988270
184 3.645874922806725 6.182131716909816
185 4.721770840720611 6.428131571991309
186 5.831813378111906 6.681938932708898
187 5.230000000000000 2.710000000000000
188 7.030000000000000 4.100000000000000
189 5.710326959708726 3.080919152219516
190 6.099676083987710 3.381583198190508
191 6.969497945819321 4.053278969271586
192 5.569371399990319 2.972070136659191
193 4.070000000000000 9.190000000000000
194 2.320000000000000 2.180000000000000
195 2.989711464223475 4.862672779546608
196 3.398111643496648 6.498607211949430
197 3.364589346635466 6.364326468522637
198 3.979171762331800 8.826168030826237
199 2.837917041096865 4.254627690336587
200 2.671636225739472 3.588554252819256
201 3.574880037269974 7.206690892150011
202 2.775435405849762 4.004344111432473
203 3.280822422258593 6.028780102875847
204 3.059138740312193 5.140778611193411
205 3.570712186973317 7.189995674675973
206 3.600201762938497 7.308122490399347
207 6.040000000000000 8.980000000000000
208 6.044649047689354 8.974585560313008
209 6.617376296372736 8.307567849956143
210 8.730000000000000 2.410000000000000
211 6.280000000000000 7.450000000000000
212 8.366561759883403 3.157644379668428
213 6.557988279682107 6.878138396082525
214 6.943525752167262 6.085032738398777
215 8.203758033789018 3.492554901919735
216 2.224784825251418 4.816078263467092
217 2.270678577499103 4.818873821979641
218 2.949177820731599 4.860203725120707
219 4.470000000000000 5.090000000000000
220 2.560000000000000 7.600000000000000
221 3.629551704156349 6.194463467312860
222 2.602444444444445 7.544222222222222
223 3.033375337899636 6.977920367472206
224 4.340607104190808 5.260039878785901
225 3.525619380324081 6.331044688684061
226 3.646628888495366 6.172021722448497
227 5.510000000000000 9.520000000000000
228 5.790000000000000 0.520000000000000
229 5.678930112165660 4.090103537532355
230 5.653835106001822 4.896728735655717
231 5.528123157810882 8.937469927507369
232 5.733924845231395 2.322415688990866
233 5.772043301759134 1.097179586313551
234 5.678109649770947 4.116475543076695
235 5.542263559875450 8.482957004003369
236 5.629819631654719 5.668654696812598
237 5.789425089797557 0.538479256507108
238 5.734684016202459 2.298013764920960
239 5.596238740848802 6.748040472717053
240 6.160000000000000 3.280000000000000
241 4.920896439765985 5.366603636809165
242 5.586659824010214 4.245483220888461
243 5.672927771312710 4.100211253025295
244 4.882234830625634 5.431708327672871
245 5.025178893607572 5.190995919726871
246 5.040000000000000 0.350000000000000
247 4.325278444458705 2.892637746261952
248 4.321398414030150 2.906441040352919
249 9.330000000000000 2.540000000000000
250 0.470000000000000 8.220000000000001
251 2.389651080971731 6.989343325065527
252 2.656095467032968 6.818530219780220
253 5.570480888369374 4.950165751022794
254 2.990015143692996 6.604459817587335
255 5.880421232966286 4.751468103470824
256 4.840149240618049 5.418369335585721
257 3.503709222624062 6.275139008520918
258 8.080120448969971 3.341277183956046
259 3.645728681983655 6.184092673400999
260 4.993531079849562 5.320038765965518
261 9.460000000000001 9.220000000000001
262 2.780000000000000 8.740000000000000
263 3.068982782327972 8.760765229867879
264 4.518683844878638 8.864935366099065
265 1.740000000000000 5.260000000000000
266 4.350000000000000 2.870000000000000
267 4.300989510745983 2.914879336903103
268 2.334892012517314 4.715252141794489
269 2.745140297565018 4.339584171961534
270 6.015993728338009 2.205791054629477
271 3.157612867803040 3.387621602735281
272 6.900007509386734 1.840285356695870
273 4.999773211377020 2.625959152988347
274 2.481596232048180 3.667128480980080
275 6.865154185022027 1.854695865808201
276 5.728109776381445 2.324819996303826
277 9.260000000000000 8.949999999999999
278 9.271744428219977 7.874545930142080
279 9.303912796738173 4.928842470118827
280 9.304884667621447 4.839846864950281
281 5.847382107169988 0.948039502132882
282 5.793076169738391 0.542946563453945
283 5.924564876680690 1.523781242266766
284 2.259965763232576 6.651176547163425
285 2.564833023596328 7.446146871656248
286 2.617633183316761 7.583828300800670
287 0.130000000000000 1.640000000000000
288 4.079426592534620 1.900084190240085
289 1.050000000000000 6.140000000000000
290 5.500000000000000 8.020000000000000
291 2.842166408919946 6.897139966015617
292 3.927117092968224 7.355501153883204
293 3.569632452311851 7.204473934909275
294 3.729255796202653 7.271910313901345
295 2.060000000000000 2.180000000000000
296 5.554532822808772 5.644792606551255
297 5.528768490273924 6.766972423624630
298 2.676393026630933 4.164169508427341
299 6.610000000000000 1.750000000000000
300 6.837462834982349 1.820813901456769
301 1.300000000000000 9.949999999999999
302 6.200000000000000 0.250000000000000
303 3.761823234377118 5.076594821743257
304 3.351964218691355 5.887948383406910
305 5.953105080177047 0.738751167812785
306 3.722519276032790 5.154400616833049
307 0.060000000000000 6.930000000000000
308 6.233613102362757 5.860026525664129
309 5.458077972404066 3.425865168859477
310 9.789999999999999 7.790000000000000
311 9.010000000000000 6.740000000000000
312 8.024321669697407 6.427590088531213
313 3.729095327900136 5.066221739520891
314 4.960092078530221 5.456385116415511
315 9.320000000000000 4.910000000000000
316 4.650000000000000 9.199999999999999
317 3.617320028027033 6.565026896910245
318 3.877999481373357 7.230173279853448
319 5.570000000000000 0.270000000000000
320 6.079242707781134 0.893087832357205
321 3.520000000000000 7.870000000000000
322 3.561084159285633 7.319098773215375
323 6.080000000000000 0.890000000000000
324 4.660000000000000 6.680000000000000
325 5.910000000000000 6.660000000000000
564
1 8
8 5
5 9
9 4
4 2
2 11
11 7
7 6
6 10
10 3
3 0
12 32
32 29
29 15
15 28
28 20
20 31
31 22
22 27
27 36
36 24
24 37
37 21
21 26
26 19
19 38
38 16
16 30
30 25
25 17
17 33
33 14
14 23
23 34
34 35
35 18
18 13
40 45
45 43
43 42
42 46
46 44
44 48
48 47
47 41
41 39
49 57
57 58
58 55
55 52
52 53
53 59
59 51
51 14
14 54
54 60
60 61
61 56
56 50
63 64
64 62
66 67
67 65
69 71
71 72
72 15
15 70
70 68
73 75
75 80
80 81
81 79
79 77
77 76
76 83
83 78
78 82
82 84
84 74
85 87
87 88
88 97
97 89
89 95
95 92
92 91
91 93
93 96
96 90
90 2
2 99
99 94
94 98
98 41
41 86
73 100
100 68
102 75
75 112
112 114
114 105
105 106
106 117
117 115
115 118
118 108
108 111
111 110
110 104
104 119
119 16
16 113
113 109
109 103
103 116
116 51
51 107
107 101
120 130
130 131
131 125
125 128
128 127
127 122
122 132
132 129
129 126
126 17
17 103
103 123
123 52
52 124
124 121
133 136
136 18
18 135
135 134
138 139
139 19
19 104
104 122
122 148
148 146
146 142
142 143
143 141
141 145
145 140
140 147
147 3
3 144
144 137
150 87
87 151
151 154
154 153
153 76
76 155
155 152
152 149
157 164
164 88
88 151
151 166
166 163
163 77
77 159
159 105
105 158
158 20
20 161
161 167
167 165
165 160
160 168
168 162
162 156
170 181
181 70
70 178
178 158
158 180
180 171
171 183
183 174
174 184
184 177
177 21
21 176
176 139
139 185
185 179
179 175
175 186
186 123
123 53
53 182
182 173
173 172
172 169
187 192
192 189
189 190
190 140
140 191
191 188
194 200
200 89
89 202
202 199
199 78
78 152
152 195
195 204
204 106
106 203
203 171
171 22
22 197
197 196
196 205
205 201
201 206
206 198
198 193
207 208
208 209
209 172
172 133
211 124
124 213
213 173
173 107
107 23
23 54
54 214
214 215
215 212
212 210
85 216
216 217
217 79
79 159
159 218
218 195
195 149
220 222
222 160
160 223
223 196
196 225
225 24
24 221
221 174
174 226
226 108
108 125
125 224
224 219
227 231
231 235
235 55
55 239
239 175
175 109
109 25
25 126
126 236
236 230
230 141
141 234
234 229
229 189
189 232
232 238
238 90
90 4
4 233
233 42
42 237
237 228
138 176
176 26
26 110
110 127
127 244
244 241
241 245
245 242
242 243
243 229
229 190
190 240
62 91
91 248
248 247
247 5
5 43
43 246
250 71
71 251
251 252
252 161
161 254
254 197
197 27
27 257
257 221
221 259
259 177
177 111
111 128
128 256
256 241
241 260
260 142
142 253
253 230
230 255
255 191
191 258
258 212
212 249
262 263
263 162
162 198
198 264
264 231
231 208
208 261
265 112
112 80
80 216
216 268
268 163
163 153
153 269
269 199
199 64
64 92
92 267
267 247
247 266
150 164
164 274
274 200
200 271
271 267
267 248
248 93
93 273
273 276
276 232
232 270
270 6
6 275
275 272
272 39
277 278
278 135
135 279
279 280
280 56
56 249
228 282
282 281
281 44
44 283
283 94
94 7
7 270
270 240
68 178
178 28
28 284
284 251
251 285
285 222
222 286
286 263
263 156
287 288
288 65
289 29
29 72
72 284
284 252
252 291
291 165
165 223
223 293
293 201
201 294
294 292
292 57
57 290
66 295
290 58
58 297
297 179
179 113
113 30
30 129
129 296
296 253
253 143
143 242
242 74
68 114
114 81
81 217
217 268
268 166
166 154
154 298
298 202
202 95
95 271
271 67
67 288
288 8
8 45
45 246
299 300
300 272
272 144
144 210
301 285
285 291
291 167
167 254
254 31
31 180
180 203
203 304
304 115
115 306
306 303
303 130
130 82
82 273
273 96
96 9
9 233
233 46
46 281
281 305
305 302
307 32
32 181
181 100
100 265
187 309
309 243
243 234
234 145
145 255
255 308
308 33
33 116
116 59
59 182
182 213
213 121
49 235
235 209
209 278
278 310
149 313
313 303
303 131
131 224
224 256
256 244
244 314
314 146
146 296
296 236
236 308
308 214
214 60
60 34
34 312
312 136
136 311
101 312
312 35
35 279
279 315
157 274
274 97
97 298
298 269
269 83
83 155
155 218
218 204
204 117
117 304
304 183
183 257
257 36
36 225
225 317
317 318
318 292
292 264
264 316
319 237
237 282
282 305
305 320
320 47
47 98
98 300
300 275
275 10
10 147
147 258
258 215
215 61
61 280
280 134
321 322
322 293
293 205
205 317
317 37
37 259
259 184
184 226
226 118
118 306
306 313
313 120
324 185
185 38
38 119
119 132
132 148
148 314
314 260
260 245
245 84
84 309
309 192
192 276
276 238
238 11
11 99
99 283
283 48
48 320
320 323
220 286
286 168
168 322
322 206
206 294
294 318
318 297
297 239
239 186
186 325
494
0 0.900000000000000 6.200000000000000
1 1.000000000000000 6.300000000000000
2 1.000000000000000 6.200000000000000
3 1.100000000000000 5.500000000000000
4 1.100000000000000 5.800000000000000
5 1.100000000000000 5.400000000000000
6 1.200000000000000 5.400000000000000
7 1.200000000000000 6.100000000000000
8 1.400000000000000 6.000000000000000
9 1.400000000000000 5.700000000000000
10 1.400000000000000 5.400000000000000
11 1.400000000000000 6.100000000000000
12 1.500000000000000 5.100000000000000
13 1.500000000000000 5.700000000000000
14 1.500000000000000 6.100000000000000
15 1.700000000000000 7.000000000000000
16 1.700000000000000 6.800000000000000
17 1.800000000000000 6.900000000000000
18 1.900000000000000 6.900000000000000
19 1.900000000000000 4.200000000000000
20 1.900000000000000 5.500000000000000
21 2.000000000000000 4.800000000000000
22 2.100000000000000 5.200000000000000
23 2.100000000000000 3.900000000000000
24 2.100000000000000 6.600000000000000
25 2.200000000000000 5.400000000000000
26 2.200000000000000 5.100000000000000
27 2.200000000000000 6.700000000000000
28 2.300000000000000 5.900000000000000
29 2.300000000000000 6.600000000000000
30 2.300000000000000 6.100000000000000
31 2.300000000000000 6.800000000000000
32 2.400000000000000 6.400000000000000
33 2.400000000000000 6.400000000000000
34 2.400000000000000 5.900000000000000
35 2.400000000000000 5.100000000000000
36 2.400000000000000 4.100000000000000
37 2.400000000000000 6.000000000000000
38 2.500000000000000 7.100000000000000
39 2.500000000000000 5.000000000000000
40 2.500000000000000 4.800000000000000
41 2.500000000000000 4.400000000000000
42 2.600000000000000 6.300000000000000
43 2.600000000000000 4.200000000000000
44 2.700000000000000 5.700000000000000
45 2.700000000000000 4.600000000000000
46 2.700000000000000 6.300000000000000
47 2.800000000000000 6.700000000000000
48 2.800000000000000 7.200000000000000
49 2.800000000000000 3.800000000000000
50 2.800000000000000 4.300000000000000
51 2.900000000000000 7.500000000000000
52 2.900000000000000 4.000000000000000
53 3.000000000000000 5.700000000000000
54 3.000000000000000 8.500000000000000
55 3.100000000000000 7.500000000000000
56 3.100000000000000 5.700000000000000
57 3.100000000000000 3.600000000000000
58 3.100000000000000 5.000000000000000
59 3.200000000000000 8.600000000000000
60 3.200000000000000 5.300000000000000
61 3.300000000000000 5.400000000000000
62 3.300000000000000 7.300000000000000
63 3.300000000000000 4.600000000000000
64 3.300000000000000 8.800000000000001
65 3.300000000000000 8.900000000000000
66 3.300000000000000 7.900000000000000
67 3.300000000000000 6.900000000000000
68 3.400000000000000 8.199999999999999
69 3.400000000000000 3.300000000000000
70 3.400000000000000 8.500000000000000
71 3.400000000000000 3.100000000000000
72 3.400000000000000 8.600000000000000
73 3.400000000000000 7.000000000000000
74 3.400000000000000 8.300000000000001
75 3.400000000000000 3.700000000000000
76 3.400000000000000 7.800000000000000
77 3.400000000000000 9.500000000000000
78 3.400000000000000 9.000000000000000
79 3.500000000000000 6.800000000000000
80 3.500000000000000 8.000000000000000
81 3.500000000000000 7.900000000000000
82 3.500000000000000 2.900000000000000
83 3.500000000000000 7.700000000000000
84 3.500000000000000 6.200000000000000
85 3.500000000000000 4.800000000000000
86 3.500000000000000 4.900000000000000
87 3.600000000000000 3.600000000000000
88 3.600000000000000 3.100000000000000
89 3.600000000000000 6.000000000000000
90 3.600000000000000 5.300000000000000
91 3.600000000000000 3.900000000000000
92 3.600000000000000 5.500000000000000
93 3.600000000000000 4.200000000000000
94 3.700000000000000 7.000000000000000
95 3.700000000000000 7.700000000000000
96 3.700000000000000 5.000000000000000
97 3.700000000000000 5.400000000000000
98 3.700000000000000 7.400000000000000
99 3.700000000000000 6.200000000000000
100 3.700000000000000 7.500000000000000
101 3.700000000000000 7.400000000000000
102 3.700000000000000 8.500000000000000
103 3.800000000000000 4.200000000000000
104 3.800000000000000 7.700000000000000
105 3.900000000000000 3.400000000000000
106 3.900000000000000 7.800000000000000
107 3.900000000000000 7.400000000000000
108 3.900000000000000 5.700000000000000
109 3.900000000000000 3.100000000000000
110 3.900000000000000 6.900000000000000
111 4.000000000000000 3.400000000000000
112 4.000000000000000 6.700000000000000
113 4.000000000000000 7.100000000000000
114 4.000000000000000 2.200000000000000
115 4.100000000000000 2.600000000000000
116 4.100000000000000 6.300000000000000
117 4.100000000000000 3.500000000000000
118 4.100000000000000 5.900000000000000
119 4.100000000000000 7.300000000000000
120 4.200000000000000 2.900000000000000
121 4.200000000000000 5.400000000000000
122 4.200000000000000 6.700000000000000
123 4.200000000000000 6.000000000000000
124 4.200000000000000 4.100000000000000
125 4.200000000000000 2.500000000000000
126 4.200000000000000 7.800000000000000
127 4.200000000000000 3.800000000000000
128 4.200000000000000 4.700000000000000
129 4.300000000000000 7.800000000000000
130 4.300000000000000 6.400000000000000
131 4.300000000000000 7.100000000000000
132 4.300000000000000 8.300000000000001
133 4.300000000000000 5.500000000000000
134 4.400000000000000 5.500000000000000
135 4.400000000000000 1.400000000000000
136 4.400000000000000 4.600000000000000
137 4.400000000000000 2.800000000000000
138 4.400000000000000 7.400000000000000
139 4.400000000000000 1.400000000000000
140 4.400000000000000 1.700000000000000
141 4.400000000000000 4.600000000000000
142 4.400000000000000 4.300000000000000
143 4.400000000000000 6.000000000000000
144 4.400000000000000 6.900000000000000
145 4.500000000000000 8.400000000000000
146 4.500000000000000 1.300000000000000
147 4.500000000000000 2.800000000000000
148 4.500000000000000 6.000000000000000
149 4.500000000000000 4.100000000000000
150 4.500000000000000 2.100000000000000
151 4.500000000000000 7.400000000000000
152 4.500000000000000 2.200000000000000
153 4.500000000000000 7.100000000000000
154 4.500000000000000 6.000000000000000
155 4.500000000000000 4.300000000000000
156 4.600000000000000 6.700000000000000
157 4.600000000000000 1.400000000000000
158 4.600000000000000 3.900000000000000
159 4.600000000000000 5.500000000000000
160 4.600000000000000 5.100000000000000
161 4.600000000000000 4.900000000000000
162 4.600000000000000 1.400000000000000
163 4.700000000000000 1.600000000000000
164 4.700000000000000 0.900000000000000
165 4.700000000000000 2.500000000000000
166 4.700000000000000 3.000000000000000
167 4.700000000000000 6.600000000000000
168 4.700000000000000 2.000000000000000
169 4.700000000000000 5.100000000000000
170 4.700000000000000 3.600000000000000
171 4.700000000000000 4.600000000000000
172 4.700000000000000 8.400000000000000
173 4.700000000000000 7.800000000000000
174 4.800000000000000 3.400000000000000
175 4.800000000000000 4.000000000000000
176 4.800000000000000 5.000000000000000
177 4.800000000000000 1.400000000000000
178 4.800000000000000 4.400000000000000
179 4.800000000000000 4.000000000000000
180 4.800000000000000 6.200000000000000
181 4.800000000000000 5.700000000000000
182 4.800000000000000 1.100000000000000
183 4.900000000000000 7.000000000000000
184 4.900000000000000 7.900000000000000
185 4.900000000000000 1.600000000000000
186 4.900000000000000 7.400000000000000
187 4.900000000000000 2.600000000000000
188 4.900000000000000 3.900000000000000
189 4.900000000000000 1.800000000000000
190 4.900000000000000 6.000000000000000
191 4.900000000000000 6.400000000000000
192 4.900000000000000 0.700000000000000
193 4.900000000000000 5.500000000000000
194 4.900000000000000 7.300000000000000
195 4.900000000000000 3.300000000000000
196 5.000000000000000 8.000000000000000
197 5.000000000000000 7.500000000000000
198 5.000000000000000 3.200000000000000
199 5.000000000000000 8.800000000000001
200 5.000000000000000 2.700000000000000
201 5.000000000000000 7.600000000000000
202 5.000000000000000 4.400000000000000
203 5.100000000000000 8.400000000000000
204 5.100000000000000 6.000000000000000
205 5.100000000000000 8.300000000000001
206 5.100000000000000 3.300000000000000
207 5.100000000000000 6.200000000000000
208 5.100000000000000 5.900000000000000
209 5.100000000000000 6.100000000000000
210 5.100000000000000 8.199999999999999
211 5.100000000000000 5.300000000000000
212 5.100000000000000 7.500000000000000
213 5.100000000000000 4.100000000000000
214 5.100000000000000 4.700000000000000
215 5.200000000000000 2.100000000000000
216 5.200000000000000 3.200000000000000
217 5.200000000000000 5.400000000000000
218 5.200000000000000 6.900000000000000
219 5.200000000000000 7.000000000000000
220 5.200000000000000 1.300000000000000
221 5.200000000000000 6.100000000000000
222 5.200000000000000 0.900000000000000
223 5.200000000000000 3.700000000000000
224 5.200000000000000 1.400000000000000
225 5.300000000000000 8.900000000000000
226 5.300000000000000 5.700000000000000
227 5.300000000000000 8.600000000000000
228 5.300000000000000 7.200000000000000
229 5.300000000000000 1.400000000000000
230 5.300000000000000 3.400000000000000
231 5.300000000000000 8.400000000000000
232 5.300000000000000 1.100000000000000
233 5.300000000000000 5.900000000000000
234 5.300000000000000 7.200000000000000
235 5.300000000000000 8.900000000000000
236 5.400000000000000 5.900000000000000
237 5.400000000000000 1.800000000000000
238 5.400000000000000 7.700000000000000
239 5.400000000000000 1.000000000000000
240 5.500000000000000 7.800000000000000
241 5.500000000000000 8.699999999999999
242 5.500000000000000 1.900000000000000
243 5.500000000000000 5.300000000000000
244 5.500000000000000 7.000000000000000
245 5.500000000000000 3.700000000000000
246 5.500000000000000 1.200000000000000
247 5.600000000000000 8.800000000000001
248 5.600000000000000 8.400000000000000
249 5.600000000000000 1.300000000000000
250 5.600000000000000 7.800000000000000
251 5.600000000000000 2.800000000000000
252 5.600000000000000 8.699999999999999
253 5.700000000000000 5.500000000000000
254 5.700000000000000 1.300000000000000
255 5.700000000000000 3.700000000000000
256 5.700000000000000 3.500000000000000
257 5.700000000000000 7.800000000000000
258 5.700000000000000 3.400000000000000
259 5.700000000000000 4.700000000000000
260 5.700000000000000 7.500000000000000
261 5.700000000000000 5.800000000000000
262 5.700000000000000 7.800000000000000
263 5.700000000000000 5.400000000000000
264 5.800000000000000 8.000000000000000
265 5.800000000000000 8.800000000000001
266 5.800000000000000 1.100000000000000
267 5.800000000000000 7.500000000000000
268 5.800000000000000 7.300000000000000
269 5.800000000000000 7.900000000000000
270 5.800000000000000 4.800000000000000
271 5.800000000000000 7.000000000000000
272 5.800000000000000 3.400000000000000
273 5.800000000000000 1.800000000000000
274 5.800000000000000 8.699999999999999
275 5.800000000000000 2.200000000000000
276 5.800000000000000 8.600000000000000
277 5.800000000000000 2.200000000000000
278 5.900000000000000 7.800000000000000
279 5.900000000000000 4.200000000000000
280 5.900000000000000 5.200000000000000
281 5.900000000000000 7.000000000000000
282 5.900000000000000 1.700000000000000
283 5.900000000000000 1.100000000000000
284 5.900000000000000 4.500000000000000
285 5.900000000000000 2.400000000000000
286 5.900000000000000 8.000000000000000
287 5.900000000000000 3.400000000000000
288 5.900000000000000 3.700000000000000
289 5.900000000000000 8.800000000000001
290 6.000000000000000 2.900000000000000
291 6.000000000000000 1.500000000000000
292 6.000000000000000 5.200000000000000
293 6.000000000000000 3.900000000000000
294 6.000000000000000 8.900000000000000
295 6.000000000000000 7.500000000000000
296 6.000000000000000 5.600000000000000
297 6.100000000000000 4.900000000000000
298 6.100000000000000 2.300000000000000
299 6.100000000000000 3.500000000000000
300 6.100000000000000 4.900000000000000
301 6.100000000000000 1.300000000000000
302 6.100000000000000 8.100000000000000
303 6.200000000000000 2.100000000000000
304 6.200000000000000 1.500000000000000
305 6.200000000000000 2.400000000000000
306 6.200000000000000 3.300000000000000
307 6.200000000000000 1.900000000000000
308 6.200000000000000 5.800000000000000
309 6.300000000000000 7.600000000000000
310 6.300000000000000 3.100000000000000
311 6.300000000000000 2.400000000000000
312 6.300000000000000 1.600000000000000
313 6.300000000000000 6.400000000000000
314 6.400000000000000 6.800000000000000
315 6.400000000000000 3.300000000000000
316 6.400000000000000 6.300000000000000
317 6.400000000000000 6.000000000000000
318 6.400000000000000 2.300000000000000
319 6.400000000000000 6.200000000000000
320 6.400000000000000 2.300000000000000
321 6.400000000000000 5.300000000000000
322 6.400000000000000 1.700000000000000
323 6.400000000000000 8.300000000000001
324 6.500000000000000 3.700000000000000
325 6.500000000000000 5.900000000000000
326 6.500000000000000 2.700000000000000
327 6.500000000000000 6.100000000000000
328 6.500000000000000 2.900000000000000
329 6.500000000000000 3.900000000000000
330 6.500000000000000 7.500000000000000
331 6.500000000000000 4.100000000000000
332 6.500000000000000 6.000000000000000
333 6.500000000000000 7.300000000000000
334 6.600000000000000 5.100000000000000
335 6.600000000000000 7.200000000000000
336 6.600000000000000 3.500000000000000
337 6.600000000000000 6.200000000000000
338 6.600000000000000 7.600000000000000
339 6.600000000000000 6.000000000000000
340 6.700000000000000 4.700000000000000
341 6.700000000000000 5.500000000000000
342 6.700000000000000 4.300000000000000
343 6.700000000000000 6.700000000000000
344 6.700000000000000 2.500000000000000
345 6.700000000000000 4.500000000000000
346 6.700000000000000 2.200000000000000
347 6.700000000000000 4.400000000000000
348 6.700000000000000 4.500000000000000
349 6.700000000000000 4.100000000000000
350 6.800000000000000 2.500000000000000
351 6.800000000000000 6.200000000000000
352 6.800000000000000 7.000000000000000
353 6.800000000000000 4.500000000000000
354 6.800000000000000 7.000000000000000
355 6.800000000000000 3.600000000000000
356 6.800000000000000 6.100000000000000
357 6.800000000000000 4.700000000000000
358 6.900000000000000 4.500000000000000
359 6.900000000000000 3.400000000000000
360 6.900000000000000 4.100000000000000
361 6.900000000000000 7.300000000000000
362 6.900000000000000 7.900000000000000
363 7.000000000000000 4.600000000000000
364 7.000000000000000 2.500000000000000
365 7.000000000000000 6.000000000000000
366 7.000000000000000 6.800000000000000
367 7.100000000000000 5.300000000000000
368 7.100000000000000 2.000000000000000
369 7.100000000000000 5.100000000000000
370 7.200000000000000 4.000000000000000
371 7.200000000000000 7.800000000000000
372 7.200000000000000 6.800000000000000
373 7.300000000000000 6.800000000000000
374 7.300000000000000 2.600000000000000
375 7.300000000000000 3.500000000000000
376 7.300000000000000 6.800000000000000
377 7.300000000000000 7.800000000000000
378 7.300000000000000 3.000000000000000
379 7.300000000000000 3.500000000000000
380 7.300000000000000 3.200000000000000
381 7.300000000000000 5.400000000000000
382 7.300000000000000 7.900000000000000
383 7.300000000000000 7.400000000000000
384 7.400000000000000 2.700000000000000
385 7.400000000000000 4.600000000000000
386 7.400000000000000 4.900000000000000
387 7.400000000000000 3.000000000000000
388 7.400000000000000 2.500000000000000
389 7.400000000000000 2.200000000000000
390 7.400000000000000 7.800000000000000
391 7.400000000000000 6.700000000000000
392 7.500000000000000 4.400000000000000
393 7.500000000000000 4.500000000000000
394 7.500000000000000 2.400000000000000
395 7.500000000000000 7.800000000000000
396 7.500000000000000 6.900000000000000
397 7.500000000000000 6.200000000000000
398 7.500000000000000 5.400000000000000
399 7.600000000000000 6.900000000000000
400 7.600000000000000 2.700000000000000
401 7.600000000000000 6.800000000000000
402 7.700000000000000 4.200000000000000
403 7.700000000000000 3.600000000000000
404 7.700000000000000 6.200000000000000
405 7.700000000000000 4.700000000000000
406 7.800000000000000 5.000000000000000
407 7.800000000000000 5.500000000000000
408 7.800000000000000 4.700000000000000
409 7.800000000000000 7.300000000000000
410 7.800000000000000 4.400000000000000
411 7.900000000000000 3.700000000000000
412 7.900000000000000 5.100000000000000
413 8.000000000000000 4.400000000000000
414 8.000000000000000 7.000000000000000
415 8.000000000000000 7.000000000000000
416 8.000000000000000 2.500000000000000
417 8.000000000000000 2.500000000000000
418 8.000000000000000 4.900000000000000
419 8.000000000000000 6.900000000000000
420 8.000000000000000 3.300000000000000
421 8.000000000000000 5.600000000000000
422 8.100000000000000 6.000000000000000
423 8.100000000000000 3.700000000000000
424 8.100000000000000 7.600000000000000
425 8.100000000000000 2.900000000000000
426 8.100000000000000 4.200000000000000
427 8.100000000000000 2.700000000000000
428 8.100000000000000 5.700000000000000
429 8.100000000000000 7.200000000000000
430 8.199999999999999 5.200000000000000
431 8.199999999999999 4.500000000000000
432 8.199999999999999 3.500000000000000
433 8.199999999999999 7.400000000000000
434 8.300000000000001 3.100000000000000
435 8.300000000000001 5.600000000000000
436 8.300000000000001 7.500000000000000
437 8.300000000000001 5.800000000000000
438 8.400000000000000 7.300000000000000
439 8.400000000000000 4.200000000000000
440 8.400000000000000 3.700000000000000
441 8.400000000000000 5.200000000000000
442 8.400000000000000 4.400000000000000
443 8.400000000000000 6.100000000000000
444 8.400000000000000 6.200000000000000
445 8.400000000000000 3.500000000000000
446 8.400000000000000 4.600000000000000
447 8.400000000000000 6.300000000000000
448 8.400000000000000 2.400000000000000
449 8.500000000000000 4.400000000000000
450 8.500000000000000 7.000000000000000
451 8.500000000000000 5.800000000000000
452 8.500000000000000 5.200000000000000
453 8.600000000000000 3.200000000000000
454 8.600000000000000 7.600000000000000
455 8.600000000000000 7.000000000000000
456 8.600000000000000 4.100000000000000
457 8.600000000000000 7.300000000000000
458 8.600000000000000 3.700000000000000
459 8.600000000000000 4.400000000000000
460 8.600000000000000 3.400000000000000
461 8.600000000000000 3.100000000000000
462 8.699999999999999 5.100000000000000
463 8.699999999999999 7.300000000000000
464 8.699999999999999 7.000000000000000
465 8.699999999999999 6.500000000000000
466 8.699999999999999 3.500000000000000
467 8.699999999999999 6.200000000000000
468 8.699999999999999 5.600000000000000
469 8.699999999999999 5.100000000000000
470 8.800000000000001 4.100000000000000
471 8.800000000000001 6.600000000000000
472 8.800000000000001 7.900000000000000
473 8.800000000000001 5.800000000000000
474 8.800000000000001 4.700000000000000
475 8.900000000000000 3.300000000000000
476 8.900000000000000 5.300000000000000
477 8.900000000000000 7.200000000000000
478 8.900000000000000 3.700000000000000
479 8.900000000000000 4.500000000000000
480 8.900000000000000 3.100000000000000
481 9.000000000000000 6.700000000000000
482 9.000000000000000 5.000000000000000
483 9.000000000000000 5.900000000000000
484 9.100000000000000 4.300000000000000
485 9.100000000000000 3.800000000000000
486 9.100000000000000 5.900000000000000
487 9.100000000000000 7.700000000000000
488 9.199999999999999 3.300000000000000
489 9.300000000000001 5.700000000000000
490 9.300000000000001 5.500000000000000
491 9.300000000000001 3.000000000000000
492 9.300000000000001 4.300000000000000
493 9.600000000000000 5.400000000000000
