321
0 5.520000000000000 1.280000000000000
1 1.710000000000000 4.320000000000000
2 1.794204478164323 4.252813224771773
3 4.684740257829056 1.946453967506475
4 4.689405626680578 1.942731468475339
5 2.190375569087077 3.936708207342595
6 3.388253515514913 2.980921079484164
7 3.639155138099183 2.780726608970730
8 3.332349830182950 3.025526644683420
9 2.045660458714075 4.052176431892182
10 4.072087466262285 2.435289790698859
11 2.543858565473754 3.654664031747976
12 4.423030483864243 2.155272264843229
13 4.720711732504562 1.917752318421557
14 3.776198248056823 2.671379875566209
15 3.382490557865875 2.985519344904918
16 0.230000000000000 5.760000000000000
17 3.080000000000000 3.570000000000000
18 2.106782028084303 4.317841178419430
19 2.159848351847928 4.277063898053697
20 1.829282832810399 4.531077402156219
21 1.481915383350688 4.798001863319998
22 2.238748504480914 4.216435359714666
23 2.629749188935649 3.915982202186291
24 6.600000000000000 5.840000000000000
25 4.849984093692375 4.711438605875481
26 6.059041245445137 5.491143075897858
27 5.255370282112384 4.972866630794067
28 4.880922753643050 4.731390525786853
29 3.624324703010946 3.921027578362172
30 6.579799736516884 5.826973125537877
31 5.409299979320421 5.072133793482204
32 3.591307862734855 3.899735468297761
33 3.425118113814635 3.792561965442961
34 5.599797156283554 5.194982825216951
35 4.367216546224769 4.400108397707450
36 4.253562353880120 4.326814358894282
37 4.120000000000000 8.449999999999999
38 4.816755182804147 4.881618099495898
39 4.224038933885069 7.917172031460041
40 5.384747940168418 1.972683763566030
41 4.634443408197900 5.815314830872187
42 5.459047985444869 1.592161388828777
43 4.843005580281967 4.747178563841637
44 4.716608513079828 5.394512115155450
45 4.590848224687331 6.038584449279883
46 4.363085201793722 7.205056502242153
47 4.702595885365811 5.466276787090806
48 4.457160336188402 6.723257421092258
49 5.335131109411526 2.226792818228111
50 5.262898458705166 2.596727179345685
51 5.369855389355464 2.048954898800946
52 4.713182423435420 5.412058588548601
53 5.191252822884181 2.963655185657444
54 4.415900597432312 6.934566226007372
55 4.961512612239654 4.140253264458344
56 5.280000000000000 7.070000000000000
57 6.780000000000000 4.030000000000000
58 6.216145903859174 5.172744301512075
59 5.891299577106258 5.831099523731319
60 5.862362972878808 5.889744374965618
61 5.340396569090664 6.947596286642922
62 5.617179648636736 6.386649245429549
63 6.689159067262379 4.214104290348247
64 1.300000000000000 4.150000000000000
65 9.760000000000000 5.910000000000000
66 7.643662016831424 5.469721648891644
67 4.618956712753585 4.840468535986561
68 2.155285901136148 4.327931818676078
69 3.813108544061728 4.672821635644048
70 7.076703819872297 5.351772898696837
71 5.457716440825044 5.014962285561712
72 3.560498831620897 4.620269260479052
73 3.524313858744251 4.612741417421972
74 2.439259685021267 4.387009107049342
75 5.597595724810627 5.044062467572896
76 2.809911912471133 4.464118790301323
77 9.111772270615152 5.775144113035776
78 4.510018924974441 4.817805355550239
79 3.325498755371370 4.571380355727378
80 9.460000000000001 4.240000000000000
81 9.356755432189791 4.309900030359544
82 5.427948225263918 6.969834096292612
83 6.842202637333511 6.012336491948844
84 8.992015432752254 4.556841226150987
85 9.379592149039034 4.294438808186492
86 1.660000000000000 9.850000000000000
87 0.570000000000000 9.900000000000000
88 2.170000000000000 8.160000000000000
89 9.359999999999999 7.310000000000000
90 5.038276754925983 7.820913040099153
91 3.415440421101342 8.012764345210551
92 5.803218534217542 7.730481814452724
93 3.928194728709763 7.952146659331947
94 7.590702253902514 7.519165936604014
95 4.111436547100592 7.930483857435952
96 8.764831254230732 7.380360700125713
97 3.526790924300684 7.999600516598667
98 3.955310840122464 7.948940999429194
99 8.822668358724044 7.373523212111900
100 3.772155442528820 7.970593584680182
101 1.310000000000000 1.820000000000000
102 5.580000000000000 1.980000000000000
103 4.681499813456037 1.946332545703271
104 3.676442975963570 1.908672336335872
105 5.552886314870022 1.978984030533771
106 3.975169772543877 1.919865846277991
107 4.903221999789274 1.954640636994446
108 2.983958671170449 1.882724446694912
109 2.346729246296437 5.786583726798071
110 2.024818955654685 5.782540897402257
111 4.098310492535330 5.808581607441574
112 6.566616295181621 5.839580738401025
113 2.325390150478796 5.786315731874144
114 4.778396078251549 5.817122713698606
115 5.694998169168802 5.828634199926767
116 3.510004155187600 5.801193144806123
117 3.668290332305266 5.803181040280129
118 5.609024295279127 5.827554465246833
119 3.248304148163717 5.797906488516969
120 3.254228041565534 5.797980885922330
121 4.851981835087389 5.818046867630611
122 5.107664957730290 5.821257958652813
123 8.230000000000000 0.330000000000000
124 2.500000000000000 2.940000000000000
125 3.287861788872532 2.581131017633977
126 5.978172896959887 1.355701350599424
127 3.654836939710410 2.413974797095258
128 3.279086304818782 2.585128227647989
129 3.344280127889817 2.555432611903591
130 5.546661721318385 1.552253561493720
131 4.330067878855877 2.106408871934758
132 4.737012030733975 1.921046876053111
133 3.683701552638711 2.400827041468231
134 7.430000000000000 3.670000000000000
135 1.570000000000000 6.110000000000000
136 2.011953753494354 5.925978300592795
137 3.927503639210086 5.128377324287951
138 3.885349060156812 5.145929742869860
139 2.331153779360048 5.793069074805715
140 6.142838300521360 4.205951287837522
141 3.857269684388962 5.157621496602548
142 3.531726441816884 5.293171925250308
143 3.603017665270443 5.263487525040977
144 5.588735862853875 4.436669708982345
145 3.136496981601032 5.457738458172949
146 7.360140448100855 3.699088277582579
147 6.135680677305761 4.208931595115008
148 3.302076497989180 5.388794086161502
149 4.530376650238757 4.877351701948367
150 2.330000000000000 2.380000000000000
151 2.129025703244641 4.620713428003779
152 2.053096726827776 5.467264851636586
153 2.170494102811044 4.158371719405228
154 2.298785564395934 2.728017662630412
155 2.286029993203657 2.870232762341315
156 2.321805831981402 2.471358858356608
157 2.274488412197934 2.998912777434969
158 2.295459881835159 2.765096541330392
159 3.270000000000000 2.510000000000000
160 4.400000000000000 7.010000000000000
161 3.935691622359535 5.160984336830005
162 4.255502994816950 6.434569448386084
163 3.942678158976960 5.188806827784351
164 3.595333924380704 3.805577574967406
165 4.319196217394421 6.688215025022029
166 3.283911062723602 2.565398037394876
167 3.389387256751789 2.985435978215088
168 4.391086080269047 6.974502089567001
169 3.758952358926920 4.457155411655874
170 5.410000000000000 0.450000000000000
171 7.075403564959849 3.104752217411245
172 5.679261985908699 0.879219601300006
173 6.413012500575887 2.048861510818988
174 5.533454031675101 0.646793060392982
175 6.564550709801737 2.290422418594849
176 6.973375265036817 2.942113046246808
177 7.332965454532014 3.515321170095586
178 9.630000000000001 2.910000000000000
179 8.923260179331280 3.585870725053306
180 5.393808267518631 6.961162668304022
181 8.292447001076287 4.189131143798311
182 8.251069259349901 4.228701581863083
183 5.270000000000000 5.560000000000000
184 1.090000000000000 4.310000000000000
185 5.051483036371513 5.494654018053682
186 3.553303167420808 5.046633722314835
187 3.542407395943635 5.043375417447259
188 3.577671862758737 5.053921011590531
189 2.941211632594299 4.863591995393032
190 4.706110326606842 5.391372705325012
191 2.601796868088118 4.762092364858887
192 9.740000000000000 4.950000000000000
193 7.860000000000000 1.810000000000000
194 7.989173488549804 2.025747209599141
195 9.314087997605508 4.238636336426220
196 9.372146145091978 4.335605795525963
197 8.365589405801657 2.654441879902769
198 8.526584528574606 2.923337989215032
199 8.670056692889354 3.162967029613069
200 3.310000000000000 6.940000000000000
201 0.340000000000000 3.460000000000000
202 3.143498710416965 6.744907579882505
203 4.090000000000000 6.630000000000000
204 8.680000000000000 1.210000000000000
205 4.987437058738996 5.570281294473778
206 5.594809897216408 4.853078509169296
207 6.814821109213471 3.412455247944006
208 6.140278001129111 4.208974560758216
209 7.589580501417833 2.497597752138420
210 4.830593635169733 5.755486382871469
211 7.215616515524273 2.939184855306850
212 6.553829602203102 3.720641297616381
213 6.320000000000000 8.990000000000000
214 3.020000000000000 5.980000000000000
215 3.484252296032279 6.403454366987019
216 3.772711270082087 6.666563916044570
217 4.095455144784218 6.960945450242574
218 3.431531287322697 6.355366416618581
219 3.212420143757797 6.155510494760900
220 4.289521538288204 7.137957524317422
221 3.702259289733465 1.304903707846407
222 5.537290272119167 0.909788655280700
223 3.065888659085726 1.441925707798016
224 2.727249218798653 1.514840847397400
225 3.380816441358794 1.374116113060029
226 2.960000000000000 4.830000000000000
227 6.000000000000000 5.940000000000000
228 3.542437712483415 5.042666401597563
229 3.577875640830415 5.055605908329526
230 5.608579774775016 5.797080115131667
231 4.735872526342843 5.478427139552815
232 5.212540608079966 5.652473708871304
233 3.410000000000000 8.140000000000001
234 3.720000000000000 0.890000000000000
235 3.551285231396331 4.835748620569668
236 3.712255337799762 1.071125164360403
237 3.650953012655541 2.504808574991378
238 3.419486900373568 7.918128942876227
239 3.480002763464694 6.502838596390224
240 3.682541174385110 1.766053179703079
241 3.685005527851981 1.708419106687543
242 3.630526683742564 2.982521106020694
243 3.717764250342430 0.942287693604467
244 3.565291205123492 4.508189557595751
245 6.370000000000000 8.910000000000000
246 5.630000000000000 7.370000000000000
247 4.090000000000000 9.289999999999999
248 3.276841206085666 2.566565094220511
249 3.975101353383458 8.339984360902255
250 3.911794465358959 7.816544481870416
251 3.327591449500066 2.986182960500549
252 3.904638682047918 7.757378371079131
253 3.513325178720823 4.521883794789242
254 3.985996826668310 8.430071322940414
255 9.720000000000001 8.060000000000000
256 5.228429785040980 6.919157121244867
257 4.534926051146095 6.743009636436752
258 8.543562612273279 7.761189082691082
259 1.110000000000000 1.540000000000000
260 5.550000000000000 0.740000000000000
261 5.534853423041636 0.742729112965471
262 2.705536564911104 1.252515934250252
263 2.030834143786938 1.374083938056408
264 3.601690240661450 1.091046803484423
265 4.103312703855482 7.437637367232584
266 0.080000000000000 2.380000000000000
267 0.783194750807945 2.978203867874814
268 2.918592736511732 4.794775070990884
269 0.828090819837430 3.016396704375592
270 1.592184121571970 3.666406631198377
271 2.814335098221425 4.706083677306420
272 0.530000000000000 3.020000000000000
273 5.555969273188486 2.190337950810632
274 2.242348541540856 2.737334006103078
275 4.744567834904914 2.324280070909285
276 5.838564053973297 2.143688607734285
277 3.715602256045740 2.494136598933787
278 2.328177707787453 2.723165753557597
279 8.814977861216393 7.416041939711665
280 8.969351481184948 7.525884707766212
281 5.530000000000000 0.410000000000000
282 5.620000000000000 6.580000000000000
283 5.564207328458568 2.755102406548525
284 5.585338888047266 4.203788213906984
285 5.554451187416788 2.086264737350906
286 5.567183142231854 2.959110973005989
287 5.582026907496523 3.976733547261665
288 3.040000000000000 7.630000000000000
289 3.681258245785488 8.116881260688981
290 2.000000000000000 2.000000000000000
291 2.152661638727285 2.464465834807068
292 3.252679956790730 5.811219679858588
293 2.328111769916610 2.998264583001008
294 2.264510544452102 2.804760854583046
295 3.896599911274479 7.770315767792636
296 2.883454647998813 4.687869094147331
297 2.518406449514746 2.479370795748250
298 2.130000000000000 0.950000000000000
299 8.369841575679725 4.229811603511026
300 9.302602652922232 4.720093378671343
301 3.502847938310502 1.671602070071223
302 5.943675339916375 2.954559968418594
303 3.251698678321587 1.539591946555367
304 7.118197787477771 3.571917365297121
305 5.180000000000000 4.200000000000000
306 9.389557745276798 4.239341661170811
307 8.760000000000000 7.720000000000000
308 8.775759528296152 7.632869734362652
309 3.330000000000000 5.150000000000000
310 0.180000000000000 1.000000000000000
311 3.196937963139383 1.609772646518119
312 3.680000000000000 2.390000000000000
313 3.881534000561220 2.979486951641567
314 4.943439007580978 6.085559097174362
315 4.334836499668323 4.305396761529845
316 2.111479861126302 3.000883210469902
317 3.860000000000000 0.760000000000000
318 3.350000000000000 8.650000000000000
319 3.528894307460918 8.362091973930085
320 2.420000000000000 4.810000000000000
569
1 2
2 9
9 5
5 11
11 8
8 15
15 6
6 7
7 14
14 10
10 12
12 3
3 4
4 13
13 0
16 21
21 20
20 18
18 19
19 22
22 23
23 17
17 33
33 32
32 29
29 36
36 35
35 25
25 28
28 27
27 31
31 34
34 26
26 30
30 24
37 39
39 46
46 54
54 48
48 45
45 41
41 47
47 52
52 44
44 38
38 43
43 25
25 55
55 53
53 50
50 49
49 51
51 40
40 42
42 0
56 61
61 62
62 60
60 59
59 26
26 58
58 63
63 57
64 2
2 18
18 68
68 74
74 76
76 79
79 73
73 72
72 69
69 78
78 67
67 38
38 27
27 71
71 75
75 58
58 70
70 66
66 77
77 65
56 82
82 83
83 66
66 84
84 81
81 85
85 80
87 86
88 91
91 97
97 100
100 93
93 98
98 95
95 39
39 90
90 92
92 94
94 96
96 99
99 89
101 108
108 104
104 106
106 103
103 3
3 107
107 40
40 105
105 102
16 110
110 113
113 109
109 119
119 120
120 116
116 117
117 111
111 41
41 114
114 121
121 122
122 118
118 115
115 59
59 112
112 24
124 128
128 125
125 129
129 127
127 133
133 131
131 103
103 4
4 132
132 42
42 130
130 126
126 123
135 136
136 139
139 109
109 145
145 148
148 142
142 143
143 141
141 138
138 137
137 149
149 67
67 43
43 28
28 144
144 147
147 140
140 146
146 134
86 136
136 110
110 152
152 151
151 68
68 19
19 153
153 5
5 157
157 155
155 158
158 154
154 156
156 150
159 166
166 125
125 6
6 167
167 164
164 29
29 169
169 69
69 137
137 161
161 163
163 111
111 162
162 165
165 168
168 160
170 174
174 172
172 126
126 173
173 175
175 176
176 171
171 177
177 134
56 180
180 112
112 30
30 70
70 182
182 181
181 179
179 178
184 20
20 151
151 191
191 189
189 187
187 186
186 188
188 138
138 161
161 190
190 44
44 185
185 183
193 194
194 197
197 198
198 199
199 179
179 195
195 81
81 196
196 192
201 21
21 152
152 113
113 139
139 202
202 200
203 162
162 45
45 114
114 210
210 205
205 185
185 31
31 71
71 206
206 208
208 140
140 212
212 207
207 171
171 211
211 209
209 194
194 204
214 219
219 218
218 215
215 216
216 217
217 220
220 46
46 90
90 213
101 224
224 223
223 225
225 221
221 222
222 172
172 123
226 228
228 186
186 229
229 141
141 163
163 47
47 231
231 205
205 232
232 230
230 115
115 60
60 227
233 91
91 238
238 239
239 215
215 116
116 142
142 187
187 228
228 235
235 72
72 244
244 32
32 164
164 242
242 7
7 237
237 127
127 104
104 240
240 241
241 221
221 236
236 243
243 234
246 92
92 245
159 248
248 128
128 251
251 8
8 33
33 253
253 73
73 235
235 188
188 229
229 143
143 117
117 216
216 252
252 250
250 93
93 249
249 254
254 247
203 165
165 48
48 257
257 256
256 61
61 180
180 82
82 94
94 258
258 255
259 263
263 262
262 264
264 236
236 261
261 260
203 217
217 265
265 95
95 37
266 267
267 269
269 270
270 9
9 153
153 22
22 74
74 271
271 268
268 226
272 267
267 274
274 154
154 278
278 248
248 166
166 129
129 237
237 277
277 10
10 275
275 49
49 273
273 276
276 173
173 193
24 83
83 96
96 279
279 280
280 255
281 174
174 261
261 222
222 130
130 105
105 285
285 273
273 283
283 286
286 287
287 284
284 144
144 206
206 75
75 34
34 230
230 118
118 62
62 282
288 238
238 97
97 289
289 249
249 37
290 291
291 274
274 294
294 155
155 293
293 11
11 23
23 76
76 296
296 268
268 189
189 145
145 119
119 292
292 218
218 239
239 295
295 250
250 98
98 37
266 291
291 156
156 297
297 159
298 262
262 223
223 303
303 301
301 240
240 106
106 131
131 12
12 275
275 50
50 283
283 302
302 207
207 304
304 146
146 181
181 299
299 84
84 300
300 192
305 284
284 147
147 208
208 63
63 182
182 299
299 195
195 306
306 80
307 308
308 279
279 99
99 77
77 300
300 196
196 85
85 306
306 178
288 202
202 219
219 292
292 120
120 148
148 309
310 263
263 224
224 311
311 301
301 241
241 13
13 132
132 107
107 51
51 285
285 276
276 175
175 209
209 197
197 178
312 133
133 277
277 14
14 313
313 315
315 35
35 78
78 149
149 190
190 52
52 231
231 210
210 121
121 314
314 256
256 56
272 269
269 316
316 157
157 293
293 251
251 15
15 167
167 242
242 313
313 53
53 286
286 302
302 176
176 211
211 198
198 178
184 270
270 316
316 294
294 158
158 278
278 297
297 108
108 311
311 303
303 225
225 264
264 243
243 317
318 319
319 289
289 100
100 295
295 252
252 265
265 220
220 168
168 54
54 257
257 314
314 122
122 232
232 183
320 191
191 271
271 296
296 79
79 253
253 244
244 169
169 36
36 315
315 55
55 287
287 212
212 304
304 177
177 199
199 178
213 258
258 308
308 280
280 89
88 319
319 254
254 37
608
0 0.300000000000000 4.400000000000000
1 0.300000000000000 5.100000000000000
2 0.300000000000000 4.000000000000000
3 0.300000000000000 3.700000000000000
4 0.300000000000000 3.300000000000000
5 0.400000000000000 3.800000000000000
6 0.400000000000000 3.600000000000000
7 0.400000000000000 5.200000000000000
8 0.500000000000000 5.000000000000000
9 0.500000000000000 4.000000000000000
10 0.500000000000000 2.900000000000000
11 0.500000000000000 4.200000000000000
12 0.500000000000000 2.800000000000000
13 0.500000000000000 2.700000000000000
14 0.600000000000000 4.400000000000000
15 0.600000000000000 4.700000000000000
16 0.600000000000000 3.000000000000000
17 0.700000000000000 5.000000000000000
18 0.700000000000000 5.500000000000000
19 0.800000000000000 4.800000000000000
20 0.800000000000000 4.300000000000000
21 0.800000000000000 5.600000000000000
22 0.800000000000000 2.700000000000000
23 0.800000000000000 2.900000000000000
24 0.800000000000000 4.500000000000000
25 0.900000000000000 4.500000000000000
26 1.000000000000000 3.000000000000000
27 1.000000000000000 4.400000000000000
28 1.200000000000000 3.500000000000000
29 1.200000000000000 3.600000000000000
30 1.300000000000000 3.500000000000000
31 1.300000000000000 4.600000000000000
32 1.300000000000000 5.600000000000000
33 1.300000000000000 2.600000000000000
34 1.300000000000000 3.900000000000000
35 1.400000000000000 5.500000000000000
36 1.400000000000000 4.900000000000000
37 1.400000000000000 3.900000000000000
38 1.500000000000000 5.200000000000000
39 1.500000000000000 2.100000000000000
40 1.500000000000000 2.600000000000000
41 1.600000000000000 4.200000000000000
42 1.600000000000000 4.100000000000000
43 1.600000000000000 4.600000000000000
44 1.700000000000000 5.400000000000000
45 1.700000000000000 2.400000000000000
46 1.700000000000000 5.300000000000000
47 1.700000000000000 3.200000000000000
48 1.700000000000000 5.000000000000000
49 1.800000000000000 3.400000000000000
50 1.800000000000000 2.200000000000000
51 1.900000000000000 4.800000000000000
52 1.900000000000000 1.700000000000000
53 1.900000000000000 2.100000000000000
54 2.000000000000000 4.300000000000000
55 2.000000000000000 2.600000000000000
56 2.000000000000000 2.600000000000000
57 2.000000000000000 3.900000000000000
58 2.000000000000000 3.400000000000000
59 2.000000000000000 4.600000000000000
60 2.000000000000000 5.100000000000000
61 2.000000000000000 2.700000000000000
62 2.200000000000000 6.200000000000000
63 2.200000000000000 5.900000000000000
64 2.200000000000000 1.700000000000000
65 2.200000000000000 3.700000000000000
66 2.200000000000000 6.300000000000000
67 2.200000000000000 2.300000000000000
68 2.200000000000000 3.900000000000000
69 2.200000000000000 3.200000000000000
70 2.200000000000000 5.300000000000000
71 2.300000000000000 2.800000000000000
72 2.300000000000000 6.700000000000000
73 2.300000000000000 3.500000000000000
74 2.300000000000000 3.300000000000000
75 2.300000000000000 1.700000000000000
76 2.300000000000000 3.600000000000000
77 2.400000000000000 4.500000000000000
78 2.400000000000000 7.600000000000000
79 2.400000000000000 1.700000000000000
80 2.400000000000000 6.700000000000000
81 2.400000000000000 4.500000000000000
82 2.500000000000000 3.300000000000000
83 2.500000000000000 3.700000000000000
84 2.500000000000000 7.900000000000000
85 2.500000000000000 6.400000000000000
86 2.500000000000000 5.700000000000000
87 2.500000000000000 5.100000000000000
88 2.500000000000000 1.300000000000000
89 2.500000000000000 3.400000000000000
90 2.500000000000000 4.200000000000000
91 2.500000000000000 3.800000000000000
92 2.500000000000000 4.200000000000000
93 2.500000000000000 4.200000000000000
94 2.500000000000000 2.800000000000000
95 2.600000000000000 4.500000000000000
96 2.600000000000000 6.600000000000000
97 2.600000000000000 5.400000000000000
98 2.600000000000000 7.200000000000000
99 2.600000000000000 5.200000000000000
100 2.600000000000000 8.199999999999999
101 2.600000000000000 3.000000000000000
102 2.600000000000000 4.200000000000000
103 2.600000000000000 3.600000000000000
104 2.600000000000000 7.900000000000000
105 2.700000000000000 8.199999999999999
106 2.700000000000000 3.700000000000000
107 2.700000000000000 2.800000000000000
108 2.700000000000000 2.600000000000000
109 2.700000000000000 4.500000000000000
110 2.700000000000000 7.900000000000000
111 2.700000000000000 3.200000000000000
112 2.800000000000000 7.300000000000000
113 2.800000000000000 8.000000000000000
114 2.800000000000000 4.000000000000000
115 2.800000000000000 4.700000000000000
116 2.800000000000000 6.700000000000000
117 2.800000000000000 5.500000000000000
118 2.800000000000000 5.100000000000000
119 2.900000000000000 7.000000000000000
120 2.900000000000000 7.400000000000000
121 2.900000000000000 3.300000000000000
122 2.900000000000000 2.100000000000000
123 2.900000000000000 7.100000000000000
124 2.900000000000000 5.500000000000000
125 3.000000000000000 4.200000000000000
126 3.000000000000000 3.000000000000000
127 3.000000000000000 8.199999999999999
128 3.000000000000000 8.100000000000000
129 3.000000000000000 3.600000000000000
130 3.000000000000000 1.300000000000000
131 3.100000000000000 6.800000000000000
132 3.100000000000000 5.000000000000000
133 3.100000000000000 8.100000000000000
134 3.100000000000000 6.600000000000000
135 3.100000000000000 3.900000000000000
136 3.100000000000000 7.800000000000000
137 3.200000000000000 4.200000000000000
138 3.200000000000000 5.400000000000000
139 3.200000000000000 1.400000000000000
140 3.200000000000000 7.400000000000000
141 3.200000000000000 7.500000000000000
142 3.300000000000000 7.200000000000000
143 3.300000000000000 8.000000000000000
144 3.300000000000000 4.200000000000000
145 3.300000000000000 7.700000000000000
146 3.300000000000000 1.200000000000000
147 3.300000000000000 7.800000000000000
148 3.300000000000000 2.500000000000000
149 3.300000000000000 8.000000000000000
150 3.300000000000000 2.900000000000000
151 3.400000000000000 7.300000000000000
152 3.400000000000000 2.600000000000000
153 3.400000000000000 1.700000000000000
154 3.400000000000000 5.000000000000000
155 3.400000000000000 7.500000000000000
156 3.400000000000000 1.900000000000000
157 3.400000000000000 6.500000000000000
158 3.400000000000000 1.500000000000000
159 3.400000000000000 3.800000000000000
160 3.400000000000000 2.500000000000000
161 3.500000000000000 4.000000000000000
162 3.500000000000000 4.600000000000000
163 3.500000000000000 1.500000000000000
164 3.500000000000000 1.300000000000000
165 3.500000000000000 5.900000000000000
166 3.500000000000000 3.200000000000000
167 3.600000000000000 5.100000000000000
168 3.600000000000000 7.700000000000000
169 3.600000000000000 3.300000000000000
170 3.600000000000000 2.200000000000000
171 3.600000000000000 4.000000000000000
172 3.700000000000000 3.400000000000000
173 3.700000000000000 6.000000000000000
174 3.700000000000000 3.400000000000000
175 3.700000000000000 6.600000000000000
176 3.700000000000000 6.900000000000000
177 3.700000000000000 3.500000000000000
178 3.700000000000000 4.600000000000000
179 3.700000000000000 2.000000000000000
180 3.800000000000000 3.100000000000000
181 3.800000000000000 1.300000000000000
182 3.800000000000000 6.600000000000000
183 3.800000000000000 7.700000000000000
184 3.800000000000000 2.000000000000000
185 3.800000000000000 8.100000000000000
186 3.800000000000000 4.700000000000000
187 3.900000000000000 6.600000000000000
188 3.900000000000000 6.100000000000000
189 3.900000000000000 7.700000000000000
190 3.900000000000000 5.300000000000000
191 4.000000000000000 2.100000000000000
192 4.000000000000000 1.900000000000000
193 4.000000000000000 2.900000000000000
194 4.000000000000000 2.600000000000000
195 4.000000000000000 6.200000000000000
196 4.000000000000000 8.000000000000000
197 4.000000000000000 5.500000000000000
198 4.000000000000000 8.400000000000000
199 4.000000000000000 3.200000000000000
200 4.000000000000000 7.600000000000000
201 4.000000000000000 4.700000000000000
202 4.000000000000000 3.400000000000000
203 4.000000000000000 7.100000000000000
204 4.100000000000000 8.400000000000000
205 4.100000000000000 2.500000000000000
206 4.100000000000000 1.900000000000000
207 4.200000000000000 1.600000000000000
208 4.200000000000000 3.100000000000000
209 4.200000000000000 7.400000000000000
210 4.200000000000000 3.400000000000000
211 4.200000000000000 5.100000000000000
212 4.200000000000000 2.800000000000000
213 4.200000000000000 5.900000000000000
214 4.200000000000000 4.500000000000000
215 4.200000000000000 1.700000000000000
216 4.200000000000000 5.400000000000000
217 4.300000000000000 7.200000000000000
218 4.300000000000000 7.300000000000000
219 4.300000000000000 6.600000000000000
220 4.300000000000000 4.900000000000000
221 4.400000000000000 2.700000000000000
222 4.400000000000000 5.000000000000000
223 4.400000000000000 2.700000000000000
224 4.500000000000000 2.100000000000000
225 4.500000000000000 5.300000000000000
226 4.500000000000000 6.800000000000000
227 4.500000000000000 5.400000000000000
228 4.500000000000000 2.600000000000000
229 4.600000000000000 5.500000000000000
230 4.600000000000000 7.400000000000000
231 4.600000000000000 5.300000000000000
232 4.600000000000000 6.600000000000000
233 4.600000000000000 1.300000000000000
234 4.600000000000000 6.800000000000000
235 4.700000000000000 6.000000000000000
236 4.700000000000000 2.100000000000000
237 4.700000000000000 4.000000000000000
238 4.700000000000000 7.500000000000000
239 4.700000000000000 2.700000000000000
240 4.700000000000000 3.600000000000000
241 4.700000000000000 4.700000000000000
242 4.700000000000000 4.800000000000000
243 4.700000000000000 2.500000000000000
244 4.700000000000000 4.300000000000000
245 4.700000000000000 2.700000000000000
246 4.700000000000000 4.400000000000000
247 4.800000000000000 6.600000000000000
248 4.800000000000000 7.200000000000000
249 4.800000000000000 1.200000000000000
250 4.800000000000000 3.200000000000000
251 4.800000000000000 5.900000000000000
252 4.800000000000000 5.700000000000000
253 4.800000000000000 3.500000000000000
254 4.800000000000000 6.300000000000000
255 4.800000000000000 1.800000000000000
256 4.800000000000000 0.900000000000000
257 4.800000000000000 7.600000000000000
258 4.800000000000000 2.200000000000000
259 4.800000000000000 4.800000000000000
260 4.900000000000000 3.000000000000000
261 4.900000000000000 3.400000000000000
262 4.900000000000000 5.000000000000000
263 4.900000000000000 2.300000000000000
264 4.900000000000000 5.700000000000000
265 4.900000000000000 5.500000000000000
266 4.900000000000000 3.000000000000000
267 4.900000000000000 7.400000000000000
268 5.000000000000000 1.800000000000000
269 5.000000000000000 5.300000000000000
270 5.000000000000000 2.500000000000000
271 5.000000000000000 6.100000000000000
272 5.000000000000000 4.600000000000000
273 5.000000000000000 3.300000000000000
274 5.100000000000000 5.500000000000000
275 5.100000000000000 7.100000000000000
276 5.100000000000000 2.800000000000000
277 5.100000000000000 7.800000000000000
278 5.100000000000000 6.600000000000000
279 5.100000000000000 7.700000000000000
280 5.100000000000000 2.200000000000000
281 5.100000000000000 1.500000000000000
282 5.100000000000000 1.000000000000000
283 5.100000000000000 7.300000000000000
284 5.100000000000000 1.700000000000000
285 5.200000000000000 7.700000000000000
286 5.200000000000000 7.000000000000000
287 5.200000000000000 6.900000000000000
288 5.200000000000000 7.500000000000000
289 5.200000000000000 5.900000000000000
290 5.200000000000000 6.300000000000000
291 5.200000000000000 3.000000000000000
292 5.200000000000000 2.800000000000000
293 5.300000000000000 2.600000000000000
294 5.300000000000000 4.900000000000000
295 5.300000000000000 4.800000000000000
296 5.300000000000000 6.400000000000000
297 5.300000000000000 1.900000000000000
298 5.300000000000000 2.100000000000000
299 5.300000000000000 4.000000000000000
300 5.300000000000000 5.900000000000000
301 5.400000000000000 1.600000000000000
302 5.400000000000000 1.800000000000000
303 5.400000000000000 4.200000000000000
304 5.400000000000000 1.900000000000000
305 5.400000000000000 7.100000000000000
306 5.400000000000000 1.600000000000000
307 5.400000000000000 5.300000000000000
308 5.400000000000000 3.600000000000000
309 5.400000000000000 1.500000000000000
310 5.400000000000000 7.600000000000000
311 5.400000000000000 6.900000000000000
312 5.400000000000000 3.900000000000000
313 5.400000000000000 1.200000000000000
314 5.400000000000000 2.700000000000000
315 5.400000000000000 2.300000000000000
316 5.500000000000000 1.700000000000000
317 5.500000000000000 3.500000000000000
318 5.500000000000000 2.800000000000000
319 5.500000000000000 1.800000000000000
320 5.500000000000000 4.300000000000000
321 5.500000000000000 5.000000000000000
322 5.600000000000000 7.900000000000000
323 5.600000000000000 7.200000000000000
324 5.700000000000000 2.100000000000000
325 5.700000000000000 4.300000000000000
326 5.700000000000000 1.700000000000000
327 5.700000000000000 1.200000000000000
328 5.700000000000000 7.600000000000000
329 5.700000000000000 7.600000000000000
330 5.800000000000000 2.600000000000000
331 5.800000000000000 6.200000000000000
332 5.800000000000000 5.000000000000000
333 5.800000000000000 4.800000000000000
334 5.800000000000000 1.300000000000000
335 5.900000000000000 3.500000000000000
336 5.900000000000000 4.400000000000000
337 5.900000000000000 1.600000000000000
338 5.900000000000000 3.200000000000000
339 5.900000000000000 7.200000000000000
340 5.900000000000000 6.700000000000000
341 5.900000000000000 5.600000000000000
342 5.900000000000000 1.800000000000000
343 6.000000000000000 7.600000000000000
344 6.000000000000000 7.200000000000000
345 6.000000000000000 3.300000000000000
346 6.000000000000000 2.000000000000000
347 6.000000000000000 4.600000000000000
348 6.000000000000000 3.800000000000000
349 6.000000000000000 5.100000000000000
350 6.000000000000000 8.600000000000000
351 6.000000000000000 1.700000000000000
352 6.000000000000000 8.500000000000000
353 6.100000000000000 1.300000000000000
354 6.100000000000000 5.300000000000000
355 6.100000000000000 4.900000000000000
356 6.100000000000000 3.000000000000000
357 6.100000000000000 8.199999999999999
358 6.100000000000000 5.600000000000000
359 6.100000000000000 2.900000000000000
360 6.100000000000000 3.700000000000000
361 6.100000000000000 7.500000000000000
362 6.100000000000000 7.400000000000000
363 6.200000000000000 1.800000000000000
364 6.200000000000000 6.600000000000000
365 6.200000000000000 3.900000000000000
366 6.200000000000000 3.500000000000000
367 6.200000000000000 6.700000000000000
368 6.200000000000000 2.300000000000000
369 6.200000000000000 1.600000000000000
370 6.200000000000000 5.000000000000000
371 6.300000000000000 0.900000000000000
372 6.300000000000000 8.300000000000001
373 6.300000000000000 7.900000000000000
374 6.300000000000000 8.699999999999999
375 6.300000000000000 6.500000000000000
376 6.300000000000000 6.200000000000000
377 6.300000000000000 6.400000000000000
378 6.300000000000000 7.400000000000000
379 6.300000000000000 7.000000000000000
380 6.300000000000000 5.200000000000000
381 6.400000000000000 6.300000000000000
382 6.400000000000000 5.200000000000000
383 6.400000000000000 6.500000000000000
384 6.400000000000000 4.000000000000000
385 6.400000000000000 5.100000000000000
386 6.400000000000000 3.000000000000000
387 6.400000000000000 8.800000000000001
388 6.400000000000000 1.500000000000000
389 6.400000000000000 6.600000000000000
390 6.400000000000000 6.500000000000000
391 6.500000000000000 4.600000000000000
392 6.500000000000000 5.800000000000000
393 6.500000000000000 6.200000000000000
394 6.500000000000000 7.200000000000000
395 6.500000000000000 4.600000000000000
396 6.500000000000000 7.500000000000000
397 6.500000000000000 2.100000000000000
398 6.500000000000000 2.200000000000000
399 6.500000000000000 5.900000000000000
400 6.600000000000000 6.800000000000000
401 6.600000000000000 1.400000000000000
402 6.600000000000000 8.800000000000001
403 6.600000000000000 5.600000000000000
404 6.600000000000000 4.100000000000000
405 6.600000000000000 6.600000000000000
406 6.600000000000000 8.100000000000000
407 6.700000000000000 3.500000000000000
408 6.700000000000000 7.800000000000000
409 6.700000000000000 4.300000000000000
410 6.700000000000000 7.500000000000000
411 6.700000000000000 3.200000000000000
412 6.700000000000000 6.100000000000000
413 6.700000000000000 1.800000000000000
414 6.700000000000000 5.900000000000000
415 6.700000000000000 6.300000000000000
416 6.700000000000000 2.300000000000000
417 6.700000000000000 4.100000000000000
418 6.800000000000000 6.300000000000000
419 6.800000000000000 4.800000000000000
420 6.800000000000000 8.300000000000001
421 6.900000000000000 5.300000000000000
422 6.900000000000000 7.600000000000000
423 6.900000000000000 5.500000000000000
424 6.900000000000000 3.600000000000000
425 6.900000000000000 8.100000000000000
426 6.900000000000000 4.700000000000000
427 6.900000000000000 2.300000000000000
428 6.900000000000000 4.600000000000000
429 7.000000000000000 5.000000000000000
430 7.000000000000000 5.100000000000000
431 7.000000000000000 7.200000000000000
432 7.000000000000000 1.100000000000000
433 7.000000000000000 7.400000000000000
434 7.000000000000000 0.600000000000000
435 7.000000000000000 0.800000000000000
436 7.100000000000000 3.100000000000000
437 7.100000000000000 5.600000000000000
438 7.100000000000000 8.500000000000000
439 7.100000000000000 6.900000000000000
440 7.100000000000000 4.900000000000000
441 7.100000000000000 6.600000000000000
442 7.100000000000000 6.500000000000000
443 7.100000000000000 4.700000000000000
444 7.200000000000000 4.300000000000000
445 7.200000000000000 5.900000000000000
446 7.200000000000000 1.500000000000000
447 7.200000000000000 2.000000000000000
448 7.200000000000000 6.400000000000000
449 7.200000000000000 0.600000000000000
450 7.300000000000000 6.800000000000000
451 7.300000000000000 7.900000000000000
452 7.300000000000000 4.500000000000000
453 7.300000000000000 7.500000000000000
454 7.300000000000000 7.000000000000000
455 7.300000000000000 1.200000000000000
456 7.300000000000000 5.200000000000000
457 7.300000000000000 1.400000000000000
458 7.300000000000000 2.100000000000000
459 7.300000000000000 6.100000000000000
460 7.300000000000000 0.700000000000000
461 7.400000000000000 5.300000000000000
462 7.400000000000000 4.100000000000000
463 7.400000000000000 8.199999999999999
464 7.400000000000000 3.400000000000000
465 7.400000000000000 6.200000000000000
466 7.400000000000000 5.100000000000000
467 7.400000000000000 4.700000000000000
468 7.400000000000000 5.500000000000000
469 7.500000000000000 2.600000000000000
470 7.500000000000000 3.400000000000000
471 7.500000000000000 3.800000000000000
472 7.500000000000000 3.800000000000000
473 7.500000000000000 1.900000000000000
474 7.500000000000000 6.400000000000000
475 7.600000000000000 1.400000000000000
476 7.600000000000000 1.700000000000000
477 7.600000000000000 4.200000000000000
478 7.700000000000000 6.100000000000000
479 7.700000000000000 3.600000000000000
480 7.800000000000000 0.700000000000000
481 7.800000000000000 1.600000000000000
482 7.800000000000000 1.000000000000000
483 7.800000000000000 6.700000000000000
484 7.800000000000000 5.200000000000000
485 7.900000000000000 1.800000000000000
486 7.900000000000000 5.300000000000000
487 7.900000000000000 3.600000000000000
488 7.900000000000000 7.000000000000000
489 7.900000000000000 2.300000000000000
490 7.900000000000000 3.500000000000000
491 7.900000000000000 3.300000000000000
492 7.900000000000000 2.800000000000000
493 7.900000000000000 6.700000000000000
494 8.000000000000000 6.800000000000000
495 8.000000000000000 7.100000000000000
496 8.000000000000000 6.400000000000000
497 8.000000000000000 4.900000000000000
498 8.000000000000000 6.600000000000000
499 8.000000000000000 5.300000000000000
500 8.000000000000000 5.900000000000000
501 8.000000000000000 4.100000000000000
502 8.000000000000000 5.900000000000000
503 8.100000000000000 6.800000000000000
504 8.100000000000000 6.200000000000000
505 8.100000000000000 5.200000000000000
506 8.100000000000000 6.600000000000000
507 8.100000000000000 1.500000000000000
508 8.100000000000000 2.900000000000000
509 8.100000000000000 4.700000000000000
510 8.100000000000000 4.600000000000000
511 8.100000000000000 4.400000000000000
512 8.100000000000000 3.900000000000000
513 8.100000000000000 2.900000000000000
514 8.100000000000000 2.200000000000000
515 8.100000000000000 4.700000000000000
516 8.100000000000000 1.200000000000000
517 8.100000000000000 1.700000000000000
518 8.199999999999999 0.500000000000000
519 8.199999999999999 2.100000000000000
520 8.199999999999999 1.400000000000000
521 8.199999999999999 2.900000000000000
522 8.199999999999999 5.700000000000000
523 8.199999999999999 7.800000000000000
524 8.199999999999999 7.300000000000000
525 8.300000000000001 3.600000000000000
526 8.300000000000001 5.700000000000000
527 8.300000000000001 4.900000000000000
528 8.300000000000001 7.100000000000000
529 8.300000000000001 2.900000000000000
530 8.300000000000001 3.200000000000000
531 8.400000000000000 4.200000000000000
532 8.400000000000000 6.900000000000000
533 8.400000000000000 4.700000000000000
534 8.400000000000000 7.400000000000000
535 8.400000000000000 3.600000000000000
536 8.500000000000000 7.500000000000000
537 8.500000000000000 4.400000000000000
538 8.500000000000000 6.000000000000000
539 8.500000000000000 3.600000000000000
540 8.500000000000000 7.500000000000000
541 8.600000000000000 5.800000000000000
542 8.600000000000000 7.600000000000000
543 8.600000000000000 2.900000000000000
544 8.600000000000000 6.200000000000000
545 8.600000000000000 7.700000000000000
546 8.600000000000000 3.800000000000000
547 8.699999999999999 4.600000000000000
548 8.699999999999999 2.900000000000000
549 8.699999999999999 6.000000000000000
550 8.800000000000001 7.600000000000000
551 8.800000000000001 3.700000000000000
552 8.800000000000001 6.200000000000000
553 8.800000000000001 3.700000000000000
554 8.800000000000001 5.400000000000000
555 8.800000000000001 3.200000000000000
556 8.900000000000000 3.500000000000000
557 8.900000000000000 3.000000000000000
558 8.900000000000000 7.800000000000000
559 8.900000000000000 2.800000000000000
560 8.900000000000000 6.100000000000000
561 8.900000000000000 4.300000000000000
562 8.900000000000000 5.900000000000000
563 8.900000000000000 2.800000000000000
564 8.900000000000000 7.400000000000000
565 9.000000000000000 5.900000000000000
566 9.000000000000000 4.200000000000000
567 9.000000000000000 4.100000000000000
568 9.100000000000000 5.100000000000000
569 9.100000000000000 3.300000000000000
570 9.100000000000000 6.000000000000000
571 9.100000000000000 7.500000000000000
572 9.100000000000000 3.800000000000000
573 9.100000000000000 7.700000000000000
574 9.100000000000000 7.900000000000000
575 9.100000000000000 3.500000000000000
576 9.199999999999999 3.900000000000000
577 9.199999999999999 4.200000000000000
578 9.199999999999999 7.000000000000000
579 9.199999999999999 3.700000000000000
580 9.199999999999999 3.600000000000000
581 9.199999999999999 4.300000000000000
582 9.199999999999999 4.300000000000000
583 9.199999999999999 7.200000000000000
584 9.199999999999999 3.700000000000000
585 9.300000000000001 5.700000000000000
586 9.300000000000001 4.300000000000000
587 9.300000000000001 7.000000000000000
588 9.300000000000001 5.600000000000000
589 9.400000000000000 3.600000000000000
590 9.400000000000000 4.500000000000000
591 9.400000000000000 4.100000000000000
592 9.400000000000000 5.400000000000000
593 9.400000000000000 4.500000000000000
594 9.500000000000000 6.400000000000000
595 9.500000000000000 3.100000000000000
596 9.500000000000000 5.500000000000000
597 9.500000000000000 4.100000000000000
598 9.500000000000000 5.500000000000000
599 9.500000000000000 3.100000000000000
600 9.500000000000000 6.000000000000000
601 9.600000000000000 4.900000000000000
602 9.600000000000000 7.100000000000000
603 9.600000000000000 6.000000000000000
604 9.699999999999999 4.900000000000000
605 9.699999999999999 6.400000000000000
606 9.699999999999999 6.200000000000000
607 9.699999999999999 7.400000000000000
