56
0 9.329000000000001 4.347000000000000
1 9.782000000000000 9.859999999999999
2 0.042000000000000 1.965000000000000
3 7.712000000000000 2.614000000000000
4 2.775559699337105 2.196301205328524
5 1.087207686993657 2.053440650437925
6 7.279879050280387 2.577435919639110
7 1.413111433996103 2.081017121338132
8 2.595000000000000 2.889000000000000
9 7.481000000000000 2.668000000000000
10 3.376532824684312 2.853650275428728
11 1.126000000000000 0.392000000000000
12 5.430046613465079 5.099799599848356
13 7.706653199408992 7.589969557763901
14 1.384843878072235 0.675125443344262
15 3.370736349357234 2.847310045715607
16 7.451567821740513 7.310955191340016
17 5.491243202872556 5.166736904435925
18 0.518000000000000 6.091000000000000
19 1.638000000000000 9.596000000000000
20 0.588242204025889 6.310820468848876
21 1.053000000000000 1.585000000000000
22 1.395409118599602 6.273956323250284
23 1.381590401954719 6.084722581297877
24 1.408505361139454 6.453296492458398
25 1.108948343129410 2.351157567196072
26 1.177462353274985 3.289389593309242
27 3.984458783841736 6.813821931464051
28 2.918748997119705 8.077425799752643
29 3.552766827087129 7.325675752514183
30 6.589353179649064 3.725218752591355
31 8.829000000000001 7.824000000000000
32 1.552895866780605 6.306795275794824
33 7.325214691265494 7.510432446151258
34 4.047012174903496 6.826865491409910
35 0.626690400148891 6.113663995121891
36 3.372000000000000 8.664999999999999
37 0.848000000000000 5.393000000000000
38 2.937706256999284 8.102001138233620
39 1.783635582579270 6.605915858240638
40 8.331626212570137 5.921582160246012
41 7.523524012405817 2.830651192851923
42 7.831081935861068 4.007037434198565
43 8.932000000000000 3.719000000000000
44 8.899217920145718 5.025509104872148
45 8.918579830513529 4.253852385844291
46 1.918000000000000 0.163000000000000
47 7.398495477808265 2.630848493961838
48 6.687000000000000 8.518000000000001
49 3.597307182801903 7.343796715455567
50 6.719581374823878 3.754774916196853
51 0.622795691390168 6.133635466412947
52 1.343850786300840 2.436175137697601
53 1.488000000000000 1.697000000000000
54 0.127000000000000 8.676000000000000
55 4.870000000000000 3.335000000000000
94
0 1
2 5
5 7
7 4
4 6
6 3
8 10
10 9
11 14
14 4
4 15
15 10
10 12
12 17
17 16
16 13
13 1
18 20
20 19
21 5
5 25
25 26
26 23
23 22
22 24
24 19
19 28
28 29
29 27
27 12
12 30
30 9
18 35
35 22
22 32
32 27
27 34
34 33
33 13
13 31
37 23
23 32
32 39
39 28
28 38
38 36
9 41
41 42
42 40
40 31
31 44
44 45
45 43
2 14
14 46
46 6
6 47
47 9
8 15
15 47
47 3
48 33
33 16
16 40
40 44
44 0
19 38
38 49
49 34
34 17
17 50
50 41
41 3
18 51
51 24
24 39
39 29
29 49
49 1
2 25
25 52
52 8
54 20
20 51
51 35
35 26
26 52
52 7
7 53
55 30
30 50
50 42
42 45
45 0
54
0 0.700000000000000 5.000000000000000
1 1.100000000000000 3.700000000000000
2 1.100000000000000 3.500000000000000
3 1.500000000000000 3.200000000000000
4 1.600000000000000 3.500000000000000
5 1.600000000000000 1.800000000000000
6 1.700000000000000 0.400000000000000
7 1.800000000000000 6.300000000000000
8 2.100000000000000 3.500000000000000
9 2.200000000000000 3.800000000000000
10 2.200000000000000 0.800000000000000
11 2.300000000000000 2.600000000000000
12 2.400000000000000 8.699999999999999
13 2.500000000000000 1.900000000000000
14 2.700000000000000 8.100000000000000
15 2.700000000000000 2.300000000000000
16 2.800000000000000 5.700000000000000
17 2.900000000000000 5.900000000000000
18 2.900000000000000 2.900000000000000
19 3.100000000000000 7.900000000000000
20 3.400000000000000 5.900000000000000
21 3.700000000000000 3.300000000000000
22 3.700000000000000 3.200000000000000
23 3.900000000000000 1.100000000000000
24 4.300000000000000 1.800000000000000
25 4.300000000000000 4.700000000000000
26 4.400000000000000 5.500000000000000
27 4.400000000000000 3.500000000000000
28 4.400000000000000 2.200000000000000
29 4.500000000000000 3.200000000000000
30 4.600000000000000 6.400000000000000
31 4.800000000000000 2.700000000000000
32 4.900000000000000 5.800000000000000
33 5.100000000000000 5.600000000000000
34 5.300000000000000 4.700000000000000
35 5.500000000000000 3.400000000000000
36 5.500000000000000 5.300000000000000
37 5.800000000000000 3.700000000000000
38 5.800000000000000 4.300000000000000
39 5.900000000000000 7.500000000000000
40 6.000000000000000 2.500000000000000
41 6.100000000000000 3.100000000000000
42 6.200000000000000 4.100000000000000
43 6.700000000000000 5.400000000000000
44 7.100000000000000 5.400000000000000
45 7.500000000000000 3.500000000000000
46 7.500000000000000 4.000000000000000
47 8.100000000000000 4.500000000000000
48 8.199999999999999 6.600000000000000
49 8.400000000000000 7.200000000000000
50 8.699999999999999 7.200000000000000
51 8.900000000000000 5.600000000000000
52 9.100000000000000 7.600000000000000
53 9.100000000000000 6.400000000000000
