288
0 3.240000000000000 7.490000000000000
1 8.980000000000000 3.210000000000000
2 5.855583357212447 5.539704395667374
3 5.539874558680390 5.775110956245284
4 8.147637397887173 3.830646678927335
5 5.565501706812828 5.756002211644791
6 7.154405373035980 4.571244774112545
7 7.199950250168554 4.537284482452716
8 4.250852920817408 6.736262978902700
9 5.698566620176662 5.656783077638307
10 5.640829352448572 5.699834559498278
11 6.005865824414306 5.427647085628357
12 3.986983773123835 6.933015583803134
13 4.890906153497633 6.259010742688176
14 9.880000000000001 9.039999999999999
15 2.240000000000000 7.780000000000000
16 4.536708753368600 8.158776574508433
17 7.470155341908624 8.642564886231003
18 7.082101872357559 8.578566539158444
19 8.649601781098999 8.837080922013708
20 6.893872173678051 8.547523421313395
21 3.216773243513144 7.941090875239079
22 4.494734375610201 8.151854098595399
23 2.355423351775011 7.799035788381743
24 2.364172792362768 7.800478758949881
25 7.551788007102854 8.656027865045758
26 3.240000000000000 1.230000000000000
27 9.740000000000000 2.790000000000000
28 7.319632658195999 2.209111837967040
29 8.001463177246674 2.372751162539202
30 5.155247536796010 1.689659408831042
31 7.223271049865700 2.185985051967768
32 7.788525308888004 2.321646074133121
33 5.111669626998224 1.679200710479574
34 7.630909090909090 2.283818181818182
35 5.885756103796497 1.864981464911159
36 6.305799842395587 1.965791962174941
37 7.550000000000000 8.690000000000000
38 1.550000000000000 8.160000000000000
39 3.794124570678811 8.358231003743295
40 7.476210327827885 8.683481912291462
41 7.122636100811786 8.652249522238375
42 6.450512511305400 8.592878605165311
43 2.418342618559555 8.236703597972761
44 4.156853684468798 8.390272075461411
45 1.732810121622231 8.176148227409964
46 1.924894350278784 8.193115667607959
47 1.702192091745313 8.173443634770836
48 5.140000000000000 4.170000000000000
49 7.930000000000000 1.660000000000000
50 5.294556595629433 4.030954460562768
51 7.359347774909654 2.173382467733608
52 5.958959972630858 3.433229558672597
53 5.383397622785378 3.951029378784480
54 5.611722323523880 3.745618984930129
55 5.758893926550888 3.613217291884326
56 7.463726698530985 2.079478848274992
57 4.180000000000000 2.050000000000000
58 3.776584214076906 4.384661569597482
59 3.914887270459173 3.584269413512869
60 3.898509377249058 3.679052114643749
61 3.413824268151173 6.484038277933637
62 4.033002847527828 2.900706924945335
63 3.275769208258820 7.282995220289384
64 3.973530061457776 3.244889857095425
65 3.769316136137408 4.426723637672872
66 3.336528811852101 6.931365173962312
67 4.044131602099323 2.836302217637957
68 3.818423799582463 4.142526096033404
69 3.296902950473133 7.160689307900168
70 3.649010804668194 5.122958747452154
71 4.016712392518394 2.994983600744615
72 4.091251876509366 2.563606161477710
73 2.410000000000000 8.730000000000000
74 7.250000000000000 7.430000000000000
75 6.553212709176051 7.617153611171721
76 4.453097703737055 8.181234087839220
77 7.189606576629478 7.446221374045801
78 4.610000000000000 2.190000000000000
79 3.110000000000000 6.140000000000000
80 4.085312760633862 3.571676396997498
81 4.083273273273273 3.577047047047047
82 4.288238261678059 3.037305910914444
83 4.400355417529330 2.742064067172763
84 4.127603541899230 3.460310672998695
85 3.762398324842414 4.422017744581642
86 4.257525203622487 3.118183630460785
87 3.999542483660129 3.797538126361660
88 3.535611188213942 5.019223871036618
89 4.390017295283710 2.769287789086232
90 6.940000000000000 5.060000000000000
91 7.600000000000000 9.520000000000000
92 7.145412578559480 6.448091061174662
93 7.447706743438590 8.490866781418351
94 6.963017773397451 5.215544347503985
95 7.284653339391186 7.389021051037407
96 6.380000000000000 6.950000000000000
97 6.309149963682051 6.759465439054556
98 5.096004351198090 3.496994752374525
99 5.427543310709767 4.388591050270334
100 6.321144387008555 6.791721628339393
101 5.175285898690724 3.710203885744547
102 5.446060298769505 4.438388148103303
103 5.083292667745550 3.462809660151874
104 4.945200000000000 3.091441807909605
105 5.946901664246063 5.785283571644779
106 6.116303409602963 6.240849847293846
107 6.008005938192110 5.949609189714375
108 5.628609828565052 4.929312307327484
109 4.706813070976810 2.450356055282268
110 6.112876539251205 6.231634082958043
111 4.745491375239577 2.554372285955020
112 4.932941409997684 3.058475204287558
113 2.250000000000000 0.850000000000000
114 7.998060788646614 2.338816813080698
115 5.146217430039419 1.600155115390717
116 7.270963430629859 2.150489860536973
117 2.263077232534377 0.853387160362709
118 7.712275824889762 2.264795073469444
119 5.152336487042369 1.601740024681201
120 7.648010477166610 2.248149576195357
121 5.970606627081656 1.813681823302859
122 3.149873822568101 1.083078132948213
123 6.367691195082264 1.916531497791668
124 5.240000000000000 5.230000000000000
125 6.120106203433088 6.829854073189808
126 7.055905883307883 8.530947559063907
127 5.573618082714871 5.836449819850339
128 6.136696575154289 6.860011994666060
129 5.640103247104357 5.957306326304106
130 5.413328004348452 5.545075058752059
131 5.840458364239113 6.321511179061776
132 8.690000000000000 9.240000000000000
133 8.364558934949670 5.994153588050655
134 8.603038917841447 8.372677627944956
135 8.091987949475531 3.275616653979641
136 8.375121311966451 6.099499400928561
137 8.013129691484394 2.489109291383831
138 8.510000000000000 5.940000000000000
139 5.690000000000000 6.990000000000000
140 6.883919059599202 6.545455669298170
141 7.678440890919474 6.249623072529984
142 9.900000000000000 8.240000000000000
143 1.200000000000000 9.130000000000001
144 3.432132518494692 8.901655409027555
145 7.561091174502767 8.479267684447418
146 4.360000000000000 8.080000000000000
147 5.020000000000000 7.910000000000000
148 4.732560386473430 7.984037476211389
149 2.890000000000000 3.660000000000000
150 5.335802295381670 3.479275692459483
151 4.094189290696427 3.571020495761348
152 5.502075933864054 3.466989463014972
153 5.140960606782623 3.493672861567787
154 5.527882119437255 3.465082602012026
155 4.201133641682238 3.563118203816583
156 7.741153727188371 3.301540364986081
157 4.573524512903726 3.535601636977557
158 4.119443946188341 3.569154388212684
159 7.120989226248776 3.347365328109696
160 2.920489796940961 3.657747059339338
161 5.010000000000000 0.250000000000000
162 5.111706968016876 1.258095535931984
163 5.346262432385273 3.582954109230501
164 5.433811310354637 4.450717987926850
165 5.348458742536796 3.604723418673539
166 5.320985122781861 3.332411364043736
167 5.588718146579571 5.986118099921040
168 5.531994545238943 5.423887110162457
169 5.553866570037740 5.640677473609364
170 5.459568576649934 4.706017950912582
171 5.147337916320967 1.611261111769587
172 5.629575477587714 6.391086351384104
173 5.213916074414321 2.271168149341949
174 5.266558103032681 2.792943550647458
175 3.770000000000000 3.750000000000000
176 4.730000000000000 3.220000000000000
177 4.680581262250099 3.247283261466092
178 4.174911448720927 3.526455137685322
179 4.451148354125959 3.373949346159628
180 4.128371837183718 3.552148881554822
181 6.920000000000000 6.570000000000000
182 1.140000000000000 8.710000000000001
183 1.238798542818174 8.673420608714380
184 3.733286034096780 7.749856035818840
185 1.492709712813052 8.579411974840843
186 1.488177815956191 8.581089874369162
187 3.520829854197445 7.828516282355964
188 4.880000000000000 7.880000000000000
189 2.570000000000000 9.510000000000000
190 2.261864810316668 0.851691988795159
191 6.657784601128181 1.478574916710181
192 6.550245035534286 1.463239168799784
193 3.287371920219006 0.997935080172077
194 6.878413919834616 1.510037900539796
195 4.450000000000000 4.250000000000000
196 5.330166443051701 3.594933595544854
197 5.515395999578163 3.457075965831195
198 4.608196868736783 4.132261525853946
199 4.874931275031495 3.933743677490928
200 7.415095053709111 2.043219485888908
201 6.120000000000000 3.760000000000000
202 0.060000000000000 9.859999999999999
203 5.952893328101571 3.928209686234392
204 6.068554576777500 3.811784996973143
205 5.086213687668411 4.800609984360181
206 4.776796385941783 5.112069644514046
207 5.338742964172970 4.546413847944700
208 1.664866141732285 8.244540682414696
209 2.470869798423310 7.433216869573895
210 4.234186291636981 5.658261323599739
211 1.640000000000000 1.620000000000000
212 7.750000000000000 4.890000000000000
213 7.644406615087687 4.833487664703229
214 3.537817092117940 2.635689343899454
215 4.133676614429768 2.954586338655538
216 4.374443095793273 3.083441722298527
217 4.107076709913087 2.940350383210441
218 1.984795491599915 1.804530484047745
219 3.797898135639016 2.774881653607133
220 1.210000000000000 2.240000000000000
221 1.203016982756372 2.885430308089634
222 1.183297941804485 4.708033093214023
223 1.183844210560300 4.657542252498023
224 4.210000000000000 2.620000000000000
225 7.653723738154951 4.828263527008965
226 4.515053098747821 2.815613145242247
227 4.417190291279962 2.752859311075003
228 4.915472341449718 3.072379156805328
229 1.890000000000000 8.060000000000000
230 8.150000000000000 4.550000000000000
231 5.835248668994333 5.847887727129375
232 5.847979105434134 5.840749734812491
233 2.383231438622476 7.783443714127015
234 6.178360876723016 5.655503725671281
235 3.775524811018465 7.002780816825110
236 4.971132860078002 6.332399945866808
237 2.379920747240306 7.785300028304557
238 1.760000000000000 0.150000000000000
239 6.130000000000000 6.260000000000000
240 5.813243226605198 5.817120392347313
241 4.155851671010524 3.499806340932334
242 6.110316248636860 6.232478782419041
243 3.861784783054522 3.088651035346254
244 2.578020343432134 1.293730960725478
245 2.649129907467596 1.393154172683527
246 3.691946705025019 2.851188642494934
247 2.260000000000000 3.400000000000000
248 5.114741186007096 5.341959132970493
249 3.695560738427481 4.376550974423845
250 6.321439088128392 6.162824444070173
251 2.771401034564367 3.747884394757306
252 2.604519233059426 3.634361795879481
253 7.640628062360801 6.968066815144766
254 3.910636413945767 7.843281682346430
255 7.780000000000000 2.680000000000000
256 7.700000000000000 3.960000000000000
257 1.485830681094845 8.585560607438390
258 2.953037098002819 7.274138655646129
259 4.494475334473515 5.896366641194522
260 2.381104448560575 7.785344865475779
261 6.530000000000000 6.120000000000000
262 3.570000000000000 2.210000000000000
263 4.315794224726947 3.195153857662960
264 4.117931401078280 2.933787762910837
265 3.927158661143842 2.681787285497440
266 7.659054929971276 2.225114003202765
267 6.598271868516989 1.434202702974884
268 6.792111248207556 1.578727782038883
269 5.190000000000000 1.530000000000000
270 3.415730736013819 4.909560502830822
271 4.608825622775801 2.636998813760379
272 7.240000000000000 7.610000000000000
273 6.330000000000000 6.160000000000000
274 2.420000000000000 7.450000000000000
275 5.192811044305645 6.535185103029596
276 6.880000000000000 3.850000000000000
277 0.410000000000000 2.160000000000000
278 2.394755310397731 3.975600028261561
279 2.278445180690351 3.869202693699695
280 0.750000000000000 4.970000000000000
281 8.160000000000000 0.490000000000000
282 0.020000000000000 1.540000000000000
283 2.852337947101549 1.267321501987118
284 3.930000000000000 0.600000000000000
285 1.330000000000000 2.210000000000000
286 2.260000000000000 9.109999999999999
287 2.120000000000000 9.039999999999999
498
0 12
12 8
8 13
13 3
3 5
5 10
10 9
9 2
2 11
11 6
6 7
7 4
4 1
15 23
23 24
24 21
21 22
22 16
16 20
20 18
18 17
17 25
25 19
19 14
26 33
33 30
30 35
35 36
36 31
31 28
28 34
34 32
32 29
29 27
38 47
47 45
45 46
46 43
43 39
39 44
44 42
42 41
41 40
40 37
48 50
50 53
53 54
54 55
55 52
52 28
28 51
51 56
56 49
0 63
63 69
69 66
66 61
61 70
70 65
65 58
58 68
68 60
60 59
59 64
64 71
71 62
62 67
67 72
72 57
73 39
39 76
76 16
16 75
75 77
77 74
79 88
88 85
85 58
58 87
87 81
81 80
80 84
84 86
86 82
82 89
89 83
83 78
90 94
94 92
92 95
95 93
93 17
17 40
40 91
78 109
109 111
111 112
112 104
104 103
103 98
98 101
101 50
50 99
99 102
102 108
108 2
2 105
105 107
107 110
110 106
106 97
97 100
100 96
113 117
117 122
122 115
115 119
119 121
121 123
123 116
116 51
51 120
120 118
118 114
114 27
124 130
130 3
3 127
127 129
129 131
131 125
125 128
128 75
75 126
126 18
18 41
41 91
49 114
114 29
29 137
137 135
135 4
4 133
133 136
136 134
134 19
19 132
139 125
125 97
97 140
140 92
92 141
141 133
133 138
143 144
144 42
42 20
20 126
126 93
93 145
145 134
134 142
146 148
148 147
149 160
160 59
59 80
80 151
151 158
158 155
155 157
157 98
98 153
153 150
150 152
152 154
154 52
52 159
159 156
156 135
135 1
161 162
162 115
115 171
171 30
30 173
173 174
174 166
166 150
150 163
163 165
165 53
53 99
99 164
164 170
170 168
168 169
169 5
5 127
127 167
167 172
172 139
175 60
60 81
81 151
151 180
180 178
178 179
179 177
177 176
182 183
183 186
186 185
185 43
43 21
21 187
187 184
184 128
128 100
100 181
189 144
144 44
44 76
76 22
22 148
148 188
113 190
190 193
193 162
162 192
192 191
191 194
194 49
195 198
198 199
199 101
101 196
196 163
163 152
152 197
197 31
31 116
116 200
200 49
202 183
183 208
208 45
45 209
209 61
61 210
210 206
206 205
205 207
207 164
164 102
102 203
203 204
204 201
211 218
218 214
214 219
219 62
62 217
217 215
215 82
82 216
216 177
177 103
103 153
153 196
196 165
165 54
54 203
203 6
6 213
213 212
182 222
222 223
223 221
221 220
224 83
83 227
227 226
226 228
228 104
104 166
166 197
197 154
154 55
55 204
204 7
7 225
225 212
229 23
23 237
237 233
233 63
63 235
235 8
8 236
236 167
167 129
129 231
231 232
232 105
105 234
234 94
94 213
213 225
225 230
238 190
190 117
117 244
244 245
245 214
214 246
246 243
243 64
64 84
84 241
241 178
178 155
155 198
198 205
205 168
168 9
9 240
240 231
231 242
242 106
106 239
247 252
252 251
251 249
249 85
85 65
65 206
206 248
248 130
130 169
169 10
10 240
240 232
232 107
107 250
250 140
140 181
74 95
95 253
253 136
136 138
0 184
184 254
254 146
256 156
156 255
202 257
257 185
185 46
46 24
24 260
260 233
233 258
258 66
66 259
259 248
248 124
143 73
262 265
265 67
67 264
264 215
215 86
86 263
263 179
179 157
157 199
199 207
207 170
170 108
108 11
11 234
234 261
161 267
267 191
191 268
268 200
200 56
56 266
266 118
118 32
32 137
137 1
143 257
257 186
186 208
208 47
47 270
270 249
249 68
68 87
87 158
158 180
180 241
241 263
263 216
216 226
226 271
271 109
109 33
33 171
171 119
119 269
181 77
77 272
274 209
209 258
258 69
69 235
235 12
12 275
275 172
172 131
131 242
242 110
110 250
250 273
276 159
159 34
34 120
120 266
266 49
37 25
25 145
145 253
253 141
141 212
277 221
221 279
279 278
278 270
270 88
88 70
70 210
210 259
259 13
13 236
236 275
275 139
280 222
222 278
278 251
251 160
160 243
243 71
71 217
217 264
264 89
89 227
227 271
271 111
111 173
173 35
35 121
121 192
192 267
267 281
282 244
244 283
283 26
285 218
218 245
245 283
283 122
122 193
193 284
15 237
237 260
260 187
187 254
254 188
280 223
223 279
279 252
252 246
246 219
219 265
265 72
72 78
287 286
176 228
228 112
112 174
174 36
36 123
123 268
268 194
194 281
567
0 0.800000000000000 6.600000000000000
1 0.800000000000000 7.300000000000000
2 0.800000000000000 6.200000000000000
3 0.800000000000000 5.700000000000000
4 0.800000000000000 8.699999999999999
5 0.900000000000000 5.500000000000000
6 0.900000000000000 8.100000000000000
7 0.900000000000000 6.100000000000000
8 0.900000000000000 5.200000000000000
9 0.900000000000000 8.100000000000000
10 0.900000000000000 6.900000000000000
11 0.900000000000000 8.300000000000001
12 0.900000000000000 8.300000000000001
13 1.000000000000000 7.400000000000000
14 1.000000000000000 7.800000000000000
15 1.000000000000000 5.900000000000000
16 1.100000000000000 7.600000000000000
17 1.100000000000000 7.700000000000000
18 1.100000000000000 7.600000000000000
19 1.100000000000000 6.600000000000000
20 1.200000000000000 6.000000000000000
21 1.200000000000000 4.600000000000000
22 1.200000000000000 3.900000000000000
23 1.200000000000000 7.600000000000000
24 1.200000000000000 8.300000000000001
25 1.200000000000000 7.300000000000000
26 1.200000000000000 6.600000000000000
27 1.300000000000000 8.300000000000001
28 1.300000000000000 7.500000000000000
29 1.300000000000000 3.200000000000000
30 1.300000000000000 4.900000000000000
31 1.300000000000000 4.600000000000000
32 1.300000000000000 7.900000000000000
33 1.400000000000000 4.500000000000000
34 1.400000000000000 5.700000000000000
35 1.400000000000000 7.600000000000000
36 1.400000000000000 3.300000000000000
37 1.400000000000000 6.700000000000000
38 1.400000000000000 7.300000000000000
39 1.500000000000000 8.300000000000001
40 1.500000000000000 7.100000000000000
41 1.500000000000000 7.500000000000000
42 1.500000000000000 7.600000000000000
43 1.500000000000000 7.800000000000000
44 1.600000000000000 3.900000000000000
45 1.600000000000000 5.100000000000000
46 1.600000000000000 6.000000000000000
47 1.600000000000000 7.500000000000000
48 1.600000000000000 4.800000000000000
49 1.600000000000000 3.500000000000000
50 1.600000000000000 7.000000000000000
51 1.600000000000000 3.500000000000000
52 1.700000000000000 3.600000000000000
53 1.700000000000000 3.400000000000000
54 1.700000000000000 5.400000000000000
55 1.700000000000000 6.000000000000000
56 1.700000000000000 6.200000000000000
57 1.800000000000000 5.300000000000000
58 1.800000000000000 6.500000000000000
59 1.800000000000000 7.000000000000000
60 1.800000000000000 4.600000000000000
61 1.800000000000000 4.400000000000000
62 1.800000000000000 8.100000000000000
63 1.800000000000000 3.800000000000000
64 1.900000000000000 3.600000000000000
65 1.900000000000000 5.400000000000000
66 1.900000000000000 4.800000000000000
67 1.900000000000000 6.500000000000000
68 2.000000000000000 7.200000000000000
69 2.000000000000000 8.100000000000000
70 2.000000000000000 2.500000000000000
71 2.000000000000000 8.100000000000000
72 2.000000000000000 6.000000000000000
73 2.000000000000000 4.400000000000000
74 2.000000000000000 2.800000000000000
75 2.000000000000000 5.400000000000000
76 2.000000000000000 5.400000000000000
77 2.000000000000000 5.700000000000000
78 2.000000000000000 8.699999999999999
79 2.000000000000000 3.300000000000000
80 2.000000000000000 2.900000000000000
81 2.000000000000000 6.200000000000000
82 2.000000000000000 7.200000000000000
83 2.100000000000000 5.800000000000000
84 2.100000000000000 7.200000000000000
85 2.100000000000000 6.900000000000000
86 2.100000000000000 3.600000000000000
87 2.100000000000000 2.000000000000000
88 2.100000000000000 7.800000000000000
89 2.100000000000000 6.900000000000000
90 2.100000000000000 4.100000000000000
91 2.100000000000000 4.400000000000000
92 2.100000000000000 7.600000000000000
93 2.100000000000000 6.300000000000000
94 2.200000000000000 4.100000000000000
95 2.200000000000000 8.300000000000001
96 2.200000000000000 8.500000000000000
97 2.200000000000000 4.900000000000000
98 2.200000000000000 4.900000000000000
99 2.300000000000000 5.200000000000000
100 2.300000000000000 8.199999999999999
101 2.300000000000000 3.500000000000000
102 2.300000000000000 3.400000000000000
103 2.300000000000000 1.800000000000000
104 2.300000000000000 6.600000000000000
105 2.300000000000000 3.500000000000000
106 2.300000000000000 0.900000000000000
107 2.300000000000000 2.800000000000000
108 2.300000000000000 1.400000000000000
109 2.300000000000000 6.100000000000000
110 2.400000000000000 8.699999999999999
111 2.400000000000000 8.000000000000000
112 2.400000000000000 2.900000000000000
113 2.400000000000000 4.900000000000000
114 2.400000000000000 2.900000000000000
115 2.400000000000000 3.700000000000000
116 2.500000000000000 2.500000000000000
117 2.500000000000000 4.600000000000000
118 2.500000000000000 7.500000000000000
119 2.500000000000000 2.700000000000000
120 2.500000000000000 6.500000000000000
121 2.500000000000000 7.300000000000000
122 2.500000000000000 7.200000000000000
123 2.600000000000000 8.400000000000000
124 2.600000000000000 6.900000000000000
125 2.600000000000000 2.500000000000000
126 2.600000000000000 6.200000000000000
127 2.600000000000000 6.400000000000000
128 2.600000000000000 5.200000000000000
129 2.600000000000000 4.600000000000000
130 2.600000000000000 4.700000000000000
131 2.600000000000000 7.700000000000000
132 2.600000000000000 8.800000000000001
133 2.600000000000000 3.200000000000000
134 2.700000000000000 4.300000000000000
135 2.700000000000000 2.700000000000000
136 2.700000000000000 4.800000000000000
137 2.700000000000000 4.200000000000000
138 2.700000000000000 6.300000000000000
139 2.700000000000000 5.200000000000000
140 2.800000000000000 8.900000000000000
141 2.800000000000000 8.699999999999999
142 2.800000000000000 5.800000000000000
143 2.800000000000000 6.100000000000000
144 2.800000000000000 8.199999999999999
145 2.800000000000000 3.900000000000000
146 2.900000000000000 8.500000000000000
147 2.900000000000000 4.400000000000000
148 2.900000000000000 5.100000000000000
149 2.900000000000000 5.500000000000000
150 3.000000000000000 7.400000000000000
151 3.000000000000000 6.800000000000000
152 3.000000000000000 7.800000000000000
153 3.000000000000000 7.300000000000000
154 3.100000000000000 4.100000000000000
155 3.100000000000000 7.300000000000000
156 3.100000000000000 6.200000000000000
157 3.100000000000000 5.200000000000000
158 3.100000000000000 7.300000000000000
159 3.100000000000000 6.900000000000000
160 3.100000000000000 2.000000000000000
161 3.100000000000000 8.900000000000000
162 3.100000000000000 6.700000000000000
163 3.100000000000000 4.900000000000000
164 3.200000000000000 3.800000000000000
165 3.200000000000000 8.699999999999999
166 3.200000000000000 1.100000000000000
167 3.200000000000000 6.300000000000000
168 3.200000000000000 3.200000000000000
169 3.200000000000000 1.800000000000000
170 3.200000000000000 3.900000000000000
171 3.200000000000000 2.700000000000000
172 3.200000000000000 7.500000000000000
173 3.300000000000000 2.700000000000000
174 3.300000000000000 8.699999999999999
175 3.300000000000000 6.500000000000000
176 3.300000000000000 8.199999999999999
177 3.300000000000000 8.400000000000000
178 3.300000000000000 3.200000000000000
179 3.300000000000000 7.700000000000000
180 3.300000000000000 5.500000000000000
181 3.400000000000000 8.100000000000000
182 3.400000000000000 3.900000000000000
183 3.400000000000000 2.400000000000000
184 3.400000000000000 8.900000000000000
185 3.400000000000000 5.500000000000000
186 3.400000000000000 8.000000000000000
187 3.500000000000000 4.300000000000000
188 3.500000000000000 6.200000000000000
189 3.500000000000000 7.900000000000000
190 3.500000000000000 8.800000000000001
191 3.600000000000000 1.700000000000000
192 3.600000000000000 1.700000000000000
193 3.600000000000000 8.800000000000001
194 3.600000000000000 2.000000000000000
195 3.600000000000000 4.400000000000000
196 3.600000000000000 7.400000000000000
197 3.600000000000000 6.100000000000000
198 3.600000000000000 1.400000000000000
199 3.600000000000000 7.000000000000000
200 3.600000000000000 5.000000000000000
201 3.600000000000000 5.100000000000000
202 3.700000000000000 5.400000000000000
203 3.700000000000000 8.000000000000000
204 3.700000000000000 4.500000000000000
205 3.700000000000000 6.600000000000000
206 3.800000000000000 5.300000000000000
207 3.800000000000000 4.800000000000000
208 3.800000000000000 1.400000000000000
209 3.800000000000000 5.500000000000000
210 3.800000000000000 3.500000000000000
211 3.800000000000000 5.900000000000000
212 3.800000000000000 8.699999999999999
213 3.800000000000000 1.200000000000000
214 3.900000000000000 3.800000000000000
215 3.900000000000000 5.900000000000000
216 3.900000000000000 8.699999999999999
217 3.900000000000000 4.700000000000000
218 3.900000000000000 2.600000000000000
219 3.900000000000000 1.700000000000000
220 3.900000000000000 6.000000000000000
221 3.900000000000000 7.700000000000000
222 4.000000000000000 1.300000000000000
223 4.000000000000000 6.200000000000000
224 4.000000000000000 2.300000000000000
225 4.000000000000000 6.200000000000000
226 4.000000000000000 2.200000000000000
227 4.000000000000000 1.900000000000000
228 4.000000000000000 6.200000000000000
229 4.000000000000000 3.000000000000000
230 4.000000000000000 4.200000000000000
231 4.100000000000000 3.300000000000000
232 4.100000000000000 4.000000000000000
233 4.100000000000000 1.800000000000000
234 4.100000000000000 7.400000000000000
235 4.100000000000000 2.300000000000000
236 4.100000000000000 3.600000000000000
237 4.100000000000000 7.900000000000000
238 4.100000000000000 6.100000000000000
239 4.100000000000000 1.300000000000000
240 4.100000000000000 2.500000000000000
241 4.200000000000000 2.200000000000000
242 4.200000000000000 5.400000000000000
243 4.200000000000000 5.700000000000000
244 4.200000000000000 5.600000000000000
245 4.200000000000000 2.700000000000000
246 4.200000000000000 3.100000000000000
247 4.200000000000000 4.800000000000000
248 4.300000000000000 4.100000000000000
249 4.300000000000000 5.100000000000000
250 4.300000000000000 6.300000000000000
251 4.300000000000000 5.200000000000000
252 4.300000000000000 6.300000000000000
253 4.300000000000000 8.600000000000000
254 4.300000000000000 2.500000000000000
255 4.400000000000000 3.200000000000000
256 4.400000000000000 4.200000000000000
257 4.400000000000000 7.800000000000000
258 4.400000000000000 6.200000000000000
259 4.400000000000000 2.800000000000000
260 4.400000000000000 5.400000000000000
261 4.400000000000000 7.500000000000000
262 4.400000000000000 2.100000000000000
263 4.400000000000000 4.400000000000000
264 4.400000000000000 7.100000000000000
265 4.400000000000000 2.300000000000000
266 4.400000000000000 6.500000000000000
267 4.500000000000000 5.900000000000000
268 4.500000000000000 2.700000000000000
269 4.500000000000000 2.200000000000000
270 4.600000000000000 5.900000000000000
271 4.600000000000000 3.500000000000000
272 4.600000000000000 1.600000000000000
273 4.600000000000000 4.500000000000000
274 4.600000000000000 3.100000000000000
275 4.600000000000000 6.300000000000000
276 4.600000000000000 2.300000000000000
277 4.600000000000000 4.100000000000000
278 4.600000000000000 7.600000000000000
279 4.600000000000000 7.300000000000000
280 4.700000000000000 2.900000000000000
281 4.700000000000000 5.100000000000000
282 4.700000000000000 4.800000000000000
283 4.700000000000000 1.400000000000000
284 4.700000000000000 3.200000000000000
285 4.700000000000000 4.900000000000000
286 4.700000000000000 1.400000000000000
287 4.700000000000000 3.200000000000000
288 4.700000000000000 8.400000000000000
289 4.700000000000000 7.400000000000000
290 4.800000000000000 2.400000000000000
291 4.800000000000000 5.800000000000000
292 4.800000000000000 3.300000000000000
293 4.900000000000000 2.600000000000000
294 4.900000000000000 8.300000000000001
295 5.000000000000000 6.200000000000000
296 5.000000000000000 7.800000000000000
297 5.000000000000000 6.700000000000000
298 5.000000000000000 3.100000000000000
299 5.000000000000000 4.200000000000000
300 5.000000000000000 2.100000000000000
301 5.100000000000000 1.300000000000000
302 5.100000000000000 6.400000000000000
303 5.100000000000000 8.400000000000000
304 5.100000000000000 1.100000000000000
305 5.100000000000000 1.900000000000000
306 5.100000000000000 1.500000000000000
307 5.100000000000000 6.700000000000000
308 5.100000000000000 1.700000000000000
309 5.100000000000000 7.700000000000000
310 5.100000000000000 6.700000000000000
311 5.100000000000000 1.400000000000000
312 5.100000000000000 7.000000000000000
313 5.200000000000000 6.700000000000000
314 5.200000000000000 8.400000000000000
315 5.200000000000000 1.800000000000000
316 5.200000000000000 1.800000000000000
317 5.200000000000000 6.400000000000000
318 5.300000000000000 0.600000000000000
319 5.300000000000000 3.800000000000000
320 5.300000000000000 4.600000000000000
321 5.300000000000000 2.800000000000000
322 5.300000000000000 4.600000000000000
323 5.300000000000000 8.300000000000001
324 5.300000000000000 0.600000000000000
325 5.300000000000000 4.700000000000000
326 5.400000000000000 1.400000000000000
327 5.400000000000000 5.600000000000000
328 5.400000000000000 0.900000000000000
329 5.400000000000000 7.300000000000000
330 5.400000000000000 5.600000000000000
331 5.400000000000000 3.500000000000000
332 5.400000000000000 2.800000000000000
333 5.400000000000000 2.500000000000000
334 5.400000000000000 1.200000000000000
335 5.400000000000000 8.100000000000000
336 5.500000000000000 2.300000000000000
337 5.500000000000000 6.500000000000000
338 5.500000000000000 2.300000000000000
339 5.500000000000000 3.900000000000000
340 5.500000000000000 5.200000000000000
341 5.500000000000000 2.300000000000000
342 5.600000000000000 5.400000000000000
343 5.600000000000000 1.200000000000000
344 5.600000000000000 4.600000000000000
345 5.600000000000000 7.300000000000000
346 5.600000000000000 7.500000000000000
347 5.700000000000000 4.800000000000000
348 5.700000000000000 5.800000000000000
349 5.700000000000000 1.900000000000000
350 5.700000000000000 1.500000000000000
351 5.700000000000000 4.300000000000000
352 5.700000000000000 3.800000000000000
353 5.700000000000000 8.100000000000000
354 5.800000000000000 4.400000000000000
355 5.800000000000000 6.200000000000000
356 5.800000000000000 4.400000000000000
357 5.800000000000000 3.000000000000000
358 5.800000000000000 4.600000000000000
359 5.800000000000000 7.900000000000000
360 5.800000000000000 5.900000000000000
361 5.800000000000000 1.500000000000000
362 5.800000000000000 4.700000000000000
363 5.800000000000000 5.400000000000000
364 5.800000000000000 4.500000000000000
365 5.800000000000000 5.600000000000000
366 5.800000000000000 5.800000000000000
367 5.800000000000000 4.600000000000000
368 5.900000000000000 3.100000000000000
369 5.900000000000000 3.000000000000000
370 5.900000000000000 4.300000000000000
371 5.900000000000000 1.700000000000000
372 5.900000000000000 6.600000000000000
373 5.900000000000000 7.600000000000000
374 6.000000000000000 6.600000000000000
375 6.000000000000000 6.500000000000000
376 6.000000000000000 4.600000000000000
377 6.000000000000000 7.000000000000000
378 6.000000000000000 5.000000000000000
379 6.000000000000000 7.600000000000000
380 6.100000000000000 1.800000000000000
381 6.100000000000000 1.700000000000000
382 6.100000000000000 2.700000000000000
383 6.100000000000000 1.500000000000000
384 6.100000000000000 8.500000000000000
385 6.200000000000000 6.600000000000000
386 6.200000000000000 1.700000000000000
387 6.200000000000000 3.200000000000000
388 6.200000000000000 7.900000000000000
389 6.200000000000000 2.900000000000000
390 6.200000000000000 5.700000000000000
391 6.300000000000000 8.000000000000000
392 6.300000000000000 2.400000000000000
393 6.300000000000000 7.000000000000000
394 6.300000000000000 4.300000000000000
395 6.300000000000000 3.300000000000000
396 6.300000000000000 4.700000000000000
397 6.300000000000000 6.100000000000000
398 6.300000000000000 1.700000000000000
399 6.400000000000000 6.600000000000000
400 6.400000000000000 5.900000000000000
401 6.400000000000000 5.400000000000000
402 6.400000000000000 2.100000000000000
403 6.400000000000000 6.100000000000000
404 6.400000000000000 8.199999999999999
405 6.400000000000000 4.000000000000000
406 6.400000000000000 4.200000000000000
407 6.400000000000000 3.800000000000000
408 6.400000000000000 8.000000000000000
409 6.400000000000000 6.200000000000000
410 6.500000000000000 2.800000000000000
411 6.500000000000000 4.700000000000000
412 6.500000000000000 8.100000000000000
413 6.500000000000000 7.500000000000000
414 6.500000000000000 1.700000000000000
415 6.500000000000000 7.500000000000000
416 6.500000000000000 8.400000000000000
417 6.500000000000000 6.500000000000000
418 6.500000000000000 1.600000000000000
419 6.500000000000000 1.400000000000000
420 6.500000000000000 7.200000000000000
421 6.500000000000000 3.800000000000000
422 6.500000000000000 3.200000000000000
423 6.600000000000000 5.700000000000000
424 6.600000000000000 4.600000000000000
425 6.600000000000000 5.500000000000000
426 6.600000000000000 5.100000000000000
427 6.600000000000000 7.500000000000000
428 6.600000000000000 4.100000000000000
429 6.600000000000000 4.600000000000000
430 6.700000000000000 5.400000000000000
431 6.700000000000000 2.600000000000000
432 6.700000000000000 2.500000000000000
433 6.700000000000000 4.700000000000000
434 6.700000000000000 3.000000000000000
435 6.700000000000000 6.300000000000000
436 6.800000000000000 2.800000000000000
437 6.800000000000000 5.800000000000000
438 6.800000000000000 4.500000000000000
439 6.800000000000000 7.700000000000000
440 6.900000000000000 2.600000000000000
441 6.900000000000000 7.500000000000000
442 6.900000000000000 2.300000000000000
443 6.900000000000000 4.100000000000000
444 6.900000000000000 3.100000000000000
445 6.900000000000000 3.000000000000000
446 7.000000000000000 4.200000000000000
447 7.000000000000000 4.200000000000000
448 7.000000000000000 4.400000000000000
449 7.000000000000000 6.400000000000000
450 7.000000000000000 2.600000000000000
451 7.000000000000000 5.200000000000000
452 7.000000000000000 5.600000000000000
453 7.000000000000000 1.500000000000000
454 7.000000000000000 6.400000000000000
455 7.100000000000000 6.100000000000000
456 7.100000000000000 5.100000000000000
457 7.100000000000000 1.900000000000000
458 7.100000000000000 2.400000000000000
459 7.100000000000000 6.600000000000000
460 7.100000000000000 3.100000000000000
461 7.100000000000000 2.900000000000000
462 7.100000000000000 3.800000000000000
463 7.200000000000000 8.000000000000000
464 7.200000000000000 8.699999999999999
465 7.200000000000000 1.200000000000000
466 7.200000000000000 8.000000000000000
467 7.200000000000000 2.400000000000000
468 7.200000000000000 8.400000000000000
469 7.200000000000000 6.200000000000000
470 7.200000000000000 4.100000000000000
471 7.200000000000000 8.699999999999999
472 7.200000000000000 1.600000000000000
473 7.200000000000000 5.600000000000000
474 7.300000000000000 5.800000000000000
475 7.300000000000000 2.500000000000000
476 7.300000000000000 7.800000000000000
477 7.300000000000000 8.000000000000000
478 7.300000000000000 1.900000000000000
479 7.300000000000000 8.800000000000001
480 7.300000000000000 2.800000000000000
481 7.300000000000000 3.300000000000000
482 7.400000000000000 7.600000000000000
483 7.400000000000000 6.800000000000000
484 7.400000000000000 7.900000000000000
485 7.400000000000000 9.000000000000000
486 7.500000000000000 9.000000000000000
487 7.500000000000000 2.600000000000000
488 7.500000000000000 9.199999999999999
489 7.500000000000000 3.500000000000000
490 7.500000000000000 1.600000000000000
491 7.500000000000000 6.200000000000000
492 7.500000000000000 1.900000000000000
493 7.500000000000000 1.000000000000000
494 7.500000000000000 7.100000000000000
495 7.500000000000000 2.500000000000000
496 7.500000000000000 6.200000000000000
497 7.600000000000000 3.300000000000000
498 7.600000000000000 2.200000000000000
499 7.600000000000000 9.400000000000000
500 7.600000000000000 8.199999999999999
501 7.600000000000000 4.800000000000000
502 7.600000000000000 4.900000000000000
503 7.600000000000000 9.300000000000001
504 7.600000000000000 5.900000000000000
505 7.600000000000000 6.900000000000000
506 7.600000000000000 8.100000000000000
507 7.600000000000000 6.000000000000000
508 7.700000000000000 7.900000000000000
509 7.700000000000000 4.600000000000000
510 7.700000000000000 7.800000000000000
511 7.700000000000000 6.500000000000000
512 7.700000000000000 3.000000000000000
513 7.700000000000000 6.400000000000000
514 7.700000000000000 4.700000000000000
515 7.800000000000000 8.400000000000000
516 7.800000000000000 1.900000000000000
517 7.800000000000000 6.700000000000000
518 7.800000000000000 4.300000000000000
519 7.800000000000000 5.500000000000000
520 7.800000000000000 5.900000000000000
521 7.900000000000000 5.100000000000000
522 7.900000000000000 5.100000000000000
523 7.900000000000000 8.400000000000000
524 7.900000000000000 6.200000000000000
525 7.900000000000000 2.000000000000000
526 7.900000000000000 5.000000000000000
527 8.000000000000000 0.600000000000000
528 8.000000000000000 7.200000000000000
529 8.000000000000000 6.500000000000000
530 8.000000000000000 6.700000000000000
531 8.100000000000000 7.600000000000000
532 8.100000000000000 7.800000000000000
533 8.100000000000000 7.200000000000000
534 8.100000000000000 5.100000000000000
535 8.100000000000000 2.600000000000000
536 8.100000000000000 8.199999999999999
537 8.100000000000000 4.600000000000000
538 8.100000000000000 1.700000000000000
539 8.100000000000000 3.900000000000000
540 8.100000000000000 6.600000000000000
541 8.100000000000000 3.000000000000000
542 8.100000000000000 3.200000000000000
543 8.199999999999999 7.700000000000000
544 8.199999999999999 7.200000000000000
545 8.199999999999999 4.700000000000000
546 8.199999999999999 2.500000000000000
547 8.300000000000001 6.400000000000000
548 8.300000000000001 5.200000000000000
549 8.300000000000001 8.000000000000000
550 8.300000000000001 5.900000000000000
551 8.300000000000001 5.700000000000000
552 8.300000000000001 5.500000000000000
553 8.300000000000001 3.000000000000000
554 8.300000000000001 5.600000000000000
555 8.400000000000000 7.400000000000000
556 8.400000000000000 6.100000000000000
557 8.400000000000000 8.500000000000000
558 8.400000000000000 6.600000000000000
559 8.400000000000000 5.000000000000000
560 8.400000000000000 5.200000000000000
561 8.400000000000000 2.700000000000000
562 8.500000000000000 3.200000000000000
563 8.500000000000000 3.600000000000000
564 8.600000000000000 4.300000000000000
565 8.900000000000000 3.000000000000000
566 9.000000000000000 2.600000000000000
