68
0 7.772000000000000 9.051000000000000
1 1.476000000000000 9.385000000000000
2 3.335603697230791 9.286348850877527
3 2.760333171628963 9.316866696422478
4 2.902513018920986 9.309324118754827
5 4.003642323752972 9.250909698835214
6 3.498562735221692 9.277703946384364
7 1.735000000000000 2.649000000000000
8 5.726000000000000 5.380000000000000
9 3.200207698970049 3.651626466020346
10 4.724808914575550 4.694895300853377
11 5.094474350881512 4.947853533514761
12 5.206015574500499 5.024180038577015
13 4.061580753128995 4.241055133248631
14 4.701000000000000 8.150000000000000
15 2.704000000000000 9.811999999999999
16 2.793433007630883 9.737569524946155
17 4.659379969735740 8.184638202453280
18 4.150045643953485 8.608530866173915
19 3.451791650432492 9.189651615914471
20 4.168000000000000 5.861000000000000
21 2.975984781660648 7.421424082254040
22 3.756952355729864 6.399087629423462
23 2.702630145119183 7.779262766939079
24 4.203719734564991 6.014400511105559
25 4.695419736520444 8.126035228696619
26 4.236953663475442 6.157125582917987
27 1.137000000000000 9.965999999999999
28 2.711177649650269 9.748912954117559
29 2.729935423297110 9.746326162423985
30 3.788768897363622 9.600307680318355
31 3.678032942918021 9.615578727540317
32 2.681000000000000 4.138000000000000
33 3.546370185000778 5.140712056998211
34 3.586183932650969 5.186844597147020
35 5.181000000000000 2.014000000000000
36 1.331000000000000 5.197000000000000
37 2.560672751086329 4.180364060595380
38 3.231000000000000 5.180000000000000
39 3.208112970253593 5.381162659934261
40 2.796196401641641 9.001651361662086
41 2.948437147341792 7.663550537974986
42 3.126075858382021 6.102217502797875
43 2.894232278464137 8.139977393081816
44 6.430000000000000 0.377000000000000
45 5.471717039651899 2.803569976082752
46 4.600616133697585 5.009377020548384
47 3.927145712657032 6.714742941782313
48 3.053525189652304 8.926930175960953
49 4.070508183892608 6.351719614861310
50 3.163849782247404 8.647565567497516
51 6.406805087644462 5.343212814262476
52 6.210064212393621 4.808876442537210
53 7.274984149998385 7.701134875931546
54 4.877000000000000 1.136000000000000
55 3.725000000000000 9.704000000000001
56 6.779000000000000 4.738000000000000
57 4.691508185901264 8.132395661039398
58 4.452748448659142 8.520634316947840
59 5.292390561352931 4.923197680913756
60 3.613580856594685 5.132339137932680
61 3.862519791105219 6.594882120994543
62 3.353227676382909 5.650304938564528
63 7.947000000000000 7.506000000000000
64 3.277669332551231 8.861844896327652
65 5.355000000000000 4.850000000000000
66 2.758881551447570 7.885162970916542
67 2.487085136680403 7.373472728077935
119
1 3
3 4
4 2
2 6
6 5
5 0
7 9
9 13
13 10
10 11
11 12
12 8
15 16
16 2
2 19
19 18
18 17
17 14
1 23
23 21
21 22
22 20
20 24
24 26
26 25
25 14
27 28
28 29
29 16
16 31
31 30
30 0
32 33
33 34
34 20
36 37
37 9
9 35
15 28
28 3
3 40
40 43
43 41
41 21
21 42
42 39
39 38
15 29
29 4
4 48
48 50
50 47
47 49
49 24
24 46
46 10
10 45
45 44
35 45
45 52
52 51
51 53
53 0
7 54
55 30
30 5
5 58
58 17
17 57
57 25
25 51
51 56
38 33
33 60
60 46
46 11
11 59
59 52
52 56
7 37
37 39
39 62
62 22
22 61
61 47
47 57
57 14
1 40
40 48
48 64
64 18
18 58
58 53
53 63
1 66
66 41
41 61
61 49
49 26
26 12
12 59
59 65
1 67
67 42
42 62
62 34
34 60
60 13
13 35
36 67
67 23
23 66
66 43
43 50
50 64
64 19
19 6
6 31
31 55
30
0 1.800000000000000 2.900000000000000
1 1.900000000000000 5.100000000000000
2 2.100000000000000 7.000000000000000
3 2.300000000000000 8.500000000000000
4 2.300000000000000 4.000000000000000
5 2.400000000000000 3.400000000000000
6 2.400000000000000 6.100000000000000
7 2.500000000000000 8.400000000000000
8 2.900000000000000 4.800000000000000
9 3.200000000000000 6.500000000000000
10 3.900000000000000 9.400000000000000
11 4.100000000000000 4.200000000000000
12 4.500000000000000 7.100000000000000
13 4.500000000000000 6.700000000000000
14 5.000000000000000 7.900000000000000
15 5.000000000000000 2.900000000000000
16 5.000000000000000 6.700000000000000
17 5.000000000000000 6.200000000000000
18 5.100000000000000 7.000000000000000
19 5.300000000000000 6.400000000000000
20 5.500000000000000 4.900000000000000
21 5.600000000000000 5.400000000000000
22 5.800000000000000 6.400000000000000
23 5.900000000000000 7.200000000000000
24 6.100000000000000 5.900000000000000
25 6.100000000000000 9.000000000000000
26 6.600000000000000 7.400000000000000
27 6.700000000000000 7.000000000000000
28 6.800000000000000 7.000000000000000
29 7.300000000000000 8.699999999999999
