387
0 5.060000000000000 8.960000000000001
1 3.800000000000000 0.780000000000000
2 4.628038052733572 6.155675612190969
3 4.255154445314588 3.734891557677248
4 4.351365718108372 4.359501249306735
5 4.254740908812167 3.732206852447240
6 4.781920720603537 7.154691662330905
7 3.869383080503361 1.230439363902777
8 4.315175091487905 4.124549403469102
9 3.909517364297311 1.490993682501588
10 4.608270192200866 6.027341406510388
11 4.372294725394235 4.495373693432422
12 4.004229509900733 2.105870945228567
13 4.441787790894675 4.946527086919397
14 4.676098275245603 6.467685628181771
15 4.519206955386588 5.449137218303408
16 5.037025248236215 8.810846452835118
17 4.558986673069996 5.707389671200453
18 4.446238472725075 4.975421195945334
19 4.172408565586593 3.197700052776453
20 5.059467242300159 8.956541303186754
21 4.868917702899804 7.719481595016192
22 4.585863195811207 5.881873763282282
23 4.289796929010958 3.959792761356859
24 4.451386782231852 5.008844348140123
25 4.010434649201107 2.146155103543693
26 4.590000000000000 6.320000000000000
27 5.340000000000000 3.080000000000000
28 5.192158755698578 3.718674175382140
29 5.263655226854114 3.409809419990226
30 5.046604022710268 4.347470621891643
31 5.234657439654137 3.535079860694128
32 5.035839767019135 4.393972206477338
33 4.721806108897742 5.750597609561753
34 5.262968520881339 3.412775989792614
35 4.878854711665612 5.072147645604554
36 4.821033953381265 5.321933321392933
37 4.752712658030279 5.617081317309193
38 4.873668326942008 5.094552827610526
39 5.266615360575045 3.397021642315806
40 4.705711788457751 5.820125073862517
41 4.999177820267686 4.552351816443595
42 5.212971119662330 3.628764763058733
43 9.160000000000000 3.650000000000000
44 3.960000000000000 3.740000000000000
45 4.872333807323142 3.724209607180946
46 4.245834569200592 3.735052863225375
47 8.827973987495920 3.655746604062570
48 4.944666640282359 3.722957692764344
49 8.775190687848843 3.656660161171847
50 5.329027270635432 3.716305297239002
51 6.944512900837099 3.688344969023973
52 5.637624117310753 3.710964197969622
53 5.558013508144617 3.712342073897497
54 4.641582275615388 3.728203383691272
55 5.551600981558597 3.712453059934563
56 8.772241459102183 3.656711205515539
57 5.970832497492478 3.705197129851092
58 7.115616776706408 3.685383555787774
59 6.872702872922824 3.689587834891721
60 8.909305787964579 3.654338938285228
61 4.564654371765954 3.729534828180974
62 6.016716417910448 3.704402985074627
63 5.284598460659240 3.717074257411667
64 5.130000000000000 3.410000000000000
65 1.530000000000000 7.800000000000000
66 2.799022019707751 6.252498148189715
67 5.082751409938032 3.467617030658900
68 4.932829536712261 3.650438426064771
69 4.490336526926953 4.190034068552967
70 3.734721938096373 5.111464081043590
71 4.471343334469825 4.213195211577074
72 3.979044229853625 4.813526619706273
73 2.897261868592609 6.132700110244013
74 2.070783234171033 7.140544889441435
75 3.957898323770389 4.839312877402220
76 2.018023426602497 7.204882543670845
77 2.453741007194245 6.673549160671463
78 5.082506914507170 3.467915179253757
79 3.333570441075700 5.600646045466021
80 1.340000000000000 9.410000000000000
81 2.041938384475074 7.890919603063485
82 3.878769685039371 3.915792322834645
83 3.860800433225947 3.954679978476673
84 3.524333740944738 4.682834995741732
85 2.618362313751066 6.643467817187579
86 2.844007559165215 6.155143946386731
87 2.444993415667153 7.018659287468413
88 1.997845891330795 7.986341143570379
89 3.509745628064842 4.714405453768073
90 2.465468452693949 6.974348806574547
91 3.585994722611330 4.549393100302961
92 2.698843212237094 6.469297323135756
93 3.141657437504632 5.510993255476617
94 9.300000000000001 2.120000000000000
95 3.980000000000000 3.820000000000000
96 4.911899606497154 3.522212531758428
97 7.430638611489847 2.717352323396101
98 5.182868069885816 3.435624864886111
99 7.273695685593021 2.767503258363132
100 5.745267361881519 3.255910805413801
101 4.688871787080281 3.593480819917955
102 5.260945317907644 3.410675368337783
103 6.066501459273017 3.153260811886442
104 6.849934137538795 2.902915783117303
105 5.290218394050644 3.401321189871035
106 4.750611328606236 3.573752019054398
107 7.058463414634145 2.836280487804879
108 5.082365189989571 3.467740446807844
109 3.900000000000000 2.010000000000000
110 3.320000000000000 3.280000000000000
111 3.420166024364852 3.060670946649376
112 8.000000000000000 6.290000000000000
113 0.780000000000000 8.230000000000000
114 6.832577058372031 6.603684280714440
115 5.803488099374565 6.880198488533704
116 4.066952981559831 7.346802107447913
117 3.298969586212161 7.553157756613353
118 7.610940561724363 6.394539516655780
119 5.634982634314595 6.925475580253419
120 2.757393414618714 7.698678223772811
121 4.093056273857900 7.339788203423224
122 5.401790113891687 6.988133958317192
123 1.829492817679559 7.948003314917127
124 4.389015256317830 7.260264598717924
125 3.205847814048163 7.578179396225286
126 7.483951593103825 6.428661206285122
127 0.150000000000000 2.220000000000000
128 4.510000000000000 1.060000000000000
129 4.014458791505754 1.191841238957185
130 2.655890727796053 1.553295127467105
131 9.449999999999999 6.090000000000000
132 9.373862492060296 4.074893956529149
133 9.362876895170951 3.784141825524487
134 9.348879937180026 3.413689004031361
135 9.376537342633277 4.145688335027419
136 9.349405157997674 3.427589848338434
137 7.880000000000000 6.740000000000000
138 8.818412516627426 3.686855051536126
139 8.233624753983026 5.589474391970718
140 8.661818048386703 4.196338462291151
141 8.835927051294771 3.629871142970533
142 8.714455042205067 4.025082890853938
143 8.813185130756352 3.703862461905392
144 9.170000000000000 7.030000000000000
145 5.380000000000000 6.390000000000000
146 4.767596303383658 2.638147467856205
147 5.055387178229846 4.401280068925377
148 4.574951882731924 1.457923603403626
149 5.340670486697259 6.149050223099296
150 5.118000167771160 4.784874591057797
151 4.849048049996584 3.137156444231951
152 4.818754314890478 2.951563791225573
153 5.178970605106170 5.158406120937800
154 5.180906512108424 5.170266332802186
155 5.218403969429624 5.399992134551605
156 5.182602687420522 5.180657843622274
157 4.879968687219575 3.326589773425677
158 5.241889426136156 5.543874300351394
159 4.899898541968995 3.448688768614653
160 5.070363336085880 4.493030553261766
161 4.857820201108004 3.190898473454785
162 4.500000000000000 0.670000000000000
163 9.510000000000000 4.170000000000000
164 5.557929619678555 1.409072588597793
165 7.319403221952538 2.639642969427921
166 9.142851171109051 3.913508802171992
167 6.292431679859979 1.922197780341302
168 8.774126540425476 3.655916744808216
169 6.281240830860535 1.914379821958457
170 5.091952471171933 1.083539650519314
171 6.586751325961763 2.127810307558118
172 8.830205106481303 3.695093387761389
173 7.305817589576547 2.630152008686210
174 1.560000000000000 6.110000000000000
175 3.844223562351927 3.948482662071936
176 3.174453460154652 4.582273378613986
177 3.142877297746983 4.612153300892318
178 8.070000000000000 8.980000000000000
179 5.838089705785308 4.693895922116984
180 4.163660049538405 1.478363561174455
181 6.280995265534623 5.544440556764381
182 6.301619890295614 5.584047564502115
183 5.456197225674268 3.960519262418971
184 4.920881173792631 2.932511855995216
185 5.062685251031147 3.204828819310400
186 6.238560864370367 5.462950606050821
187 7.451824254989424 7.792870934640112
188 5.923238366713800 4.857413256921117
189 5.809105774862364 4.638235914255595
190 6.012911889267637 5.029620021544409
191 6.245882670457968 5.477011217272914
192 5.151882990157497 3.376121901473414
193 6.060951923076923 5.121874887407674
194 5.101656744442380 3.279668689561478
195 5.532815024805103 4.107654145995748
196 5.409823689794787 3.871464697029801
197 0.050000000000000 2.530000000000000
198 8.770000000000000 5.790000000000000
199 3.948214567337622 3.987360033201909
200 6.496989463488614 4.940227712267532
201 7.046938396997128 5.145827886950761
202 6.916087279586180 5.096908776542540
203 5.246118702834998 4.472585661839689
204 4.480733415361645 4.186443914458597
205 6.867558561414632 5.078766159427948
206 6.542393789313103 4.957202265270725
207 6.088816515279007 4.787630944932289
208 5.801809069760763 4.680332289841753
209 6.334769353944694 4.879581203424278
210 7.693588242972762 5.387580008267340
211 1.009019307860643 2.888532447663497
212 6.448614314799934 4.922142507597224
213 4.161643795495296 4.067151235471865
214 5.141728942368587 4.433559214692844
215 6.180818984449414 4.822026363452419
216 3.490000000000000 6.400000000000000
217 3.801024520136499 4.762360689893537
218 3.596755203463022 5.837901173602866
219 3.795030872833772 4.793919077732386
220 3.889810408404648 4.294875808808182
221 3.623123561013047 5.699063699155794
222 3.616695597941895 5.732908892469207
223 8.960000000000001 1.240000000000000
224 0.710000000000000 1.650000000000000
225 4.671531110888957 1.453123908428549
226 7.330000000000000 2.610000000000000
227 6.257580009415587 5.609941383352872
228 6.573675329566854 4.725709981167609
229 6.561179986463879 4.760663914517344
230 6.303458360759924 5.481603263953515
231 6.507635306185829 4.910447491506601
232 5.765096204750788 6.987594317106828
233 6.633619100022194 4.558025865576681
234 5.086023235994743 8.887203723098407
235 6.555443656668703 4.776710475838650
236 7.032781959107685 3.441424916152511
237 6.299734381614757 5.492020562443303
238 6.939705465521244 3.701793081030881
239 5.061231501574508 8.956555050661619
240 5.341726433130684 8.171910638599188
241 6.515835491964467 4.887508645826270
242 6.429597792881619 5.128746262203401
243 9.539999999999999 3.680000000000000
244 5.220000000000000 6.220000000000000
245 6.991357722182745 5.178507265198109
246 6.973650941203811 5.188918196607018
247 6.419251875564770 5.514884313904046
248 6.793431108662018 5.294880783332980
249 5.570671523816070 6.013818131830366
250 7.517549937677778 4.869125731087602
251 6.407196997040352 5.521972135999422
252 8.896642600368546 4.058270322931456
253 6.638320040981487 5.386080346274773
254 7.620000000000000 5.860000000000000
255 5.360000000000000 3.410000000000000
256 5.582911889429873 3.651652269514686
257 6.479075924039314 4.623157528272708
258 5.917283337472064 4.014134591507325
259 6.601091486576389 4.755431036332811
260 5.364471248073960 3.414847149460709
261 6.656210710467489 4.815184177276703
262 5.798961538461539 3.885865384615385
263 6.400000000000000 1.660000000000000
264 4.000000000000000 7.510000000000000
265 5.556066055045871 3.717088990825688
266 4.987351216696540 5.103331409302184
267 4.913688442211055 5.282884422110554
268 4.472504650769491 6.358269913749367
269 4.078888447796745 7.317709408495435
270 6.270707070707071 1.975151515151515
271 4.782226460071514 5.603323003575685
272 4.978917910447761 5.123887593283582
273 5.658117731686848 3.468338029013308
274 4.183238095238096 7.063357142857142
275 4.689950506358029 5.828245640752304
276 5.324675324675325 4.281103896103896
277 5.464883069465865 3.939347518176954
278 5.350000000000000 1.710000000000000
279 3.100000000000000 8.119999999999999
280 4.888701665757612 3.024187698886092
281 4.234814557603514 4.887039415893991
282 3.953879396939036 5.687392473609235
283 3.621044287871162 6.635602717664821
284 5.086052122084478 2.461958176639332
285 3.628165823743806 6.615314253245423
286 4.225396966372777 4.913869086911332
287 4.788408727095886 3.309911137473497
288 3.650002013470115 6.553105374958472
289 3.252170502407647 7.686483146474216
290 3.731013973693952 6.322311301609673
291 4.672964182962931 3.638799816536713
292 4.084840132304300 5.314299889746417
293 4.838531385351088 3.167117253288679
294 3.892651907216999 5.861822788772905
295 3.700000000000000 1.790000000000000
296 6.443273931707743 4.638246148482274
297 5.905826295004468 4.080232913435761
298 6.570068719321731 4.769892777459042
299 5.243790186125212 3.392863790186125
300 6.627792823108191 4.829825711747535
301 5.119981424371020 3.264317448262768
302 5.754393457519310 3.923005452067242
303 0.070000000000000 3.690000000000000
304 7.103107082303660 5.711436075311119
305 5.196852878683392 5.163545794270591
306 5.693318642128991 5.306238603101975
307 5.523947351032760 5.257558377714052
308 5.699609404890264 5.308046676637335
309 3.451644714923484 4.661942918064101
310 4.504528264723263 4.964559779397282
311 6.841145012273816 5.636143665779362
312 9.310000000000000 8.680000000000000
313 5.920000000000000 4.120000000000000
314 6.338196979350148 4.682530450099314
315 6.446104621262215 4.827680552494306
316 7.107324464878959 5.717109014704439
317 6.497575977006371 4.896916358451048
318 4.660000000000000 6.460000000000000
319 5.429643282752045 6.827442599507428
320 2.610000000000000 6.580000000000000
321 3.000000000000000 9.539999999999999
322 2.658628176887622 6.949075393813746
323 2.819961722818028 8.173555639849649
324 2.649467519189165 6.879548350769048
325 1.480000000000000 6.730000000000000
326 9.500000000000000 3.350000000000000
327 5.759126551402540 4.926577588062272
328 7.314485792618756 4.271077059968654
329 5.166740146679262 5.176236696287294
330 8.144518474689752 3.921262787474893
331 3.313027245206860 5.957477295660950
332 6.136590377156613 4.767496823592349
333 3.725392998340742 5.783687240100785
334 1.090000000000000 7.460000000000000
335 3.637702989808172 6.630176740462481
336 3.706968160694396 6.607616084802396
337 2.266841324765200 7.076685968505050
338 1.779493433395873 7.235422138836773
339 1.550000000000000 2.720000000000000
340 3.450000000000000 2.070000000000000
341 5.460000000000000 9.470000000000001
342 5.075468933177022 8.870756154747948
343 4.937513974920682 8.655770509140353
344 5.130873779803407 8.957097717764702
345 3.512418577186133 6.434936564447425
346 6.360000000000000 1.460000000000000
347 5.717386846984404 5.167383575089977
348 5.690546782683425 5.322230099903320
349 6.001059835999026 3.530808638467160
350 5.060597980217196 8.956550114131563
351 5.217248348614808 8.052797988760721
352 5.692357620435454 5.311782959026230
353 5.963246753246754 3.748961038961037
354 5.848307476749381 4.412072249522804
355 6.720000000000000 4.700000000000000
356 4.060000000000000 5.940000000000000
357 5.499463247455200 5.268972019983290
358 6.256932018028188 4.915866277310168
359 5.000000000000000 8.670000000000000
360 0.960000000000000 7.750000000000000
361 3.529616731646071 8.335160245820392
362 7.133153639710775 3.737031755977465
363 7.373713710326385 4.445510500534414
364 6.878289402904787 2.986425497579344
365 0.110000000000000 3.190000000000000
366 1.700000000000000 4.210000000000000
367 5.678563292558359 5.318890106878597
368 3.419158887575721 4.689157460219584
369 4.480151898734177 4.984873417721519
370 6.848247212850829 5.644899983311465
371 8.326788069272469 3.954465163372498
372 5.016055955042601 3.351379539549217
373 6.184853608247423 3.564288659793815
374 4.983119095134224 3.345379734666410
375 4.220000000000000 8.949999999999999
376 5.810000000000000 8.619999999999999
377 3.521578369927452 6.430217233292648
378 3.660000000000000 8.640000000000001
379 2.950000000000000 6.980000000000000
380 1.489165644171777 7.477361963190186
381 6.317016558989077 4.989944630029047
382 2.690000000000000 5.300000000000000
383 4.999342208538118 3.365381244168067
384 1.270000000000000 7.660000000000000
385 5.573736394811391 4.073553004323840
386 3.594789522918615 5.722675397567821
694
1 7
7 9
9 12
12 25
25 19
19 5
5 3
3 23
23 8
8 4
4 11
11 13
13 18
18 24
24 15
15 17
17 22
22 10
10 2
2 14
14 6
6 21
21 16
16 20
20 0
26 2
2 40
40 33
33 37
37 36
36 38
38 35
35 41
41 32
32 30
30 28
28 42
42 31
31 34
34 29
29 39
39 27
44 46
46 3
3 61
61 54
54 45
45 48
48 28
28 63
63 50
50 55
55 53
53 52
52 57
57 62
62 59
59 51
51 58
58 56
56 49
49 47
47 60
60 43
65 76
76 74
74 77
77 66
66 73
73 79
79 70
70 75
75 72
72 4
4 71
71 69
69 45
45 68
68 78
78 67
67 64
80 88
88 81
81 87
87 90
90 85
85 92
92 66
66 86
86 93
93 89
89 84
84 91
91 83
83 82
82 44
95 46
46 5
5 101
101 106
106 96
96 108
108 67
67 98
98 102
102 29
29 105
105 100
100 103
103 104
104 107
107 99
99 97
97 94
110 111
111 109
113 123
123 81
81 120
120 125
125 117
117 116
116 121
121 124
124 6
6 122
122 119
119 115
115 114
114 126
126 118
118 112
127 130
130 7
7 129
129 128
94 134
134 136
136 133
133 132
132 135
135 131
137 139
139 140
140 142
142 143
143 138
138 47
47 141
141 94
144 131
128 148
148 146
146 152
152 151
151 161
161 157
157 159
159 96
96 68
68 48
48 30
30 147
147 160
160 150
150 153
153 154
154 156
156 155
155 158
158 149
149 145
162 170
170 164
164 169
169 167
167 171
171 173
173 165
165 97
97 168
168 49
49 138
138 172
172 166
166 132
132 163
174 177
177 176
176 175
175 82
82 95
1 129
129 180
180 146
146 184
184 185
185 194
194 192
192 98
98 31
31 50
50 196
196 183
183 195
195 189
189 179
179 188
188 190
190 193
193 186
186 191
191 181
181 182
182 114
114 187
187 178
197 211
211 175
175 83
83 199
199 213
213 8
8 204
204 69
69 32
32 147
147 214
214 203
203 208
208 179
179 207
207 215
215 209
209 212
212 200
200 206
206 205
205 202
202 201
201 210
210 139
139 198
216 218
218 222
222 221
221 70
70 219
219 217
217 220
220 199
199 95
224 130
130 9
9 180
180 148
148 225
225 164
164 223
0 239
239 234
234 240
240 232
232 115
115 227
227 181
181 237
237 230
230 242
242 200
200 231
231 241
241 235
235 229
229 228
228 233
233 238
238 51
51 236
236 99
99 165
165 226
244 149
149 249
249 227
227 182
182 251
251 247
247 253
253 248
248 246
246 245
245 201
201 250
250 140
140 252
252 166
166 133
133 243
255 260
260 256
256 52
52 262
262 258
258 257
257 228
228 259
259 261
261 202
202 245
245 254
264 116
116 269
269 274
274 268
268 10
10 275
275 33
33 271
271 267
267 272
272 266
266 150
150 203
203 276
276 183
183 277
277 265
265 53
53 256
256 273
273 100
100 270
270 167
167 263
279 289
289 117
117 283
283 285
285 288
288 290
290 294
294 282
282 292
292 286
286 281
281 11
11 71
71 204
204 54
54 291
291 101
101 287
287 293
293 151
151 280
280 184
184 284
284 278
295 12
12 152
152 280
280 185
185 301
301 299
299 102
102 34
34 55
55 265
265 302
302 297
297 296
296 229
229 298
298 300
300 205
205 246
246 254
303 176
176 309
309 84
84 217
217 72
72 281
281 13
13 310
310 35
35 266
266 153
153 305
305 307
307 306
306 308
308 186
186 230
230 247
247 311
311 304
304 254
313 314
314 315
315 317
317 231
231 206
206 248
248 304
304 316
316 118
118 312
318 14
14 319
319 119
119 232
232 187
187 312
320 85
85 324
324 322
322 120
120 323
323 321
325 86
86 73
73 331
331 218
218 333
333 282
282 15
15 36
36 267
267 329
329 154
154 305
305 327
327 188
188 207
207 332
332 314
314 296
296 257
257 233
233 328
328 330
330 56
56 168
168 141
141 134
134 326
334 338
338 74
74 337
337 87
87 322
322 283
283 335
335 336
336 268
268 26
339 340
128 225
225 284
284 27
216 345
345 285
285 335
335 269
269 121
121 343
343 16
16 342
342 234
234 344
344 341
0 350
350 342
342 351
351 122
122 319
319 249
249 348
348 352
352 306
306 347
347 327
327 208
208 189
189 354
354 297
297 258
258 353
353 57
57 349
349 103
103 270
270 169
169 346
356 17
17 37
37 271
271 155
155 357
357 307
307 347
347 190
190 358
358 209
209 315
315 235
235 298
298 259
259 355
360 123
123 88
88 323
323 361
361 343
343 359
128 170
170 223
346 171
171 104
104 364
364 236
236 58
58 362
362 328
328 363
363 250
250 210
210 112
365 211
211 340
366 177
177 368
368 89
89 219
219 75
75 286
286 18
18 369
369 38
38 272
272 329
329 156
156 357
357 367
367 348
348 191
191 237
237 251
251 370
370 316
316 254
339 111
111 19
19 287
287 157
157 374
374 372
372 192
192 299
299 39
39 105
105 260
260 273
273 349
349 373
373 59
59 238
238 362
362 330
330 371
371 142
142 252
252 135
135 163
375 20
20 350
350 239
239 344
344 178
216 377
377 288
288 336
336 274
274 124
124 21
21 351
351 240
240 376
379 125
125 289
289 361
361 378
360 380
380 76
76 337
337 90
90 324
324 345
345 377
377 290
290 22
22 275
275 40
40 158
158 367
367 352
352 308
308 193
193 381
381 212
212 317
317 241
241 300
300 261
261 363
363 371
371 143
143 172
172 60
60 136
136 326
382 368
368 309
309 91
91 220
220 213
213 23
23 61
61 291
291 106
106 159
159 383
383 372
372 194
194 301
301 27
384 380
380 338
338 77
77 92
92 331
331 386
386 221
221 292
292 24
24 369
369 310
310 41
41 160
160 214
214 276
276 195
195 385
385 302
302 262
262 353
353 62
62 373
373 364
364 107
107 173
173 226
109 25
25 293
293 161
161 374
374 383
383 108
108 78
78 42
42 63
63 196
196 277
277 385
385 354
354 332
332 215
215 358
358 381
381 242
242 253
253 311
311 370
370 126
126 312
382 93
93 79
79 386
386 222
222 333
333 294
294 356
573
0 1.100000000000000 3.500000000000000
1 1.100000000000000 6.500000000000000
2 1.100000000000000 4.200000000000000
3 1.100000000000000 7.700000000000000
4 1.100000000000000 6.800000000000000
5 1.100000000000000 5.900000000000000
6 1.200000000000000 7.400000000000000
7 1.200000000000000 3.900000000000000
8 1.200000000000000 5.600000000000000
9 1.200000000000000 3.500000000000000
10 1.200000000000000 7.800000000000000
11 1.200000000000000 7.200000000000000
12 1.300000000000000 4.100000000000000
13 1.400000000000000 7.300000000000000
14 1.400000000000000 2.800000000000000
15 1.400000000000000 5.900000000000000
16 1.400000000000000 3.600000000000000
17 1.400000000000000 4.500000000000000
18 1.400000000000000 6.700000000000000
19 1.500000000000000 4.300000000000000
20 1.500000000000000 7.600000000000000
21 1.500000000000000 3.300000000000000
22 1.500000000000000 4.100000000000000
23 1.600000000000000 3.300000000000000
24 1.600000000000000 2.800000000000000
25 1.600000000000000 3.800000000000000
26 1.600000000000000 5.200000000000000
27 1.700000000000000 2.900000000000000
28 1.700000000000000 6.400000000000000
29 1.700000000000000 6.600000000000000
30 1.800000000000000 6.800000000000000
31 1.800000000000000 6.400000000000000
32 1.800000000000000 7.100000000000000
33 1.800000000000000 5.100000000000000
34 1.800000000000000 3.400000000000000
35 1.900000000000000 3.800000000000000
36 1.900000000000000 4.500000000000000
37 1.900000000000000 6.900000000000000
38 2.000000000000000 7.300000000000000
39 2.000000000000000 7.200000000000000
40 2.000000000000000 4.000000000000000
41 2.000000000000000 3.100000000000000
42 2.100000000000000 5.300000000000000
43 2.100000000000000 2.600000000000000
44 2.200000000000000 3.200000000000000
45 2.200000000000000 3.300000000000000
46 2.200000000000000 2.700000000000000
47 2.200000000000000 4.600000000000000
48 2.200000000000000 2.600000000000000
49 2.300000000000000 4.000000000000000
50 2.300000000000000 5.500000000000000
51 2.300000000000000 3.600000000000000
52 2.300000000000000 3.400000000000000
53 2.300000000000000 3.200000000000000
54 2.400000000000000 7.600000000000000
55 2.400000000000000 7.500000000000000
56 2.400000000000000 7.700000000000000
57 2.400000000000000 4.300000000000000
58 2.500000000000000 5.000000000000000
59 2.500000000000000 2.900000000000000
60 2.500000000000000 7.300000000000000
61 2.500000000000000 4.200000000000000
62 2.500000000000000 5.900000000000000
63 2.500000000000000 2.600000000000000
64 2.600000000000000 7.100000000000000
65 2.600000000000000 4.700000000000000
66 2.600000000000000 4.600000000000000
67 2.600000000000000 5.000000000000000
68 2.600000000000000 3.700000000000000
69 2.700000000000000 4.400000000000000
70 2.700000000000000 2.900000000000000
71 2.700000000000000 4.300000000000000
72 2.700000000000000 5.900000000000000
73 2.700000000000000 6.900000000000000
74 2.700000000000000 8.100000000000000
75 2.700000000000000 5.600000000000000
76 2.800000000000000 2.000000000000000
77 2.800000000000000 2.300000000000000
78 2.800000000000000 7.800000000000000
79 2.800000000000000 7.900000000000000
80 2.800000000000000 7.000000000000000
81 2.800000000000000 7.300000000000000
82 2.800000000000000 7.200000000000000
83 2.800000000000000 6.200000000000000
84 2.900000000000000 5.800000000000000
85 2.900000000000000 6.900000000000000
86 2.900000000000000 6.000000000000000
87 2.900000000000000 6.100000000000000
88 2.900000000000000 3.300000000000000
89 2.900000000000000 3.200000000000000
90 2.900000000000000 7.700000000000000
91 3.000000000000000 7.900000000000000
92 3.000000000000000 3.600000000000000
93 3.000000000000000 3.800000000000000
94 3.000000000000000 3.400000000000000
95 3.000000000000000 4.800000000000000
96 3.000000000000000 2.100000000000000
97 3.000000000000000 7.800000000000000
98 3.000000000000000 3.000000000000000
99 3.000000000000000 2.000000000000000
100 3.000000000000000 7.400000000000000
101 3.100000000000000 4.200000000000000
102 3.100000000000000 7.800000000000000
103 3.100000000000000 4.100000000000000
104 3.100000000000000 3.200000000000000
105 3.100000000000000 8.199999999999999
106 3.100000000000000 6.000000000000000
107 3.100000000000000 5.100000000000000
108 3.200000000000000 7.500000000000000
109 3.200000000000000 6.200000000000000
110 3.200000000000000 5.300000000000000
111 3.200000000000000 6.700000000000000
112 3.200000000000000 7.200000000000000
113 3.300000000000000 4.400000000000000
114 3.300000000000000 8.100000000000000
115 3.300000000000000 7.200000000000000
116 3.300000000000000 5.600000000000000
117 3.300000000000000 3.200000000000000
118 3.400000000000000 3.200000000000000
119 3.400000000000000 5.200000000000000
120 3.400000000000000 2.700000000000000
121 3.400000000000000 2.300000000000000
122 3.400000000000000 2.500000000000000
123 3.400000000000000 3.800000000000000
124 3.500000000000000 6.800000000000000
125 3.500000000000000 5.800000000000000
126 3.500000000000000 6.400000000000000
127 3.500000000000000 2.300000000000000
128 3.500000000000000 2.700000000000000
129 3.500000000000000 1.600000000000000
130 3.500000000000000 2.500000000000000
131 3.500000000000000 5.400000000000000
132 3.500000000000000 7.000000000000000
133 3.600000000000000 2.400000000000000
134 3.600000000000000 5.500000000000000
135 3.600000000000000 4.600000000000000
136 3.600000000000000 4.900000000000000
137 3.600000000000000 4.200000000000000
138 3.600000000000000 2.500000000000000
139 3.600000000000000 2.500000000000000
140 3.600000000000000 2.000000000000000
141 3.600000000000000 4.800000000000000
142 3.600000000000000 8.199999999999999
143 3.700000000000000 8.199999999999999
144 3.700000000000000 3.600000000000000
145 3.700000000000000 3.900000000000000
146 3.700000000000000 7.000000000000000
147 3.800000000000000 7.200000000000000
148 3.800000000000000 4.800000000000000
149 3.800000000000000 4.900000000000000
150 3.800000000000000 2.300000000000000
151 3.800000000000000 1.700000000000000
152 3.800000000000000 7.200000000000000
153 3.800000000000000 4.400000000000000
154 3.800000000000000 2.300000000000000
155 3.800000000000000 4.700000000000000
156 3.800000000000000 5.200000000000000
157 3.900000000000000 7.400000000000000
158 3.900000000000000 4.600000000000000
159 3.900000000000000 6.500000000000000
160 3.900000000000000 8.199999999999999
161 4.000000000000000 4.200000000000000
162 4.000000000000000 2.800000000000000
163 4.000000000000000 6.100000000000000
164 4.000000000000000 1.600000000000000
165 4.000000000000000 3.400000000000000
166 4.000000000000000 1.800000000000000
167 4.000000000000000 7.100000000000000
168 4.000000000000000 7.700000000000000
169 4.100000000000000 8.199999999999999
170 4.100000000000000 4.900000000000000
171 4.100000000000000 7.800000000000000
172 4.100000000000000 7.000000000000000
173 4.100000000000000 6.800000000000000
174 4.100000000000000 5.000000000000000
175 4.100000000000000 3.200000000000000
176 4.100000000000000 6.300000000000000
177 4.100000000000000 6.500000000000000
178 4.100000000000000 1.200000000000000
179 4.200000000000000 4.600000000000000
180 4.200000000000000 4.600000000000000
181 4.200000000000000 4.500000000000000
182 4.200000000000000 6.200000000000000
183 4.200000000000000 8.000000000000000
184 4.300000000000000 7.700000000000000
185 4.300000000000000 7.400000000000000
186 4.300000000000000 7.900000000000000
187 4.300000000000000 7.700000000000000
188 4.300000000000000 3.400000000000000
189 4.300000000000000 8.300000000000001
190 4.300000000000000 1.900000000000000
191 4.400000000000000 3.800000000000000
192 4.400000000000000 6.800000000000000
193 4.400000000000000 7.500000000000000
194 4.400000000000000 5.600000000000000
195 4.400000000000000 2.400000000000000
196 4.400000000000000 7.400000000000000
197 4.400000000000000 6.900000000000000
198 4.400000000000000 6.100000000000000
199 4.500000000000000 1.400000000000000
200 4.500000000000000 7.200000000000000
201 4.500000000000000 7.600000000000000
202 4.500000000000000 8.199999999999999
203 4.500000000000000 4.500000000000000
204 4.500000000000000 6.200000000000000
205 4.500000000000000 5.400000000000000
206 4.500000000000000 4.100000000000000
207 4.500000000000000 2.200000000000000
208 4.500000000000000 7.400000000000000
209 4.500000000000000 4.800000000000000
210 4.500000000000000 7.300000000000000
211 4.500000000000000 2.500000000000000
212 4.600000000000000 2.200000000000000
213 4.600000000000000 4.200000000000000
214 4.600000000000000 5.500000000000000
215 4.600000000000000 3.600000000000000
216 4.600000000000000 6.200000000000000
217 4.600000000000000 3.400000000000000
218 4.600000000000000 2.600000000000000
219 4.600000000000000 5.600000000000000
220 4.600000000000000 6.100000000000000
221 4.700000000000000 8.500000000000000
222 4.700000000000000 1.500000000000000
223 4.700000000000000 1.700000000000000
224 4.700000000000000 7.400000000000000
225 4.700000000000000 7.700000000000000
226 4.700000000000000 6.100000000000000
227 4.700000000000000 5.900000000000000
228 4.700000000000000 1.500000000000000
229 4.700000000000000 3.600000000000000
230 4.700000000000000 4.500000000000000
231 4.700000000000000 3.600000000000000
232 4.700000000000000 7.500000000000000
233 4.700000000000000 7.000000000000000
234 4.800000000000000 3.300000000000000
235 4.800000000000000 4.800000000000000
236 4.800000000000000 5.100000000000000
237 4.800000000000000 3.000000000000000
238 4.800000000000000 2.800000000000000
239 4.800000000000000 1.900000000000000
240 4.900000000000000 8.100000000000000
241 4.900000000000000 1.700000000000000
242 4.900000000000000 4.000000000000000
243 4.900000000000000 2.600000000000000
244 4.900000000000000 1.200000000000000
245 4.900000000000000 1.300000000000000
246 4.900000000000000 7.000000000000000
247 4.900000000000000 6.700000000000000
248 5.000000000000000 7.100000000000000
249 5.000000000000000 5.100000000000000
250 5.000000000000000 1.300000000000000
251 5.000000000000000 6.800000000000000
252 5.000000000000000 8.500000000000000
253 5.000000000000000 7.400000000000000
254 5.000000000000000 7.100000000000000
255 5.000000000000000 3.600000000000000
256 5.000000000000000 2.000000000000000
257 5.000000000000000 7.600000000000000
258 5.000000000000000 6.200000000000000
259 5.000000000000000 8.000000000000000
260 5.000000000000000 8.600000000000000
261 5.100000000000000 1.400000000000000
262 5.100000000000000 4.600000000000000
263 5.100000000000000 2.300000000000000
264 5.200000000000000 6.300000000000000
265 5.200000000000000 1.600000000000000
266 5.200000000000000 7.200000000000000
267 5.200000000000000 8.400000000000000
268 5.200000000000000 8.800000000000001
269 5.300000000000000 2.200000000000000
270 5.300000000000000 1.200000000000000
271 5.300000000000000 2.400000000000000
272 5.300000000000000 6.800000000000000
273 5.400000000000000 4.000000000000000
274 5.400000000000000 6.900000000000000
275 5.400000000000000 7.000000000000000
276 5.400000000000000 8.400000000000000
277 5.400000000000000 1.800000000000000
278 5.400000000000000 1.700000000000000
279 5.400000000000000 7.700000000000000
280 5.400000000000000 5.300000000000000
281 5.400000000000000 6.400000000000000
282 5.500000000000000 1.400000000000000
283 5.500000000000000 2.800000000000000
284 5.500000000000000 2.300000000000000
285 5.500000000000000 3.300000000000000
286 5.500000000000000 2.400000000000000
287 5.500000000000000 7.600000000000000
288 5.500000000000000 6.400000000000000
289 5.500000000000000 8.500000000000000
290 5.500000000000000 6.600000000000000
291 5.600000000000000 8.699999999999999
292 5.600000000000000 4.000000000000000
293 5.600000000000000 2.100000000000000
294 5.600000000000000 2.400000000000000
295 5.600000000000000 6.800000000000000
296 5.600000000000000 7.400000000000000
297 5.600000000000000 5.600000000000000
298 5.600000000000000 1.400000000000000
299 5.600000000000000 4.000000000000000
300 5.700000000000000 4.100000000000000
301 5.700000000000000 8.900000000000000
302 5.700000000000000 6.000000000000000
303 5.700000000000000 6.700000000000000
304 5.700000000000000 2.000000000000000
305 5.700000000000000 7.200000000000000
306 5.800000000000000 6.700000000000000
307 5.800000000000000 5.800000000000000
308 5.800000000000000 4.800000000000000
309 5.800000000000000 6.900000000000000
310 5.800000000000000 5.500000000000000
311 5.800000000000000 3.800000000000000
312 5.800000000000000 4.700000000000000
313 5.800000000000000 2.500000000000000
314 5.900000000000000 1.200000000000000
315 5.900000000000000 7.300000000000000
316 5.900000000000000 1.600000000000000
317 5.900000000000000 3.000000000000000
318 5.900000000000000 7.400000000000000
319 5.900000000000000 6.900000000000000
320 5.900000000000000 7.100000000000000
321 5.900000000000000 6.900000000000000
322 6.000000000000000 2.900000000000000
323 6.000000000000000 7.400000000000000
324 6.000000000000000 2.500000000000000
325 6.000000000000000 3.900000000000000
326 6.000000000000000 5.600000000000000
327 6.000000000000000 4.500000000000000
328 6.000000000000000 7.500000000000000
329 6.100000000000000 5.600000000000000
330 6.100000000000000 4.200000000000000
331 6.100000000000000 4.700000000000000
332 6.100000000000000 6.500000000000000
333 6.100000000000000 7.400000000000000
334 6.100000000000000 5.400000000000000
335 6.100000000000000 5.400000000000000
336 6.100000000000000 5.600000000000000
337 6.100000000000000 5.000000000000000
338 6.200000000000000 4.400000000000000
339 6.200000000000000 7.600000000000000
340 6.200000000000000 1.200000000000000
341 6.200000000000000 8.300000000000001
342 6.200000000000000 8.500000000000000
343 6.200000000000000 6.900000000000000
344 6.200000000000000 2.400000000000000
345 6.200000000000000 1.400000000000000
346 6.300000000000000 6.000000000000000
347 6.300000000000000 6.400000000000000
348 6.300000000000000 5.700000000000000
349 6.300000000000000 7.600000000000000
350 6.300000000000000 6.400000000000000
351 6.300000000000000 2.600000000000000
352 6.300000000000000 5.900000000000000
353 6.300000000000000 8.600000000000000
354 6.300000000000000 4.200000000000000
355 6.300000000000000 8.699999999999999
356 6.300000000000000 8.600000000000000
357 6.400000000000000 6.000000000000000
358 6.400000000000000 7.100000000000000
359 6.400000000000000 8.199999999999999
360 6.400000000000000 1.700000000000000
361 6.400000000000000 5.000000000000000
362 6.500000000000000 8.699999999999999
363 6.500000000000000 8.300000000000001
364 6.500000000000000 2.000000000000000
365 6.500000000000000 5.800000000000000
366 6.500000000000000 8.800000000000001
367 6.500000000000000 1.600000000000000
368 6.500000000000000 4.700000000000000
369 6.500000000000000 7.500000000000000
370 6.500000000000000 5.600000000000000
371 6.500000000000000 1.800000000000000
372 6.600000000000000 1.700000000000000
373 6.600000000000000 6.800000000000000
374 6.600000000000000 7.300000000000000
375 6.600000000000000 3.700000000000000
376 6.600000000000000 7.700000000000000
377 6.600000000000000 4.500000000000000
378 6.600000000000000 6.000000000000000
379 6.700000000000000 7.900000000000000
380 6.700000000000000 8.500000000000000
381 6.700000000000000 6.200000000000000
382 6.700000000000000 7.400000000000000
383 6.700000000000000 4.900000000000000
384 6.700000000000000 8.900000000000000
385 6.700000000000000 7.100000000000000
386 6.700000000000000 4.400000000000000
387 6.800000000000000 2.800000000000000
388 6.800000000000000 7.700000000000000
389 6.800000000000000 2.700000000000000
390 6.800000000000000 6.400000000000000
391 6.800000000000000 1.300000000000000
392 6.800000000000000 1.500000000000000
393 6.900000000000000 2.100000000000000
394 6.900000000000000 6.800000000000000
395 6.900000000000000 5.100000000000000
396 6.900000000000000 6.900000000000000
397 6.900000000000000 5.000000000000000
398 6.900000000000000 5.500000000000000
399 6.900000000000000 3.100000000000000
400 6.900000000000000 7.700000000000000
401 7.000000000000000 6.000000000000000
402 7.000000000000000 8.400000000000000
403 7.000000000000000 3.100000000000000
404 7.000000000000000 1.900000000000000
405 7.000000000000000 3.900000000000000
406 7.000000000000000 6.900000000000000
407 7.000000000000000 7.300000000000000
408 7.100000000000000 2.900000000000000
409 7.100000000000000 3.400000000000000
410 7.100000000000000 7.900000000000000
411 7.100000000000000 5.000000000000000
412 7.100000000000000 3.700000000000000
413 7.100000000000000 8.800000000000001
414 7.100000000000000 4.900000000000000
415 7.200000000000000 6.200000000000000
416 7.200000000000000 7.600000000000000
417 7.200000000000000 4.100000000000000
418 7.200000000000000 3.200000000000000
419 7.200000000000000 3.600000000000000
420 7.200000000000000 4.900000000000000
421 7.200000000000000 7.700000000000000
422 7.200000000000000 4.400000000000000
423 7.200000000000000 5.400000000000000
424 7.200000000000000 1.400000000000000
425 7.300000000000000 3.500000000000000
426 7.300000000000000 7.500000000000000
427 7.300000000000000 8.800000000000001
428 7.300000000000000 7.200000000000000
429 7.300000000000000 7.300000000000000
430 7.300000000000000 5.400000000000000
431 7.300000000000000 5.400000000000000
432 7.300000000000000 8.900000000000000
433 7.400000000000000 8.900000000000000
434 7.400000000000000 6.500000000000000
435 7.400000000000000 5.000000000000000
436 7.400000000000000 5.500000000000000
437 7.400000000000000 2.500000000000000
438 7.400000000000000 6.600000000000000
439 7.400000000000000 1.500000000000000
440 7.400000000000000 3.000000000000000
441 7.400000000000000 3.500000000000000
442 7.400000000000000 4.600000000000000
443 7.500000000000000 6.800000000000000
444 7.500000000000000 5.700000000000000
445 7.500000000000000 3.900000000000000
446 7.500000000000000 1.300000000000000
447 7.500000000000000 5.600000000000000
448 7.500000000000000 5.500000000000000
449 7.500000000000000 6.600000000000000
450 7.500000000000000 6.000000000000000
451 7.500000000000000 4.400000000000000
452 7.600000000000000 8.500000000000000
453 7.600000000000000 5.600000000000000
454 7.600000000000000 7.000000000000000
455 7.600000000000000 7.000000000000000
456 7.600000000000000 1.500000000000000
457 7.600000000000000 2.300000000000000
458 7.600000000000000 7.800000000000000
459 7.700000000000000 6.700000000000000
460 7.700000000000000 6.300000000000000
461 7.700000000000000 2.000000000000000
462 7.700000000000000 6.600000000000000
463 7.700000000000000 2.800000000000000
464 7.800000000000000 4.600000000000000
465 7.800000000000000 3.600000000000000
466 7.800000000000000 1.700000000000000
467 7.800000000000000 2.700000000000000
468 7.800000000000000 7.800000000000000
469 7.800000000000000 1.300000000000000
470 7.800000000000000 4.200000000000000
471 7.800000000000000 6.300000000000000
472 7.800000000000000 4.100000000000000
473 7.800000000000000 4.800000000000000
474 7.800000000000000 8.400000000000000
475 7.800000000000000 6.500000000000000
476 7.900000000000000 2.700000000000000
477 7.900000000000000 6.800000000000000
478 7.900000000000000 8.199999999999999
479 7.900000000000000 4.600000000000000
480 7.900000000000000 4.000000000000000
481 7.900000000000000 1.300000000000000
482 8.000000000000000 8.800000000000001
483 8.000000000000000 4.800000000000000
484 8.000000000000000 1.600000000000000
485 8.000000000000000 2.300000000000000
486 8.000000000000000 6.400000000000000
487 8.100000000000000 4.700000000000000
488 8.100000000000000 6.700000000000000
489 8.100000000000000 2.300000000000000
490 8.100000000000000 1.700000000000000
491 8.199999999999999 4.500000000000000
492 8.199999999999999 4.600000000000000
493 8.199999999999999 2.000000000000000
494 8.199999999999999 5.400000000000000
495 8.199999999999999 1.300000000000000
496 8.199999999999999 4.100000000000000
497 8.300000000000001 5.200000000000000
498 8.300000000000001 7.000000000000000
499 8.300000000000001 2.900000000000000
500 8.300000000000001 4.000000000000000
501 8.300000000000001 7.000000000000000
502 8.300000000000001 2.400000000000000
503 8.300000000000001 4.000000000000000
504 8.300000000000001 3.900000000000000
505 8.300000000000001 6.900000000000000
506 8.400000000000000 1.400000000000000
507 8.400000000000000 5.000000000000000
508 8.500000000000000 6.400000000000000
509 8.500000000000000 8.000000000000000
510 8.500000000000000 3.400000000000000
511 8.500000000000000 6.700000000000000
512 8.500000000000000 7.800000000000000
513 8.500000000000000 3.700000000000000
514 8.500000000000000 7.300000000000000
515 8.600000000000000 6.000000000000000
516 8.600000000000000 7.000000000000000
517 8.600000000000000 2.100000000000000
518 8.600000000000000 5.500000000000000
519 8.600000000000000 1.500000000000000
520 8.600000000000000 2.400000000000000
521 8.600000000000000 3.100000000000000
522 8.600000000000000 7.800000000000000
523 8.600000000000000 7.000000000000000
524 8.699999999999999 6.100000000000000
525 8.699999999999999 2.100000000000000
526 8.699999999999999 2.100000000000000
527 8.699999999999999 1.500000000000000
528 8.699999999999999 6.400000000000000
529 8.699999999999999 8.300000000000001
530 8.699999999999999 3.900000000000000
531 8.699999999999999 5.200000000000000
532 8.699999999999999 5.000000000000000
533 8.800000000000001 8.000000000000000
534 8.800000000000001 3.200000000000000
535 8.800000000000001 3.500000000000000
536 8.800000000000001 6.100000000000000
537 8.800000000000001 6.400000000000000
538 8.800000000000001 3.800000000000000
539 8.800000000000001 2.400000000000000
540 8.800000000000001 2.400000000000000
541 8.800000000000001 8.000000000000000
542 8.800000000000001 2.300000000000000
543 8.800000000000001 5.900000000000000
544 8.800000000000001 4.600000000000000
545 8.800000000000001 5.200000000000000
546 8.900000000000000 2.100000000000000
547 8.900000000000000 6.200000000000000
548 8.900000000000000 4.000000000000000
549 8.900000000000000 4.000000000000000
550 8.900000000000000 5.400000000000000
551 9.000000000000000 5.900000000000000
552 9.000000000000000 6.200000000000000
553 9.000000000000000 6.400000000000000
554 9.000000000000000 6.100000000000000
555 9.000000000000000 5.700000000000000
556 9.000000000000000 5.100000000000000
557 9.100000000000000 5.500000000000000
558 9.100000000000000 3.600000000000000
559 9.100000000000000 2.200000000000000
560 9.100000000000000 4.700000000000000
561 9.199999999999999 5.200000000000000
562 9.199999999999999 2.900000000000000
563 9.199999999999999 5.500000000000000
564 9.300000000000001 2.400000000000000
565 9.300000000000001 7.100000000000000
566 9.300000000000001 4.800000000000000
567 9.300000000000001 3.800000000000000
568 9.300000000000001 4.000000000000000
569 9.300000000000001 7.800000000000000
570 9.300000000000001 8.300000000000001
571 9.300000000000001 4.200000000000000
572 9.500000000000000 3.700000000000000
