296
0 6.120000000000000 9.199999999999999
1 5.250000000000000 3.680000000000000
2 5.343140479394030 4.270960283051777
3 5.549212911108849 5.578454332552694
4 5.610094122649349 5.964735123016563
5 5.345878695772313 4.288333793865709
6 5.614092260477607 5.990102618202743
7 5.704694730644687 6.564959670297322
8 5.893488985431325 7.762826666184957
9 5.371622937807049 4.451676570913693
10 5.618590391313899 6.018642482819217
11 6.023187867387726 8.585743710322125
12 5.324710365853659 4.154024390243903
13 5.387340276989064 4.551400378137506
14 5.400861685387161 4.637191383146129
15 5.733839963684384 6.749881148894024
16 5.814863198963952 7.263959607219554
17 5.579392384553065 5.769937888198758
18 0.600000000000000 3.450000000000000
19 3.620000000000000 9.449999999999999
20 1.784859816530988 5.804026125558253
21 1.366847360912981 4.973537803138374
22 1.438983972978487 5.116855575453947
23 1.291508048937540 4.823857050869285
24 0.985831114079057 4.216551882276272
25 3.249211970439746 8.713335040608765
26 3.177649930770051 8.571158802854406
27 8.619999999999999 2.670000000000000
28 4.290000000000000 1.130000000000000
29 6.058263394763984 1.758897373657399
30 6.511701106635451 1.920166213445403
31 9.500000000000000 2.480000000000000
32 1.330000000000000 6.000000000000000
33 4.517892482148576 4.626513887740148
34 5.351825602577263 4.267218345034031
35 4.969051206730430 4.432134608605739
36 6.959441185154756 3.574585927571023
37 7.848868394923416 3.191381058735566
38 7.135777923536624 3.498612204302458
39 3.515312857489513 5.058469858217492
40 8.971692134038204 2.707618566485376
41 5.070441021004820 4.388451359371240
42 4.957448347606920 4.437133637261156
43 5.553092719958474 4.180503503763301
44 5.502714034025216 4.202208886197214
45 8.550641831238778 2.889025796088066
46 4.952739124333132 4.439162580458675
47 4.098540102250794 4.807189576508838
48 6.434032294985617 3.800955486126148
49 5.156491572952502 4.351376947760978
50 2.421497501401653 5.529734246642128
51 2.171652361018478 5.637378664530594
52 7.755871205344333 3.231448391332674
53 8.666130960496067 2.839267933788720
54 9.890000000000001 7.330000000000000
55 4.760000000000000 5.260000000000000
56 5.169913927772843 5.425403865592550
57 5.040359830346148 5.373127650841428
58 5.422487491065047 5.527319513938528
59 7.419147484556993 6.332989335873874
60 7.619644670050761 6.413891708967851
61 6.893335366619422 6.120819533899065
62 5.411309701374122 5.522809177747453
63 5.860098351171536 5.703899334683252
64 5.387355422423280 5.513143416065533
65 5.693611778573696 5.636720542231491
66 9.560000000000000 5.660000000000000
67 9.910000000000000 5.500000000000000
68 9.603319361371451 5.640196863373052
69 8.119999999999999 9.039999999999999
70 1.150000000000000 0.500000000000000
71 5.062650878725318 5.293979699327721
72 5.596892326341308 5.948559607884473
73 7.202620192471489 7.915979403688167
74 3.854768041893241 3.814019953768763
75 6.399454591320312 6.931899886639235
76 7.469680402696941 8.243195213634415
77 4.169181772583368 4.199255715618645
78 5.581312380303681 5.929470262237222
79 4.007634676663542 4.001319962511715
80 2.975618765383870 2.736841356725717
81 4.208012821297912 4.246833499839910
82 6.376851249720767 6.904205118022288
83 7.297136186114466 8.031785226602230
84 5.434290160227578 5.749331128887160
85 2.832780332296724 2.561828412885799
86 3.110888051699994 2.902580195339733
87 3.646953846072473 3.559395386722945
88 5.513670176454769 5.846591579185613
89 1.400000000000000 4.050000000000000
90 1.374219179451302 4.768180000999450
91 1.397672088794659 4.114848955005932
92 1.387526837158937 4.397466679143884
93 4.140000000000000 8.570000000000000
94 6.410000000000000 0.510000000000000
95 5.169217736208399 4.915596936634494
96 5.762749873040993 2.808165649026255
97 4.984774239453785 5.570493229075991
98 5.524674751533852 3.653489648738833
99 4.376818573226469 7.729137577002053
100 6.103071813321319 1.599797878691706
101 5.950688358556460 2.140859837019790
102 5.303880316735000 4.437455791681011
103 5.164488044733257 4.932390466718042
104 5.381839804979975 4.160648093331012
105 5.425339833944777 4.006194245993434
106 5.792231403875731 2.703486733375157
107 5.279623895766645 4.523582114590678
108 4.875943829952885 5.956913097171697
109 5.308227212957557 4.422021437692552
110 6.227926911540338 1.156479776645320
111 5.730114884376192 2.924041423756781
112 5.227493791185139 4.708678433060697
113 5.693512614255629 3.054003669206887
114 4.226033201093864 8.264525285983900
115 4.610260649919613 6.900263947862522
116 4.550000000000000 3.420000000000000
117 6.380000000000000 7.840000000000000
118 6.049031217808035 7.040610919514489
119 4.680278829279242 3.734662527548771
120 6.164069579721129 7.318463137905677
121 4.939592581734270 4.360983175554904
122 4.830166356685266 4.096685954398292
123 4.974262335730225 4.444721051326557
124 5.859777136723467 6.583505434053402
125 6.230684053900958 7.479357113793570
126 5.360347568368584 5.377232924693521
127 5.541321971584280 5.814340499673508
128 3.080000000000000 1.090000000000000
129 7.530000000000000 3.940000000000000
130 6.879311146479729 3.523266689318478
131 3.858806566426963 1.588786227936369
132 3.733037679688041 1.508237615081105
133 4.678266719430154 2.113609022556391
134 5.602806373382290 2.705729924525736
135 5.504154475381469 2.642548371873525
136 6.020515230126961 2.973251327159963
137 7.283643473434584 3.782221100963722
138 7.120000000000000 8.520000000000000
139 6.203407683647622 7.253859766394596
140 6.041429605501266 7.030110387260224
141 6.985573785730885 8.334309551475714
142 5.787369602117437 6.679163094450358
143 6.448230687658047 7.592047475324251
144 5.555384500187196 6.358709097716211
145 5.335274780883752 6.054659231220776
146 7.860000000000000 3.110000000000000
147 7.445198983911939 6.142531752751905
148 7.815785729186109 3.433242169058310
149 7.608911963612425 4.945657130887545
150 7.612145776753628 4.922015334814692
151 7.151322683706070 8.291005785338053
152 7.679844413385723 4.427083410247620
153 7.585200368862296 5.119008114128352
154 7.194081735113968 7.978402450045185
155 7.270000000000000 8.260000000000000
156 9.340000000000000 9.090000000000000
157 6.640000000000000 4.890000000000000
158 7.154996002035327 5.691104892054954
159 8.727571284803757 8.137333109694733
160 9.930000000000000 3.230000000000000
161 8.574244593589242 3.360330531448631
162 2.811710697524817 3.914290413602538
163 4.664421014810836 3.736186959889228
164 3.055156224963947 3.890887678256690
165 5.294835929140411 3.675584353822376
166 8.395968320503002 3.377468461569465
167 2.890885727326276 3.906679214958084
168 3.453101380254378 3.852632692636742
169 6.258993462503794 3.582898635492015
170 5.027310006636679 3.701301968881351
171 2.643114539620945 3.930497781654259
172 1.826176116947225 4.009031135299328
173 7.561931789649572 3.457645478603441
174 8.802166006393536 3.338420149443998
175 3.190000000000000 4.050000000000000
176 4.990000000000000 9.630000000000001
177 4.909150344097406 9.379366066701959
178 4.759632806218172 8.915861699276334
179 4.507767653758542 8.135079726651480
180 4.246354300385109 7.324698331193838
181 3.780000000000000 1.380000000000000
182 4.286282676118741 2.721320336730173
183 4.521132378530317 3.343519548314087
184 9.163401750736513 2.392781643664931
185 6.423510207397607 1.682828940496501
186 9.500000000000000 1.840000000000000
187 4.720000000000000 9.690000000000000
188 7.622042765994137 4.924092947059838
189 6.162827084499161 7.320503637381085
190 5.273066477420059 8.781721370764130
191 7.908535066995465 4.453598268637156
192 8.214105339629496 3.951772611696330
193 7.514477193838740 5.100743520578638
194 6.393197932250480 6.942174943898269
195 6.105564113088196 7.414544291267292
196 5.848944723618090 7.835979899497487
197 4.727135897247942 9.678281005565617
198 8.735820842753602 3.094980415143143
199 9.289999999999999 8.090000000000000
200 7.672334722506889 8.226140147115757
201 6.690000000000000 2.400000000000000
202 4.486426322418136 1.627613350125944
203 4.768932370449888 1.726636088611301
204 8.460000000000001 5.100000000000000
205 4.924269284006543 4.357766452749465
206 5.621929690066806 4.504221881502573
207 3.392259266157566 4.036161296330786
208 3.607790313101399 4.081406363437316
209 5.315964053782127 4.439992454038233
210 1.150852662640681 3.565637009332967
211 5.167925549569791 4.408915668802819
212 1.251018097966599 3.586664104534973
213 2.650062926280404 3.880356721165734
214 2.486379804803954 3.845995760550448
215 6.505563862402611 4.689717604702838
216 3.600000000000000 1.190000000000000
217 4.814359726071322 4.094853301573486
218 4.240388185122328 2.721863824123552
219 4.958969143484190 4.440771512291319
220 5.856524791809238 6.587802109903393
221 6.228834479128451 7.478399023814460
222 5.369313057618776 5.422349580275128
223 4.502220672793282 3.348189738876015
224 5.535850644357642 5.820721865100113
225 3.940000000000000 9.130000000000001
226 5.999182541861104 8.592015371946198
227 4.317954095445913 9.031255236324942
228 8.050000000000001 4.470000000000000
229 2.530000000000000 3.830000000000000
230 5.491318944844124 4.173341326938449
231 2.646091029182177 3.843459829470397
232 3.515019555120997 3.944205165811130
233 5.112382084442753 4.129406618486116
234 2.655032320102570 3.844496500881458
235 2.544395253061666 3.831669014847729
236 6.816561131616957 4.326992594970082
237 5.790000000000000 4.930000000000000
238 4.915212820954679 2.713872479751852
239 5.669296105601438 4.624216800856975
240 5.106679138469547 3.198920484122852
241 1.020000000000000 2.760000000000000
242 5.555323012537464 2.706292227483109
243 1.223884618879764 2.757585576881687
244 2.808252948116118 2.738823320351256
245 3.107555357564005 2.735278949713058
246 7.179435631459446 2.687059314890612
247 9.680000000000000 5.660000000000000
248 1.200000000000000 3.470000000000000
249 3.616324004604525 4.094027071943858
250 5.360998358723708 4.544597453491146
251 5.185902039060072 4.499378003011977
252 1.247602333617323 3.482293527195984
253 2.654862079405079 3.845724994563341
254 2.573042417946468 3.824594681049855
255 9.564540195268179 5.630181960806287
256 6.399940493680812 4.812909160514266
257 9.416312177593881 5.591901376053137
258 5.730000000000000 7.220000000000000
259 3.120000000000000 3.360000000000000
260 5.563913856737553 6.974370684676994
261 5.725097739130435 7.212749913043477
262 3.310932273844522 3.642374933731745
263 5.115420465195536 6.311081607530562
264 6.840000000000000 7.980000000000000
265 5.260000000000000 4.310000000000000
266 6.737486715691512 7.741883700372057
267 5.785191974420581 5.529907940584515
268 6.010000000000000 0.570000000000000
269 0.600000000000000 0.600000000000000
270 1.460000000000000 5.230000000000000
271 1.271606015500693 4.215739362521174
272 1.259216942247179 4.149040049540045
273 1.271191946421802 4.213510130154583
274 6.650000000000000 4.070000000000000
275 5.811124215229365 3.024959827446751
276 4.780000000000000 8.010000000000000
277 5.870000000000000 6.570000000000000
278 5.654061393702254 6.855276690888765
279 4.880000000000000 2.960000000000000
280 4.935860347886647 3.241103686139254
281 5.464917082748356 5.903453706733663
282 1.269341304762790 4.146539867751930
283 1.271551674959592 4.214078957098638
284 2.330000000000000 6.190000000000000
285 3.070000000000000 0.850000000000000
286 2.660793180562498 3.802924886211160
287 2.364354302253743 5.942091926979748
288 7.370000000000000 2.640000000000000
289 0.000000000000000 4.460000000000000
290 4.880000000000000 9.920000000000000
291 1.250000000000000 4.180000000000000
292 3.921544383231785 8.404425553650260
293 3.666451504656228 8.001055547307644
294 2.930000000000000 8.859999999999999
295 9.670000000000000 7.420000000000000
516
1 12
12 2
2 5
5 9
9 13
13 14
14 3
3 17
17 4
4 6
6 10
10 7
7 15
15 16
16 8
8 11
11 0
18 24
24 23
23 21
21 22
22 20
20 26
26 25
25 19
28 29
29 30
30 27
32 20
20 51
51 50
50 39
39 47
47 33
33 46
46 42
42 35
35 41
41 49
49 2
2 34
34 44
44 43
43 48
48 36
36 38
38 52
52 37
37 45
45 53
53 40
40 31
55 57
57 56
56 64
64 62
62 58
58 3
3 65
65 63
63 61
61 59
59 60
60 54
66 68
68 67
70 85
85 80
80 86
86 87
87 74
74 79
79 77
77 81
81 33
33 71
71 56
56 84
84 88
88 78
78 72
72 4
4 82
82 75
75 73
73 83
83 76
76 69
32 21
21 90
90 92
92 91
91 89
93 114
114 99
99 115
115 108
108 97
97 57
57 71
71 103
103 95
95 112
112 107
107 102
102 109
109 5
5 34
34 104
104 105
105 98
98 113
113 111
111 96
96 106
106 101
101 29
29 100
100 110
110 94
116 119
119 122
122 121
121 35
35 123
123 95
95 126
126 58
58 127
127 72
72 6
6 124
124 118
118 120
120 125
125 117
128 132
132 131
131 133
133 135
135 134
134 96
96 136
136 130
130 36
36 137
137 129
55 97
97 145
145 144
144 7
7 142
142 140
140 118
118 139
139 143
143 141
141 138
138 151
151 154
154 73
73 59
59 147
147 153
153 149
149 150
150 152
152 148
148 37
37 146
138 155
157 158
158 147
147 60
60 159
159 156
89 172
172 171
171 162
162 167
167 164
164 168
168 74
74 163
163 119
119 170
170 165
165 98
98 169
169 130
130 38
38 173
173 148
148 166
166 161
161 174
174 160
175 39
39 180
180 99
99 179
179 178
178 177
177 176
181 131
131 182
182 183
183 116
28 100
100 185
185 184
184 31
187 197
197 177
177 190
190 196
196 8
8 195
195 189
189 120
120 139
139 194
194 75
75 61
61 158
158 193
193 149
149 188
188 191
191 192
192 161
161 198
198 40
40 184
184 186
155 76
76 200
200 159
159 199
181 202
202 203
203 101
101 201
18 210
210 212
212 214
214 213
213 162
162 207
207 208
208 77
77 205
205 121
121 41
41 211
211 102
102 209
209 9
9 206
206 215
215 150
150 188
188 204
216 132
132 218
218 223
223 163
163 217
217 205
205 42
42 219
219 103
103 222
222 62
62 224
224 78
78 10
10 220
220 140
140 189
189 221
221 117
225 227
227 178
178 190
190 226
226 11
11 141
141 151
151 155
229 235
235 231
231 234
234 164
164 232
232 79
79 217
217 122
122 233
233 12
12 104
104 230
230 43
43 236
236 152
152 191
191 228
28 202
202 133
133 238
238 240
240 165
165 105
105 230
230 44
44 206
206 239
239 237
228 192
192 166
166 45
45 27
241 243
243 244
244 80
80 245
245 218
218 182
182 238
238 242
242 134
134 106
106 246
246 27
248 252
252 254
254 231
231 253
253 167
167 207
207 249
249 81
81 46
46 219
219 123
123 251
251 107
107 250
250 13
13 239
239 256
256 193
193 153
153 257
257 255
255 68
68 247
259 262
262 168
168 232
232 208
208 249
249 47
47 108
108 263
263 260
260 261
261 258
265 109
109 209
209 250
250 14
14 267
267 63
63 82
82 194
194 266
266 264
268 110
110 185
185 30
30 201
269 210
210 272
272 273
273 271
271 90
90 22
22 270
28 203
203 135
135 242
242 111
111 275
275 169
169 48
48 274
276 260
260 278
278 15
15 142
142 220
220 124
124 277
258 16
16 195
195 221
221 125
125 143
143 266
266 154
154 83
83 200
200 156
279 280
280 170
170 233
233 49
49 211
211 251
251 112
112 126
126 222
222 64
64 84
84 281
281 144
144 278
278 261
261 196
196 226
226 0
70 243
243 252
252 212
212 282
282 283
283 271
271 23
23 32
284 287
287 50
50 171
171 213
213 253
253 234
234 286
286 244
244 85
85 285
285 245
245 86
86 259
289 24
24 272
272 282
282 91
91 172
172 214
214 235
235 254
254 286
286 262
262 87
87 223
223 183
183 280
280 240
240 113
113 275
275 136
136 246
246 288
291 273
273 283
283 92
92 51
51 287
287 293
293 292
292 227
227 197
197 290
66 255
255 160
294 25
25 292
292 114
114 179
179 276
294 26
26 293
293 180
180 115
115 263
263 145
145 281
281 88
88 224
224 127
127 17
17 65
65 267
267 256
256 215
215 236
236 137
137 173
173 52
52 146
199 295
27 53
53 198
198 174
174 257
257 54
549
0 1.100000000000000 3.900000000000000
1 1.200000000000000 1.700000000000000
2 1.200000000000000 1.800000000000000
3 1.200000000000000 3.600000000000000
4 1.200000000000000 0.600000000000000
5 1.200000000000000 3.300000000000000
6 1.200000000000000 3.500000000000000
7 1.300000000000000 3.400000000000000
8 1.300000000000000 2.700000000000000
9 1.300000000000000 2.800000000000000
10 1.300000000000000 2.000000000000000
11 1.300000000000000 4.300000000000000
12 1.400000000000000 1.000000000000000
13 1.400000000000000 5.500000000000000
14 1.400000000000000 2.600000000000000
15 1.400000000000000 3.900000000000000
16 1.500000000000000 4.000000000000000
17 1.500000000000000 3.900000000000000
18 1.500000000000000 5.000000000000000
19 1.500000000000000 4.700000000000000
20 1.600000000000000 2.000000000000000
21 1.600000000000000 2.300000000000000
22 1.600000000000000 4.300000000000000
23 1.600000000000000 2.300000000000000
24 1.600000000000000 1.800000000000000
25 1.600000000000000 2.800000000000000
26 1.700000000000000 1.500000000000000
27 1.700000000000000 5.200000000000000
28 1.700000000000000 4.200000000000000
29 1.700000000000000 1.700000000000000
30 1.700000000000000 5.300000000000000
31 1.700000000000000 5.500000000000000
32 1.700000000000000 2.500000000000000
33 1.800000000000000 2.500000000000000
34 1.800000000000000 3.800000000000000
35 1.800000000000000 5.600000000000000
36 1.900000000000000 5.800000000000000
37 1.900000000000000 4.600000000000000
38 1.900000000000000 4.800000000000000
39 1.900000000000000 4.700000000000000
40 2.000000000000000 4.400000000000000
41 2.000000000000000 6.100000000000000
42 2.000000000000000 4.100000000000000
43 2.000000000000000 2.800000000000000
44 2.100000000000000 2.200000000000000
45 2.100000000000000 4.100000000000000
46 2.100000000000000 3.700000000000000
47 2.200000000000000 5.300000000000000
48 2.200000000000000 6.600000000000000
49 2.200000000000000 4.100000000000000
50 2.200000000000000 4.400000000000000
51 2.200000000000000 3.400000000000000
52 2.200000000000000 5.400000000000000
53 2.200000000000000 5.400000000000000
54 2.300000000000000 2.800000000000000
55 2.300000000000000 6.400000000000000
56 2.300000000000000 4.600000000000000
57 2.300000000000000 3.300000000000000
58 2.300000000000000 2.700000000000000
59 2.300000000000000 3.500000000000000
60 2.300000000000000 6.300000000000000
61 2.400000000000000 2.900000000000000
62 2.400000000000000 3.200000000000000
63 2.400000000000000 4.200000000000000
64 2.400000000000000 2.500000000000000
65 2.500000000000000 4.900000000000000
66 2.500000000000000 6.300000000000000
67 2.500000000000000 3.400000000000000
68 2.500000000000000 3.300000000000000
69 2.500000000000000 5.900000000000000
70 2.600000000000000 4.900000000000000
71 2.600000000000000 6.600000000000000
72 2.600000000000000 2.500000000000000
73 2.600000000000000 6.700000000000000
74 2.600000000000000 2.700000000000000
75 2.600000000000000 4.700000000000000
76 2.700000000000000 6.700000000000000
77 2.700000000000000 6.000000000000000
78 2.700000000000000 4.700000000000000
79 2.700000000000000 5.800000000000000
80 2.800000000000000 5.900000000000000
81 2.800000000000000 4.700000000000000
82 2.800000000000000 5.800000000000000
83 2.800000000000000 4.000000000000000
84 2.800000000000000 5.100000000000000
85 2.800000000000000 5.300000000000000
86 2.800000000000000 5.100000000000000
87 2.800000000000000 5.500000000000000
88 2.900000000000000 7.900000000000000
89 2.900000000000000 5.800000000000000
90 2.900000000000000 7.300000000000000
91 2.900000000000000 5.300000000000000
92 2.900000000000000 6.700000000000000
93 3.000000000000000 4.900000000000000
94 3.000000000000000 1.500000000000000
95 3.000000000000000 7.400000000000000
96 3.000000000000000 7.100000000000000
97 3.000000000000000 3.500000000000000
98 3.000000000000000 2.500000000000000
99 3.000000000000000 7.200000000000000
100 3.100000000000000 8.400000000000000
101 3.100000000000000 7.400000000000000
102 3.100000000000000 6.400000000000000
103 3.100000000000000 2.700000000000000
104 3.100000000000000 4.200000000000000
105 3.100000000000000 3.700000000000000
106 3.200000000000000 6.700000000000000
107 3.200000000000000 8.000000000000000
108 3.200000000000000 4.500000000000000
109 3.200000000000000 8.400000000000000
110 3.300000000000000 7.100000000000000
111 3.300000000000000 6.900000000000000
112 3.300000000000000 5.700000000000000
113 3.300000000000000 7.600000000000000
114 3.300000000000000 5.800000000000000
115 3.300000000000000 2.800000000000000
116 3.300000000000000 7.000000000000000
117 3.400000000000000 7.600000000000000
118 3.400000000000000 6.100000000000000
119 3.400000000000000 2.900000000000000
120 3.400000000000000 4.300000000000000
121 3.400000000000000 7.800000000000000
122 3.400000000000000 3.300000000000000
123 3.400000000000000 4.700000000000000
124 3.500000000000000 4.100000000000000
125 3.500000000000000 4.500000000000000
126 3.600000000000000 4.400000000000000
127 3.600000000000000 6.000000000000000
128 3.600000000000000 6.000000000000000
129 3.600000000000000 4.900000000000000
130 3.600000000000000 4.600000000000000
131 3.600000000000000 6.200000000000000
132 3.700000000000000 8.300000000000001
133 3.700000000000000 3.700000000000000
134 3.700000000000000 8.400000000000000
135 3.700000000000000 3.200000000000000
136 3.700000000000000 5.700000000000000
137 3.800000000000000 2.600000000000000
138 3.800000000000000 3.100000000000000
139 3.800000000000000 2.600000000000000
140 3.800000000000000 4.200000000000000
141 3.800000000000000 5.300000000000000
142 3.800000000000000 3.300000000000000
143 3.800000000000000 2.600000000000000
144 3.800000000000000 6.600000000000000
145 3.900000000000000 6.700000000000000
146 3.900000000000000 2.900000000000000
147 3.900000000000000 3.200000000000000
148 3.900000000000000 3.700000000000000
149 4.000000000000000 2.900000000000000
150 4.000000000000000 4.700000000000000
151 4.000000000000000 1.500000000000000
152 4.000000000000000 7.900000000000000
153 4.000000000000000 4.300000000000000
154 4.000000000000000 5.700000000000000
155 4.000000000000000 4.200000000000000
156 4.000000000000000 2.800000000000000
157 4.000000000000000 5.600000000000000
158 4.100000000000000 4.700000000000000
159 4.100000000000000 6.800000000000000
160 4.100000000000000 3.000000000000000
161 4.100000000000000 5.800000000000000
162 4.100000000000000 3.200000000000000
163 4.100000000000000 7.400000000000000
164 4.100000000000000 3.100000000000000
165 4.200000000000000 4.900000000000000
166 4.200000000000000 6.300000000000000
167 4.200000000000000 6.400000000000000
168 4.200000000000000 5.200000000000000
169 4.300000000000000 5.100000000000000
170 4.300000000000000 8.699999999999999
171 4.300000000000000 8.400000000000000
172 4.300000000000000 4.200000000000000
173 4.300000000000000 7.700000000000000
174 4.300000000000000 6.800000000000000
175 4.300000000000000 3.000000000000000
176 4.300000000000000 4.800000000000000
177 4.300000000000000 7.400000000000000
178 4.300000000000000 7.600000000000000
179 4.300000000000000 1.900000000000000
180 4.300000000000000 7.500000000000000
181 4.300000000000000 8.000000000000000
182 4.300000000000000 3.100000000000000
183 4.400000000000000 8.800000000000001
184 4.400000000000000 2.900000000000000
185 4.400000000000000 6.100000000000000
186 4.400000000000000 9.100000000000000
187 4.400000000000000 2.500000000000000
188 4.400000000000000 1.500000000000000
189 4.400000000000000 3.300000000000000
190 4.500000000000000 1.300000000000000
191 4.500000000000000 8.400000000000000
192 4.500000000000000 3.500000000000000
193 4.500000000000000 1.600000000000000
194 4.500000000000000 3.000000000000000
195 4.500000000000000 7.100000000000000
196 4.500000000000000 6.900000000000000
197 4.600000000000000 6.300000000000000
198 4.600000000000000 4.100000000000000
199 4.600000000000000 7.900000000000000
200 4.600000000000000 2.800000000000000
201 4.600000000000000 4.600000000000000
202 4.600000000000000 2.000000000000000
203 4.600000000000000 8.600000000000000
204 4.600000000000000 9.300000000000001
205 4.700000000000000 5.000000000000000
206 4.700000000000000 4.800000000000000
207 4.700000000000000 9.000000000000000
208 4.700000000000000 4.500000000000000
209 4.700000000000000 8.800000000000001
210 4.700000000000000 7.700000000000000
211 4.700000000000000 6.900000000000000
212 4.700000000000000 4.700000000000000
213 4.800000000000000 8.900000000000000
214 4.800000000000000 4.700000000000000
215 4.900000000000000 3.300000000000000
216 4.900000000000000 8.300000000000001
217 4.900000000000000 4.500000000000000
218 4.900000000000000 3.900000000000000
219 4.900000000000000 6.100000000000000
220 4.900000000000000 9.000000000000000
221 4.900000000000000 7.500000000000000
222 4.900000000000000 7.500000000000000
223 4.900000000000000 4.500000000000000
224 4.900000000000000 7.400000000000000
225 5.000000000000000 4.300000000000000
226 5.000000000000000 2.100000000000000
227 5.000000000000000 6.300000000000000
228 5.000000000000000 2.500000000000000
229 5.000000000000000 4.100000000000000
230 5.000000000000000 5.000000000000000
231 5.000000000000000 4.000000000000000
232 5.000000000000000 4.000000000000000
233 5.000000000000000 5.900000000000000
234 5.000000000000000 1.700000000000000
235 5.000000000000000 6.900000000000000
236 5.000000000000000 2.000000000000000
237 5.100000000000000 2.300000000000000
238 5.100000000000000 5.500000000000000
239 5.100000000000000 1.600000000000000
240 5.100000000000000 5.500000000000000
241 5.100000000000000 5.900000000000000
242 5.100000000000000 3.800000000000000
243 5.100000000000000 7.000000000000000
244 5.100000000000000 9.000000000000000
245 5.100000000000000 4.400000000000000
246 5.100000000000000 6.100000000000000
247 5.200000000000000 2.700000000000000
248 5.200000000000000 3.700000000000000
249 5.200000000000000 7.500000000000000
250 5.200000000000000 6.800000000000000
251 5.200000000000000 6.900000000000000
252 5.200000000000000 2.500000000000000
253 5.200000000000000 2.800000000000000
254 5.200000000000000 3.900000000000000
255 5.300000000000000 4.200000000000000
256 5.300000000000000 2.200000000000000
257 5.300000000000000 7.900000000000000
258 5.300000000000000 7.400000000000000
259 5.300000000000000 8.600000000000000
260 5.300000000000000 6.800000000000000
261 5.300000000000000 8.500000000000000
262 5.300000000000000 8.500000000000000
263 5.300000000000000 4.600000000000000
264 5.300000000000000 8.699999999999999
265 5.300000000000000 7.600000000000000
266 5.400000000000000 4.900000000000000
267 5.500000000000000 5.700000000000000
268 5.500000000000000 7.100000000000000
269 5.500000000000000 3.700000000000000
270 5.500000000000000 6.300000000000000
271 5.500000000000000 1.900000000000000
272 5.500000000000000 2.200000000000000
273 5.500000000000000 4.400000000000000
274 5.500000000000000 4.200000000000000
275 5.600000000000000 8.000000000000000
276 5.600000000000000 8.400000000000000
277 5.600000000000000 7.800000000000000
278 5.600000000000000 5.400000000000000
279 5.600000000000000 8.100000000000000
280 5.600000000000000 6.700000000000000
281 5.600000000000000 2.100000000000000
282 5.600000000000000 8.300000000000001
283 5.600000000000000 7.200000000000000
284 5.600000000000000 6.100000000000000
285 5.600000000000000 3.700000000000000
286 5.700000000000000 3.100000000000000
287 5.700000000000000 2.400000000000000
288 5.700000000000000 7.900000000000000
289 5.700000000000000 6.300000000000000
290 5.700000000000000 3.400000000000000
291 5.700000000000000 4.800000000000000
292 5.700000000000000 3.500000000000000
293 5.700000000000000 7.100000000000000
294 5.800000000000000 8.400000000000000
295 5.800000000000000 4.800000000000000
296 5.800000000000000 8.400000000000000
297 5.800000000000000 4.100000000000000
298 5.800000000000000 2.000000000000000
299 5.900000000000000 7.100000000000000
300 5.900000000000000 3.800000000000000
301 5.900000000000000 6.100000000000000
302 5.900000000000000 2.900000000000000
303 5.900000000000000 7.500000000000000
304 5.900000000000000 7.300000000000000
305 5.900000000000000 3.200000000000000
306 5.900000000000000 5.800000000000000
307 5.900000000000000 8.500000000000000
308 6.000000000000000 7.600000000000000
309 6.000000000000000 2.600000000000000
310 6.000000000000000 2.000000000000000
311 6.000000000000000 7.700000000000000
312 6.000000000000000 7.500000000000000
313 6.000000000000000 5.500000000000000
314 6.000000000000000 8.300000000000001
315 6.000000000000000 6.600000000000000
316 6.000000000000000 8.199999999999999
317 6.000000000000000 2.000000000000000
318 6.100000000000000 5.800000000000000
319 6.100000000000000 3.200000000000000
320 6.100000000000000 2.000000000000000
321 6.100000000000000 1.600000000000000
322 6.100000000000000 7.900000000000000
323 6.100000000000000 3.200000000000000
324 6.100000000000000 4.500000000000000
325 6.100000000000000 3.700000000000000
326 6.100000000000000 7.200000000000000
327 6.200000000000000 2.600000000000000
328 6.200000000000000 1.700000000000000
329 6.200000000000000 2.300000000000000
330 6.200000000000000 4.200000000000000
331 6.200000000000000 4.000000000000000
332 6.300000000000000 1.700000000000000
333 6.300000000000000 3.200000000000000
334 6.300000000000000 5.200000000000000
335 6.300000000000000 7.300000000000000
336 6.300000000000000 2.400000000000000
337 6.300000000000000 2.100000000000000
338 6.300000000000000 5.700000000000000
339 6.300000000000000 1.600000000000000
340 6.300000000000000 3.600000000000000
341 6.400000000000000 5.400000000000000
342 6.400000000000000 4.200000000000000
343 6.400000000000000 5.900000000000000
344 6.400000000000000 7.800000000000000
345 6.400000000000000 8.000000000000000
346 6.400000000000000 3.900000000000000
347 6.500000000000000 5.900000000000000
348 6.500000000000000 1.900000000000000
349 6.500000000000000 5.400000000000000
350 6.500000000000000 7.600000000000000
351 6.500000000000000 6.600000000000000
352 6.500000000000000 3.800000000000000
353 6.500000000000000 7.000000000000000
354 6.600000000000000 4.500000000000000
355 6.600000000000000 4.300000000000000
356 6.600000000000000 5.500000000000000
357 6.600000000000000 8.000000000000000
358 6.700000000000000 3.600000000000000
359 6.700000000000000 3.500000000000000
360 6.700000000000000 2.300000000000000
361 6.700000000000000 5.600000000000000
362 6.700000000000000 6.200000000000000
363 6.700000000000000 7.900000000000000
364 6.700000000000000 4.700000000000000
365 6.700000000000000 4.100000000000000
366 6.800000000000000 6.100000000000000
367 6.800000000000000 5.800000000000000
368 6.800000000000000 6.300000000000000
369 6.800000000000000 3.300000000000000
370 6.800000000000000 8.100000000000000
371 6.800000000000000 6.200000000000000
372 6.800000000000000 8.000000000000000
373 6.900000000000000 7.600000000000000
374 6.900000000000000 8.300000000000001
375 6.900000000000000 3.700000000000000
376 6.900000000000000 7.900000000000000
377 6.900000000000000 7.500000000000000
378 6.900000000000000 3.000000000000000
379 6.900000000000000 3.200000000000000
380 7.000000000000000 2.800000000000000
381 7.000000000000000 5.600000000000000
382 7.000000000000000 7.600000000000000
383 7.000000000000000 4.900000000000000
384 7.100000000000000 3.500000000000000
385 7.100000000000000 6.000000000000000
386 7.100000000000000 7.600000000000000
387 7.100000000000000 3.200000000000000
388 7.100000000000000 7.600000000000000
389 7.100000000000000 7.100000000000000
390 7.100000000000000 3.700000000000000
391 7.100000000000000 7.600000000000000
392 7.200000000000000 5.500000000000000
393 7.200000000000000 5.900000000000000
394 7.200000000000000 3.400000000000000
395 7.200000000000000 8.199999999999999
396 7.200000000000000 4.000000000000000
397 7.200000000000000 3.400000000000000
398 7.300000000000000 4.500000000000000
399 7.300000000000000 2.700000000000000
400 7.300000000000000 2.000000000000000
401 7.300000000000000 4.900000000000000
402 7.400000000000000 6.700000000000000
403 7.400000000000000 2.700000000000000
404 7.400000000000000 3.600000000000000
405 7.400000000000000 4.900000000000000
406 7.500000000000000 7.000000000000000
407 7.500000000000000 2.300000000000000
408 7.600000000000000 5.500000000000000
409 7.600000000000000 4.300000000000000
410 7.600000000000000 5.700000000000000
411 7.600000000000000 2.100000000000000
412 7.600000000000000 3.900000000000000
413 7.600000000000000 3.400000000000000
414 7.700000000000000 6.200000000000000
415 7.700000000000000 5.900000000000000
416 7.700000000000000 2.400000000000000
417 7.700000000000000 8.000000000000000
418 7.700000000000000 5.800000000000000
419 7.700000000000000 7.300000000000000
420 7.700000000000000 7.000000000000000
421 7.800000000000000 2.900000000000000
422 7.800000000000000 6.200000000000000
423 7.800000000000000 5.400000000000000
424 7.800000000000000 6.500000000000000
425 7.800000000000000 5.300000000000000
426 7.800000000000000 3.800000000000000
427 7.800000000000000 3.100000000000000
428 7.800000000000000 2.100000000000000
429 7.900000000000000 7.400000000000000
430 7.900000000000000 3.500000000000000
431 7.900000000000000 3.400000000000000
432 7.900000000000000 2.800000000000000
433 7.900000000000000 4.000000000000000
434 8.000000000000000 7.100000000000000
435 8.000000000000000 6.200000000000000
436 8.000000000000000 8.300000000000001
437 8.000000000000000 7.000000000000000
438 8.100000000000000 5.600000000000000
439 8.100000000000000 3.900000000000000
440 8.100000000000000 6.200000000000000
441 8.100000000000000 3.800000000000000
442 8.100000000000000 5.400000000000000
443 8.100000000000000 2.800000000000000
444 8.100000000000000 3.700000000000000
445 8.199999999999999 6.600000000000000
446 8.199999999999999 5.400000000000000
447 8.199999999999999 8.199999999999999
448 8.199999999999999 4.900000000000000
449 8.300000000000001 2.500000000000000
450 8.300000000000001 6.700000000000000
451 8.300000000000001 8.000000000000000
452 8.300000000000001 8.199999999999999
453 8.300000000000001 3.800000000000000
454 8.400000000000000 5.200000000000000
455 8.400000000000000 8.500000000000000
456 8.400000000000000 4.500000000000000
457 8.400000000000000 5.600000000000000
458 8.400000000000000 8.600000000000000
459 8.400000000000000 5.500000000000000
460 8.500000000000000 5.700000000000000
461 8.500000000000000 6.900000000000000
462 8.500000000000000 6.000000000000000
463 8.500000000000000 6.200000000000000
464 8.500000000000000 6.600000000000000
465 8.500000000000000 4.800000000000000
466 8.500000000000000 2.700000000000000
467 8.500000000000000 5.200000000000000
468 8.600000000000000 4.600000000000000
469 8.600000000000000 6.500000000000000
470 8.600000000000000 3.500000000000000
471 8.600000000000000 8.400000000000000
472 8.600000000000000 3.200000000000000
473 8.600000000000000 4.900000000000000
474 8.600000000000000 5.600000000000000
475 8.600000000000000 2.300000000000000
476 8.699999999999999 4.200000000000000
477 8.699999999999999 5.900000000000000
478 8.699999999999999 8.699999999999999
479 8.699999999999999 7.200000000000000
480 8.699999999999999 6.700000000000000
481 8.699999999999999 7.800000000000000
482 8.699999999999999 8.699999999999999
483 8.699999999999999 7.500000000000000
484 8.699999999999999 6.300000000000000
485 8.699999999999999 2.400000000000000
486 8.699999999999999 5.700000000000000
487 8.699999999999999 7.600000000000000
488 8.699999999999999 5.300000000000000
489 8.800000000000001 5.900000000000000
490 8.800000000000001 7.200000000000000
491 8.800000000000001 7.100000000000000
492 8.800000000000001 4.100000000000000
493 8.800000000000001 8.400000000000000
494 8.900000000000000 4.500000000000000
495 8.900000000000000 5.400000000000000
496 8.900000000000000 7.800000000000000
497 8.900000000000000 4.200000000000000
498 8.900000000000000 8.000000000000000
499 8.900000000000000 3.400000000000000
500 8.900000000000000 5.300000000000000
501 9.000000000000000 8.500000000000000
502 9.000000000000000 8.900000000000000
503 9.000000000000000 7.900000000000000
504 9.000000000000000 6.000000000000000
505 9.000000000000000 7.300000000000000
506 9.000000000000000 5.600000000000000
507 9.000000000000000 6.400000000000000
508 9.000000000000000 8.800000000000001
509 9.000000000000000 3.800000000000000
510 9.100000000000000 2.500000000000000
511 9.100000000000000 7.200000000000000
512 9.100000000000000 3.200000000000000
513 9.100000000000000 5.900000000000000
514 9.100000000000000 5.000000000000000
515 9.100000000000000 3.000000000000000
516 9.100000000000000 8.600000000000000
517 9.199999999999999 2.700000000000000
518 9.199999999999999 2.500000000000000
519 9.199999999999999 7.900000000000000
520 9.199999999999999 7.100000000000000
521 9.199999999999999 4.900000000000000
522 9.199999999999999 3.700000000000000
523 9.199999999999999 3.700000000000000
524 9.199999999999999 7.800000000000000
525 9.199999999999999 8.199999999999999
526 9.300000000000001 8.900000000000000
527 9.300000000000001 5.000000000000000
528 9.300000000000001 8.199999999999999
529 9.300000000000001 4.300000000000000
530 9.400000000000000 3.900000000000000
531 9.400000000000000 4.200000000000000
532 9.400000000000000 3.900000000000000
533 9.400000000000000 4.600000000000000
534 9.400000000000000 4.100000000000000
535 9.500000000000000 7.100000000000000
536 9.500000000000000 6.100000000000000
537 9.500000000000000 2.500000000000000
538 9.500000000000000 3.000000000000000
539 9.500000000000000 3.500000000000000
540 9.600000000000000 5.300000000000000
541 9.699999999999999 5.500000000000000
542 9.699999999999999 5.300000000000000
543 9.699999999999999 7.000000000000000
544 9.699999999999999 4.800000000000000
545 9.800000000000001 4.400000000000000
546 9.800000000000001 6.900000000000000
547 9.800000000000001 5.400000000000000
548 9.800000000000001 3.800000000000000
