341
0 9.100000000000000 9.190000000000000
1 3.520000000000000 0.130000000000000
2 6.613540006351414 5.152844526441544
3 5.687516145186360 3.649300407775704
4 6.421882057363827 4.841657964106859
5 6.505872477530948 4.978029506528744
6 4.523359372897925 1.759110379651471
7 4.923835026190788 2.409345042524829
8 6.803577292687583 5.461399690277689
9 4.666738131387753 1.991908148812374
10 6.392016382203297 4.793166384007505
11 5.707051925727997 3.681019793386318
12 4.990246128261095 2.517173821155112
13 5.654351432106637 3.595452325248410
14 6.260940092723546 4.580343591411350
15 5.725236470750316 3.710545237454816
16 5.702056917301190 3.672909618413762
17 4.251817196325669 1.318219318765334
18 5.192030220844634 2.844801756425158
19 7.161423012784880 6.042418010005559
20 7.205907904178817 6.114646167000015
21 0.200000000000000 4.250000000000000
22 9.789999999999999 5.600000000000000
23 4.272076925898344 4.823232935345439
24 6.261874405556640 5.103339984098171
25 6.488299039080783 5.135214150444114
26 0.695936500291575 4.319813793054601
27 8.048647456225011 5.354866951606231
28 2.770208909239945 4.611812515899262
29 1.897774405665149 4.488998482549317
30 8.847567553980340 5.467332241696919
31 7.402711553080590 5.263937497044712
32 3.159311425430891 4.666587114111752
33 7.328818233674121 5.253535413499485
34 2.425088977237449 4.563229418067837
35 4.645343156070346 4.875778233649110
36 6.023312818057373 5.069757278871475
37 4.011223499328106 4.786512171438263
38 1.894662036079713 4.488560349187447
39 4.775868807599655 4.894152543301307
40 4.561604852341652 4.863990255543403
41 0.554796390496078 4.299945268735110
42 2.540260331293715 4.579442278127895
43 0.490000000000000 7.960000000000000
44 7.230000000000000 2.370000000000000
45 6.753246251980660 2.765408523950758
46 3.042656093552772 5.842886118255194
47 3.961760547560348 5.080602157142085
48 3.074194374632115 5.816728997894137
49 3.336189569369037 5.599436247363068
50 7.096918084446974 2.480375060525432
51 3.318035659532015 5.614492680002380
52 4.507445623165199 4.628023585535095
53 5.673517886259576 3.660910239734268
54 5.469253127913254 3.830322702517050
55 5.266329674328342 3.998622718175752
56 5.774970988359179 3.576767385025548
57 2.906407322296737 5.955887695602557
58 1.015503576962384 7.524159496258200
59 4.679945915584827 4.484955835590626
60 3.254479914585035 5.667204343838227
61 3.990613266406430 5.056672379938881
62 5.610000000000000 0.530000000000000
63 7.030000000000000 0.290000000000000
64 8.800000000000001 4.820000000000000
65 9.150000000000000 0.380000000000000
66 8.871325930764208 3.915179621162636
67 8.904336174275100 3.496421103481591
68 9.052084709849400 1.622125395053330
69 3.280000000000000 9.980000000000000
70 6.543323837517966 4.643047897755967
71 5.023553832978061 7.128532061909813
72 3.877859317237737 9.002240298895694
73 5.117626515827300 6.974682359124007
74 7.492996690500833 3.089920233593187
75 7.163383523278707 3.628980950004159
76 7.473172875691705 3.122340782514418
77 6.909316826741488 4.044490368531808
78 3.883704245996574 8.992681301266250
79 5.800112564193344 5.858521189734905
80 6.448505853153874 4.798116492286679
81 6.749370063371670 4.306072809477338
82 5.024294885801990 7.127320118620253
83 7.978347340236542 2.296161078999863
84 4.951721581643865 7.246008997652281
85 4.250881113996988 8.392187615950412
86 5.287516234390995 6.696838867094795
87 5.905200864640140 5.686656166857693
88 5.660000000000000 6.530000000000000
89 3.900000000000000 9.090000000000000
90 5.179102844638950 7.229486771434255
91 5.272227689852374 7.094032451123820
92 5.102401073105299 7.341052984574111
93 4.359678249678249 8.421377091377092
94 5.478722895169732 6.793675788844026
95 6.130000000000000 8.340000000000000
96 6.181426686480831 7.880016859810343
97 6.798180376201955 2.363497746193620
98 6.190081574879407 7.802603691356414
99 6.835063479789103 2.033598875219684
100 6.674992284866469 3.465346785361030
101 6.831552202032645 2.065005304041338
102 6.435547471713746 5.607047614115942
103 6.525235256816741 4.804840202916931
104 6.591577214449465 4.211448248535335
105 6.890129615510293 1.541062883491269
106 6.826770467313317 2.107775264586447
107 6.636905677732252 3.806010326950415
108 6.717197518856325 3.087844414673984
109 6.816001613403661 2.204096680111697
110 6.166633044720164 8.012337766669642
111 6.369043280182233 6.201890660592255
112 6.258716246966019 7.188704679915048
113 6.408145056494064 5.852146994691981
114 5.650000000000000 1.110000000000000
115 3.326972220228268 2.448404996051971
116 2.364332278593672 3.003026907379059
117 1.723966366069721 3.371971671658913
118 1.839921524309565 3.305164479572104
119 2.835315049810712 2.731671696072361
120 3.492525696278086 2.353021892419598
121 1.470353269799540 3.518090042720999
122 5.181871842092837 1.379710535014403
123 0.319843087941828 4.180952789699571
124 0.650000000000000 4.290000000000000
125 9.340000000000000 9.930000000000000
126 1.135407093821510 4.605039816933638
127 3.088260815601879 5.872484579976364
128 6.865316872427993 8.323876543209883
129 3.394518907772641 6.071252777886961
130 4.102120912040301 6.530501949816720
131 2.360105191503846 5.399895659387997
132 5.339201324571253 7.333394185337384
133 3.598745932784440 6.203800582382536
134 5.023669877245177 7.128607377176387
135 2.691489690179206 5.614971444489152
136 2.266575286209356 5.339192705894220
137 3.721977693952419 6.283780689745874
138 1.057948290676177 4.554767360116644
139 0.630000000000000 4.520000000000000
140 5.860000000000000 5.400000000000000
141 2.840898199216415 4.892005815546930
142 2.302456181977613 4.801407541135813
143 3.207382769123020 4.953670523294122
144 2.405246367251205 4.818703021640738
145 4.422789935856653 5.158174979647009
146 3.631311622535676 5.025000808380764
147 2.009924432433433 4.752186137770826
148 4.558337744107892 5.180982259046835
149 4.467411203814065 5.165682955899880
150 1.168061133300505 4.610534186865094
151 4.169639304842058 5.115579844791780
152 7.350000000000000 2.350000000000000
153 0.400000000000000 2.520000000000000
154 2.231170320549727 2.475208783526122
155 1.222389923437481 2.499883987484263
156 7.025162467898585 2.357945666252840
157 1.439603782284601 2.494570842735484
158 2.790081817434362 2.461537567055562
159 3.927811996513562 2.433708195768733
160 3.638861675615288 2.440776045344662
161 5.213933363845877 2.402249111963482
162 1.123762186288713 2.502296464508046
163 6.621839576901682 2.367811118262837
164 7.343775127618538 2.350152263065446
165 0.909485510269420 2.507537764497007
166 1.027260322070957 2.504656941762293
167 6.693164043632837 2.366066491019053
168 5.331097544973822 2.399383225518626
169 7.720000000000000 5.930000000000000
170 9.119999999999999 3.480000000000000
171 8.214428812605515 5.064749577940348
172 8.410504971729381 4.721616299473581
173 8.275315568022441 4.958197755960729
174 8.167109783420463 5.147557879014189
175 1.970000000000000 1.440000000000000
176 2.942745962752625 5.295702909356260
177 3.331237643218706 6.835579259390206
178 2.444452314395234 3.320601142551059
179 2.735116689290217 4.472716410917185
180 2.557134634726378 3.767243500340305
181 3.275369202183622 6.614131811764098
182 2.977929210179175 5.435159822730929
183 3.324312467310678 6.808129727941289
184 3.147700660097580 6.108088108676935
185 3.685694890910335 8.240552287805212
186 3.004535385716150 5.540619534056244
187 2.782119974948443 4.659024771168697
188 6.960000000000000 8.630000000000001
189 5.791816450875857 8.805609291698401
190 2.390000000000000 4.530000000000000
191 0.400000000000000 1.070000000000000
192 1.886341673231733 3.654292557478290
193 2.336988280698451 4.437828869958111
194 2.089490878026446 4.007506752749499
195 1.174961170985750 2.417419925432511
196 1.110445486944505 2.305246927049240
197 1.640000000000000 4.290000000000000
198 7.780000000000000 9.029999999999999
199 3.312445123901054 5.581105844835667
200 4.393091051206349 6.415350420638125
201 2.400699048244175 4.877249753856252
202 1.766764886282784 4.387860840550553
203 5.426811082893596 7.213368816435772
204 3.795559947757542 5.954064194197190
205 5.103646046604499 6.963889619039955
206 3.058155800981348 5.384797800757588
207 1.893365451398459 4.485594827301091
208 3.906866806286613 6.039991638729405
209 3.747246250643030 5.916766649519213
210 8.220000000000001 5.080000000000000
211 7.675673203090830 3.589974121592069
212 7.557237946876486 3.265772561651794
213 8.172203140044410 4.949162130828633
214 7.274712046740239 2.492393582490958
215 7.347658196271817 2.692074456461236
216 7.150000000000000 3.630000000000000
217 7.744193956980332 3.584756805306066
218 6.030000000000000 0.660000000000000
219 9.740000000000000 6.990000000000000
220 6.863889108479058 2.082781147351061
221 6.625941873863810 1.676795703923966
222 6.856458906986820 2.070103741570504
223 7.197348776060065 2.651729852415151
224 7.255062574261824 2.750201103794432
225 8.756443882397372 5.311857082365329
226 6.883121181069491 2.115594899237163
227 0.160000000000000 4.100000000000000
228 1.000000000000000 7.520000000000000
229 7.830000000000000 6.320000000000000
230 6.600000000000000 3.280000000000000
231 7.388884796999616 5.229764051121002
232 7.242384987254988 4.867683220532653
233 7.100301707753170 4.516518041926535
234 6.732863258788913 3.608377485136825
235 7.675802915518824 5.938895010713193
236 2.430000000000000 4.500000000000000
237 0.420000000000000 0.430000000000000
238 1.983617841211778 3.596131648622853
239 2.402114745634821 4.443535828225731
240 2.167089363080536 3.967638660566061
241 1.299522840262267 2.210924358142998
242 1.267853036116032 2.146796943777239
243 5.640000000000000 1.410000000000000
244 6.367184212320207 1.809738689813447
245 6.851733869271576 2.076099319950457
246 7.345144894297708 2.347331111485290
247 6.895026128874005 2.099897404176354
248 2.470000000000000 0.550000000000000
249 3.510616369830649 6.764590068778841
250 2.889384890490340 3.054578297054197
251 3.132681858556158 4.507554595852859
252 2.691474300011814 1.872650714755869
253 2.972946432947250 3.553610165992667
254 3.448612910606675 6.394303675930773
255 3.258513367769768 5.259023888639033
256 3.482893689336253 6.599029445406713
257 3.430562974600681 6.286508953209659
258 3.761152178463563 8.260796925929249
259 2.580129171151776 1.207694490654663
260 3.333569167399263 5.707259223489303
261 3.179965442538254 4.789933482011667
262 8.020000000000000 4.980000000000000
263 7.931556578071079 5.015001513592057
264 2.996426532845506 6.968080867479468
265 5.602338220910782 5.936790451751111
266 3.291597294408380 6.851266940592700
267 3.927155822701669 6.599744442011822
268 1.358662504268085 7.616226525535340
269 4.583175578463541 6.340124405867019
270 6.084943263534065 5.745799345905510
271 2.350000000000000 5.530000000000000
272 2.373978786235159 5.221273127222323
273 2.426731170819992 4.542086175692607
274 0.890000000000000 4.250000000000000
275 3.777220139154021 2.523746274695280
276 1.603770908954832 3.823240130224900
277 8.410000000000000 4.970000000000000
278 7.761792922288755 4.913198348860354
279 4.819074550696463 4.655331275061030
280 6.167173615602767 4.773463667346634
281 4.293553259298849 4.609280440247837
282 1.853975531492988 4.395503010491653
283 4.948395978393231 4.666663565116933
284 4.631873453356642 4.638927055191046
285 8.140000000000001 5.140000000000000
286 4.331038373088513 2.855857695369124
287 5.625471475704141 3.632097967602159
288 6.474221288891345 4.141072734019120
289 5.740406962086159 3.701022003195913
290 5.699390527212746 3.676425437712667
291 5.053342084293365 3.289005787987917
292 6.130000000000000 6.250000000000000
293 4.130000000000000 8.990000000000000
294 5.260718954248366 7.440915032679738
295 4.514695548608009 8.462967098407027
296 5.664485129791989 6.887755372184975
297 1.890000000000000 4.110000000000000
298 7.534153679734023 1.210179996500289
299 8.017958734233320 0.961613487783708
300 7.592533318949306 1.180186049630728
301 5.352416765026835 2.331099926508251
302 2.410000000000000 0.370000000000000
303 1.446963793337251 1.966500022600912
304 1.067214663315712 2.596039691481065
305 1.930593186031151 1.164749962712804
306 1.600000000000000 8.740000000000000
307 8.480000000000000 0.010000000000000
308 5.405437333399766 3.911298267357565
309 3.499363648134851 6.329906301131214
310 2.288936140771662 7.865812135328982
311 4.500569212839419 5.059481216847657
312 3.802786137975841 5.944894915039377
313 4.397318012787929 5.190496184354851
314 4.620000000000000 7.960000000000000
315 7.103273254166687 2.845486432480527
316 4.963163212396854 7.253226026281092
317 5.244007269127054 6.674803681461120
318 5.748777608089734 5.635186014426585
319 9.390000000000001 1.410000000000000
320 2.110000000000000 5.980000000000000
321 5.626514245646363 3.772517843048917
322 2.528319144291640 5.717401306399341
323 4.725858683467975 4.337901897877932
324 2.896827938085528 5.486070923482025
325 3.721774939301172 4.968212709806820
326 0.460000000000000 2.960000000000000
327 0.992141649310210 2.424334233806941
328 2.169809094709461 5.117871057643178
329 2.610000000000000 7.750000000000000
330 3.626281780657999 6.409962353953507
331 4.395665675240104 5.395476605390392
332 3.930091147519264 6.009368742453304
333 4.520406193157952 5.230997626057487
334 4.260000000000000 5.830000000000000
335 5.405356703567036 5.522185385916360
336 7.970000000000000 9.390000000000001
337 0.800000000000000 1.090000000000000
338 4.453855779747313 5.209099603997737
339 7.052823257537770 6.064274564520701
340 6.360000000000000 7.240000000000000
610
1 17
17 6
6 9
9 7
7 12
12 18
18 13
13 3
3 16
16 11
11 15
15 14
14 10
10 4
4 5
5 2
2 8
8 19
19 20
20 0
21 41
41 26
26 38
38 29
29 34
34 42
42 28
28 32
32 37
37 23
23 40
40 35
35 39
39 36
36 24
24 25
25 2
2 33
33 31
31 27
27 30
30 22
43 58
58 57
57 46
46 48
48 60
60 51
51 49
49 47
47 61
61 23
23 52
52 59
59 55
55 54
54 53
53 3
3 56
56 45
45 50
50 44
62 63
64 66
66 67
67 68
68 65
69 72
72 78
78 85
85 84
84 71
71 82
82 73
73 86
86 79
79 87
87 24
24 4
4 80
80 70
70 81
81 77
77 75
75 76
76 74
74 83
83 65
89 93
93 92
92 90
90 91
91 94
94 88
95 110
110 96
96 98
98 112
112 111
111 113
113 102
102 25
25 5
5 103
103 70
70 104
104 107
107 100
100 108
108 45
45 97
97 109
109 106
106 101
101 99
99 105
105 63
21 123
123 121
121 117
117 118
118 116
116 119
119 115
115 120
120 6
6 122
122 114
124 26
26 138
138 126
126 136
136 131
131 135
135 46
46 127
127 129
129 133
133 137
137 130
130 71
71 134
134 90
90 132
132 96
96 128
128 125
139 126
126 150
150 147
147 142
142 144
144 141
141 143
143 146
146 47
47 151
151 145
145 149
149 148
148 140
153 165
165 166
166 162
162 155
155 157
157 154
154 158
158 115
115 160
160 159
159 7
7 161
161 168
168 163
163 167
167 97
97 156
156 164
164 152
169 27
27 174
174 171
171 173
173 172
172 66
66 170
175 154
154 116
116 178
178 180
180 179
179 28
28 187
187 141
141 176
176 182
182 186
186 48
48 127
127 184
184 181
181 183
183 177
177 185
185 72
72 89
89 189
189 188
191 196
196 195
195 155
155 117
117 192
192 194
194 193
193 190
197 202
202 207
207 29
29 142
142 201
201 176
176 206
206 199
199 49
49 209
209 204
204 208
208 200
200 205
205 73
73 91
91 203
203 98
98 128
128 198
44 214
214 215
215 74
74 212
212 211
211 213
213 171
171 210
216 75
75 211
211 217
217 67
67 170
218 221
221 99
99 222
222 220
220 226
226 156
156 50
50 223
223 224
224 76
76 212
212 217
217 172
172 225
225 30
30 219
227 153
139 228
230 100
100 234
234 77
77 233
233 232
232 231
231 31
31 235
235 229
237 242
242 241
241 157
157 118
118 238
238 240
240 239
239 236
243 244
244 101
101 245
245 220
220 247
247 246
246 152
248 259
259 252
252 158
158 119
119 250
250 253
253 251
251 32
32 261
261 143
143 255
255 199
199 51
51 260
260 129
129 257
257 254
254 256
256 249
249 258
258 78
78 89
43 268
268 264
264 266
266 177
177 249
249 267
267 130
130 200
200 269
269 265
265 79
79 270
270 102
102 8
8 33
33 231
231 263
263 262
271 131
131 272
272 201
201 144
144 34
34 273
273 236
274 276
276 192
192 238
238 178
178 250
250 275
275 159
159 9
9 243
124 202
202 282
282 193
193 239
239 179
179 251
251 281
281 52
52 284
284 279
279 283
283 280
280 10
10 80
80 103
103 232
232 278
278 213
213 173
173 277
175 252
252 120
120 160
160 275
275 286
286 291
291 287
287 53
53 290
290 11
11 289
289 288
288 104
104 81
81 233
233 278
278 263
263 285
293 295
295 294
294 132
132 203
203 296
296 292
297 194
194 240
240 180
180 253
253 286
286 12
12 161
161 301
301 244
244 221
221 105
105 298
298 300
300 299
299 65
227 304
304 162
162 195
195 241
241 303
303 305
305 302
1 62
306 310
310 264
264 181
181 254
254 309
309 133
133 204
204 312
312 313
313 145
145 311
311 35
35 279
279 308
308 54
54 287
287 13
13 163
163 106
106 245
245 222
222 298
298 307
314 316
316 134
134 82
82 205
205 317
317 265
265 318
318 36
36 280
280 14
14 288
288 107
107 234
234 315
315 223
223 214
214 164
164 246
246 299
299 307
320 322
322 135
135 324
324 182
182 206
206 255
255 146
146 325
325 37
37 281
281 323
323 55
55 308
308 321
321 15
15 289
289 108
108 315
315 224
224 215
215 83
83 68
68 319
326 165
165 327
327 196
196 242
242 303
303 175
191 327
327 166
166 304
304 121
121 276
276 282
282 207
207 38
38 147
147 328
328 136
136 271
285 174
174 225
225 22
329 266
266 183
183 256
256 330
330 137
137 208
208 332
332 331
331 333
333 148
148 39
39 283
283 321
321 290
290 16
16 56
56 167
167 109
109 226
226 247
247 300
300 307
139 322
322 57
57 184
184 257
257 309
309 330
330 267
267 84
84 316
316 92
92 294
294 110
110 198
334 335
335 140
228 58
58 268
268 310
310 185
185 258
258 85
85 93
93 295
295 189
189 336
337 305
305 259
259 17
17 122
122 243
334 331
331 338
338 149
149 311
311 40
40 284
284 59
59 323
323 291
291 18
18 168
168 301
301 243
292 111
111 339
339 19
19 235
235 169
227 123
123 41
41 138
138 150
150 328
328 272
272 324
324 186
186 60
60 260
260 209
209 312
312 332
332 269
269 317
317 86
86 94
94 296
296 112
112 340
190 273
273 42
42 187
187 261
261 325
325 61
61 151
151 313
313 338
338 333
333 335
335 318
318 87
87 270
270 113
113 339
339 20
20 229
610
0 0.400000000000000 4.100000000000000
1 0.400000000000000 2.600000000000000
2 0.400000000000000 3.300000000000000
3 0.400000000000000 2.800000000000000
4 0.500000000000000 5.600000000000000
5 0.500000000000000 7.500000000000000
6 0.500000000000000 4.500000000000000
7 0.500000000000000 3.400000000000000
8 0.500000000000000 3.400000000000000
9 0.500000000000000 5.700000000000000
10 0.500000000000000 5.300000000000000
11 0.500000000000000 2.600000000000000
12 0.500000000000000 5.600000000000000
13 0.500000000000000 6.600000000000000
14 0.500000000000000 1.900000000000000
15 0.600000000000000 2.400000000000000
16 0.600000000000000 2.900000000000000
17 0.600000000000000 3.100000000000000
18 0.600000000000000 4.100000000000000
19 0.600000000000000 1.500000000000000
20 0.600000000000000 5.200000000000000
21 0.600000000000000 4.300000000000000
22 0.700000000000000 2.200000000000000
23 0.700000000000000 7.000000000000000
24 0.700000000000000 3.400000000000000
25 0.700000000000000 6.500000000000000
26 0.700000000000000 7.500000000000000
27 0.700000000000000 4.600000000000000
28 0.700000000000000 2.300000000000000
29 0.700000000000000 4.300000000000000
30 0.700000000000000 6.200000000000000
31 0.700000000000000 5.300000000000000
32 0.700000000000000 5.600000000000000
33 0.700000000000000 7.100000000000000
34 0.800000000000000 2.500000000000000
35 0.800000000000000 2.300000000000000
36 0.900000000000000 7.400000000000000
37 0.900000000000000 6.300000000000000
38 0.900000000000000 3.800000000000000
39 1.000000000000000 4.300000000000000
40 1.000000000000000 3.800000000000000
41 1.000000000000000 5.200000000000000
42 1.000000000000000 6.300000000000000
43 1.000000000000000 3.800000000000000
44 1.000000000000000 4.400000000000000
45 1.000000000000000 6.300000000000000
46 1.100000000000000 4.200000000000000
47 1.100000000000000 5.100000000000000
48 1.100000000000000 6.100000000000000
49 1.100000000000000 4.400000000000000
50 1.100000000000000 6.300000000000000
51 1.100000000000000 6.000000000000000
52 1.200000000000000 3.400000000000000
53 1.200000000000000 6.400000000000000
54 1.200000000000000 6.300000000000000
55 1.200000000000000 5.800000000000000
56 1.200000000000000 3.100000000000000
57 1.300000000000000 2.300000000000000
58 1.300000000000000 7.300000000000000
59 1.300000000000000 5.700000000000000
60 1.300000000000000 3.500000000000000
61 1.300000000000000 6.400000000000000
62 1.300000000000000 5.600000000000000
63 1.300000000000000 5.500000000000000
64 1.400000000000000 6.500000000000000
65 1.400000000000000 3.500000000000000
66 1.400000000000000 2.100000000000000
67 1.400000000000000 2.500000000000000
68 1.500000000000000 6.300000000000000
69 1.500000000000000 6.600000000000000
70 1.500000000000000 5.200000000000000
71 1.500000000000000 3.500000000000000
72 1.500000000000000 4.400000000000000
73 1.500000000000000 4.600000000000000
74 1.500000000000000 4.800000000000000
75 1.500000000000000 5.500000000000000
76 1.600000000000000 7.400000000000000
77 1.600000000000000 4.600000000000000
78 1.600000000000000 2.600000000000000
79 1.700000000000000 2.000000000000000
80 1.700000000000000 6.500000000000000
81 1.700000000000000 4.100000000000000
82 1.700000000000000 3.400000000000000
83 1.700000000000000 3.800000000000000
84 1.700000000000000 3.700000000000000
85 1.700000000000000 4.400000000000000
86 1.700000000000000 4.600000000000000
87 1.700000000000000 3.200000000000000
88 1.800000000000000 2.100000000000000
89 1.800000000000000 3.700000000000000
90 1.800000000000000 4.700000000000000
91 1.900000000000000 6.800000000000000
92 1.900000000000000 4.400000000000000
93 2.000000000000000 4.100000000000000
94 2.000000000000000 4.500000000000000
95 2.000000000000000 1.300000000000000
96 2.100000000000000 6.400000000000000
97 2.100000000000000 3.500000000000000
98 2.100000000000000 5.600000000000000
99 2.100000000000000 6.900000000000000
100 2.100000000000000 4.900000000000000
101 2.100000000000000 7.400000000000000
102 2.200000000000000 6.600000000000000
103 2.200000000000000 7.800000000000000
104 2.200000000000000 2.700000000000000
105 2.200000000000000 3.300000000000000
106 2.200000000000000 2.600000000000000
107 2.200000000000000 6.000000000000000
108 2.200000000000000 1.400000000000000
109 2.200000000000000 4.800000000000000
110 2.200000000000000 3.700000000000000
111 2.200000000000000 2.900000000000000
112 2.300000000000000 2.900000000000000
113 2.300000000000000 4.000000000000000
114 2.300000000000000 7.700000000000000
115 2.300000000000000 6.700000000000000
116 2.300000000000000 2.100000000000000
117 2.300000000000000 2.000000000000000
118 2.300000000000000 2.600000000000000
119 2.400000000000000 5.500000000000000
120 2.400000000000000 3.400000000000000
121 2.400000000000000 7.400000000000000
122 2.400000000000000 5.100000000000000
123 2.400000000000000 5.400000000000000
124 2.500000000000000 6.400000000000000
125 2.500000000000000 6.600000000000000
126 2.500000000000000 6.600000000000000
127 2.500000000000000 3.400000000000000
128 2.500000000000000 3.000000000000000
129 2.500000000000000 2.000000000000000
130 2.500000000000000 1.800000000000000
131 2.500000000000000 1.700000000000000
132 2.600000000000000 6.800000000000000
133 2.600000000000000 7.100000000000000
134 2.600000000000000 1.900000000000000
135 2.600000000000000 2.800000000000000
136 2.700000000000000 7.500000000000000
137 2.700000000000000 4.600000000000000
138 2.700000000000000 5.400000000000000
139 2.700000000000000 2.300000000000000
140 2.700000000000000 2.700000000000000
141 2.700000000000000 2.900000000000000
142 2.800000000000000 7.900000000000000
143 2.800000000000000 5.900000000000000
144 2.800000000000000 3.600000000000000
145 2.800000000000000 7.600000000000000
146 2.800000000000000 5.500000000000000
147 2.800000000000000 2.600000000000000
148 2.800000000000000 1.900000000000000
149 2.800000000000000 3.400000000000000
150 2.900000000000000 7.700000000000000
151 2.900000000000000 3.400000000000000
152 2.900000000000000 6.300000000000000
153 2.900000000000000 3.300000000000000
154 3.000000000000000 7.700000000000000
155 3.000000000000000 3.900000000000000
156 3.000000000000000 5.200000000000000
157 3.000000000000000 4.600000000000000
158 3.000000000000000 5.800000000000000
159 3.000000000000000 5.500000000000000
160 3.000000000000000 7.600000000000000
161 3.000000000000000 5.600000000000000
162 3.000000000000000 5.000000000000000
163 3.000000000000000 7.700000000000000
164 3.000000000000000 6.200000000000000
165 3.100000000000000 6.800000000000000
166 3.100000000000000 3.800000000000000
167 3.100000000000000 2.100000000000000
168 3.100000000000000 3.400000000000000
169 3.100000000000000 5.100000000000000
170 3.100000000000000 6.200000000000000
171 3.100000000000000 2.100000000000000
172 3.100000000000000 6.200000000000000
173 3.100000000000000 6.200000000000000
174 3.100000000000000 3.100000000000000
175 3.200000000000000 5.700000000000000
176 3.200000000000000 3.400000000000000
177 3.200000000000000 4.000000000000000
178 3.300000000000000 4.900000000000000
179 3.300000000000000 1.400000000000000
180 3.300000000000000 4.800000000000000
181 3.300000000000000 3.600000000000000
182 3.300000000000000 1.700000000000000
183 3.300000000000000 1.900000000000000
184 3.300000000000000 5.600000000000000
185 3.300000000000000 7.000000000000000
186 3.300000000000000 4.600000000000000
187 3.300000000000000 5.100000000000000
188 3.300000000000000 4.600000000000000
189 3.400000000000000 5.700000000000000
190 3.400000000000000 6.600000000000000
191 3.400000000000000 4.100000000000000
192 3.400000000000000 2.900000000000000
193 3.400000000000000 2.600000000000000
194 3.400000000000000 5.600000000000000
195 3.400000000000000 1.800000000000000
196 3.500000000000000 6.300000000000000
197 3.500000000000000 2.200000000000000
198 3.500000000000000 4.200000000000000
199 3.500000000000000 7.700000000000000
200 3.500000000000000 5.700000000000000
201 3.600000000000000 5.000000000000000
202 3.600000000000000 4.100000000000000
203 3.600000000000000 5.900000000000000
204 3.600000000000000 4.000000000000000
205 3.700000000000000 1.300000000000000
206 3.700000000000000 3.100000000000000
207 3.700000000000000 2.200000000000000
208 3.700000000000000 3.000000000000000
209 3.700000000000000 3.000000000000000
210 3.700000000000000 5.900000000000000
211 3.700000000000000 3.800000000000000
212 3.700000000000000 6.800000000000000
213 3.700000000000000 6.700000000000000
214 3.700000000000000 0.900000000000000
215 3.800000000000000 8.600000000000000
216 3.800000000000000 5.800000000000000
217 3.800000000000000 1.400000000000000
218 3.800000000000000 2.900000000000000
219 3.800000000000000 0.600000000000000
220 3.800000000000000 3.800000000000000
221 3.800000000000000 6.400000000000000
222 3.800000000000000 7.800000000000000
223 3.800000000000000 7.700000000000000
224 3.800000000000000 0.200000000000000
225 3.800000000000000 6.100000000000000
226 3.800000000000000 7.200000000000000
227 3.900000000000000 8.800000000000001
228 3.900000000000000 4.800000000000000
229 3.900000000000000 8.500000000000000
230 3.900000000000000 1.200000000000000
231 3.900000000000000 9.000000000000000
232 3.900000000000000 7.900000000000000
233 3.900000000000000 8.100000000000000
234 3.900000000000000 6.000000000000000
235 3.900000000000000 4.500000000000000
236 3.900000000000000 7.100000000000000
237 3.900000000000000 6.000000000000000
238 4.000000000000000 5.900000000000000
239 4.000000000000000 7.600000000000000
240 4.000000000000000 1.800000000000000
241 4.000000000000000 6.800000000000000
242 4.000000000000000 3.400000000000000
243 4.000000000000000 1.000000000000000
244 4.000000000000000 1.100000000000000
245 4.000000000000000 3.200000000000000
246 4.000000000000000 6.800000000000000
247 4.000000000000000 2.700000000000000
248 4.000000000000000 2.800000000000000
249 4.100000000000000 4.100000000000000
250 4.100000000000000 4.800000000000000
251 4.100000000000000 5.700000000000000
252 4.100000000000000 5.100000000000000
253 4.100000000000000 4.400000000000000
254 4.200000000000000 7.700000000000000
255 4.200000000000000 5.300000000000000
256 4.200000000000000 8.500000000000000
257 4.300000000000000 3.500000000000000
258 4.300000000000000 2.000000000000000
259 4.300000000000000 5.800000000000000
260 4.300000000000000 2.200000000000000
261 4.300000000000000 3.600000000000000
262 4.300000000000000 2.600000000000000
263 4.300000000000000 5.200000000000000
264 4.300000000000000 5.200000000000000
265 4.300000000000000 2.200000000000000
266 4.300000000000000 7.900000000000000
267 4.300000000000000 8.100000000000000
268 4.300000000000000 3.600000000000000
269 4.400000000000000 4.100000000000000
270 4.400000000000000 4.400000000000000
271 4.400000000000000 2.100000000000000
272 4.400000000000000 8.699999999999999
273 4.400000000000000 4.800000000000000
274 4.400000000000000 1.600000000000000
275 4.400000000000000 1.700000000000000
276 4.400000000000000 1.000000000000000
277 4.400000000000000 4.200000000000000
278 4.400000000000000 1.700000000000000
279 4.400000000000000 5.100000000000000
280 4.400000000000000 0.900000000000000
281 4.400000000000000 8.600000000000000
282 4.400000000000000 2.300000000000000
283 4.400000000000000 8.800000000000001
284 4.500000000000000 7.600000000000000
285 4.500000000000000 6.700000000000000
286 4.500000000000000 8.500000000000000
287 4.500000000000000 2.100000000000000
288 4.500000000000000 6.100000000000000
289 4.600000000000000 4.500000000000000
290 4.600000000000000 4.000000000000000
291 4.600000000000000 7.200000000000000
292 4.600000000000000 0.400000000000000
293 4.600000000000000 6.700000000000000
294 4.600000000000000 7.100000000000000
295 4.600000000000000 1.300000000000000
296 4.600000000000000 3.300000000000000
297 4.600000000000000 3.600000000000000
298 4.600000000000000 2.500000000000000
299 4.700000000000000 6.500000000000000
300 4.700000000000000 3.900000000000000
301 4.700000000000000 6.800000000000000
302 4.700000000000000 2.600000000000000
303 4.700000000000000 2.900000000000000
304 4.700000000000000 3.000000000000000
305 4.800000000000000 7.100000000000000
306 4.800000000000000 6.800000000000000
307 4.800000000000000 8.900000000000000
308 4.800000000000000 5.200000000000000
309 4.800000000000000 2.200000000000000
310 4.800000000000000 6.300000000000000
311 4.800000000000000 5.700000000000000
312 4.800000000000000 4.900000000000000
313 4.800000000000000 6.800000000000000
314 4.800000000000000 4.000000000000000
315 4.800000000000000 1.200000000000000
316 4.800000000000000 3.700000000000000
317 4.800000000000000 5.900000000000000
318 4.900000000000000 7.500000000000000
319 4.900000000000000 4.100000000000000
320 4.900000000000000 7.900000000000000
321 4.900000000000000 3.700000000000000
322 4.900000000000000 8.300000000000001
323 4.900000000000000 7.200000000000000
324 5.000000000000000 4.200000000000000
325 5.000000000000000 5.700000000000000
326 5.000000000000000 6.300000000000000
327 5.000000000000000 2.600000000000000
328 5.000000000000000 6.200000000000000
329 5.000000000000000 2.400000000000000
330 5.000000000000000 2.700000000000000
331 5.100000000000000 6.200000000000000
332 5.100000000000000 1.100000000000000
333 5.100000000000000 5.500000000000000
334 5.100000000000000 1.800000000000000
335 5.100000000000000 7.900000000000000
336 5.100000000000000 4.300000000000000
337 5.100000000000000 8.900000000000000
338 5.100000000000000 3.300000000000000
339 5.200000000000000 2.100000000000000
340 5.200000000000000 5.000000000000000
341 5.200000000000000 2.400000000000000
342 5.200000000000000 7.400000000000000
343 5.200000000000000 7.900000000000000
344 5.200000000000000 6.400000000000000
345 5.200000000000000 2.900000000000000
346 5.200000000000000 6.500000000000000
347 5.200000000000000 5.900000000000000
348 5.200000000000000 6.200000000000000
349 5.200000000000000 5.500000000000000
350 5.200000000000000 2.400000000000000
351 5.200000000000000 8.500000000000000
352 5.200000000000000 2.400000000000000
353 5.300000000000000 5.700000000000000
354 5.300000000000000 7.700000000000000
355 5.300000000000000 8.100000000000000
356 5.300000000000000 8.100000000000000
357 5.300000000000000 8.300000000000001
358 5.300000000000000 5.500000000000000
359 5.300000000000000 8.199999999999999
360 5.400000000000000 1.800000000000000
361 5.400000000000000 7.100000000000000
362 5.400000000000000 8.199999999999999
363 5.400000000000000 0.700000000000000
364 5.400000000000000 4.500000000000000
365 5.400000000000000 4.500000000000000
366 5.400000000000000 0.700000000000000
367 5.400000000000000 5.700000000000000
368 5.400000000000000 3.600000000000000
369 5.500000000000000 6.300000000000000
370 5.500000000000000 0.900000000000000
371 5.500000000000000 1.800000000000000
372 5.500000000000000 1.400000000000000
373 5.500000000000000 6.400000000000000
374 5.500000000000000 4.600000000000000
375 5.500000000000000 8.300000000000001
376 5.500000000000000 6.700000000000000
377 5.500000000000000 3.800000000000000
378 5.500000000000000 3.700000000000000
379 5.500000000000000 2.200000000000000
380 5.600000000000000 2.400000000000000
381 5.600000000000000 1.600000000000000
382 5.600000000000000 7.500000000000000
383 5.600000000000000 8.800000000000001
384 5.600000000000000 2.900000000000000
385 5.600000000000000 2.000000000000000
386 5.700000000000000 4.300000000000000
387 5.700000000000000 6.700000000000000
388 5.700000000000000 4.300000000000000
389 5.700000000000000 5.900000000000000
390 5.700000000000000 4.600000000000000
391 5.700000000000000 3.700000000000000
392 5.800000000000000 5.000000000000000
393 5.800000000000000 4.100000000000000
394 5.800000000000000 1.000000000000000
395 5.800000000000000 1.900000000000000
396 5.800000000000000 7.300000000000000
397 5.800000000000000 7.500000000000000
398 5.800000000000000 6.000000000000000
399 5.800000000000000 5.300000000000000
400 5.900000000000000 1.200000000000000
401 5.900000000000000 3.200000000000000
402 5.900000000000000 7.100000000000000
403 5.900000000000000 0.900000000000000
404 5.900000000000000 2.600000000000000
405 5.900000000000000 4.800000000000000
406 5.900000000000000 3.600000000000000
407 6.000000000000000 5.300000000000000
408 6.000000000000000 3.700000000000000
409 6.000000000000000 7.400000000000000
410 6.000000000000000 1.100000000000000
411 6.000000000000000 2.400000000000000
412 6.000000000000000 2.800000000000000
413 6.000000000000000 1.000000000000000
414 6.000000000000000 6.500000000000000
415 6.000000000000000 5.300000000000000
416 6.000000000000000 5.600000000000000
417 6.000000000000000 1.100000000000000
418 6.100000000000000 5.500000000000000
419 6.100000000000000 5.300000000000000
420 6.100000000000000 4.900000000000000
421 6.100000000000000 1.100000000000000
422 6.100000000000000 4.300000000000000
423 6.100000000000000 4.900000000000000
424 6.100000000000000 4.700000000000000
425 6.100000000000000 4.500000000000000
426 6.100000000000000 5.000000000000000
427 6.100000000000000 6.400000000000000
428 6.200000000000000 6.500000000000000
429 6.200000000000000 4.500000000000000
430 6.200000000000000 5.900000000000000
431 6.200000000000000 4.500000000000000
432 6.200000000000000 4.500000000000000
433 6.200000000000000 2.500000000000000
434 6.200000000000000 4.100000000000000
435 6.200000000000000 0.900000000000000
436 6.300000000000000 5.900000000000000
437 6.300000000000000 7.700000000000000
438 6.300000000000000 5.200000000000000
439 6.300000000000000 6.300000000000000
440 6.300000000000000 7.000000000000000
441 6.300000000000000 0.600000000000000
442 6.300000000000000 4.600000000000000
443 6.300000000000000 6.100000000000000
444 6.300000000000000 5.600000000000000
445 6.300000000000000 0.700000000000000
446 6.300000000000000 7.000000000000000
447 6.300000000000000 2.100000000000000
448 6.400000000000000 1.200000000000000
449 6.400000000000000 0.500000000000000
450 6.400000000000000 7.900000000000000
451 6.400000000000000 7.100000000000000
452 6.400000000000000 6.100000000000000
453 6.400000000000000 4.200000000000000
454 6.400000000000000 3.800000000000000
455 6.400000000000000 1.900000000000000
456 6.400000000000000 5.400000000000000
457 6.400000000000000 5.800000000000000
458 6.400000000000000 1.300000000000000
459 6.400000000000000 4.800000000000000
460 6.400000000000000 2.900000000000000
461 6.500000000000000 3.200000000000000
462 6.500000000000000 5.000000000000000
463 6.500000000000000 6.000000000000000
464 6.500000000000000 3.800000000000000
465 6.500000000000000 1.600000000000000
466 6.500000000000000 6.300000000000000
467 6.500000000000000 2.500000000000000
468 6.600000000000000 1.600000000000000
469 6.600000000000000 1.400000000000000
470 6.600000000000000 2.500000000000000
471 6.600000000000000 6.900000000000000
472 6.700000000000000 3.900000000000000
473 6.700000000000000 0.900000000000000
474 6.700000000000000 6.100000000000000
475 6.700000000000000 3.200000000000000
476 6.700000000000000 7.700000000000000
477 6.800000000000000 3.300000000000000
478 6.800000000000000 1.900000000000000
479 6.800000000000000 0.600000000000000
480 6.800000000000000 1.800000000000000
481 6.800000000000000 6.600000000000000
482 6.900000000000000 3.400000000000000
483 6.900000000000000 0.700000000000000
484 6.900000000000000 7.600000000000000
485 6.900000000000000 0.600000000000000
486 6.900000000000000 4.300000000000000
487 6.900000000000000 3.500000000000000
488 6.900000000000000 5.100000000000000
489 7.000000000000000 0.900000000000000
490 7.000000000000000 6.100000000000000
491 7.000000000000000 6.700000000000000
492 7.000000000000000 1.000000000000000
493 7.100000000000000 5.300000000000000
494 7.100000000000000 8.000000000000000
495 7.100000000000000 8.300000000000001
496 7.100000000000000 7.100000000000000
497 7.100000000000000 8.600000000000000
498 7.100000000000000 2.000000000000000
499 7.100000000000000 8.100000000000000
500 7.100000000000000 6.700000000000000
501 7.100000000000000 6.800000000000000
502 7.200000000000000 5.800000000000000
503 7.200000000000000 4.600000000000000
504 7.200000000000000 6.700000000000000
505 7.200000000000000 2.900000000000000
506 7.200000000000000 4.300000000000000
507 7.200000000000000 1.400000000000000
508 7.200000000000000 3.300000000000000
509 7.200000000000000 8.300000000000001
510 7.200000000000000 5.300000000000000
511 7.300000000000000 5.400000000000000
512 7.300000000000000 8.699999999999999
513 7.300000000000000 2.600000000000000
514 7.300000000000000 2.700000000000000
515 7.300000000000000 4.700000000000000
516 7.300000000000000 6.100000000000000
517 7.300000000000000 4.300000000000000
518 7.400000000000000 8.600000000000000
519 7.400000000000000 8.300000000000001
520 7.400000000000000 5.300000000000000
521 7.400000000000000 4.600000000000000
522 7.400000000000000 7.400000000000000
523 7.400000000000000 5.300000000000000
524 7.400000000000000 6.600000000000000
525 7.400000000000000 7.200000000000000
526 7.500000000000000 2.200000000000000
527 7.500000000000000 5.700000000000000
528 7.500000000000000 6.800000000000000
529 7.500000000000000 2.000000000000000
530 7.500000000000000 8.100000000000000
531 7.500000000000000 1.500000000000000
532 7.500000000000000 6.700000000000000
533 7.500000000000000 2.300000000000000
534 7.500000000000000 6.500000000000000
535 7.600000000000000 4.300000000000000
536 7.600000000000000 6.100000000000000
537 7.600000000000000 8.600000000000000
538 7.600000000000000 2.700000000000000
539 7.600000000000000 7.000000000000000
540 7.600000000000000 2.600000000000000
541 7.600000000000000 3.000000000000000
542 7.600000000000000 5.000000000000000
543 7.700000000000000 6.300000000000000
544 7.700000000000000 3.100000000000000
545 7.700000000000000 4.100000000000000
546 7.700000000000000 5.300000000000000
547 7.700000000000000 7.200000000000000
548 7.700000000000000 2.200000000000000
549 7.700000000000000 1.900000000000000
550 7.700000000000000 4.500000000000000
551 7.700000000000000 1.200000000000000
552 7.700000000000000 6.200000000000000
553 7.700000000000000 7.200000000000000
554 7.800000000000000 1.500000000000000
555 7.800000000000000 1.400000000000000
556 7.900000000000000 3.100000000000000
557 7.900000000000000 5.100000000000000
558 8.000000000000000 1.600000000000000
559 8.000000000000000 4.700000000000000
560 8.000000000000000 0.800000000000000
561 8.000000000000000 4.200000000000000
562 8.000000000000000 3.000000000000000
563 8.000000000000000 4.300000000000000
564 8.000000000000000 3.500000000000000
565 8.000000000000000 2.200000000000000
566 8.100000000000000 2.900000000000000
567 8.100000000000000 2.700000000000000
568 8.100000000000000 4.600000000000000
569 8.199999999999999 2.800000000000000
570 8.199999999999999 4.700000000000000
571 8.199999999999999 1.100000000000000
572 8.199999999999999 1.800000000000000
573 8.199999999999999 2.800000000000000
574 8.300000000000001 1.600000000000000
575 8.300000000000001 1.800000000000000
576 8.300000000000001 2.500000000000000
577 8.300000000000001 3.800000000000000
578 8.300000000000001 3.500000000000000
579 8.300000000000001 0.400000000000000
580 8.400000000000000 1.700000000000000
581 8.400000000000000 3.100000000000000
582 8.500000000000000 4.200000000000000
583 8.500000000000000 2.100000000000000
584 8.500000000000000 2.900000000000000
585 8.500000000000000 1.100000000000000
586 8.500000000000000 3.600000000000000
587 8.500000000000000 2.200000000000000
588 8.600000000000000 3.100000000000000
589 8.600000000000000 3.800000000000000
590 8.600000000000000 2.600000000000000
591 8.699999999999999 3.700000000000000
592 8.699999999999999 1.700000000000000
593 8.699999999999999 3.000000000000000
594 8.800000000000001 0.700000000000000
595 8.800000000000001 5.300000000000000
596 8.800000000000001 4.000000000000000
597 9.000000000000000 2.400000000000000
598 9.000000000000000 1.000000000000000
599 9.000000000000000 4.600000000000000
600 9.000000000000000 5.000000000000000
601 9.000000000000000 0.500000000000000
602 9.000000000000000 4.300000000000000
603 9.000000000000000 2.100000000000000
604 9.000000000000000 5.200000000000000
605 9.100000000000000 2.100000000000000
606 9.100000000000000 3.400000000000000
607 9.100000000000000 0.800000000000000
608 9.100000000000000 1.700000000000000
609 9.300000000000001 5.500000000000000
