340
0 3.790000000000000 5.890000000000000
1 2.270000000000000 2.040000000000000
2 3.524149993194501 5.216629916972915
3 3.056347131861905 4.031734511623903
4 2.893730094880537 3.619842674532940
5 2.591872308556449 2.855268676277848
6 2.516526969875313 2.664426864486813
7 3.480286998812419 5.105529569360402
8 7.400000000000000 0.840000000000000
9 2.790000000000000 3.250000000000000
10 7.013786924939469 1.041903147699757
11 3.976133325431563 2.629917285403456
12 5.807387159756518 1.672580682209716
13 3.339408374820978 2.962782172815931
14 3.571475305149139 2.841463018349366
15 6.840150710326875 1.132676092865994
16 6.258846312562636 1.436568413606084
17 3.297253046537979 2.984819990855416
18 3.686096960397487 2.781541502265088
19 5.783250004103540 1.685199021715936
20 4.588037466333205 2.310028135821470
21 2.961336596441416 3.160429241339737
22 6.443204197554635 1.340190430345624
23 2.841789883989343 3.222925461949172
24 4.540000000000000 5.180000000000000
25 7.200000000000000 9.890000000000001
26 6.357116801998751 8.397526367448917
27 5.412296687156612 6.724555412220919
28 5.324652020417800 6.569365043672120
29 4.902377782513513 5.821653893097236
30 5.522623459985506 6.919908457342756
31 5.703231575610584 7.239707038017237
32 5.875035971223022 7.543917076864824
33 6.485800070704496 8.625382831961721
34 4.904618513923072 5.825621503976568
35 7.085731731109682 9.687667839671654
36 6.438618777092701 8.541840015077678
37 6.555850188677375 8.749418943109186
38 5.493617494277162 6.868548269941892
39 8.510000000000000 9.810000000000000
40 4.730000000000000 7.330000000000000
41 6.566400888228154 8.534834445186725
42 7.167590690541988 8.929265849879400
43 8.291952523697642 9.666942396500041
44 4.844664708794824 7.405229756034698
45 6.530000000000000 8.840000000000000
46 2.150000000000000 8.380000000000001
47 3.061867709794226 8.475766928425879
48 4.999657844714140 8.679279134376371
49 6.314871843129874 8.817406631926882
50 4.778083946742692 8.656008816324576
51 3.495151961103917 8.521271667147900
52 8.369999999999999 4.100000000000000
53 4.960876712775145 7.125128631246231
54 5.140209035534530 6.965995828358096
55 7.426272830485745 4.937428230090946
56 6.967432253249383 5.344586214836399
57 4.758794134671041 7.304449160717732
58 6.251080157098960 5.980250300156692
59 5.028024494672906 7.065544198408382
60 7.367630164636074 4.989465540721286
61 5.502014006183526 6.644943615392092
62 8.361193062161330 4.107814947587610
63 4.766485849056604 7.297623820754717
64 7.265530591026632 5.080064887632961
65 5.812481164285578 6.369446659164171
66 4.930000000000000 9.760000000000000
67 2.877758886601739 8.741261605579281
68 4.861282853566959 9.725888610763455
69 3.097338748850235 8.850261681083930
70 7.930000000000000 3.800000000000000
71 3.800000000000000 8.190000000000000
72 4.718502627252506 7.213673962799394
73 5.010729747393619 6.903049977952062
74 7.317983394728046 4.450545495676484
75 6.677760881097329 5.131072574329957
76 4.672217573221757 7.262872845897453
77 6.060599458172563 5.787086774484854
78 4.916901891939908 7.002784671763632
79 7.386991573101924 4.377192976775437
80 7.179700681511163 4.597533658151572
81 5.393526740449226 6.496154384849369
82 4.371237922797194 7.582800367777316
83 4.489487759533002 7.457106231392280
84 4.054986299023804 7.918961294742251
85 4.690301276020937 7.243650701759826
86 7.468804419504547 4.290229684836571
87 4.679818104562754 7.254793830743221
88 7.467729014680492 4.291372790690711
89 7.090000000000000 1.010000000000000
90 6.230000000000000 1.370000000000000
91 6.761977299880526 1.147311827956989
92 8.350000000000000 0.850000000000000
93 2.310000000000000 9.560000000000000
94 4.368863783337190 6.591009345551833
95 3.714187480278648 7.535087259399500
96 5.819801641513674 4.498680083181442
97 6.371870639970451 3.702567338718108
98 6.906619909655945 2.931430560744489
99 4.095133937043507 6.985742286150836
100 5.394655507979758 5.111763332035812
101 4.317909884934618 6.664487566592629
102 5.543580140184304 4.897006122350118
103 6.595759155190515 3.379708238127586
104 3.929356394795303 7.224802284988894
105 4.902059866829857 5.822112344356282
106 4.127308381429247 6.939345032740274
107 3.969095381822634 7.167496560318685
108 3.561601775756706 7.755123929330975
109 4.381725287125999 6.572462375684197
110 5.715873970145026 4.648549291396826
111 4.105407055361120 6.970927905265670
112 2.560000000000000 2.610000000000000
113 7.460000000000000 0.780000000000000
114 3.213097677102871 2.366088010388111
115 5.521041068530771 1.504141805018100
116 3.288199967537738 2.338039603960396
117 3.022906245416662 2.437118687936226
118 6.189505527605465 1.254490792751429
119 2.828686429266877 2.509653843763595
120 4.053463738374885 2.052237011994686
121 5.669795463728391 1.448586592117764
122 4.652573807889083 1.828487741135302
123 4.892879827971218 1.738740798941361
124 7.110000000000000 6.340000000000000
125 3.880000000000000 7.520000000000000
126 5.250157805559371 7.019446993634657
127 4.634029705632900 7.244534039428228
128 6.739357653157994 6.475404944047544
129 5.065712456791704 7.086829504949161
130 3.890298016578850 7.516237876296271
131 5.664664567123150 6.868017278883802
132 4.290569970545928 7.370008493732447
133 4.316175457041060 7.360654167396764
134 5.359416346877111 6.979532108571210
135 4.682556918376745 7.226805831676607
136 4.648419509539067 7.239277083202445
137 6.925211637637442 6.407507822782606
138 6.014971132100572 6.740041505919915
139 5.220000000000000 3.060000000000000
140 3.292756648555905 2.393631112382042
141 2.673347025092522 2.179462361218431
142 2.414992141734535 2.090132876125161
143 3.794166314447207 2.566999878215644
144 4.519964931031027 2.817953976153101
145 3.140000000000000 3.860000000000000
146 3.404608801955991 3.758227383863081
147 4.331555054732775 3.401709594333548
148 3.879721146398141 3.575491866769946
149 3.143539299242424 3.858638731060606
150 4.447717391304348 3.357031772575251
151 3.145080831408776 3.858045834073548
152 3.398831598864711 3.760449385052034
153 3.599753126200278 6.217109202409707
154 3.605458765782549 6.208596942547089
155 5.104829346078904 3.971681724574591
156 7.031825676588505 1.096790437964114
157 6.472930207778369 1.930608171796238
158 4.767168667159678 4.475438648387281
159 3.579438976377953 6.247415940100099
160 6.139468100155609 2.428101235192948
161 4.180532383858934 5.350642981975639
162 4.390119486209301 5.037959390007583
163 4.361471062922092 5.080700053899632
164 3.761841393449965 5.975289257140438
165 6.957256671383611 1.208040148158459
166 3.236136924147769 6.759589244743107
167 2.749584204662956 7.485478625836845
168 3.966679699921394 5.669690407202293
169 4.482089277539110 4.900749397679506
170 3.346022494281617 6.595650651243822
171 6.160000000000000 1.880000000000000
172 4.290000000000000 0.780000000000000
173 5.360490306582506 1.409700180342651
174 5.765339881106229 1.647846988886017
175 4.756329398538504 1.054311410905003
176 5.607534876087313 1.555020515345478
177 7.370000000000000 8.050000000000001
178 3.400000000000000 6.120000000000000
179 3.606422243247893 6.220351367624291
180 7.110337702985791 7.923766188101405
181 4.035985908625481 6.429182066409869
182 6.063312420116016 7.414758934716351
183 3.910846553232864 6.368346057365095
184 5.288570636694832 7.038121241516631
185 4.396408527659224 6.604400115461537
186 6.499491867043847 7.626805869872702
187 3.740000000000000 7.850000000000000
188 3.240000000000000 1.750000000000000
189 3.313902359108782 2.651608781127130
190 3.244577405656983 1.805844349015185
191 3.345200201460590 3.033442457819190
192 3.610058109189603 6.264708932113157
193 3.375150715377136 3.398838727601055
194 3.435337708504239 4.133120043751710
195 3.405545715653423 3.769657730971756
196 3.537918838162741 5.384609825585436
197 3.670433159073936 7.001284540702017
198 3.736997313891021 7.813367229470453
199 3.473327204192333 4.596591891146455
200 3.514470657972733 5.098542027267338
201 3.649476507400418 6.745613390285090
202 7.220000000000000 4.010000000000000
203 7.624558947398994 5.828947205359823
204 8.068013608428446 7.822774363476735
205 7.306704183469449 4.399832762885898
206 7.498594368163835 5.262594833604839
207 7.894533580705009 7.042786641929499
208 8.477473041168658 9.663754758742808
209 7.488796578025720 5.218542753914091
210 7.290436275710533 4.326690231876817
211 7.368589268071459 4.678075778925943
212 8.440000000000000 6.430000000000000
213 2.050000000000000 1.720000000000000
214 2.384838527083224 1.966805862685757
215 6.020408959039466 4.646545570747400
216 3.633050887775041 2.886849715402260
217 6.134240091417573 4.730449269260840
218 7.849745516182972 5.994929793618435
219 4.431824508853845 3.475617126244384
220 7.162512939618916 5.488378082254318
221 5.956418781670052 4.599379101982151
222 7.161114801264518 5.487347529570560
223 1.620000000000000 2.110000000000000
224 7.365297758598681 1.034357328999356
225 2.307631964043063 1.981260583254939
226 5.627206066419205 1.359765283255840
227 4.691924642144462 1.534869977845168
228 2.166448315826459 2.007693183069637
229 5.550000000000000 5.910000000000000
230 6.773422856681990 2.624052746189209
231 5.723165719980069 5.444900448430494
232 5.972152674707565 4.776155381544603
233 6.537395667145528 3.257989647928503
234 7.336976862420117 1.110423400934451
235 6.044687813187461 4.581335873480798
236 4.980000000000000 0.010000000000000
237 6.240000000000000 1.150000000000000
238 5.990000000000000 8.570000000000000
239 4.540000000000000 8.730000000000000
240 4.795447868207360 8.701812649025396
241 7.140000000000000 3.470000000000000
242 6.239747471174931 1.392494164249841
243 3.750000000000000 6.820000000000000
244 5.520000000000000 7.670000000000000
245 3.969482324614206 6.925401116340155
246 4.155973049855159 7.014958809252478
247 4.890214206482889 7.367560494638676
248 4.706766309774345 7.279464047066776
249 9.859999999999999 9.640000000000001
250 3.486851187860000 3.177088528534085
251 5.261357961638860 4.976588355464759
252 9.349129118740811 9.121933754216034
253 7.611930687907916 7.360267739850283
254 4.353983126677744 4.056433593250671
255 6.393322279913317 6.124495833151533
256 5.068390079722586 4.780902616056707
257 6.873047646181433 6.610977894719201
258 2.380000000000000 5.570000000000000
259 7.320000000000000 8.359999999999999
260 6.922076695986097 8.135261939635871
261 4.026506935687264 6.499909787564264
262 6.355228412090204 7.815118880512483
263 3.942799417369273 6.452633679040541
264 5.163138224331110 7.141853369612104
265 4.461253120926864 6.745444576393917
266 6.712695059008180 8.017007938184781
267 4.110000000000000 1.940000000000000
268 2.080000000000000 5.970000000000000
269 2.399484815098678 5.335751820272082
270 3.144239556793575 3.857248564592065
271 3.277098645299118 3.593493822386479
272 3.038491141122537 4.067182611466096
273 3.138581414002521 3.868481232300414
274 7.111321729414410 4.454927554107686
275 8.292463495520463 4.121864079592140
276 7.450304186199592 4.359339811724396
277 9.539999999999999 9.520000000000000
278 8.191967923597954 6.708643630135208
279 5.708397096227215 1.529091312526494
280 7.480687274007781 5.225249117503071
281 7.071310079091462 4.371482204421009
282 7.316236414702649 4.882282522768025
283 0.010000000000000 6.100000000000000
284 2.480000000000000 5.310000000000000
285 5.280000000000000 9.980000000000000
286 6.738789836312582 8.341169645914663
287 5.516211747358073 9.714635536986975
288 6.519899752657700 8.587074644957330
289 6.416562246013573 8.703165831218929
290 6.832371479976550 8.236038369013686
291 4.840000000000000 0.430000000000000
292 4.241335528723015 4.896957977989810
293 4.239187074446074 4.912988752210058
294 4.009324375616791 6.628118120397783
295 4.656456145652338 1.799519528594092
296 3.939261700175190 7.150893467923584
297 3.845641457841705 7.849444506873431
298 4.099155416590031 5.957840353135920
299 4.234031767805090 4.951455270992783
300 3.972203046826690 6.905100342908539
301 1.290000000000000 2.100000000000000
302 4.196556271659531 4.854521020526571
303 2.854989536838795 3.583128545681073
304 3.125061341897325 3.839073517859618
305 2.244692645746825 3.004754876584684
306 4.287342065471398 4.940558018969817
307 1.490000000000000 0.660000000000000
308 2.539530897430822 2.750988480266023
309 2.503972331646846 2.680144876127177
310 7.190000000000000 8.960000000000001
311 5.600563973739996 6.780103938066732
312 4.262927581390568 4.945548626745163
313 4.040000000000000 9.740000000000000
314 5.181581792147369 9.720385192574788
315 4.279229103628237 7.340092718540933
316 4.562571528558110 8.087514264701461
317 4.432986716589589 7.745685890272869
318 2.509873702899184 2.672756545189210
319 3.435585388451231 5.114667104419527
320 4.147090275087176 6.991527170827965
321 2.590000000000000 6.400000000000000
322 4.664298294877463 7.554392094540502
323 1.920000000000000 7.210000000000000
324 4.175194883207022 7.958878756283166
325 8.140000000000001 4.680000000000000
326 2.880000000000000 9.029999999999999
327 4.896868735882205 7.362057224127835
328 7.160403317694976 5.490122731564041
329 5.901072127650957 6.531584837398922
330 3.687806950840589 5.063110049754644
331 4.700012432458280 7.264773585807871
332 9.320000000000000 3.730000000000000
333 9.990000000000000 3.640000000000000
334 0.020000000000000 5.790000000000000
335 9.279999999999999 3.920000000000000
336 7.467978808304501 4.290398449478933
337 6.640000000000000 7.520000000000000
338 5.780000000000000 6.310000000000000
339 6.840000000000000 8.250000000000000
596
1 6
6 5
5 4
4 3
3 7
7 2
2 0
9 23
23 21
21 17
17 13
13 14
14 18
18 11
11 20
20 19
19 12
12 16
16 22
22 15
15 10
10 8
24 29
29 34
34 28
28 27
27 38
38 30
30 31
31 32
32 26
26 36
36 33
33 37
37 35
35 25
40 44
44 26
26 41
41 42
42 43
43 39
46 47
47 51
51 50
50 48
48 49
49 45
40 57
57 63
63 53
53 59
59 54
54 27
27 61
61 65
65 58
58 56
56 64
64 60
60 55
55 62
62 52
46 67
67 69
69 68
68 66
71 84
84 82
82 83
83 76
76 87
87 85
85 72
72 78
78 73
73 28
28 81
81 77
77 75
75 80
80 74
74 79
79 88
88 86
86 70
90 91
91 10
10 89
93 67
67 47
47 108
108 95
95 104
104 107
107 99
99 111
111 106
106 101
101 94
94 109
109 105
105 29
29 100
100 102
102 110
110 96
96 97
97 103
103 98
98 92
112 119
119 117
117 114
114 116
116 120
120 122
122 123
123 115
115 121
121 118
118 113
125 130
130 132
132 133
133 127
127 136
136 135
135 72
72 53
53 129
129 126
126 134
134 30
30 131
131 138
138 128
128 137
137 124
1 142
142 141
141 114
114 140
140 143
143 11
11 144
144 139
145 149
149 151
151 152
152 146
146 148
148 147
147 150
150 139
46 167
167 166
166 170
170 159
159 153
153 154
154 164
164 168
168 161
161 163
163 162
162 169
169 158
158 155
155 160
160 157
157 165
165 156
156 89
172 175
175 173
173 115
115 176
176 174
174 12
12 171
178 153
153 179
179 183
183 181
181 94
94 185
185 73
73 54
54 126
126 184
184 31
31 182
182 186
186 180
180 177
188 190
190 116
116 140
140 189
189 13
13 191
191 193
193 146
146 195
195 194
194 199
199 200
200 2
2 196
196 154
154 179
179 192
192 201
201 197
197 95
95 198
198 187
202 210
210 205
205 74
74 211
211 55
55 209
209 206
206 203
203 207
207 204
204 208
208 39
213 214
214 141
141 117
117 189
189 14
14 216
216 147
147 219
219 155
155 96
96 221
221 215
215 217
217 75
75 56
56 222
222 220
220 203
203 218
218 212
223 228
228 225
225 214
214 190
190 227
227 173
173 226
226 118
118 91
91 15
15 156
156 224
224 92
229 231
231 232
232 215
215 235
235 97
97 233
233 230
230 234
234 224
224 113
236 237
239 240
240 48
48 238
90 242
242 16
16 157
157 230
230 98
98 241
243 245
245 99
99 246
246 127
127 76
76 248
248 57
57 247
247 244
213 225
225 142
142 119
119 17
17 191
191 250
250 148
148 254
254 158
158 256
256 251
251 100
100 231
231 77
77 58
58 255
255 128
128 257
257 253
253 204
204 252
252 249
258 159
159 192
192 263
263 261
261 101
101 265
265 78
78 59
59 129
129 264
264 32
32 262
262 266
266 260
260 259
268 269
269 272
272 3
3 273
273 149
149 270
270 271
271 193
193 250
250 216
216 18
18 143
143 120
120 267
24 251
251 102
102 232
232 217
217 274
274 205
205 79
79 276
276 275
275 52
236 226
226 121
121 279
279 174
174 19
19 160
160 233
233 103
103 281
281 274
274 80
80 282
282 60
60 280
280 206
206 218
218 278
278 252
252 277
283 269
269 284
285 287
287 49
49 289
289 33
33 288
288 41
41 286
286 290
290 260
260 180
180 253
253 207
207 278
278 212
71 297
297 130
130 104
104 296
296 245
245 300
300 294
294 261
261 181
181 298
298 161
161 299
299 293
293 292
292 254
254 219
219 150
150 144
144 20
20 122
122 295
295 227
227 175
175 291
301 305
305 303
303 4
4 304
304 270
270 151
151 194
194 302
302 292
292 306
306 162
162 24
307 228
228 309
309 308
308 5
5 9
112 21
21 271
271 152
152 195
195 302
302 293
293 312
312 163
163 105
105 34
34 81
81 61
61 311
311 131
131 182
182 262
262 286
286 42
42 310
313 68
68 314
314 287
287 35
35 43
43 208
208 249
1 318
318 308
308 303
303 272
272 319
319 196
196 164
164 183
183 263
263 294
294 106
106 320
320 246
246 315
315 132
132 82
82 317
317 316
316 50
50 240
240 314
314 285
267 295
295 123
123 176
176 279
279 242
242 22
22 165
165 234
234 92
321 166
166 197
197 296
296 107
107 315
315 133
133 83
83 322
322 36
36 288
288 310
323 167
167 108
108 198
198 297
297 84
84 324
324 316
316 289
289 37
37 310
326 69
69 51
51 324
324 317
317 322
322 44
44 247
247 327
327 264
264 184
184 134
134 38
38 311
311 329
329 255
255 328
328 220
220 280
280 209
209 325
112 23
23 304
304 273
273 199
199 330
330 168
168 298
298 109
109 185
185 265
265 135
135 85
85 331
331 248
248 40
332 333
334 305
305 309
309 318
318 6
6 112
284 319
319 7
7 200
200 330
330 299
299 312
312 306
306 169
169 256
256 110
110 221
221 235
235 281
281 210
210 336
336 86
86 275
275 62
62 335
268 170
170 201
201 300
300 111
111 320
320 136
136 87
87 331
331 63
63 327
327 244
337 257
257 137
137 328
328 222
222 64
64 282
282 211
211 276
276 88
88 336
336 92
338 65
65 329
329 138
138 186
186 266
266 290
290 339
529
0 2.100000000000000 5.200000000000000
1 2.100000000000000 4.000000000000000
2 2.100000000000000 5.300000000000000
3 2.100000000000000 2.700000000000000
4 2.200000000000000 2.000000000000000
5 2.200000000000000 2.800000000000000
6 2.200000000000000 6.700000000000000
7 2.200000000000000 6.900000000000000
8 2.200000000000000 6.400000000000000
9 2.200000000000000 2.300000000000000
10 2.200000000000000 4.400000000000000
11 2.200000000000000 2.800000000000000
12 2.200000000000000 6.000000000000000
13 2.200000000000000 2.000000000000000
14 2.200000000000000 7.800000000000000
15 2.300000000000000 3.200000000000000
16 2.300000000000000 8.199999999999999
17 2.300000000000000 3.600000000000000
18 2.300000000000000 3.700000000000000
19 2.400000000000000 5.000000000000000
20 2.400000000000000 3.900000000000000
21 2.400000000000000 8.300000000000001
22 2.400000000000000 3.000000000000000
23 2.400000000000000 5.700000000000000
24 2.400000000000000 5.000000000000000
25 2.400000000000000 5.900000000000000
26 2.400000000000000 3.700000000000000
27 2.500000000000000 6.400000000000000
28 2.500000000000000 2.600000000000000
29 2.500000000000000 3.500000000000000
30 2.500000000000000 8.400000000000000
31 2.500000000000000 3.800000000000000
32 2.500000000000000 8.300000000000001
33 2.500000000000000 5.300000000000000
34 2.500000000000000 4.800000000000000
35 2.500000000000000 7.100000000000000
36 2.600000000000000 3.100000000000000
37 2.600000000000000 7.300000000000000
38 2.600000000000000 6.400000000000000
39 2.600000000000000 8.600000000000000
40 2.600000000000000 7.700000000000000
41 2.600000000000000 2.100000000000000
42 2.700000000000000 5.300000000000000
43 2.700000000000000 6.800000000000000
44 2.700000000000000 8.300000000000001
45 2.700000000000000 3.300000000000000
46 2.700000000000000 6.700000000000000
47 2.700000000000000 5.500000000000000
48 2.700000000000000 7.300000000000000
49 2.700000000000000 6.500000000000000
50 2.800000000000000 7.400000000000000
51 2.800000000000000 3.000000000000000
52 2.800000000000000 6.600000000000000
53 2.800000000000000 3.600000000000000
54 2.800000000000000 8.600000000000000
55 2.800000000000000 3.700000000000000
56 2.800000000000000 4.800000000000000
57 2.800000000000000 4.000000000000000
58 2.900000000000000 6.300000000000000
59 2.900000000000000 7.600000000000000
60 2.900000000000000 2.300000000000000
61 2.900000000000000 5.600000000000000
62 2.900000000000000 2.100000000000000
63 3.000000000000000 3.100000000000000
64 3.000000000000000 6.600000000000000
65 3.000000000000000 5.500000000000000
66 3.000000000000000 5.000000000000000
67 3.000000000000000 7.200000000000000
68 3.000000000000000 7.400000000000000
69 3.000000000000000 3.900000000000000
70 3.100000000000000 2.200000000000000
71 3.100000000000000 5.900000000000000
72 3.100000000000000 4.600000000000000
73 3.100000000000000 3.000000000000000
74 3.100000000000000 7.300000000000000
75 3.200000000000000 7.800000000000000
76 3.200000000000000 8.900000000000000
77 3.200000000000000 2.700000000000000
78 3.200000000000000 2.800000000000000
79 3.200000000000000 7.200000000000000
80 3.200000000000000 1.900000000000000
81 3.200000000000000 8.600000000000000
82 3.200000000000000 3.600000000000000
83 3.300000000000000 5.400000000000000
84 3.300000000000000 5.300000000000000
85 3.300000000000000 2.400000000000000
86 3.300000000000000 2.300000000000000
87 3.300000000000000 2.700000000000000
88 3.300000000000000 6.400000000000000
89 3.300000000000000 3.700000000000000
90 3.400000000000000 8.900000000000000
91 3.400000000000000 6.800000000000000
92 3.400000000000000 5.600000000000000
93 3.400000000000000 4.400000000000000
94 3.400000000000000 2.600000000000000
95 3.400000000000000 7.900000000000000
96 3.400000000000000 6.000000000000000
97 3.400000000000000 6.900000000000000
98 3.400000000000000 6.300000000000000
99 3.500000000000000 5.400000000000000
100 3.500000000000000 8.199999999999999
101 3.500000000000000 8.300000000000001
102 3.500000000000000 2.200000000000000
103 3.500000000000000 7.600000000000000
104 3.500000000000000 6.300000000000000
105 3.600000000000000 7.600000000000000
106 3.600000000000000 3.200000000000000
107 3.600000000000000 7.400000000000000
108 3.600000000000000 9.000000000000000
109 3.700000000000000 2.500000000000000
110 3.700000000000000 5.100000000000000
111 3.700000000000000 3.500000000000000
112 3.700000000000000 5.100000000000000
113 3.800000000000000 3.100000000000000
114 3.800000000000000 3.800000000000000
115 3.800000000000000 5.700000000000000
116 3.800000000000000 3.900000000000000
117 3.800000000000000 7.500000000000000
118 3.800000000000000 6.500000000000000
119 3.900000000000000 9.199999999999999
120 3.900000000000000 5.000000000000000
121 3.900000000000000 4.800000000000000
122 3.900000000000000 7.000000000000000
123 3.900000000000000 7.100000000000000
124 3.900000000000000 6.600000000000000
125 3.900000000000000 8.000000000000000
126 3.900000000000000 4.700000000000000
127 4.000000000000000 5.300000000000000
128 4.000000000000000 4.900000000000000
129 4.000000000000000 2.100000000000000
130 4.000000000000000 7.300000000000000
131 4.000000000000000 7.100000000000000
132 4.000000000000000 5.900000000000000
133 4.000000000000000 3.000000000000000
134 4.000000000000000 8.199999999999999
135 4.000000000000000 4.600000000000000
136 4.000000000000000 4.400000000000000
137 4.100000000000000 8.600000000000000
138 4.100000000000000 4.800000000000000
139 4.100000000000000 8.600000000000000
140 4.100000000000000 4.300000000000000
141 4.100000000000000 3.600000000000000
142 4.100000000000000 6.900000000000000
143 4.100000000000000 3.600000000000000
144 4.100000000000000 7.500000000000000
145 4.100000000000000 2.400000000000000
146 4.200000000000000 2.400000000000000
147 4.200000000000000 4.000000000000000
148 4.200000000000000 2.900000000000000
149 4.200000000000000 4.100000000000000
150 4.300000000000000 6.100000000000000
151 4.300000000000000 3.100000000000000
152 4.300000000000000 7.300000000000000
153 4.300000000000000 2.200000000000000
154 4.300000000000000 4.700000000000000
155 4.300000000000000 5.100000000000000
156 4.300000000000000 7.100000000000000
157 4.300000000000000 5.300000000000000
158 4.300000000000000 2.200000000000000
159 4.300000000000000 8.600000000000000
160 4.400000000000000 7.100000000000000
161 4.400000000000000 8.800000000000001
162 4.400000000000000 8.100000000000000
163 4.400000000000000 9.300000000000001
164 4.400000000000000 5.400000000000000
165 4.400000000000000 3.600000000000000
166 4.500000000000000 3.700000000000000
167 4.500000000000000 5.600000000000000
168 4.500000000000000 3.200000000000000
169 4.500000000000000 9.000000000000000
170 4.500000000000000 5.600000000000000
171 4.500000000000000 9.300000000000001
172 4.500000000000000 3.500000000000000
173 4.500000000000000 8.699999999999999
174 4.500000000000000 5.200000000000000
175 4.500000000000000 8.699999999999999
176 4.600000000000000 4.600000000000000
177 4.600000000000000 5.000000000000000
178 4.600000000000000 6.700000000000000
179 4.600000000000000 9.400000000000000
180 4.600000000000000 6.700000000000000
181 4.600000000000000 3.000000000000000
182 4.600000000000000 2.000000000000000
183 4.600000000000000 5.700000000000000
184 4.600000000000000 3.900000000000000
185 4.700000000000000 2.300000000000000
186 4.700000000000000 6.100000000000000
187 4.700000000000000 7.400000000000000
188 4.700000000000000 8.300000000000001
189 4.700000000000000 5.900000000000000
190 4.700000000000000 4.200000000000000
191 4.700000000000000 7.300000000000000
192 4.700000000000000 4.400000000000000
193 4.700000000000000 4.000000000000000
194 4.700000000000000 2.700000000000000
195 4.800000000000000 5.600000000000000
196 4.800000000000000 8.500000000000000
197 4.800000000000000 1.800000000000000
198 4.800000000000000 9.600000000000000
199 4.800000000000000 5.300000000000000
200 4.800000000000000 5.500000000000000
201 4.800000000000000 9.100000000000000
202 4.800000000000000 2.800000000000000
203 4.800000000000000 1.200000000000000
204 4.900000000000000 6.700000000000000
205 4.900000000000000 4.500000000000000
206 4.900000000000000 4.300000000000000
207 4.900000000000000 5.200000000000000
208 4.900000000000000 3.100000000000000
209 4.900000000000000 3.100000000000000
210 4.900000000000000 7.700000000000000
211 4.900000000000000 5.600000000000000
212 4.900000000000000 9.100000000000000
213 5.000000000000000 6.400000000000000
214 5.000000000000000 8.500000000000000
215 5.000000000000000 5.400000000000000
216 5.000000000000000 7.300000000000000
217 5.000000000000000 5.100000000000000
218 5.000000000000000 3.000000000000000
219 5.000000000000000 3.100000000000000
220 5.000000000000000 8.100000000000000
221 5.000000000000000 5.200000000000000
222 5.000000000000000 1.900000000000000
223 5.100000000000000 8.800000000000001
224 5.100000000000000 2.200000000000000
225 5.100000000000000 2.600000000000000
226 5.100000000000000 7.200000000000000
227 5.100000000000000 2.400000000000000
228 5.100000000000000 7.000000000000000
229 5.100000000000000 9.600000000000000
230 5.100000000000000 3.400000000000000
231 5.100000000000000 8.800000000000001
232 5.100000000000000 9.500000000000000
233 5.200000000000000 7.000000000000000
234 5.200000000000000 6.500000000000000
235 5.200000000000000 9.300000000000001
236 5.200000000000000 6.600000000000000
237 5.200000000000000 6.700000000000000
238 5.300000000000000 2.300000000000000
239 5.300000000000000 2.100000000000000
240 5.300000000000000 7.900000000000000
241 5.300000000000000 1.600000000000000
242 5.300000000000000 4.800000000000000
243 5.300000000000000 3.500000000000000
244 5.300000000000000 6.100000000000000
245 5.300000000000000 9.199999999999999
246 5.300000000000000 6.400000000000000
247 5.400000000000000 6.600000000000000
248 5.400000000000000 5.200000000000000
249 5.400000000000000 4.900000000000000
250 5.400000000000000 5.100000000000000
251 5.400000000000000 5.200000000000000
252 5.400000000000000 9.100000000000000
253 5.400000000000000 7.800000000000000
254 5.500000000000000 9.300000000000001
255 5.500000000000000 9.000000000000000
256 5.500000000000000 7.500000000000000
257 5.500000000000000 7.400000000000000
258 5.500000000000000 1.600000000000000
259 5.500000000000000 9.199999999999999
260 5.500000000000000 2.500000000000000
261 5.500000000000000 7.100000000000000
262 5.600000000000000 6.300000000000000
263 5.600000000000000 4.300000000000000
264 5.600000000000000 9.300000000000001
265 5.600000000000000 5.200000000000000
266 5.600000000000000 3.500000000000000
267 5.600000000000000 7.800000000000000
268 5.600000000000000 5.000000000000000
269 5.600000000000000 3.300000000000000
270 5.700000000000000 5.100000000000000
271 5.700000000000000 3.900000000000000
272 5.700000000000000 8.500000000000000
273 5.700000000000000 4.300000000000000
274 5.700000000000000 1.400000000000000
275 5.700000000000000 7.600000000000000
276 5.700000000000000 8.300000000000001
277 5.700000000000000 6.900000000000000
278 5.700000000000000 5.300000000000000
279 5.700000000000000 9.699999999999999
280 5.700000000000000 4.000000000000000
281 5.700000000000000 5.700000000000000
282 5.800000000000000 5.200000000000000
283 5.800000000000000 6.200000000000000
284 5.800000000000000 8.300000000000001
285 5.800000000000000 6.500000000000000
286 5.800000000000000 7.200000000000000
287 5.800000000000000 1.600000000000000
288 5.800000000000000 4.100000000000000
289 5.800000000000000 1.400000000000000
290 5.800000000000000 9.400000000000000
291 5.800000000000000 9.300000000000001
292 5.900000000000000 2.800000000000000
293 5.900000000000000 9.400000000000000
294 5.900000000000000 8.400000000000000
295 5.900000000000000 9.100000000000000
296 5.900000000000000 3.000000000000000
297 5.900000000000000 5.300000000000000
298 6.000000000000000 7.900000000000000
299 6.000000000000000 4.400000000000000
300 6.000000000000000 5.600000000000000
301 6.000000000000000 1.700000000000000
302 6.000000000000000 1.900000000000000
303 6.000000000000000 5.900000000000000
304 6.000000000000000 3.600000000000000
305 6.000000000000000 1.900000000000000
306 6.000000000000000 6.500000000000000
307 6.000000000000000 4.500000000000000
308 6.100000000000000 5.500000000000000
309 6.100000000000000 8.699999999999999
310 6.100000000000000 8.000000000000000
311 6.100000000000000 1.500000000000000
312 6.100000000000000 6.600000000000000
313 6.100000000000000 7.400000000000000
314 6.100000000000000 7.300000000000000
315 6.100000000000000 4.700000000000000
316 6.100000000000000 4.800000000000000
317 6.100000000000000 6.800000000000000
318 6.200000000000000 3.500000000000000
319 6.300000000000000 8.199999999999999
320 6.300000000000000 5.800000000000000
321 6.300000000000000 8.800000000000001
322 6.300000000000000 3.900000000000000
323 6.300000000000000 6.800000000000000
324 6.300000000000000 3.200000000000000
325 6.300000000000000 7.500000000000000
326 6.300000000000000 7.700000000000000
327 6.400000000000000 2.700000000000000
328 6.400000000000000 5.100000000000000
329 6.400000000000000 4.700000000000000
330 6.400000000000000 5.600000000000000
331 6.400000000000000 5.500000000000000
332 6.400000000000000 1.300000000000000
333 6.400000000000000 5.900000000000000
334 6.400000000000000 9.600000000000000
335 6.400000000000000 7.300000000000000
336 6.500000000000000 4.500000000000000
337 6.500000000000000 1.800000000000000
338 6.500000000000000 3.600000000000000
339 6.500000000000000 7.600000000000000
340 6.600000000000000 5.800000000000000
341 6.600000000000000 3.500000000000000
342 6.600000000000000 4.600000000000000
343 6.600000000000000 8.400000000000000
344 6.600000000000000 6.700000000000000
345 6.600000000000000 9.600000000000000
346 6.600000000000000 6.000000000000000
347 6.700000000000000 3.900000000000000
348 6.700000000000000 9.600000000000000
349 6.700000000000000 6.200000000000000
350 6.700000000000000 5.700000000000000
351 6.700000000000000 9.100000000000000
352 6.700000000000000 7.100000000000000
353 6.700000000000000 7.900000000000000
354 6.700000000000000 8.500000000000000
355 6.700000000000000 1.600000000000000
356 6.700000000000000 6.800000000000000
357 6.800000000000000 8.699999999999999
358 6.800000000000000 9.400000000000000
359 6.800000000000000 5.600000000000000
360 6.800000000000000 7.500000000000000
361 6.800000000000000 5.200000000000000
362 6.800000000000000 8.100000000000000
363 6.800000000000000 3.900000000000000
364 6.800000000000000 6.000000000000000
365 6.900000000000000 7.200000000000000
366 6.900000000000000 9.100000000000000
367 6.900000000000000 3.600000000000000
368 6.900000000000000 8.400000000000000
369 6.900000000000000 4.300000000000000
370 6.900000000000000 6.300000000000000
371 6.900000000000000 4.300000000000000
372 7.000000000000000 9.199999999999999
373 7.000000000000000 5.900000000000000
374 7.000000000000000 8.000000000000000
375 7.000000000000000 8.699999999999999
376 7.000000000000000 1.900000000000000
377 7.100000000000000 5.700000000000000
378 7.100000000000000 4.400000000000000
379 7.100000000000000 1.800000000000000
380 7.100000000000000 7.900000000000000
381 7.100000000000000 5.900000000000000
382 7.100000000000000 9.600000000000000
383 7.100000000000000 3.500000000000000
384 7.100000000000000 5.900000000000000
385 7.100000000000000 8.800000000000001
386 7.100000000000000 8.000000000000000
387 7.100000000000000 4.800000000000000
388 7.100000000000000 4.500000000000000
389 7.100000000000000 1.800000000000000
390 7.100000000000000 5.600000000000000
391 7.200000000000000 2.000000000000000
392 7.200000000000000 4.600000000000000
393 7.200000000000000 7.300000000000000
394 7.200000000000000 4.000000000000000
395 7.200000000000000 7.100000000000000
396 7.200000000000000 3.400000000000000
397 7.200000000000000 2.600000000000000
398 7.200000000000000 8.600000000000000
399 7.200000000000000 6.200000000000000
400 7.200000000000000 8.900000000000000
401 7.200000000000000 6.600000000000000
402 7.200000000000000 8.800000000000001
403 7.200000000000000 1.200000000000000
404 7.300000000000000 7.900000000000000
405 7.300000000000000 8.500000000000000
406 7.300000000000000 1.400000000000000
407 7.300000000000000 2.600000000000000
408 7.300000000000000 2.500000000000000
409 7.300000000000000 2.300000000000000
410 7.300000000000000 2.000000000000000
411 7.300000000000000 9.199999999999999
412 7.300000000000000 7.700000000000000
413 7.400000000000000 5.000000000000000
414 7.400000000000000 5.900000000000000
415 7.400000000000000 2.500000000000000
416 7.400000000000000 7.200000000000000
417 7.400000000000000 4.900000000000000
418 7.400000000000000 3.000000000000000
419 7.400000000000000 8.500000000000000
420 7.500000000000000 2.200000000000000
421 7.500000000000000 2.600000000000000
422 7.500000000000000 9.199999999999999
423 7.500000000000000 6.300000000000000
424 7.500000000000000 3.400000000000000
425 7.500000000000000 8.000000000000000
426 7.500000000000000 3.500000000000000
427 7.500000000000000 5.500000000000000
428 7.500000000000000 5.900000000000000
429 7.500000000000000 2.500000000000000
430 7.500000000000000 4.800000000000000
431 7.500000000000000 2.200000000000000
432 7.500000000000000 4.800000000000000
433 7.500000000000000 4.200000000000000
434 7.600000000000000 3.500000000000000
435 7.600000000000000 5.700000000000000
436 7.600000000000000 5.200000000000000
437 7.600000000000000 8.000000000000000
438 7.600000000000000 7.200000000000000
439 7.600000000000000 5.200000000000000
440 7.600000000000000 2.400000000000000
441 7.600000000000000 4.500000000000000
442 7.600000000000000 1.900000000000000
443 7.700000000000000 6.300000000000000
444 7.700000000000000 4.800000000000000
445 7.700000000000000 6.300000000000000
446 7.700000000000000 2.900000000000000
447 7.700000000000000 7.000000000000000
448 7.700000000000000 4.000000000000000
449 7.700000000000000 3.100000000000000
450 7.700000000000000 3.800000000000000
451 7.800000000000000 7.400000000000000
452 7.800000000000000 7.500000000000000
453 7.800000000000000 2.100000000000000
454 7.800000000000000 2.000000000000000
455 7.800000000000000 2.700000000000000
456 7.800000000000000 2.800000000000000
457 7.800000000000000 9.100000000000000
458 7.800000000000000 5.500000000000000
459 7.800000000000000 6.600000000000000
460 7.800000000000000 9.000000000000000
461 7.800000000000000 5.000000000000000
462 7.900000000000000 2.000000000000000
463 7.900000000000000 7.200000000000000
464 7.900000000000000 6.600000000000000
465 7.900000000000000 4.600000000000000
466 7.900000000000000 2.100000000000000
467 7.900000000000000 4.800000000000000
468 7.900000000000000 9.300000000000001
469 8.000000000000000 8.100000000000000
470 8.000000000000000 4.500000000000000
471 8.000000000000000 2.900000000000000
472 8.000000000000000 2.700000000000000
473 8.000000000000000 4.800000000000000
474 8.100000000000000 2.200000000000000
475 8.100000000000000 9.100000000000000
476 8.100000000000000 4.700000000000000
477 8.100000000000000 5.900000000000000
478 8.100000000000000 3.300000000000000
479 8.100000000000000 4.400000000000000
480 8.199999999999999 3.600000000000000
481 8.199999999999999 8.100000000000000
482 8.199999999999999 8.699999999999999
483 8.199999999999999 9.500000000000000
484 8.199999999999999 1.000000000000000
485 8.199999999999999 8.900000000000000
486 8.199999999999999 8.400000000000000
487 8.199999999999999 2.600000000000000
488 8.199999999999999 4.100000000000000
489 8.199999999999999 6.200000000000000
490 8.199999999999999 2.000000000000000
491 8.199999999999999 6.700000000000000
492 8.199999999999999 3.700000000000000
493 8.199999999999999 1.800000000000000
494 8.199999999999999 3.100000000000000
495 8.199999999999999 1.300000000000000
496 8.199999999999999 7.200000000000000
497 8.199999999999999 1.900000000000000
498 8.199999999999999 6.600000000000000
499 8.199999999999999 2.300000000000000
500 8.199999999999999 6.900000000000000
501 8.300000000000001 1.700000000000000
502 8.300000000000001 9.000000000000000
503 8.300000000000001 2.400000000000000
504 8.300000000000001 8.800000000000001
505 8.300000000000001 2.700000000000000
506 8.300000000000001 5.500000000000000
507 8.400000000000000 8.699999999999999
508 8.400000000000000 8.600000000000000
509 8.400000000000000 8.600000000000000
510 8.400000000000000 7.500000000000000
511 8.400000000000000 7.500000000000000
512 8.500000000000000 7.700000000000000
513 8.600000000000000 8.500000000000000
514 8.699999999999999 9.500000000000000
515 8.800000000000001 9.300000000000001
516 8.800000000000001 8.000000000000000
517 8.800000000000001 8.600000000000000
518 8.900000000000000 8.600000000000000
519 8.900000000000000 8.900000000000000
520 8.900000000000000 9.600000000000000
521 9.000000000000000 8.800000000000001
522 9.000000000000000 8.500000000000000
523 9.000000000000000 8.699999999999999
524 9.100000000000000 9.500000000000000
525 9.300000000000001 9.300000000000001
526 9.300000000000001 9.500000000000000
527 9.500000000000000 9.600000000000000
528 9.600000000000000 9.400000000000000
