433
0 7.470000000000000 7.640000000000000
1 0.070000000000000 8.650000000000000
2 2.754648754547998 8.283581724041422
3 7.311745713698957 7.661599571508655
4 4.520370608466459 8.042584552087686
5 0.992960838784838 8.524028317949638
6 4.103354177690125 8.099501659531484
7 5.806975328673985 7.866980394329632
8 4.665465279348565 8.022781090251074
9 5.582586231936677 7.897606473749183
10 9.500000000000000 9.070000000000000
11 5.200000000000000 0.870000000000000
12 6.861754062102715 4.038926350986572
13 7.199238895863013 4.682502080482955
14 7.217660677437214 4.717631989531431
15 6.968708605988500 4.242886178861789
16 6.653960035351685 3.642667974391584
17 7.233805578492156 4.748419940380391
18 5.987142331514073 2.371062120561721
19 6.528477871811205 3.403376406709739
20 8.738136376041819 7.617143786870447
21 6.082401068625814 2.552718316914342
22 6.336957189555354 3.038150919617188
23 5.341787939535136 1.140386303299561
24 7.054265544393158 4.406041270703231
25 7.314536786906087 4.902372477355795
26 7.491796936099739 5.240403459539035
27 6.937345831797357 4.183078097846122
28 8.383340757238308 6.940556792873052
29 5.856263114548645 2.121478497511368
30 6.342464755858463 3.048653720474278
31 7.114179038422852 4.520294910480789
32 7.378000917657856 5.023397098789398
33 7.307152100767837 4.888290052627037
34 7.453883502773370 5.168103423893402
35 8.116920301738274 6.432499180059035
36 5.536707905853953 1.512094146047074
37 7.820000000000000 3.870000000000000
38 1.410000000000000 5.000000000000000
39 6.306690434896810 4.136776881211639
40 5.419073092100628 4.293252325417519
41 1.954529520896682 4.904006496316185
42 3.285715313621980 4.669335677941835
43 4.586648827263456 4.439997944647784
44 5.100223652938880 4.349461352914051
45 6.408401870498276 4.118846472127450
46 6.569268292682927 4.090487804878049
47 4.805401792908944 4.401434629331185
48 5.716689982301272 4.240786321372787
49 5.065596811230018 4.355565616741043
50 4.558873211247874 4.444894426098269
51 1.778201755447648 4.935090798181616
52 4.907229690343652 4.383483689533803
53 5.259484828384513 4.321385669879174
54 6.411566561978752 4.118288577997506
55 3.252041672836071 4.675271904788649
56 8.800000000000001 3.790000000000000
57 2.110000000000000 7.520000000000000
58 7.050225998063620 4.765584010048236
59 8.484090428790880 3.966134932826610
60 4.008997380558814 6.461216707102485
61 4.415689582548164 6.234466047398408
62 5.455577658445926 5.654677927353766
63 7.429434080943137 4.554157081925576
64 3.110785865649757 6.962013261752825
65 3.509613855109215 6.739647282577373
66 2.420681261243395 7.346780103970423
67 6.693768021202809 4.964326648865997
68 7.142001298029632 4.714414821875856
69 6.662900548592740 4.981536764387007
70 4.353808049535603 6.268968008255934
71 5.629977866764917 5.557441338859022
72 3.213248089785269 6.904885594185492
73 7.493393543413609 4.518496574449513
74 4.708329026455178 6.071305341004811
75 6.696031898909736 4.963064427065275
76 4.390059668169508 6.248755969764982
77 2.740000000000000 6.000000000000000
78 9.060000000000000 4.190000000000000
79 4.517544556242386 5.490924739430582
80 4.353171579164336 5.537999911663379
81 7.283919341917583 4.698656011254617
82 3.597411346364416 5.754443902386140
83 2.855089912256314 5.967039123230391
84 3.840917468895441 5.684705598306844
85 5.125695364238410 5.316754966887418
86 6.664020303556746 4.876190387747198
87 7.160089566239824 4.734119918529418
88 6.487476259952478 4.926751260994623
89 5.655827897122861 5.164929035792346
90 3.738297936816586 5.714095052905376
91 3.996385542168674 5.640180722891566
92 5.568101409434041 5.190053235589302
93 7.983336295718684 4.498348307713479
94 7.422672063416290 4.658918285635525
95 3.714468254657465 5.720919692890821
96 8.156548213428289 4.448741730015000
97 4.928164986853637 5.373326166739703
98 6.666535805268817 4.875469967161937
99 3.957884187513301 5.651207218449514
100 4.630000000000000 4.670000000000000
101 9.119999999999999 3.850000000000000
102 6.123647136419819 4.397218117624888
103 7.917361807237583 4.069635482865296
104 5.043538371635099 4.594476288476440
105 4.832854720036725 4.632953035538950
106 7.671612903225807 4.114516129032258
107 6.480369216481197 4.332070655341964
108 6.746426300705251 4.283481165572760
109 5.283311093761090 4.550687060827596
110 5.701308032208535 4.474349089886192
111 4.786274888604992 4.641459819898420
112 8.327314404980388 3.994766634279751
113 8.627027896848766 3.940030539996439
114 7.699409461460247 4.109439697461603
115 4.655930021360689 4.665264450441923
116 8.659188980878028 3.934157023536752
117 5.181402043056770 4.569298513294754
118 6.483369872398733 4.331522651365933
119 0.910000000000000 7.030000000000000
120 3.750000000000000 8.960000000000001
121 1.503961053683442 7.433642547045438
122 1.509125438226437 7.437152146400360
123 1.837094592951134 7.660032593097074
124 7.610000000000000 7.770000000000000
125 4.366813054312585 6.591264703518126
126 5.107068772389598 6.860310416248375
127 3.119377365537849 6.137884586653387
128 2.946636652199262 6.075102027596036
129 3.338426221191477 6.217497825771851
130 3.270511227902532 6.192814142379360
131 3.270564844811370 6.192833629428362
132 5.214981964673942 6.899531432745970
133 6.127233391925625 7.231088932999662
134 3.287963274298346 6.199157083266544
135 5.619156036393055 7.046428374623348
136 4.526304893441077 6.649231963324580
137 4.734404790049853 6.724865806650563
138 4.230000000000000 7.590000000000000
139 4.508838951310861 5.554475655430712
140 4.590574256348904 4.957807928653000
141 4.601466537811065 4.878294273979222
142 4.500992676973149 5.611753458096013
143 4.409687500000000 6.278281250000000
144 4.609062792877226 4.822841611996251
145 4.495084605860503 5.654882377218324
146 4.626060725035990 4.698756707237273
147 4.409962392760606 6.276274532847574
148 8.940000000000000 0.390000000000000
149 8.825623534952424 3.167714151155446
150 8.808748541909683 3.577535410764872
151 5.700000000000000 5.000000000000000
152 7.424102776198108 2.546878457323063
153 7.201620310990072 2.863435298251780
154 7.539107506645195 2.383245183446188
155 6.379491854417141 4.033192145412647
156 6.438978579125457 3.948552083404828
157 5.883950216875312 4.738268364260745
158 6.158656161245991 4.347405894029623
159 6.381803896518684 4.029902480570637
160 7.290813059631221 2.736528331821009
161 2.010000000000000 5.290000000000000
162 7.490000000000000 5.870000000000000
163 6.237804292760964 5.737468337554993
164 3.923894183651730 5.492565442795256
165 2.308272408963586 5.321568977591037
166 2.409731135565008 5.332307309968559
167 4.013214280097507 5.502019029645357
168 4.601515257804278 5.564284461592424
169 6.981277517334807 5.816157109498939
170 5.622411180904522 5.672335489949749
171 3.951844656503060 5.495523704520397
172 4.059116564417177 5.506877300613497
173 4.684055535758339 5.573020476412379
174 6.520271507859438 5.767364502656656
175 6.847002009664028 5.801945468176120
176 3.918618680006093 5.492007086569988
177 6.835901102346084 5.800770554627871
178 4.859423215974193 5.591581289281940
179 6.983372465726974 5.816378837613438
180 3.836453551115648 5.483310777307860
181 9.779999999999999 2.220000000000000
182 4.050000000000000 7.910000000000000
183 8.054012845573862 3.933938378479010
184 6.774752942528359 5.204268020421228
185 7.202108986544062 4.779895264670905
186 6.918625052720371 5.061400253057782
187 8.036764285599601 3.951066529657639
188 5.508728367193378 6.461454727865563
189 5.574759788866631 6.395884258525108
190 7.733871036954765 4.251845340266559
191 7.521455340650133 4.462778204485295
192 6.776626896745006 5.202407147909410
193 8.447060573315689 3.543634439412519
194 4.947189653944611 7.019073450096887
195 8.060000000000000 8.810000000000000
196 3.967585106755950 7.922736939111794
197 6.802103875078338 8.537279663672447
198 3.972429744920017 7.923787289234760
199 5.600584269786739 8.276782135802502
200 4.624144758021248 8.065083485352506
201 5.904475621685631 8.342667823861253
202 3.690000000000000 2.090000000000000
203 7.940000000000000 2.610000000000000
204 7.573484274806415 2.565155723035138
205 6.275763434412863 2.406375761386986
206 4.154427575249360 2.146824079795216
207 6.864827289723364 2.478449456624976
208 5.811225606349574 2.349538191835713
209 4.864878002365191 2.233749779112917
210 5.841003636716680 2.353181621433570
211 6.895852156057495 2.482245440270564
212 5.559421541683026 2.318729223923570
213 6.933051771117167 2.486796922583747
214 0.380000000000000 3.900000000000000
215 4.090000000000000 8.060000000000000
216 2.685896952140434 6.485587957117037
217 1.960550224881677 5.672261168600479
218 2.880152795455251 6.703405829944432
219 3.594675514242986 7.504595724865450
220 2.675413240614575 6.473832636376450
221 2.828412407410144 6.645389653591968
222 1.536366286164073 5.196626347828179
223 3.992274333440414 7.950420815933187
224 2.859206730769231 6.679919137466307
225 8.490000000000000 1.830000000000000
226 0.000000000000000 8.640000000000001
227 3.048194313013918 6.194981946805091
228 4.327330811554329 5.168960797799178
229 7.692268231836788 2.469876718632683
230 1.728289170934462 7.253704445928895
231 2.736536745016365 6.444968759297828
232 6.243947860098832 3.631603659920725
233 6.188708906468513 3.675911937214302
234 5.150024805953429 4.509061374729935
235 5.063409791412803 4.578537022435667
236 3.196437689969606 6.076072948328267
237 5.729640707335207 4.044139785989074
238 4.066464513706345 5.378206909500564
239 4.151926544240402 5.309656093489148
240 2.820427165098227 6.377678563684461
241 3.903611351496523 5.508834710990422
242 5.217394363575444 4.455022895647966
243 6.246888573456352 3.629244854506743
244 7.327718249752908 2.762289601788304
245 3.872792589841977 5.533555060444775
246 0.350000000000000 3.010000000000000
247 2.353452803303478 5.374900474002558
248 3.195580024276053 6.368957863707299
249 3.110407208456074 6.268418818229076
250 2.906525423728815 6.027754237288136
251 3.150490328261288 6.315733428720799
252 1.883965329611943 4.820711651964612
253 3.166813531084189 6.335001539269481
254 9.699999999999999 7.160000000000000
255 5.050000000000000 9.369999999999999
256 7.747979460025602 8.087734493192134
257 8.309106999476349 7.821048071216617
258 7.748183985017876 8.087637288840966
259 6.238841972231901 8.804980482014516
260 1.660000000000000 7.310000000000000
261 1.620000000000000 5.930000000000000
262 4.462069405843912 3.779034903227422
263 6.833596580710974 1.984190565964645
264 5.921025497357336 2.674852287519174
265 5.536753449687068 2.965681132340661
266 3.980206218811218 4.143723708713914
267 5.814510007176461 2.755466469978471
268 5.099101347978033 3.296909635546679
269 2.174290901616881 5.510495683748973
270 3.851965317919074 4.240780346820809
271 5.733338794418394 2.816899327721597
272 5.924600413250682 2.672146681774756
273 6.535849848655575 2.209534404159578
274 3.261178931182319 4.687905563012288
275 3.910000000000000 0.850000000000000
276 4.565243844655424 4.326432620255164
277 4.579364485981309 4.401350467289720
278 4.450404494382022 3.717146067415730
279 4.331761503149354 3.087679086153518
280 8.080000000000000 1.190000000000000
281 7.157948792242536 2.167652285612185
282 2.289943597098491 7.329205532724715
283 3.434934725848564 6.115169712793734
284 6.120949235452686 3.267184478992377
285 5.965153968710006 3.432374435186878
286 4.995279368965676 4.460733935418302
287 4.839639020929408 4.625759631074849
288 3.434402730375426 6.115733788395905
289 5.755274565797482 3.654909882496137
290 5.898038585208988 3.503536977491977
291 4.109392330383479 5.400041297935104
292 2.982370782187482 6.595023944514780
293 5.326061308144715 4.110005346640527
294 6.123912337048933 3.264042697902890
295 6.887164199177379 2.454765597857151
296 3.920830036207168 5.599974182715012
297 4.740000000000000 0.800000000000000
298 5.900078948192860 1.456169655071586
299 7.187102371312898 2.184142278773858
300 1.180000000000000 7.180000000000000
301 2.175364756828781 7.313803131245836
302 3.667372294063013 7.514368078874044
303 2.281203454124470 7.328030628259355
304 9.820000000000000 3.100000000000000
305 6.580798886673938 4.629622747959529
306 6.917998608764782 4.470389545861075
307 6.164912319892773 4.826013626717302
308 8.002371843917368 3.958324407039020
309 3.433913043478260 6.115652173913045
310 5.662524098181456 5.063252509192090
311 3.270646117368109 6.192750444576171
312 3.869411764705883 5.910000000000000
313 2.835680902497985 6.398150684931507
314 7.704728646212976 4.098878139288318
315 3.310432575844966 6.173962394739878
316 4.914583761562180 5.416446557040082
317 6.583345561261922 4.628420151626315
318 8.621977101368334 3.665733035464954
319 4.074880806845966 5.812972952322738
320 7.850000000000000 8.390000000000001
321 5.700000000000000 2.020000000000000
322 6.299720519293184 3.796846375766319
323 6.703898275060340 4.994340470760170
324 6.463809923774113 4.283008936949349
325 7.299833656778486 6.759972276129748
326 5.836342665974194 2.423954782444473
327 6.123005490734386 3.273276733013042
328 6.616644579248547 4.735826032471277
329 6.864140174611087 5.469103680126804
330 6.924526550819650 5.648015873823800
331 6.940084673320396 5.694111334442288
332 5.865903822636482 2.511538302415993
333 8.010000000000000 5.660000000000000
334 4.430000000000000 1.760000000000000
335 7.678297500793759 5.298648115389850
336 6.700200274037520 4.233123203560427
337 5.782998924954605 3.233937376347195
338 5.966322010700511 3.433646883165361
339 5.350471431674995 2.762748207690636
340 7.006591699099795 4.566901571645028
341 7.404518160999682 5.000396879301329
342 5.435403483825098 2.855271951653040
343 7.305188600662447 4.892188699045683
344 7.507797694458114 5.112908102901298
345 5.311123915469033 2.719883595064031
346 5.648229456653456 3.087121475125274
347 6.305414603403260 3.803049428288467
348 9.859999999999999 5.980000000000000
349 5.247853683921420 4.539613611066942
350 5.687957958118830 4.677059425406196
351 4.970428682558204 4.452972995499250
352 4.608293156447177 4.339877042549750
353 6.306430651682312 4.870210203522237
354 7.224172010201038 5.156823435362470
355 2.839399958039023 3.787446674592629
356 3.967442710063102 4.139737628694785
357 7.179012008544255 5.142719838630541
358 4.872525311237775 4.422397494676781
359 7.408631547941875 5.214430672701091
360 5.195865351998011 4.523377507406319
361 6.706876866074319 4.995270693190403
362 2.542969038990723 3.694870456971866
363 5.703340231386846 4.443491749731313
364 4.791737907566235 4.635868259314559
365 7.748538448778870 4.011891166684555
366 4.656739121172528 4.664357211838891
367 5.186686017111997 4.552521895669411
368 6.466819739547635 4.282373771989947
369 5.569771428571429 6.471628571428571
370 3.358286655683690 6.103047775947282
371 5.685985748218528 6.490997624703088
372 6.436935979871400 6.616155996645233
373 3.371684687826996 6.105280781304499
374 6.095092874965347 6.559182145827558
375 8.182609208972845 6.907101534828808
376 4.631496259351621 6.315249376558604
377 7.301189189189190 6.760198198198198
378 4.411650349650352 6.278608391608392
379 5.560000000000000 6.620000000000000
380 5.940000000000000 0.850000000000000
381 5.755645291764140 3.649280701370822
382 5.656700974337862 5.151672047554043
383 5.561377839864716 6.599078589422605
384 5.771084490489713 3.414848657564095
385 5.829678655957785 2.525142513483102
386 5.880587268273349 1.752135426481004
387 0.440000000000000 9.090000000000000
388 4.169105473965285 5.273150867823768
389 2.937048815600052 6.534197094621123
390 3.534794031787213 5.922387285111911
391 5.335837320574162 4.078966507177035
392 6.125992322114097 3.270219623247924
393 6.908291571753987 2.469513332440038
394 3.890613665278021 5.558195424950732
395 3.860000000000000 5.930000000000000
396 5.217000000000001 3.046374999999999
397 4.230889560255119 5.141859684457872
398 5.383419656786272 2.692733229329173
399 3.978065454545454 5.679110909090910
400 7.598057828285206 4.310679402321793
401 4.893900476208055 5.482115988039425
402 6.619147708836572 4.734741680787396
403 4.088065272042680 5.831202493487583
404 7.131369030626810 5.237317809224747
405 6.865914607787717 5.467564592824128
406 4.997292542856734 7.088348362827423
407 0.100000000000000 6.750000000000000
408 3.660000000000000 2.900000000000000
409 2.710637679136423 3.926698015540666
410 8.440000000000000 6.500000000000000
411 2.960771401422442 6.566035301909067
412 4.314163784938658 8.382430342943987
413 5.830000000000000 2.510000000000000
414 3.590000000000000 4.470000000000000
415 5.799923497267760 2.536316939890710
416 6.860039690503267 5.776058376257053
417 6.925816407629813 5.645454786294597
418 5.705770806104983 8.067928002318626
419 5.820000000000000 3.360000000000000
420 5.421573973816320 3.806752633133183
421 3.876721002652724 5.538986692443308
422 6.941658277110787 5.692500338086581
423 5.244432105866399 7.430056636172420
424 8.410000000000000 8.550000000000001
425 5.870000000000000 2.510000000000000
426 3.580000000000000 3.370000000000000
427 5.824634013180985 2.527037008150372
428 4.572841150789208 6.501479346244264
429 0.980000000000000 5.680000000000000
430 3.700000000000000 0.230000000000000
431 0.970000000000000 1.520000000000000
432 6.850000000000000 9.650000000000000
794
1 5
5 2
2 6
6 4
4 8
8 9
9 7
7 3
3 0
11 23
23 36
36 29
29 18
18 21
21 22
22 30
30 19
19 16
16 12
12 27
27 15
15 24
24 31
31 13
13 14
14 17
17 33
33 25
25 32
32 34
34 26
26 35
35 28
28 20
20 10
38 51
51 41
41 55
55 42
42 50
50 43
43 47
47 52
52 49
49 44
44 53
53 40
40 48
48 39
39 45
45 54
54 46
46 12
12 37
57 66
66 64
64 72
72 65
65 60
60 70
70 76
76 61
61 74
74 62
62 71
71 69
69 67
67 75
75 58
58 68
68 13
13 63
63 73
73 59
59 56
77 83
83 82
82 95
95 90
90 84
84 99
99 91
91 80
80 79
79 97
97 85
85 92
92 89
89 88
88 86
86 98
98 58
58 87
87 14
14 81
81 94
94 93
93 96
96 78
100 115
115 111
111 105
105 104
104 117
117 109
109 110
110 102
102 107
107 118
118 108
108 15
15 106
106 114
114 103
103 112
112 59
59 113
113 116
116 101
119 121
121 122
122 123
123 2
2 120
77 128
128 127
127 130
130 131
131 134
134 129
129 60
60 125
125 136
136 137
137 126
126 132
132 135
135 133
133 3
3 124
138 125
125 143
143 147
147 61
61 145
145 142
142 139
139 79
79 140
140 141
141 144
144 146
146 100
56 150
150 149
149 148
151 157
157 102
102 158
158 39
39 155
155 159
159 156
156 16
16 153
153 160
160 152
152 154
154 148
161 165
165 166
166 180
180 176
176 164
164 171
171 167
167 172
172 80
80 139
139 168
168 173
173 178
178 62
62 170
170 163
163 174
174 177
177 175
175 169
169 179
179 162
182 194
194 126
126 188
188 189
189 163
163 184
184 192
192 186
186 185
185 17
17 81
81 63
63 191
191 190
190 103
103 187
187 183
183 193
193 149
149 181
57 196
196 198
198 4
4 200
200 199
199 201
201 197
197 195
202 206
206 209
209 212
212 208
208 210
210 18
18 205
205 207
207 211
211 213
213 152
152 204
204 203
214 222
222 217
217 220
220 216
216 221
221 224
224 218
218 64
64 219
219 196
196 223
223 215
226 121
121 230
230 216
216 231
231 240
240 227
227 127
127 236
236 82
82 245
245 241
241 164
164 238
238 239
239 228
228 140
140 104
104 235
235 234
234 242
242 40
40 237
237 233
233 232
232 243
243 19
19 153
153 244
244 204
204 229
229 225
246 252
252 41
41 165
165 247
247 83
83 250
250 128
128 227
227 249
249 251
251 253
253 248
248 65
65 138
255 259
259 197
197 256
256 258
258 257
257 20
20 254
1 122
122 260
261 217
217 269
269 247
247 166
166 274
274 42
42 270
270 266
266 262
262 268
268 265
265 271
271 267
267 264
264 272
272 21
21 205
205 273
273 263
263 148
275 206
206 279
279 278
278 262
262 276
276 277
277 43
43 100
57 282
282 218
218 292
292 248
248 129
129 288
288 283
283 84
84 296
296 167
167 291
291 228
228 141
141 105
105 287
287 286
286 44
44 293
293 289
289 290
290 285
285 284
284 294
294 22
22 207
207 295
295 281
281 280
297 23
23 298
298 263
263 281
281 299
299 154
154 229
229 203
300 230
230 301
301 303
303 282
282 66
66 219
219 302
302 138
300 220
220 231
231 313
313 249
249 130
130 311
311 315
315 309
309 283
283 312
312 319
319 142
142 168
168 316
316 85
85 310
310 307
307 305
305 317
317 306
306 24
24 106
106 314
314 308
308 183
183 318
318 150
150 304
321 208
208 326
326 332
332 264
264 284
284 327
327 232
232 322
322 155
155 45
45 324
324 107
107 305
305 328
328 86
86 67
67 323
323 184
184 329
329 330
330 331
331 169
169 325
325 256
256 320
334 209
209 345
345 339
339 342
342 265
265 346
346 337
337 285
285 338
338 233
233 322
322 347
347 156
156 46
46 336
336 108
108 306
306 340
340 68
68 87
87 185
185 343
343 25
25 341
341 344
344 335
335 333
246 362
362 355
355 356
356 266
266 276
276 352
352 47
47 358
358 351
351 286
286 234
234 360
360 349
349 109
109 350
350 157
157 307
307 353
353 88
88 69
69 323
323 361
361 186
186 357
357 354
354 359
359 26
26 335
335 348
100 366
366 364
364 287
287 235
235 367
367 349
349 363
363 158
158 324
324 368
368 336
336 27
27 365
365 308
308 187
187 56
77 250
250 236
236 370
370 373
373 309
309 288
288 70
70 143
143 378
378 376
376 188
188 369
369 371
371 374
374 372
372 325
325 377
377 375
375 28
28 254
379 383
383 369
369 189
189 170
170 71
71 89
89 382
382 310
310 350
350 110
110 363
363 48
48 237
237 289
289 381
381 384
384 337
337 267
267 385
385 326
326 210
210 29
29 386
386 298
298 380
387 5
5 123
123 301
301 221
221 389
389 251
251 131
131 311
311 370
370 390
390 90
90 394
394 171
171 238
238 388
388 144
144 111
111 364
364 351
351 49
49 391
391 381
381 290
290 338
338 327
327 392
392 30
30 211
211 393
393 299
299 148
395 312
312 399
399 91
91 172
172 291
291 239
239 388
388 397
397 50
50 277
277 352
352 268
268 396
396 339
339 398
398 212
212 321
395 403
403 145
145 173
173 401
401 92
92 382
382 353
353 328
328 402
402 340
340 31
31 400
400 190
190 112
112 56
182 406
406 132
132 383
383 371
371 174
174 329
329 405
405 404
404 354
354 32
32 341
341 93
93 113
113 56
407 222
222 51
51 252
252 409
409 355
355 408
410 348
161 269
269 240
240 313
313 389
389 411
411 292
292 72
72 302
302 198
198 223
223 6
6 412
412 255
414 270
270 356
356 278
278 396
396 342
342 415
415 413
255 199
199 418
418 7
7 133
133 372
372 175
175 416
416 330
330 417
417 404
404 357
357 343
343 33
33 94
94 73
73 191
191 400
400 114
114 314
314 365
365 37
57 303
303 224
224 411
411 253
253 134
134 315
315 373
373 390
390 95
95 421
421 241
241 176
176 397
397 146
146 115
115 366
366 358
358 52
52 420
420 384
384 419
120 412
412 200
200 8
8 423
423 135
135 374
374 177
177 416
416 331
331 422
422 359
359 34
34 344
344 96
96 116
116 56
333 35
35 375
375 257
257 424
426 279
279 345
345 398
398 415
415 427
427 385
385 332
332 425
138 136
136 428
428 376
376 74
74 178
178 401
401 316
316 97
97 117
117 367
367 360
360 242
242 53
53 293
293 391
391 420
420 346
346 271
271 427
427 413
214 429
425 272
272 294
294 392
392 243
243 347
347 159
159 54
54 368
368 118
118 317
317 402
402 98
98 75
75 361
361 192
192 405
405 417
417 422
422 179
179 377
377 258
258 320
430 36
36 386
386 273
273 295
295 393
393 213
213 160
160 244
244 193
193 318
318 56
431 362
362 409
409 55
55 274
274 180
180 245
245 421
421 394
394 296
296 99
99 399
399 319
319 403
403 76
76 147
147 378
378 428
428 137
137 194
194 406
406 423
423 9
9 418
418 201
201 259
259 432
490
0 0.300000000000000 8.500000000000000
1 0.400000000000000 3.400000000000000
2 0.400000000000000 6.800000000000000
3 0.400000000000000 3.300000000000000
4 0.400000000000000 8.400000000000000
5 0.400000000000000 3.600000000000000
6 0.400000000000000 6.700000000000000
7 0.500000000000000 3.700000000000000
8 0.500000000000000 4.700000000000000
9 0.500000000000000 7.200000000000000
10 0.500000000000000 4.000000000000000
11 0.500000000000000 6.500000000000000
12 0.500000000000000 7.200000000000000
13 0.500000000000000 5.500000000000000
14 0.500000000000000 3.600000000000000
15 0.500000000000000 7.700000000000000
16 0.500000000000000 4.200000000000000
17 0.600000000000000 8.000000000000000
18 0.600000000000000 5.600000000000000
19 0.600000000000000 3.600000000000000
20 0.600000000000000 5.900000000000000
21 0.700000000000000 8.400000000000000
22 0.700000000000000 8.100000000000000
23 0.700000000000000 6.200000000000000
24 0.800000000000000 3.600000000000000
25 0.800000000000000 4.000000000000000
26 0.800000000000000 3.800000000000000
27 0.800000000000000 5.800000000000000
28 0.900000000000000 3.800000000000000
29 0.900000000000000 8.100000000000000
30 0.900000000000000 6.500000000000000
31 0.900000000000000 7.100000000000000
32 1.000000000000000 6.500000000000000
33 1.000000000000000 8.199999999999999
34 1.000000000000000 4.500000000000000
35 1.100000000000000 8.100000000000000
36 1.100000000000000 5.700000000000000
37 1.100000000000000 3.800000000000000
38 1.100000000000000 4.700000000000000
39 1.200000000000000 4.400000000000000
40 1.200000000000000 5.100000000000000
41 1.200000000000000 5.800000000000000
42 1.200000000000000 4.400000000000000
43 1.200000000000000 5.000000000000000
44 1.200000000000000 5.700000000000000
45 1.200000000000000 5.700000000000000
46 1.200000000000000 8.100000000000000
47 1.300000000000000 8.300000000000001
48 1.300000000000000 4.100000000000000
49 1.300000000000000 4.500000000000000
50 1.300000000000000 7.600000000000000
51 1.300000000000000 6.200000000000000
52 1.300000000000000 6.600000000000000
53 1.300000000000000 6.000000000000000
54 1.400000000000000 4.700000000000000
55 1.400000000000000 4.800000000000000
56 1.500000000000000 4.100000000000000
57 1.500000000000000 5.400000000000000
58 1.500000000000000 7.200000000000000
59 1.500000000000000 8.199999999999999
60 1.500000000000000 3.800000000000000
61 1.500000000000000 5.000000000000000
62 1.500000000000000 7.200000000000000
63 1.600000000000000 8.300000000000001
64 1.600000000000000 8.100000000000000
65 1.600000000000000 8.300000000000001
66 1.600000000000000 3.700000000000000
67 1.600000000000000 4.100000000000000
68 1.600000000000000 7.100000000000000
69 1.600000000000000 3.600000000000000
70 1.700000000000000 6.400000000000000
71 1.700000000000000 6.000000000000000
72 1.700000000000000 5.000000000000000
73 1.700000000000000 4.500000000000000
74 1.800000000000000 8.100000000000000
75 1.800000000000000 7.800000000000000
76 1.800000000000000 3.600000000000000
77 1.800000000000000 6.700000000000000
78 1.800000000000000 4.300000000000000
79 1.800000000000000 4.100000000000000
80 1.900000000000000 8.400000000000000
81 1.900000000000000 4.400000000000000
82 1.900000000000000 5.500000000000000
83 1.900000000000000 4.100000000000000
84 1.900000000000000 7.100000000000000
85 1.900000000000000 5.900000000000000
86 2.000000000000000 8.199999999999999
87 2.000000000000000 6.000000000000000
88 2.000000000000000 4.100000000000000
89 2.000000000000000 6.900000000000000
90 2.000000000000000 6.700000000000000
91 2.000000000000000 8.100000000000000
92 2.000000000000000 7.000000000000000
93 2.000000000000000 6.300000000000000
94 2.100000000000000 3.800000000000000
95 2.100000000000000 4.700000000000000
96 2.100000000000000 6.200000000000000
97 2.200000000000000 7.800000000000000
98 2.200000000000000 4.000000000000000
99 2.200000000000000 7.400000000000000
100 2.200000000000000 5.300000000000000
101 2.300000000000000 4.800000000000000
102 2.300000000000000 7.400000000000000
103 2.300000000000000 6.100000000000000
104 2.400000000000000 6.300000000000000
105 2.400000000000000 6.200000000000000
106 2.400000000000000 4.200000000000000
107 2.400000000000000 3.800000000000000
108 2.400000000000000 7.200000000000000
109 2.400000000000000 8.199999999999999
110 2.500000000000000 7.000000000000000
111 2.500000000000000 6.500000000000000
112 2.500000000000000 3.700000000000000
113 2.500000000000000 8.199999999999999
114 2.500000000000000 3.900000000000000
115 2.600000000000000 6.900000000000000
116 2.600000000000000 5.900000000000000
117 2.700000000000000 5.100000000000000
118 2.700000000000000 6.700000000000000
119 2.700000000000000 6.900000000000000
120 2.700000000000000 5.800000000000000
121 2.700000000000000 4.000000000000000
122 2.700000000000000 4.900000000000000
123 2.700000000000000 4.500000000000000
124 2.700000000000000 4.900000000000000
125 2.800000000000000 4.700000000000000
126 2.800000000000000 7.700000000000000
127 2.800000000000000 3.900000000000000
128 2.800000000000000 7.700000000000000
129 2.800000000000000 3.800000000000000
130 2.900000000000000 6.300000000000000
131 2.900000000000000 7.600000000000000
132 2.900000000000000 5.300000000000000
133 2.900000000000000 7.200000000000000
134 2.900000000000000 3.900000000000000
135 3.000000000000000 8.100000000000000
136 3.000000000000000 4.800000000000000
137 3.000000000000000 6.800000000000000
138 3.000000000000000 7.400000000000000
139 3.000000000000000 5.300000000000000
140 3.100000000000000 8.000000000000000
141 3.100000000000000 7.200000000000000
142 3.100000000000000 7.600000000000000
143 3.100000000000000 4.100000000000000
144 3.100000000000000 5.100000000000000
145 3.200000000000000 7.600000000000000
146 3.200000000000000 5.400000000000000
147 3.300000000000000 7.500000000000000
148 3.300000000000000 6.600000000000000
149 3.300000000000000 6.900000000000000
150 3.300000000000000 5.300000000000000
151 3.300000000000000 5.600000000000000
152 3.300000000000000 8.400000000000000
153 3.300000000000000 8.300000000000001
154 3.400000000000000 5.000000000000000
155 3.400000000000000 6.200000000000000
156 3.400000000000000 8.500000000000000
157 3.400000000000000 6.200000000000000
158 3.500000000000000 5.000000000000000
159 3.500000000000000 5.800000000000000
160 3.500000000000000 6.200000000000000
161 3.500000000000000 6.400000000000000
162 3.500000000000000 6.200000000000000
163 3.500000000000000 5.900000000000000
164 3.500000000000000 6.100000000000000
165 3.600000000000000 6.700000000000000
166 3.600000000000000 6.600000000000000
167 3.600000000000000 7.500000000000000
168 3.700000000000000 6.200000000000000
169 3.700000000000000 6.700000000000000
170 3.700000000000000 4.200000000000000
171 3.800000000000000 5.300000000000000
172 3.800000000000000 5.400000000000000
173 3.800000000000000 8.800000000000001
174 3.800000000000000 7.600000000000000
175 3.900000000000000 7.500000000000000
176 3.900000000000000 5.600000000000000
177 3.900000000000000 4.900000000000000
178 3.900000000000000 7.300000000000000
179 3.900000000000000 8.699999999999999
180 3.900000000000000 6.900000000000000
181 4.000000000000000 7.500000000000000
182 4.000000000000000 7.900000000000000
183 4.000000000000000 7.000000000000000
184 4.000000000000000 5.000000000000000
185 4.100000000000000 6.700000000000000
186 4.100000000000000 5.200000000000000
187 4.100000000000000 6.400000000000000
188 4.100000000000000 6.300000000000000
189 4.200000000000000 6.500000000000000
190 4.200000000000000 7.500000000000000
191 4.200000000000000 3.200000000000000
192 4.300000000000000 5.900000000000000
193 4.300000000000000 6.800000000000000
194 4.300000000000000 2.500000000000000
195 4.300000000000000 5.200000000000000
196 4.300000000000000 2.400000000000000
197 4.400000000000000 3.800000000000000
198 4.400000000000000 5.000000000000000
199 4.400000000000000 7.500000000000000
200 4.400000000000000 3.500000000000000
201 4.400000000000000 5.300000000000000
202 4.500000000000000 3.500000000000000
203 4.500000000000000 7.000000000000000
204 4.500000000000000 4.700000000000000
205 4.500000000000000 8.199999999999999
206 4.500000000000000 3.000000000000000
207 4.600000000000000 8.500000000000000
208 4.600000000000000 8.000000000000000
209 4.600000000000000 4.700000000000000
210 4.600000000000000 5.300000000000000
211 4.600000000000000 6.800000000000000
212 4.700000000000000 3.900000000000000
213 4.700000000000000 8.699999999999999
214 4.800000000000000 5.600000000000000
215 4.800000000000000 3.500000000000000
216 4.800000000000000 8.300000000000001
217 4.800000000000000 4.400000000000000
218 4.800000000000000 5.400000000000000
219 4.900000000000000 6.300000000000000
220 4.900000000000000 6.800000000000000
221 4.900000000000000 4.900000000000000
222 5.000000000000000 2.300000000000000
223 5.000000000000000 2.400000000000000
224 5.000000000000000 6.100000000000000
225 5.000000000000000 7.700000000000000
226 5.000000000000000 4.100000000000000
227 5.000000000000000 5.300000000000000
228 5.000000000000000 2.900000000000000
229 5.000000000000000 7.700000000000000
230 5.000000000000000 8.800000000000001
231 5.000000000000000 4.600000000000000
232 5.000000000000000 8.699999999999999
233 5.100000000000000 2.800000000000000
234 5.100000000000000 5.700000000000000
235 5.100000000000000 8.900000000000000
236 5.200000000000000 2.300000000000000
237 5.200000000000000 9.100000000000000
238 5.200000000000000 6.400000000000000
239 5.200000000000000 4.500000000000000
240 5.200000000000000 2.800000000000000
241 5.200000000000000 2.700000000000000
242 5.200000000000000 7.900000000000000
243 5.200000000000000 6.100000000000000
244 5.200000000000000 7.000000000000000
245 5.200000000000000 4.800000000000000
246 5.200000000000000 5.500000000000000
247 5.300000000000000 8.000000000000000
248 5.300000000000000 9.100000000000000
249 5.300000000000000 3.300000000000000
250 5.300000000000000 8.699999999999999
251 5.300000000000000 8.400000000000000
252 5.300000000000000 8.800000000000001
253 5.300000000000000 4.900000000000000
254 5.300000000000000 7.200000000000000
255 5.300000000000000 7.500000000000000
256 5.400000000000000 9.100000000000000
257 5.400000000000000 2.000000000000000
258 5.400000000000000 2.100000000000000
259 5.400000000000000 8.100000000000000
260 5.400000000000000 3.600000000000000
261 5.400000000000000 8.600000000000000
262 5.400000000000000 5.900000000000000
263 5.400000000000000 5.100000000000000
264 5.400000000000000 5.000000000000000
265 5.400000000000000 3.200000000000000
266 5.400000000000000 6.700000000000000
267 5.400000000000000 1.500000000000000
268 5.400000000000000 6.500000000000000
269 5.500000000000000 2.700000000000000
270 5.500000000000000 8.699999999999999
271 5.500000000000000 8.600000000000000
272 5.500000000000000 8.800000000000001
273 5.500000000000000 8.500000000000000
274 5.500000000000000 4.300000000000000
275 5.600000000000000 6.800000000000000
276 5.600000000000000 3.800000000000000
277 5.600000000000000 4.900000000000000
278 5.700000000000000 6.700000000000000
279 5.700000000000000 7.000000000000000
280 5.700000000000000 2.800000000000000
281 5.700000000000000 5.500000000000000
282 5.700000000000000 8.699999999999999
283 5.700000000000000 8.199999999999999
284 5.700000000000000 5.900000000000000
285 5.800000000000000 2.400000000000000
286 5.800000000000000 2.900000000000000
287 5.800000000000000 6.200000000000000
288 5.800000000000000 1.700000000000000
289 5.800000000000000 7.200000000000000
290 5.800000000000000 6.500000000000000
291 5.800000000000000 7.300000000000000
292 5.800000000000000 8.199999999999999
293 5.800000000000000 6.500000000000000
294 5.800000000000000 1.600000000000000
295 5.800000000000000 6.100000000000000
296 5.800000000000000 5.100000000000000
297 5.900000000000000 5.700000000000000
298 5.900000000000000 8.600000000000000
299 5.900000000000000 4.800000000000000
300 5.900000000000000 4.000000000000000
301 5.900000000000000 3.200000000000000
302 6.000000000000000 3.500000000000000
303 6.000000000000000 6.200000000000000
304 6.000000000000000 5.700000000000000
305 6.000000000000000 2.400000000000000
306 6.000000000000000 8.699999999999999
307 6.000000000000000 4.600000000000000
308 6.100000000000000 3.800000000000000
309 6.100000000000000 8.100000000000000
310 6.100000000000000 3.600000000000000
311 6.100000000000000 3.400000000000000
312 6.100000000000000 4.000000000000000
313 6.100000000000000 8.699999999999999
314 6.100000000000000 5.000000000000000
315 6.100000000000000 8.800000000000001
316 6.100000000000000 5.500000000000000
317 6.100000000000000 8.400000000000000
318 6.200000000000000 8.000000000000000
319 6.200000000000000 2.900000000000000
320 6.200000000000000 5.400000000000000
321 6.200000000000000 6.300000000000000
322 6.200000000000000 5.400000000000000
323 6.200000000000000 6.900000000000000
324 6.200000000000000 6.800000000000000
325 6.200000000000000 4.500000000000000
326 6.300000000000000 6.600000000000000
327 6.300000000000000 2.200000000000000
328 6.300000000000000 4.900000000000000
329 6.300000000000000 2.500000000000000
330 6.300000000000000 6.800000000000000
331 6.300000000000000 4.800000000000000
332 6.400000000000000 7.600000000000000
333 6.400000000000000 2.700000000000000
334 6.400000000000000 4.200000000000000
335 6.400000000000000 6.700000000000000
336 6.400000000000000 5.400000000000000
337 6.400000000000000 5.600000000000000
338 6.500000000000000 2.200000000000000
339 6.500000000000000 2.300000000000000
340 6.500000000000000 3.100000000000000
341 6.500000000000000 5.900000000000000
342 6.500000000000000 7.100000000000000
343 6.600000000000000 3.300000000000000
344 6.600000000000000 8.500000000000000
345 6.600000000000000 6.500000000000000
346 6.600000000000000 3.200000000000000
347 6.600000000000000 3.800000000000000
348 6.600000000000000 2.200000000000000
349 6.700000000000000 5.700000000000000
350 6.700000000000000 8.199999999999999
351 6.700000000000000 3.500000000000000
352 6.700000000000000 5.400000000000000
353 6.800000000000000 2.600000000000000
354 6.800000000000000 6.800000000000000
355 6.800000000000000 5.600000000000000
356 6.800000000000000 6.400000000000000
357 6.900000000000000 4.700000000000000
358 6.900000000000000 8.100000000000000
359 6.900000000000000 3.100000000000000
360 6.900000000000000 2.700000000000000
361 6.900000000000000 5.000000000000000
362 7.000000000000000 3.000000000000000
363 7.000000000000000 7.700000000000000
364 7.000000000000000 4.900000000000000
365 7.000000000000000 4.900000000000000
366 7.000000000000000 3.700000000000000
367 7.000000000000000 5.000000000000000
368 7.100000000000000 3.300000000000000
369 7.100000000000000 4.800000000000000
370 7.100000000000000 4.600000000000000
371 7.100000000000000 3.900000000000000
372 7.100000000000000 7.800000000000000
373 7.100000000000000 6.800000000000000
374 7.100000000000000 8.000000000000000
375 7.100000000000000 6.200000000000000
376 7.200000000000000 3.800000000000000
377 7.200000000000000 3.900000000000000
378 7.200000000000000 7.600000000000000
379 7.200000000000000 7.000000000000000
380 7.200000000000000 5.700000000000000
381 7.200000000000000 6.300000000000000
382 7.200000000000000 7.100000000000000
383 7.200000000000000 8.199999999999999
384 7.300000000000000 1.900000000000000
385 7.300000000000000 2.300000000000000
386 7.300000000000000 3.200000000000000
387 7.300000000000000 7.600000000000000
388 7.300000000000000 2.400000000000000
389 7.300000000000000 5.100000000000000
390 7.300000000000000 6.400000000000000
391 7.300000000000000 5.800000000000000
392 7.300000000000000 2.200000000000000
393 7.400000000000000 5.300000000000000
394 7.400000000000000 3.200000000000000
395 7.400000000000000 7.100000000000000
396 7.400000000000000 4.200000000000000
397 7.500000000000000 3.300000000000000
398 7.500000000000000 3.300000000000000
399 7.500000000000000 2.200000000000000
400 7.500000000000000 1.900000000000000
401 7.500000000000000 1.900000000000000
402 7.500000000000000 4.300000000000000
403 7.600000000000000 3.200000000000000
404 7.600000000000000 7.200000000000000
405 7.600000000000000 3.600000000000000
406 7.600000000000000 2.900000000000000
407 7.600000000000000 4.500000000000000
408 7.600000000000000 7.600000000000000
409 7.600000000000000 6.100000000000000
410 7.600000000000000 5.200000000000000
411 7.700000000000000 1.500000000000000
412 7.700000000000000 4.300000000000000
413 7.700000000000000 4.100000000000000
414 7.800000000000000 6.100000000000000
415 7.800000000000000 1.500000000000000
416 7.800000000000000 1.900000000000000
417 7.800000000000000 3.400000000000000
418 7.900000000000000 2.900000000000000
419 7.900000000000000 2.900000000000000
420 7.900000000000000 7.200000000000000
421 7.900000000000000 2.700000000000000
422 7.900000000000000 3.000000000000000
423 7.900000000000000 6.800000000000000
424 7.900000000000000 7.400000000000000
425 7.900000000000000 1.500000000000000
426 8.000000000000000 4.800000000000000
427 8.000000000000000 1.700000000000000
428 8.000000000000000 5.000000000000000
429 8.000000000000000 4.200000000000000
430 8.000000000000000 2.300000000000000
431 8.000000000000000 2.200000000000000
432 8.100000000000000 3.800000000000000
433 8.100000000000000 5.900000000000000
434 8.100000000000000 3.100000000000000
435 8.100000000000000 3.000000000000000
436 8.100000000000000 5.800000000000000
437 8.199999999999999 6.100000000000000
438 8.199999999999999 4.300000000000000
439 8.199999999999999 6.800000000000000
440 8.199999999999999 1.700000000000000
441 8.199999999999999 5.200000000000000
442 8.300000000000001 2.900000000000000
443 8.300000000000001 1.600000000000000
444 8.400000000000000 3.800000000000000
445 8.400000000000000 1.700000000000000
446 8.400000000000000 1.700000000000000
447 8.400000000000000 2.700000000000000
448 8.400000000000000 1.200000000000000
449 8.400000000000000 6.600000000000000
450 8.400000000000000 5.000000000000000
451 8.400000000000000 1.800000000000000
452 8.400000000000000 2.200000000000000
453 8.500000000000000 2.000000000000000
454 8.500000000000000 3.300000000000000
455 8.500000000000000 2.900000000000000
456 8.500000000000000 7.200000000000000
457 8.500000000000000 2.700000000000000
458 8.500000000000000 2.600000000000000
459 8.500000000000000 5.100000000000000
460 8.500000000000000 2.900000000000000
461 8.500000000000000 7.700000000000000
462 8.600000000000000 3.900000000000000
463 8.600000000000000 7.500000000000000
464 8.600000000000000 1.200000000000000
465 8.600000000000000 3.600000000000000
466 8.600000000000000 6.200000000000000
467 8.600000000000000 7.300000000000000
468 8.600000000000000 2.000000000000000
469 8.600000000000000 0.900000000000000
470 8.600000000000000 5.600000000000000
471 8.600000000000000 1.700000000000000
472 8.699999999999999 4.700000000000000
473 8.699999999999999 3.600000000000000
474 8.699999999999999 4.400000000000000
475 8.699999999999999 5.800000000000000
476 8.699999999999999 5.800000000000000
477 8.699999999999999 2.000000000000000
478 8.699999999999999 3.400000000000000
479 8.800000000000001 4.700000000000000
480 8.800000000000001 7.400000000000000
481 8.800000000000001 7.300000000000000
482 8.800000000000001 4.900000000000000
483 8.900000000000000 6.900000000000000
484 8.900000000000000 2.800000000000000
485 8.900000000000000 1.400000000000000
486 8.900000000000000 7.100000000000000
487 8.900000000000000 4.900000000000000
488 8.900000000000000 3.600000000000000
489 9.000000000000000 7.200000000000000
