225
0 0.180000000000000 7.040000000000000
1 1.290000000000000 9.940000000000000
2 1.285631471378140 9.928586727023967
3 0.767485950127828 8.574873203036667
4 1.510000000000000 2.740000000000000
5 5.330000000000000 4.940000000000000
6 3.197736806819270 3.711995019634135
7 3.519031338356315 3.897033755074318
8 1.674377728717243 2.834667801879041
9 3.367339822278228 3.809672148956048
10 4.671158853974667 4.560562690770751
11 2.387486300747782 3.245358602524901
12 4.436601246184506 4.425477157488459
13 2.682335925527561 3.415167286953046
14 9.279999999999999 6.060000000000000
15 4.000000000000000 4.580000000000000
16 7.075825179386824 5.442163118464489
17 6.807390889370934 5.366920173535792
18 9.146964123554843 6.022709640693403
19 9.070604887167846 6.001305915342503
20 7.692805095541402 5.615104458598726
21 5.818808200293503 5.089817450082270
22 7.828310417152178 5.653087010868413
23 4.101468008128066 4.608441790157110
24 5.338598825831702 4.955213307240705
25 8.109999999999999 2.420000000000000
26 8.970000000000001 0.800000000000000
27 9.840000000000000 6.740000000000000
28 6.890000000000000 7.700000000000000
29 9.395093800978792 6.884783034257749
30 8.467230196028622 7.186731868411025
31 8.836932100019078 7.066422096264978
32 8.448351569137294 7.192875421568880
33 6.740000000000000 9.520000000000000
34 9.453248429131699 7.086828828068993
35 8.515708407473310 7.927590524911032
36 9.086321264499322 7.415879640223189
37 6.670000000000000 4.030000000000000
38 2.040000000000000 0.140000000000000
39 2.425579753588294 0.463953615865759
40 3.954071452109587 1.748150744860971
41 5.447240452726135 3.002670704342260
42 4.707047768273783 2.380780954338017
43 2.991541388865361 0.939459179845843
44 5.292581660630268 2.872730596080290
45 4.653984232153038 2.336198415351041
46 4.186865273495699 1.943737778379756
47 6.075651320665723 3.530644414123038
48 2.898573898502048 0.861350424443405
49 9.529999999999999 4.990000000000000
50 1.280000000000000 6.510000000000000
51 6.804503699234194 5.492152045716852
52 8.883979079893980 5.109024460431655
53 2.227869184478547 6.335362283586982
54 7.563329038700015 5.352344225597088
55 6.041605749895359 5.632710213352612
56 7.607834603116020 5.344144412516806
57 7.342922438357039 5.392952471963310
58 5.984058596171192 5.643312840463005
59 5.476679332562366 5.736793626000630
60 4.145946837846997 5.981971006845159
61 5.751719726982005 5.686119516968164
62 1.190000000000000 9.930000000000000
63 3.220000000000000 9.900000000000000
64 6.820000000000000 4.820000000000000
65 6.740000000000000 8.289999999999999
66 6.760857251407454 7.385316720201708
67 6.812354182043701 5.151637353854486
68 6.749631846931916 7.872218639328185
69 6.742744305705909 8.170965740006224
70 6.783844159943188 6.388259562464246
71 6.791047813858349 6.075801073894145
72 6.788585257164078 6.182614470508139
73 6.758947816826411 7.468138445154420
74 0.550000000000000 3.900000000000000
75 3.930000000000000 3.660000000000000
76 3.633395018396592 3.681060708752905
77 1.315114147042963 3.845672368257304
78 3.713465989696110 3.675375195997909
79 3.586402488410966 3.684397456444192
80 2.865058848036663 3.735617123216332
81 9.859999999999999 8.500000000000000
82 9.136747633325472 5.987214634639356
83 8.692594179581016 4.444098635344332
84 8.497618085675242 3.766695977660270
85 9.192144086481658 6.179677740461992
86 8.784500621394061 4.763407873186228
87 4.370000000000000 2.290000000000000
88 1.680000000000000 7.370000000000000
89 3.616479035151179 3.713006134361343
90 3.622850028060066 3.700974668198835
91 4.262349859497014 2.493294689128317
92 1.749466256842244 7.238814652506096
93 2.118754590399350 6.541422557907546
94 2.752279714418284 5.345025669425693
95 2.991949199975445 4.892415637221093
96 3.248458715716636 4.408003614929177
97 1.740000000000000 2.650000000000000
98 1.680466848248793 2.817532394992178
99 1.385630149939214 3.647233103696699
100 0.336376271026122 6.599941134740593
101 1.731423476254862 2.674135217462278
102 8.400000000000000 0.000000000000000
103 1.060000000000000 0.570000000000000
104 3.874233871520872 0.351455952756554
105 3.426402883038528 0.386233018619624
106 2.820755331738888 0.433265594129269
107 1.930997017227496 0.502361267054541
108 7.340000000000000 6.370000000000000
109 9.640000000000001 5.880000000000000
110 7.995924954379563 6.230259466240875
111 8.207968862133889 6.185084894588867
112 2.560000000000000 5.450000000000000
113 3.090000000000000 4.420000000000000
114 2.868499114601034 4.850463984831952
115 5.660000000000000 1.390000000000000
116 2.040000000000000 2.150000000000000
117 5.615475654887163 1.399347652565126
118 4.408287994292433 1.652790365839158
119 5.521842758976675 1.419005387618157
120 5.472596605216527 1.429344359125812
121 5.361117769293964 1.452748755617842
122 6.150000000000000 2.730000000000000
123 1.150000000000000 4.670000000000000
124 5.028880762888076 3.164994263999426
125 4.291686182669785 3.451025761124123
126 3.634192280018314 3.706133395352894
127 2.990629236669613 3.955835856172190
128 8.710000000000001 7.880000000000000
129 4.260000000000000 8.970000000000001
130 6.877460881934566 8.328869132290185
131 4.869157662456248 8.820790595038806
132 7.775980646796110 8.108782268537583
133 5.654917155802947 8.628323662960627
134 6.860000000000000 8.940000000000000
135 5.040000000000000 8.859999999999999
136 8.730000000000000 7.720000000000000
137 5.330000000000000 0.820000000000000
138 7.450995156318804 5.124372523117573
139 5.649488427225654 1.468373572899121
140 7.137973028894137 4.489121735108688
141 6.109042366507897 2.400997743795436
142 7.652783832489488 5.533884836522784
143 5.842243112053053 1.859552197990019
144 5.666804071713512 1.503514145536246
145 8.461459201092524 7.175020143393649
146 6.540600654361381 3.276807210321625
147 5.666065160704346 1.502014590841171
148 6.961571653543308 4.131130708661418
149 5.679461558374321 1.529201397877298
150 6.890000000000000 7.890000000000000
151 6.882881009353926 8.139164672612573
152 3.730000000000000 0.000000000000000
153 5.590678849576484 4.533932639790801
154 4.982470489432184 3.051905939439182
155 5.621991255825781 4.610231857550164
156 4.683837178534078 2.324223504655822
157 6.357420896338706 6.402259779053176
158 4.490610194730492 1.853385601083796
159 6.063409299357978 5.685839115524186
160 5.343074108484451 3.930591973205785
161 4.105914524639426 0.915994253077083
162 6.182796607954842 5.976751228244394
163 4.213040657046919 1.177029449133315
164 5.230000000000000 7.290000000000000
165 2.618163632782827 7.348858284331655
166 4.896085587864752 7.297524831822766
167 7.000492061595447 4.493103296342211
168 7.786713585732546 5.594799287844666
169 8.691146343206260 6.862139233270213
170 5.240000000000000 1.310000000000000
171 6.891684193626073 1.948804688127157
172 6.244112782330602 1.698350239856086
173 5.708374866840312 1.491148467662978
174 6.015305511368953 1.609856835407505
175 9.869999999999999 4.410000000000000
176 5.462403634598791 4.537647594909405
177 4.162166826974458 4.575303516084215
178 7.927756723092317 4.466248953504993
179 3.259802942551039 0.598179688470571
180 3.028425730525732 0.892535313236495
181 6.350000000000000 2.760000000000000
182 6.961872815049109 3.046815382054270
183 9.779999999999999 0.280000000000000
184 6.877446432685661 1.957030950003840
185 7.048761364851855 1.858048989196706
186 8.039999999999999 5.710000000000000
187 2.511624853434682 3.195562911899082
188 4.790717629737465 4.232148753494682
189 2.573044725175962 3.223498136871763
190 1.020000000000000 7.120000000000000
191 7.040000000000000 9.779999999999999
192 1.103787112381790 7.157022212447768
193 4.533246356988796 8.672364669367141
194 3.967208375654347 8.422254863661223
195 0.930000000000000 3.830000000000000
196 6.217348207973350 1.709086312055888
197 2.548647709409389 3.180711935773634
198 6.296419479032985 1.677368457563040
199 5.104984230779792 7.663880267684474
200 2.120000000000000 9.220000000000001
201 6.079337785120301 8.321511849064985
202 7.927739105799398 7.902056178714206
203 5.548641073324076 8.441942267778197
204 0.030000000000000 6.610000000000000
205 4.421834604859509 6.465808439785734
206 6.160155328467153 6.408736350364964
207 5.668619620099562 1.502974091240034
208 2.183170974318192 2.539758089864238
209 5.624678520512525 1.516044841540410
210 4.077493156217745 4.621530763362204
211 5.616048552754435 5.446085901027077
212 0.660000000000000 8.580000000000000
213 5.495840350345556 8.349343141184175
214 3.355206519872667 5.015860224285733
215 3.538121319495475 4.915998630978146
216 5.843014124970074 1.568479770169978
217 8.890000000000001 4.800000000000000
218 2.720000000000000 4.800000000000000
219 3.652711180460173 5.116960292926942
220 5.852559114735002 5.864527664531159
221 5.730000000000000 8.760000000000000
222 1.616872378738147 1.546613443654267
223 7.390000000000000 1.940000000000000
224 2.310000000000000 0.720000000000000
380
0 3
3 2
2 1
4 8
8 11
11 13
13 6
6 9
9 7
7 12
12 10
10 5
15 23
23 24
24 21
21 17
17 16
16 20
20 22
22 19
19 18
18 14
25 26
28 32
32 30
30 31
31 29
29 27
33 35
35 36
36 34
34 27
38 39
39 48
48 43
43 40
40 46
46 45
45 42
42 44
44 41
41 47
47 37
50 53
53 60
60 59
59 61
61 58
58 55
55 51
51 16
16 57
57 54
54 56
56 52
52 49
62 2
2 63
65 69
69 68
68 73
73 66
66 70
70 72
72 71
71 51
51 17
17 67
67 64
74 77
77 80
80 6
6 79
79 76
76 78
78 75
25 84
84 83
83 86
86 52
52 82
82 18
18 85
85 29
29 34
34 81
88 92
92 93
93 53
53 94
94 95
95 96
96 7
7 89
89 90
90 76
76 91
91 87
0 100
100 77
77 99
99 8
8 98
98 101
101 97
103 107
107 39
39 106
106 105
105 104
104 102
108 110
110 111
111 19
19 82
82 109
112 114
114 113
116 40
40 118
118 121
121 120
120 119
119 117
117 115
123 127
127 9
9 89
89 126
126 78
78 125
125 124
124 41
41 122
129 131
131 133
133 130
130 132
132 35
35 128
135 134
137 117
117 139
139 147
147 144
144 149
149 143
143 141
141 146
146 148
148 140
140 138
138 54
54 142
142 20
20 110
110 145
145 30
30 136
134 130
130 151
151 150
152 104
104 161
161 163
163 118
118 158
158 156
156 42
42 154
154 124
124 160
160 153
153 155
155 21
21 55
55 159
159 162
162 157
157 66
66 28
88 165
165 166
166 164
37 167
167 138
138 56
56 168
168 22
22 111
111 169
169 31
31 36
36 81
170 119
119 139
139 173
173 174
174 172
172 171
171 25
15 177
177 10
10 176
176 153
153 167
167 140
140 178
178 83
83 175
116 43
43 180
180 179
179 105
105 152
181 182
182 84
84 175
75 125
125 154
154 44
44 141
141 184
184 171
171 185
185 183
4 98
98 187
187 189
189 79
79 90
90 126
126 188
188 176
176 155
155 67
67 57
57 142
142 168
168 186
190 192
192 194
194 193
193 131
131 191
195 99
99 11
11 187
187 197
197 91
91 45
45 156
156 143
143 196
196 172
172 198
198 183
137 115
0 192
192 92
92 165
165 199
199 68
68 150
200 193
193 203
203 201
201 69
69 151
151 202
202 136
204 100
100 93
93 205
205 206
206 157
157 70
70 108
4 101
101 208
208 46
46 158
158 209
209 144
144 207
207 173
173 183
15 210
210 211
211 58
58 159
159 71
71 108
212 3
3 194
194 213
213 201
201 65
33 132
132 202
202 32
32 145
145 169
169 85
85 14
112 94
94 214
214 215
215 210
210 23
23 177
177 12
12 188
188 160
160 47
47 146
146 182
182 25
38 106
106 179
179 161
161 120
120 147
147 207
207 216
216 196
196 184
184 25
37 148
148 178
178 86
86 217
218 114
114 95
95 214
214 219
219 59
59 220
220 162
162 72
72 108
103 222
222 208
208 197
197 189
189 13
13 80
80 127
127 96
96 215
215 219
219 60
60 205
205 166
166 199
199 213
213 203
203 133
133 221
224 48
48 180
180 163
163 121
121 209
209 149
149 216
216 174
174 198
198 185
185 223
5 24
24 211
211 61
61 220
220 206
206 73
73 28
195 222
222 107
107 38
700
0 0.200000000000000 7.000000000000000
1 0.500000000000000 7.700000000000000
2 0.500000000000000 6.900000000000000
3 0.500000000000000 6.500000000000000
4 0.500000000000000 6.400000000000000
5 0.600000000000000 7.700000000000000
6 0.600000000000000 7.200000000000000
7 0.700000000000000 8.199999999999999
8 0.700000000000000 5.700000000000000
9 0.700000000000000 6.000000000000000
10 0.700000000000000 6.200000000000000
11 0.700000000000000 5.900000000000000
12 0.700000000000000 5.800000000000000
13 0.700000000000000 6.300000000000000
14 0.800000000000000 7.000000000000000
15 0.800000000000000 6.900000000000000
16 0.800000000000000 6.800000000000000
17 0.800000000000000 5.700000000000000
18 0.800000000000000 6.700000000000000
19 1.000000000000000 5.500000000000000
20 1.000000000000000 6.900000000000000
21 1.000000000000000 6.200000000000000
22 1.000000000000000 4.100000000000000
23 1.000000000000000 5.800000000000000
24 1.100000000000000 3.800000000000000
25 1.100000000000000 4.700000000000000
26 1.100000000000000 1.300000000000000
27 1.100000000000000 8.400000000000000
28 1.100000000000000 5.100000000000000
29 1.100000000000000 6.100000000000000
30 1.100000000000000 4.900000000000000
31 1.100000000000000 6.800000000000000
32 1.100000000000000 7.800000000000000
33 1.100000000000000 6.100000000000000
34 1.100000000000000 4.900000000000000
35 1.100000000000000 1.700000000000000
36 1.100000000000000 4.100000000000000
37 1.200000000000000 6.600000000000000
38 1.200000000000000 4.400000000000000
39 1.200000000000000 6.800000000000000
40 1.200000000000000 2.500000000000000
41 1.200000000000000 6.700000000000000
42 1.200000000000000 6.600000000000000
43 1.200000000000000 1.600000000000000
44 1.300000000000000 8.100000000000000
45 1.300000000000000 7.800000000000000
46 1.300000000000000 7.000000000000000
47 1.300000000000000 3.700000000000000
48 1.300000000000000 1.300000000000000
49 1.300000000000000 4.700000000000000
50 1.300000000000000 0.900000000000000
51 1.300000000000000 3.800000000000000
52 1.300000000000000 2.100000000000000
53 1.300000000000000 2.000000000000000
54 1.300000000000000 1.900000000000000
55 1.300000000000000 5.000000000000000
56 1.400000000000000 6.100000000000000
57 1.400000000000000 2.200000000000000
58 1.400000000000000 7.700000000000000
59 1.400000000000000 3.700000000000000
60 1.400000000000000 3.600000000000000
61 1.400000000000000 2.000000000000000
62 1.400000000000000 5.900000000000000
63 1.400000000000000 1.100000000000000
64 1.400000000000000 5.800000000000000
65 1.500000000000000 6.900000000000000
66 1.500000000000000 4.500000000000000
67 1.500000000000000 5.400000000000000
68 1.500000000000000 7.400000000000000
69 1.500000000000000 5.400000000000000
70 1.500000000000000 3.200000000000000
71 1.500000000000000 7.500000000000000
72 1.600000000000000 5.000000000000000
73 1.600000000000000 0.800000000000000
74 1.600000000000000 2.000000000000000
75 1.600000000000000 6.500000000000000
76 1.600000000000000 6.400000000000000
77 1.600000000000000 5.600000000000000
78 1.700000000000000 6.700000000000000
79 1.700000000000000 6.000000000000000
80 1.700000000000000 7.200000000000000
81 1.700000000000000 6.300000000000000
82 1.700000000000000 7.000000000000000
83 1.700000000000000 7.200000000000000
84 1.700000000000000 8.400000000000000
85 1.800000000000000 2.800000000000000
86 1.800000000000000 7.200000000000000
87 1.800000000000000 8.500000000000000
88 1.800000000000000 2.000000000000000
89 1.900000000000000 1.400000000000000
90 1.900000000000000 3.600000000000000
91 1.900000000000000 5.500000000000000
92 1.900000000000000 3.400000000000000
93 1.900000000000000 5.000000000000000
94 2.000000000000000 4.100000000000000
95 2.000000000000000 5.600000000000000
96 2.000000000000000 5.300000000000000
97 2.000000000000000 6.100000000000000
98 2.000000000000000 5.000000000000000
99 2.100000000000000 3.400000000000000
100 2.100000000000000 5.000000000000000
101 2.100000000000000 5.200000000000000
102 2.100000000000000 6.600000000000000
103 2.100000000000000 3.300000000000000
104 2.100000000000000 7.100000000000000
105 2.100000000000000 6.000000000000000
106 2.100000000000000 7.500000000000000
107 2.200000000000000 3.000000000000000
108 2.200000000000000 0.900000000000000
109 2.200000000000000 2.600000000000000
110 2.200000000000000 2.900000000000000
111 2.200000000000000 3.800000000000000
112 2.200000000000000 2.600000000000000
113 2.200000000000000 4.200000000000000
114 2.200000000000000 5.700000000000000
115 2.200000000000000 4.800000000000000
116 2.200000000000000 5.200000000000000
117 2.200000000000000 0.400000000000000
118 2.200000000000000 6.600000000000000
119 2.200000000000000 7.600000000000000
120 2.300000000000000 0.300000000000000
121 2.300000000000000 1.900000000000000
122 2.300000000000000 7.800000000000000
123 2.300000000000000 8.199999999999999
124 2.300000000000000 4.100000000000000
125 2.400000000000000 3.900000000000000
126 2.400000000000000 1.800000000000000
127 2.400000000000000 2.100000000000000
128 2.400000000000000 7.600000000000000
129 2.400000000000000 7.000000000000000
130 2.400000000000000 7.800000000000000
131 2.400000000000000 1.100000000000000
132 2.400000000000000 6.300000000000000
133 2.400000000000000 7.400000000000000
134 2.500000000000000 4.700000000000000
135 2.500000000000000 7.300000000000000
136 2.500000000000000 3.800000000000000
137 2.500000000000000 7.200000000000000
138 2.500000000000000 3.600000000000000
139 2.500000000000000 3.400000000000000
140 2.500000000000000 0.500000000000000
141 2.500000000000000 8.000000000000000
142 2.500000000000000 4.300000000000000
143 2.500000000000000 5.800000000000000
144 2.600000000000000 2.800000000000000
145 2.600000000000000 2.200000000000000
146 2.600000000000000 7.500000000000000
147 2.600000000000000 7.900000000000000
148 2.700000000000000 1.700000000000000
149 2.700000000000000 2.700000000000000
150 2.700000000000000 0.700000000000000
151 2.700000000000000 4.000000000000000
152 2.700000000000000 5.000000000000000
153 2.700000000000000 6.400000000000000
154 2.700000000000000 4.500000000000000
155 2.700000000000000 4.100000000000000
156 2.700000000000000 4.800000000000000
157 2.700000000000000 6.200000000000000
158 2.700000000000000 5.600000000000000
159 2.800000000000000 3.300000000000000
160 2.800000000000000 1.900000000000000
161 2.800000000000000 6.600000000000000
162 2.800000000000000 7.200000000000000
163 2.800000000000000 3.900000000000000
164 2.800000000000000 4.100000000000000
165 2.800000000000000 6.700000000000000
166 2.800000000000000 4.600000000000000
167 2.800000000000000 1.100000000000000
168 2.800000000000000 1.200000000000000
169 2.800000000000000 3.400000000000000
170 2.800000000000000 1.900000000000000
171 2.800000000000000 4.300000000000000
172 2.900000000000000 3.600000000000000
173 2.900000000000000 2.100000000000000
174 2.900000000000000 8.300000000000001
175 2.900000000000000 8.000000000000000
176 2.900000000000000 4.300000000000000
177 2.900000000000000 8.000000000000000
178 2.900000000000000 7.000000000000000
179 2.900000000000000 4.300000000000000
180 3.000000000000000 5.600000000000000
181 3.000000000000000 4.100000000000000
182 3.000000000000000 5.600000000000000
183 3.000000000000000 8.400000000000000
184 3.000000000000000 1.900000000000000
185 3.000000000000000 3.200000000000000
186 3.000000000000000 2.200000000000000
187 3.100000000000000 2.300000000000000
188 3.100000000000000 0.600000000000000
189 3.100000000000000 2.100000000000000
190 3.100000000000000 3.300000000000000
191 3.100000000000000 4.000000000000000
192 3.100000000000000 1.600000000000000
193 3.100000000000000 3.800000000000000
194 3.100000000000000 5.700000000000000
195 3.200000000000000 2.800000000000000
196 3.200000000000000 2.000000000000000
197 3.200000000000000 1.900000000000000
198 3.200000000000000 8.100000000000000
199 3.200000000000000 3.900000000000000
200 3.200000000000000 7.100000000000000
201 3.200000000000000 4.700000000000000
202 3.200000000000000 0.600000000000000
203 3.200000000000000 6.200000000000000
204 3.200000000000000 0.800000000000000
205 3.300000000000000 4.300000000000000
206 3.300000000000000 6.700000000000000
207 3.300000000000000 6.600000000000000
208 3.300000000000000 7.200000000000000
209 3.300000000000000 1.800000000000000
210 3.300000000000000 2.600000000000000
211 3.300000000000000 7.300000000000000
212 3.300000000000000 6.400000000000000
213 3.300000000000000 4.500000000000000
214 3.300000000000000 5.300000000000000
215 3.300000000000000 6.100000000000000
216 3.300000000000000 3.100000000000000
217 3.400000000000000 1.400000000000000
218 3.400000000000000 7.600000000000000
219 3.400000000000000 1.300000000000000
220 3.400000000000000 8.000000000000000
221 3.400000000000000 5.700000000000000
222 3.400000000000000 3.200000000000000
223 3.500000000000000 7.500000000000000
224 3.500000000000000 2.500000000000000
225 3.500000000000000 2.900000000000000
226 3.500000000000000 3.500000000000000
227 3.500000000000000 7.500000000000000
228 3.500000000000000 0.500000000000000
229 3.500000000000000 4.300000000000000
230 3.500000000000000 7.500000000000000
231 3.500000000000000 4.000000000000000
232 3.600000000000000 4.400000000000000
233 3.600000000000000 8.000000000000000
234 3.600000000000000 0.300000000000000
235 3.600000000000000 1.700000000000000
236 3.600000000000000 0.700000000000000
237 3.600000000000000 6.600000000000000
238 3.600000000000000 8.300000000000001
239 3.600000000000000 4.400000000000000
240 3.600000000000000 7.000000000000000
241 3.600000000000000 7.200000000000000
242 3.600000000000000 0.600000000000000
243 3.600000000000000 4.500000000000000
244 3.600000000000000 1.800000000000000
245 3.700000000000000 5.300000000000000
246 3.700000000000000 4.100000000000000
247 3.700000000000000 2.100000000000000
248 3.700000000000000 7.400000000000000
249 3.700000000000000 4.700000000000000
250 3.800000000000000 7.800000000000000
251 3.800000000000000 7.200000000000000
252 3.800000000000000 3.600000000000000
253 3.800000000000000 3.400000000000000
254 3.800000000000000 2.500000000000000
255 3.800000000000000 5.200000000000000
256 3.800000000000000 2.800000000000000
257 3.800000000000000 4.600000000000000
258 3.800000000000000 3.600000000000000
259 3.800000000000000 0.400000000000000
260 3.900000000000000 7.100000000000000
261 3.900000000000000 2.600000000000000
262 3.900000000000000 3.500000000000000
263 3.900000000000000 1.000000000000000
264 3.900000000000000 6.500000000000000
265 3.900000000000000 3.600000000000000
266 3.900000000000000 6.300000000000000
267 3.900000000000000 6.600000000000000
268 3.900000000000000 3.600000000000000
269 3.900000000000000 7.600000000000000
270 4.000000000000000 1.600000000000000
271 4.000000000000000 3.400000000000000
272 4.000000000000000 1.600000000000000
273 4.000000000000000 3.100000000000000
274 4.000000000000000 6.200000000000000
275 4.000000000000000 0.900000000000000
276 4.100000000000000 4.300000000000000
277 4.100000000000000 8.300000000000001
278 4.200000000000000 5.600000000000000
279 4.200000000000000 1.500000000000000
280 4.200000000000000 3.200000000000000
281 4.200000000000000 4.600000000000000
282 4.300000000000000 6.000000000000000
283 4.300000000000000 8.500000000000000
284 4.300000000000000 7.800000000000000
285 4.300000000000000 3.600000000000000
286 4.400000000000000 2.200000000000000
287 4.400000000000000 7.700000000000000
288 4.400000000000000 3.200000000000000
289 4.400000000000000 7.900000000000000
290 4.400000000000000 6.100000000000000
291 4.500000000000000 1.700000000000000
292 4.500000000000000 8.500000000000000
293 4.500000000000000 3.700000000000000
294 4.500000000000000 3.300000000000000
295 4.500000000000000 7.900000000000000
296 4.500000000000000 2.700000000000000
297 4.500000000000000 1.800000000000000
298 4.500000000000000 7.000000000000000
299 4.500000000000000 1.300000000000000
300 4.500000000000000 7.500000000000000
301 4.600000000000000 2.700000000000000
302 4.600000000000000 8.000000000000000
303 4.600000000000000 8.000000000000000
304 4.600000000000000 7.800000000000000
305 4.600000000000000 2.500000000000000
306 4.600000000000000 6.400000000000000
307 4.600000000000000 2.600000000000000
308 4.700000000000000 5.700000000000000
309 4.700000000000000 4.800000000000000
310 4.700000000000000 3.200000000000000
311 4.700000000000000 4.000000000000000
312 4.700000000000000 1.200000000000000
313 4.700000000000000 1.700000000000000
314 4.700000000000000 3.800000000000000
315 4.800000000000000 7.000000000000000
316 4.800000000000000 3.200000000000000
317 4.800000000000000 1.900000000000000
318 4.800000000000000 2.400000000000000
319 4.800000000000000 2.700000000000000
320 4.800000000000000 3.300000000000000
321 4.800000000000000 8.500000000000000
322 4.800000000000000 8.500000000000000
323 4.900000000000000 7.100000000000000
324 4.900000000000000 4.000000000000000
325 4.900000000000000 4.300000000000000
326 4.900000000000000 6.600000000000000
327 4.900000000000000 1.600000000000000
328 4.900000000000000 3.400000000000000
329 4.900000000000000 6.000000000000000
330 4.900000000000000 2.500000000000000
331 4.900000000000000 6.000000000000000
332 4.900000000000000 8.300000000000001
333 4.900000000000000 3.500000000000000
334 4.900000000000000 8.600000000000000
335 5.000000000000000 2.700000000000000
336 5.000000000000000 2.400000000000000
337 5.000000000000000 5.200000000000000
338 5.000000000000000 3.600000000000000
339 5.000000000000000 1.800000000000000
340 5.000000000000000 4.900000000000000
341 5.000000000000000 1.400000000000000
342 5.100000000000000 6.400000000000000
343 5.100000000000000 4.200000000000000
344 5.100000000000000 7.400000000000000
345 5.100000000000000 6.300000000000000
346 5.100000000000000 2.100000000000000
347 5.100000000000000 4.400000000000000
348 5.100000000000000 2.700000000000000
349 5.100000000000000 7.000000000000000
350 5.100000000000000 4.800000000000000
351 5.200000000000000 1.700000000000000
352 5.200000000000000 1.700000000000000
353 5.200000000000000 4.300000000000000
354 5.200000000000000 6.700000000000000
355 5.200000000000000 4.200000000000000
356 5.200000000000000 3.300000000000000
357 5.200000000000000 6.800000000000000
358 5.200000000000000 4.100000000000000
359 5.200000000000000 3.300000000000000
360 5.200000000000000 2.600000000000000
361 5.300000000000000 8.000000000000000
362 5.300000000000000 6.000000000000000
363 5.300000000000000 1.900000000000000
364 5.300000000000000 5.100000000000000
365 5.300000000000000 5.100000000000000
366 5.300000000000000 1.600000000000000
367 5.300000000000000 3.800000000000000
368 5.300000000000000 8.500000000000000
369 5.300000000000000 7.500000000000000
370 5.400000000000000 4.800000000000000
371 5.400000000000000 2.500000000000000
372 5.400000000000000 5.800000000000000
373 5.400000000000000 4.900000000000000
374 5.400000000000000 7.600000000000000
375 5.500000000000000 2.200000000000000
376 5.500000000000000 7.800000000000000
377 5.500000000000000 5.200000000000000
378 5.500000000000000 8.400000000000000
379 5.500000000000000 6.600000000000000
380 5.500000000000000 3.400000000000000
381 5.500000000000000 4.800000000000000
382 5.600000000000000 5.200000000000000
383 5.600000000000000 4.600000000000000
384 5.700000000000000 5.000000000000000
385 5.700000000000000 6.900000000000000
386 5.700000000000000 2.100000000000000
387 5.700000000000000 8.000000000000000
388 5.800000000000000 1.500000000000000
389 5.800000000000000 1.700000000000000
390 5.800000000000000 4.600000000000000
391 5.800000000000000 3.200000000000000
392 5.900000000000000 2.200000000000000
393 5.900000000000000 6.700000000000000
394 5.900000000000000 5.000000000000000
395 5.900000000000000 4.200000000000000
396 5.900000000000000 2.700000000000000
397 5.900000000000000 6.300000000000000
398 5.900000000000000 6.300000000000000
399 5.900000000000000 3.000000000000000
400 5.900000000000000 6.000000000000000
401 5.900000000000000 4.200000000000000
402 6.000000000000000 5.300000000000000
403 6.000000000000000 6.800000000000000
404 6.000000000000000 2.000000000000000
405 6.000000000000000 5.600000000000000
406 6.000000000000000 7.500000000000000
407 6.000000000000000 3.900000000000000
408 6.100000000000000 5.000000000000000
409 6.100000000000000 4.800000000000000
410 6.100000000000000 4.900000000000000
411 6.100000000000000 3.700000000000000
412 6.100000000000000 4.100000000000000
413 6.200000000000000 6.700000000000000
414 6.200000000000000 6.000000000000000
415 6.200000000000000 3.800000000000000
416 6.200000000000000 4.600000000000000
417 6.200000000000000 7.500000000000000
418 6.300000000000000 1.900000000000000
419 6.300000000000000 3.400000000000000
420 6.300000000000000 3.700000000000000
421 6.300000000000000 5.200000000000000
422 6.300000000000000 4.100000000000000
423 6.400000000000000 4.700000000000000
424 6.400000000000000 4.500000000000000
425 6.400000000000000 5.200000000000000
426 6.400000000000000 1.300000000000000
427 6.400000000000000 6.000000000000000
428 6.400000000000000 6.900000000000000
429 6.400000000000000 4.500000000000000
430 6.400000000000000 1.600000000000000
431 6.400000000000000 1.300000000000000
432 6.500000000000000 4.100000000000000
433 6.500000000000000 7.200000000000000
434 6.500000000000000 2.500000000000000
435 6.600000000000000 8.300000000000001
436 6.600000000000000 6.700000000000000
437 6.600000000000000 2.900000000000000
438 6.600000000000000 4.400000000000000
439 6.600000000000000 4.300000000000000
440 6.600000000000000 4.000000000000000
441 6.600000000000000 1.700000000000000
442 6.600000000000000 7.700000000000000
443 6.700000000000000 1.200000000000000
444 6.700000000000000 5.900000000000000
445 6.700000000000000 6.700000000000000
446 6.700000000000000 1.500000000000000
447 6.700000000000000 1.800000000000000
448 6.700000000000000 4.200000000000000
449 6.700000000000000 1.200000000000000
450 6.700000000000000 2.100000000000000
451 6.700000000000000 3.000000000000000
452 6.700000000000000 5.300000000000000
453 6.800000000000000 3.000000000000000
454 6.800000000000000 9.199999999999999
455 6.800000000000000 6.900000000000000
456 6.800000000000000 4.400000000000000
457 6.800000000000000 9.400000000000000
458 6.800000000000000 5.100000000000000
459 6.900000000000000 5.000000000000000
460 6.900000000000000 8.000000000000000
461 6.900000000000000 2.500000000000000
462 6.900000000000000 4.800000000000000
463 6.900000000000000 4.600000000000000
464 6.900000000000000 7.200000000000000
465 6.900000000000000 5.700000000000000
466 6.900000000000000 2.000000000000000
467 7.000000000000000 6.300000000000000
468 7.000000000000000 4.500000000000000
469 7.000000000000000 2.400000000000000
470 7.000000000000000 1.500000000000000
471 7.000000000000000 5.400000000000000
472 7.000000000000000 5.000000000000000
473 7.000000000000000 7.100000000000000
474 7.000000000000000 8.699999999999999
475 7.000000000000000 1.500000000000000
476 7.100000000000000 3.000000000000000
477 7.100000000000000 8.600000000000000
478 7.100000000000000 4.300000000000000
479 7.100000000000000 4.300000000000000
480 7.100000000000000 5.100000000000000
481 7.100000000000000 4.900000000000000
482 7.100000000000000 3.900000000000000
483 7.100000000000000 8.000000000000000
484 7.100000000000000 7.800000000000000
485 7.100000000000000 8.100000000000000
486 7.100000000000000 3.400000000000000
487 7.100000000000000 8.400000000000000
488 7.100000000000000 1.700000000000000
489 7.100000000000000 7.900000000000000
490 7.100000000000000 1.900000000000000
491 7.100000000000000 3.600000000000000
492 7.100000000000000 7.100000000000000
493 7.200000000000000 3.900000000000000
494 7.200000000000000 6.800000000000000
495 7.200000000000000 2.400000000000000
496 7.200000000000000 3.900000000000000
497 7.200000000000000 4.000000000000000
498 7.200000000000000 4.800000000000000
499 7.200000000000000 3.500000000000000
500 7.200000000000000 4.500000000000000
501 7.200000000000000 3.500000000000000
502 7.300000000000000 7.700000000000000
503 7.300000000000000 4.700000000000000
504 7.300000000000000 3.300000000000000
505 7.300000000000000 1.800000000000000
506 7.300000000000000 3.400000000000000
507 7.300000000000000 8.400000000000000
508 7.300000000000000 7.700000000000000
509 7.300000000000000 2.500000000000000
510 7.300000000000000 3.700000000000000
511 7.400000000000000 5.800000000000000
512 7.400000000000000 2.600000000000000
513 7.400000000000000 1.900000000000000
514 7.400000000000000 4.200000000000000
515 7.400000000000000 2.500000000000000
516 7.500000000000000 7.600000000000000
517 7.500000000000000 1.400000000000000
518 7.500000000000000 2.300000000000000
519 7.600000000000000 6.200000000000000
520 7.600000000000000 4.900000000000000
521 7.600000000000000 8.400000000000000
522 7.600000000000000 7.400000000000000
523 7.600000000000000 2.000000000000000
524 7.600000000000000 6.200000000000000
525 7.600000000000000 4.000000000000000
526 7.600000000000000 2.800000000000000
527 7.600000000000000 6.000000000000000
528 7.700000000000000 1.300000000000000
529 7.700000000000000 1.000000000000000
530 7.700000000000000 6.200000000000000
531 7.700000000000000 4.500000000000000
532 7.700000000000000 3.100000000000000
533 7.700000000000000 6.900000000000000
534 7.700000000000000 4.300000000000000
535 7.800000000000000 2.500000000000000
536 7.800000000000000 3.900000000000000
537 7.800000000000000 8.199999999999999
538 7.800000000000000 2.500000000000000
539 7.800000000000000 3.900000000000000
540 7.800000000000000 1.200000000000000
541 7.800000000000000 2.000000000000000
542 7.800000000000000 1.400000000000000
543 7.800000000000000 5.300000000000000
544 7.800000000000000 6.300000000000000
545 7.800000000000000 4.500000000000000
546 7.800000000000000 3.100000000000000
547 7.800000000000000 4.800000000000000
548 7.900000000000000 5.500000000000000
549 7.900000000000000 6.700000000000000
550 7.900000000000000 8.100000000000000
551 7.900000000000000 3.200000000000000
552 7.900000000000000 6.800000000000000
553 7.900000000000000 7.400000000000000
554 7.900000000000000 5.400000000000000
555 7.900000000000000 1.800000000000000
556 7.900000000000000 2.600000000000000
557 7.900000000000000 7.100000000000000
558 7.900000000000000 3.300000000000000
559 8.000000000000000 8.199999999999999
560 8.000000000000000 4.600000000000000
561 8.000000000000000 1.900000000000000
562 8.000000000000000 5.800000000000000
563 8.000000000000000 4.400000000000000
564 8.000000000000000 7.600000000000000
565 8.000000000000000 4.500000000000000
566 8.100000000000000 6.900000000000000
567 8.100000000000000 8.000000000000000
568 8.100000000000000 3.200000000000000
569 8.100000000000000 3.000000000000000
570 8.100000000000000 1.000000000000000
571 8.100000000000000 5.600000000000000
572 8.199999999999999 2.700000000000000
573 8.199999999999999 1.500000000000000
574 8.199999999999999 3.100000000000000
575 8.199999999999999 5.500000000000000
576 8.199999999999999 5.300000000000000
577 8.300000000000001 6.100000000000000
578 8.300000000000001 6.700000000000000
579 8.300000000000001 6.400000000000000
580 8.300000000000001 4.500000000000000
581 8.300000000000001 7.400000000000000
582 8.300000000000001 7.300000000000000
583 8.300000000000001 3.300000000000000
584 8.300000000000001 6.300000000000000
585 8.300000000000001 8.100000000000000
586 8.300000000000001 4.200000000000000
587 8.400000000000000 4.600000000000000
588 8.400000000000000 2.100000000000000
589 8.400000000000000 4.600000000000000
590 8.400000000000000 2.000000000000000
591 8.400000000000000 5.000000000000000
592 8.400000000000000 4.600000000000000
593 8.400000000000000 4.600000000000000
594 8.400000000000000 5.900000000000000
595 8.400000000000000 2.700000000000000
596 8.400000000000000 7.400000000000000
597 8.500000000000000 1.100000000000000
598 8.500000000000000 4.300000000000000
599 8.500000000000000 4.500000000000000
600 8.600000000000000 3.200000000000000
601 8.600000000000000 3.400000000000000
602 8.600000000000000 3.900000000000000
603 8.600000000000000 5.400000000000000
604 8.600000000000000 3.900000000000000
605 8.600000000000000 1.800000000000000
606 8.600000000000000 4.500000000000000
607 8.600000000000000 1.700000000000000
608 8.699999999999999 2.300000000000000
609 8.699999999999999 6.200000000000000
610 8.699999999999999 5.500000000000000
611 8.699999999999999 4.800000000000000
612 8.699999999999999 2.400000000000000
613 8.699999999999999 2.600000000000000
614 8.699999999999999 5.400000000000000
615 8.800000000000001 2.100000000000000
616 8.800000000000001 6.600000000000000
617 8.800000000000001 0.700000000000000
618 8.800000000000001 6.800000000000000
619 8.800000000000001 2.800000000000000
620 8.800000000000001 3.300000000000000
621 8.800000000000001 2.100000000000000
622 8.800000000000001 6.100000000000000
623 8.800000000000001 5.300000000000000
624 8.900000000000000 3.500000000000000
625 8.900000000000000 2.800000000000000
626 8.900000000000000 2.800000000000000
627 8.900000000000000 7.000000000000000
628 8.900000000000000 6.700000000000000
629 8.900000000000000 4.800000000000000
630 8.900000000000000 7.100000000000000
631 8.900000000000000 5.800000000000000
632 9.000000000000000 2.500000000000000
633 9.000000000000000 1.600000000000000
634 9.000000000000000 3.800000000000000
635 9.000000000000000 5.800000000000000
636 9.000000000000000 1.600000000000000
637 9.000000000000000 6.900000000000000
638 9.000000000000000 5.000000000000000
639 9.100000000000000 1.100000000000000
640 9.100000000000000 6.800000000000000
641 9.100000000000000 2.600000000000000
642 9.100000000000000 6.300000000000000
643 9.100000000000000 5.200000000000000
644 9.100000000000000 5.600000000000000
645 9.100000000000000 1.700000000000000
646 9.100000000000000 1.800000000000000
647 9.199999999999999 2.800000000000000
648 9.199999999999999 3.600000000000000
649 9.199999999999999 2.300000000000000
650 9.199999999999999 5.800000000000000
651 9.300000000000001 4.900000000000000
652 9.300000000000001 5.000000000000000
653 9.300000000000001 6.700000000000000
654 9.300000000000001 0.500000000000000
655 9.300000000000001 3.300000000000000
656 9.300000000000001 2.500000000000000
657 9.300000000000001 0.600000000000000
658 9.300000000000001 5.500000000000000
659 9.300000000000001 4.300000000000000
660 9.300000000000001 0.500000000000000
661 9.400000000000000 3.700000000000000
662 9.400000000000000 1.400000000000000
663 9.400000000000000 1.700000000000000
664 9.400000000000000 4.300000000000000
665 9.400000000000000 1.700000000000000
666 9.400000000000000 7.300000000000000
667 9.400000000000000 7.200000000000000
668 9.500000000000000 4.500000000000000
669 9.500000000000000 3.200000000000000
670 9.500000000000000 5.400000000000000
671 9.500000000000000 6.600000000000000
672 9.500000000000000 3.200000000000000
673 9.500000000000000 5.100000000000000
674 9.500000000000000 7.100000000000000
675 9.600000000000000 0.400000000000000
676 9.600000000000000 5.600000000000000
677 9.600000000000000 2.900000000000000
678 9.600000000000000 7.500000000000000
679 9.600000000000000 1.600000000000000
680 9.600000000000000 7.400000000000000
681 9.600000000000000 2.700000000000000
682 9.600000000000000 6.800000000000000
683 9.600000000000000 3.100000000000000
684 9.600000000000000 6.800000000000000
685 9.600000000000000 4.900000000000000
686 9.600000000000000 4.100000000000000
687 9.600000000000000 5.700000000000000
688 9.600000000000000 1.700000000000000
689 9.600000000000000 1.100000000000000
690 9.699999999999999 1.600000000000000
691 9.699999999999999 0.400000000000000
692 9.699999999999999 4.600000000000000
693 9.699999999999999 4.700000000000000
694 9.699999999999999 2.000000000000000
695 9.699999999999999 1.600000000000000
696 9.699999999999999 8.100000000000000
697 9.800000000000001 5.600000000000000
698 9.800000000000001 7.400000000000000
699 9.800000000000001 4.700000000000000
