49
0 9.523000000000000 2.712000000000000
1 9.944000000000001 5.277000000000000
2 3.830000000000000 1.184000000000000
3 3.828000000000000 0.193000000000000
4 3.501000000000000 9.720000000000001
5 3.650818819568507 5.832907465541727
6 3.725377137995189 3.898470364963713
7 3.680592886180525 5.060410709918049
8 3.652790800022862 5.781743863236635
9 3.633070246889974 6.293399308654051
10 3.586668201745516 7.497313768693849
11 1.851000000000000 5.204000000000000
12 5.786000000000000 6.579000000000000
13 4.604767234457500 6.166243951049317
14 3.764185456089244 5.872520966231947
15 4.398594107981937 6.094201244847564
16 5.460567272737388 6.465284625162365
17 6.263000000000000 5.741000000000000
18 6.745000000000000 0.033000000000000
19 6.487005743603065 3.088251484468270
20 6.523349325689860 2.657859022743324
21 6.370933643364357 4.462814862398853
22 6.274391574236626 5.606097290990325
23 7.689000000000000 5.238000000000000
24 6.039000000000000 2.287000000000000
25 8.460000000000001 3.654000000000000
26 3.083286322203970 4.345695510537492
27 2.450116297057761 4.786707201882166
28 5.049529141962572 2.976180155896651
29 4.746137285635524 3.187496785530366
30 3.198299366006637 4.265587332702635
31 5.357712908318197 2.761525894564427
32 5.630000000000000 7.393000000000000
33 0.334000000000000 1.056000000000000
34 4.518486702496237 6.063003820566212
35 5.045654328301066 6.693793330521876
36 0.318000000000000 2.892000000000000
37 2.653000000000000 4.967000000000000
38 6.211028106939705 5.622585189856872
39 5.545827079478530 5.795678104979517
40 5.709156833562292 6.328376679841063
41 1.599000000000000 8.592000000000001
42 3.395000000000000 4.486000000000000
43 7.477000000000000 6.320000000000000
44 6.947512902071512 5.430943423127475
45 7.044122269907986 5.593159262188607
46 4.123920728561291 6.165674399559856
47 4.882351528995406 6.783730537233073
48 3.527000000000000 6.321000000000000
77
0 1
3 2
4 10
10 9
9 5
5 8
8 7
7 6
6 2
11 5
5 14
14 15
15 13
13 16
16 12
17 22
22 21
21 19
19 20
20 18
24 19
19 23
25 0
11 27
27 26
26 30
30 6
6 29
29 28
28 31
31 24
24 20
20 1
33 26
26 7
7 34
34 13
13 35
35 32
36 27
27 37
3 28
28 38
38 17
3 29
29 39
39 40
40 12
36 41
33 30
30 42
3 31
31 21
21 44
44 45
45 43
37 8
8 14
14 46
46 47
47 32
48 9
9 46
46 15
15 34
34 39
39 38
38 22
22 44
44 23
41 10
10 47
47 35
35 16
16 40
40 45
45 23
32
0 0.500000000000000 1.800000000000000
1 0.800000000000000 4.800000000000000
2 0.800000000000000 2.600000000000000
3 1.500000000000000 2.900000000000000
4 1.500000000000000 5.800000000000000
5 1.900000000000000 7.800000000000000
6 2.000000000000000 5.300000000000000
7 2.100000000000000 5.800000000000000
8 2.100000000000000 4.300000000000000
9 2.100000000000000 7.400000000000000
10 2.600000000000000 4.300000000000000
11 2.800000000000000 6.900000000000000
12 3.000000000000000 7.700000000000000
13 3.200000000000000 5.300000000000000
14 3.300000000000000 6.900000000000000
15 3.700000000000000 5.600000000000000
16 3.800000000000000 6.900000000000000
17 3.900000000000000 2.600000000000000
18 4.200000000000000 2.300000000000000
19 4.200000000000000 2.300000000000000
20 4.600000000000000 3.500000000000000
21 4.700000000000000 6.000000000000000
22 4.900000000000000 4.700000000000000
23 4.900000000000000 2.900000000000000
24 5.000000000000000 2.300000000000000
25 5.200000000000000 5.500000000000000
26 5.300000000000000 3.300000000000000
27 5.500000000000000 2.700000000000000
28 6.300000000000000 4.100000000000000
29 6.600000000000000 5.000000000000000
30 7.300000000000000 4.900000000000000
31 7.600000000000000 5.200000000000000
