365
0 9.260000000000000 2.020000000000000
1 0.420000000000000 0.560000000000000
2 6.740919684951245 1.603952798645794
3 5.531538181597623 1.404213319585128
4 7.461882728360591 1.723025880475844
5 5.922238442409377 1.468740738225983
6 7.820854272879645 1.782313036018584
7 5.672652094400418 1.427519463554820
8 6.751701877934272 1.605733568075117
9 5.058933665025773 1.326158727481632
10 7.467551720932703 1.723962162054496
11 8.279646046973205 1.858086338074760
12 3.563717280877876 1.079211225122364
13 6.710000000000000 1.620000000000000
14 7.750000000000000 8.410000000000000
15 7.386452173913043 6.036452173913043
16 6.715429674438399 1.655449509073775
17 6.963522300854279 3.275208098846691
18 7.668887989389738 7.880432161496461
19 7.483099279970569 6.667446260577075
20 6.879655329937644 2.727653548342889
21 7.052764398511892 3.857856024899757
22 7.557290907838601 7.151831984830866
23 7.184646832564762 4.718896147225704
24 6.759234089980684 1.941441799008508
25 7.641123152050305 7.699159810020742
26 7.678394749548276 7.942500335993071
27 7.631405710514262 7.635716129222918
28 6.898365027120403 2.849806282834170
29 7.417251071402425 6.237533437329294
30 7.525436086295811 6.943856755719771
31 7.408445299572110 6.180041907783293
32 7.672116294772346 7.901509270677144
33 7.100000000000000 8.640000000000001
34 3.850000000000000 3.410000000000000
35 5.136455892425826 5.480204405349868
36 4.961555513549738 5.198749334112350
37 4.820562857439738 4.971859613664563
38 5.917851701371253 6.737650584052818
39 5.213020823910409 5.603415048938903
40 3.950157807384297 3.571177025421500
41 6.297609258600164 7.348768129993496
42 6.532867901649403 7.727353577115809
43 6.244902430325571 7.263950680185459
44 5.374700665427699 5.863595224672883
45 5.727594211050809 6.431482376552534
46 6.611339071760125 7.853631798555526
47 5.237708527027222 5.643143260416115
48 6.039530033535176 6.933459100119682
49 4.520000000000000 5.370000000000000
50 6.310000000000000 5.690000000000000
51 4.847784128945877 5.428598280035017
52 5.270535549930971 5.504173953060286
53 5.530678130084876 5.550679889177185
54 5.492794883572468 5.543907465219659
55 6.060294777048909 5.645359960142822
56 5.532715387685616 5.551044091653295
57 7.570000000000000 6.220000000000000
58 3.390000000000000 2.040000000000000
59 5.487069351230425 4.137069351230425
60 5.658464951197870 4.308464951197870
61 5.851582733812950 4.501582733812949
62 5.020032840722497 3.670032840722496
63 6.532096069868995 5.182096069868995
64 6.985964912280702 5.635964912280701
65 3.998753541076488 2.648753541076487
66 6.997021276595744 5.647021276595743
67 4.081010719754977 2.731010719754976
68 3.956465721040189 2.606465721040189
69 5.992196409714889 4.642196409714889
70 3.637068965517242 2.287068965517241
71 4.520000000000000 9.869999999999999
72 4.520000000000000 5.825368421052631
73 4.520000000000000 6.799215686274511
74 4.520000000000000 7.626676056338028
75 4.520000000000000 6.208196721311475
76 4.520000000000000 7.858391167192428
77 4.520000000000000 5.678439716312056
78 4.520000000000000 7.554182389937107
79 4.520000000000000 8.147212543554007
80 4.520000000000000 6.570097276264590
81 4.520000000000000 5.465628997867803
82 4.520000000000000 6.032446183953033
83 4.520000000000000 7.602102803738318
84 5.460000000000000 0.750000000000000
85 8.090000000000000 0.540000000000000
86 7.233715261687563 0.608372545644719
87 7.645546201232033 0.575488706365503
88 5.799741805580287 0.722872327311080
89 7.732280371317099 0.568563164267456
90 7.597634330172623 0.579314369073669
91 7.520000000000000 0.030000000000000
92 4.560000000000000 6.010000000000000
93 5.237101261727596 4.642072450969248
94 4.619308693222639 5.890180410313723
95 6.920519180072093 1.241113278097595
96 5.097040351779768 4.925033343363846
97 5.687707728605133 3.731725602345035
98 6.142874071879572 2.812166571000054
99 6.546943827269876 1.995836457069640
100 6.121073250233906 2.856210122838257
101 6.737660521296884 1.610537190082645
102 4.598694845040283 5.931825954952401
103 5.072100044534094 4.975419504623686
104 5.249139836776756 4.617751275701012
105 4.795701370402607 5.533819528713651
106 2.430000000000000 6.810000000000000
107 0.770000000000000 1.950000000000000
108 1.397670438708958 3.787637549473214
109 2.428344330213288 6.805152677612398
110 2.038823844497780 5.664749327866994
111 1.561295336787564 4.266683937823833
112 1.880000000000000 7.300000000000000
113 8.170000000000000 2.320000000000000
114 4.093831046948139 5.547237104324048
115 6.222145289443813 3.862180677038125
116 5.020034937063729 4.813931003723788
117 6.313843513168754 3.789580175583402
118 6.304600115015712 3.796898478095668
119 3.635264781172308 5.910299108070255
120 7.607959240516180 2.764986165696251
121 7.658618478172788 2.724877580079414
122 6.394088040376626 3.726047942595295
123 2.672861847418684 6.672265182806829
124 4.403184853731478 5.302311514851707
125 4.977510045953799 4.847599359483319
126 5.256324325337019 4.626852918890563
127 6.496268369879930 3.645148413036240
128 3.098908747387040 6.334949831162566
129 2.510577809660012 6.800750796167430
130 4.273814032088632 5.404738651859875
131 3.925915899924730 5.680181052205858
132 3.159996072220463 6.286584985745961
133 7.990000000000000 8.090000000000000
134 1.340000000000000 3.750000000000000
135 7.294920089561458 7.636368900555898
136 4.929502690505121 6.092622808540184
137 6.713091198303288 7.256648992576882
138 6.746669110235500 7.278562998258957
139 6.891981497418244 7.373398450946643
140 3.207746913580248 4.968950617283951
141 6.644538341158059 7.211909233176838
142 7.986104276508494 8.087457527826595
143 7.705523238960285 7.904341482268817
144 2.737022052602883 4.661740708014513
145 3.210121893282295 4.970500604036866
146 4.577232464813308 5.862720134930790
147 6.804330026341055 7.316194332980477
148 5.177189037510539 6.254270740270035
149 5.490434979852160 6.458704934219304
150 7.013904803612148 7.452969450778454
151 3.632405028242330 5.246095913168678
152 1.667189995302960 3.963534523250352
153 7.225175841469682 7.995477582219937
154 7.383755274514865 7.178962203561761
155 7.419722766399524 6.993767883645001
156 7.272756153983035 7.750489590129900
157 7.242189246575709 7.907876645291031
158 7.361463547625858 7.293740882437071
159 7.406408651109847 7.062321413434407
160 7.287695989209807 7.673565332153760
161 6.930000000000000 1.240000000000000
162 4.290000000000000 1.550000000000000
163 5.904449281848883 1.360424516146533
164 5.660581051171969 1.389060558385110
165 4.957693824197489 1.471596558522265
166 7.510000000000000 1.640000000000000
167 3.940000000000000 7.800000000000000
168 5.374322002586366 5.325091446517643
169 6.266742806622729 3.785228098376467
170 3.992670409546102 7.709117724704765
171 6.294747407159585 3.736906434705030
172 4.713563533003474 6.465223707758711
173 4.250310108041704 7.264562950830000
174 6.361399127286232 3.621899545074738
175 4.746632360384680 6.408163770316629
176 5.355236325013276 5.358023596055523
177 5.557708325974072 5.008660143417288
178 4.070780246801148 7.574339966303902
179 4.662247353338229 6.553769272671293
180 5.195978214800373 5.632821903873865
181 4.850725741050297 6.228551662501448
182 4.837648697036006 6.251115973741795
183 4.221837081901391 7.313692878287795
184 7.360000000000000 8.190000000000000
185 3.340000000000000 2.390000000000000
186 4.172945730475270 3.591762496705614
187 6.730077691259405 7.281156867986206
188 6.922405054254711 7.558644108128687
189 6.653478987245506 7.170641324881577
190 3.591642733582043 2.753066630541256
191 3.828138228941684 3.094279036781534
192 3.810495553204722 3.068824429996864
193 6.949230360848792 7.597347286796763
194 3.627547653085538 2.804869748232866
195 6.016249000266596 6.251254776504044
196 5.531962597587915 5.552533100997489
197 6.110687053735109 6.387508684493441
198 6.916413592485926 7.549999710551832
199 5.668638525564804 5.749727225939269
200 6.802757913549556 7.386018880245627
201 8.050000000000001 3.950000000000000
202 1.340000000000000 3.330000000000000
203 6.303237253125967 3.788600163478107
204 2.512617003637142 3.438349112109542
205 7.364940988253785 3.886700955695581
206 7.731638693438590 3.920583605056919
207 6.417021095439218 3.799113722678437
208 3.523603478437976 3.531763659706639
209 3.660352964491858 3.544399230698205
210 3.863041819312452 3.563127560055696
211 4.039001591959347 3.579386138154217
212 4.460216097520933 3.618306107371532
213 6.418366159243959 3.799238005772169
214 1.871343248160747 3.379095799382960
215 2.260000000000000 7.980000000000000
216 9.359999999999999 6.870000000000000
217 6.873158593730422 7.258787881825244
218 4.421741969640163 7.642037523056256
219 6.626011136748001 7.297426427916862
220 7.925451873309335 7.094274425440371
221 7.473448252207402 7.164939780288702
222 6.392684985871449 7.333904178265168
223 6.773390433856102 7.274385439214046
224 7.283263115495318 7.194672949549323
225 4.480204380342919 7.632897625044981
226 4.156395136382178 7.683521323748702
227 7.271595629412954 7.196497021317130
228 6.647645438126033 7.294044163898606
229 4.541869567254750 7.623257011316511
230 7.550000000000000 0.490000000000000
231 7.783750741839763 0.699145400593472
232 8.011394090524137 0.902826291521596
233 5.750000000000000 0.420000000000000
234 6.770200026588402 6.631884606338267
235 6.030536306304061 2.128154398384725
236 6.181974363539256 3.050243902439025
237 6.927036012454876 7.586841498058578
238 6.904907911981789 7.452105952955783
239 6.752119770446188 6.521795935605683
240 6.332785415421398 3.968515640565850
241 6.718604999616701 6.317728219888356
242 6.920343055462857 7.546088826596068
243 6.665826614538553 5.996366497412520
244 6.903904129641791 7.445994033818909
245 9.090000000000000 3.550000000000000
246 9.105862068965516 3.407241379310346
247 4.800000000000000 6.580000000000000
248 4.190000000000000 5.770000000000000
249 4.770857338668670 6.541302367740366
250 4.280855596298236 5.890644316396019
251 8.060000000000000 1.400000000000000
252 7.959126630871456 1.144080526470175
253 2.200000000000000 2.750000000000000
254 5.370000000000000 9.730000000000000
255 2.346308583224487 3.072155807857071
256 2.937457337055861 4.373801959826469
257 3.209436625425078 4.972671181535345
258 4.447220694090760 7.698138941562618
259 4.831689599544506 8.544698234959196
260 3.963904814888403 6.633929213855222
261 3.295803950583296 5.162842768161327
262 3.385123912718176 5.359515744723302
263 4.312412331498574 7.401305386075723
264 6.060000000000000 9.910000000000000
265 7.649389539147525 2.573753703540732
266 6.989062876273824 5.621665443011953
267 6.597140971488912 7.430684284309799
268 6.663248116548072 7.125549333962837
269 6.785020619045362 6.563476255933476
270 6.841313194546473 6.303643037980074
271 7.941712361256048 1.224460677355090
272 6.476417455804019 7.987915487249428
273 6.895573378891190 6.053190857039185
274 6.629123309322693 7.283061375195254
275 7.640000000000000 2.420000000000000
276 8.039999999999999 8.970000000000001
277 7.986148197432295 8.088176732953844
278 7.881251620710519 6.370495289134756
279 7.985945897727525 8.084864075288237
280 7.893872509824602 6.577162348377877
281 7.986119007393399 8.087698746066927
282 6.960000000000000 1.890000000000000
283 5.902829803091867 2.160876349385714
284 4.168556514304358 2.605245305943368
285 3.938218249260841 2.664264363178717
286 3.609998330017571 2.748363417219697
287 3.453667340686054 2.788419756123147
288 1.942411522193071 3.175645446270814
289 7.724323837678043 7.964241064230046
290 7.614480190743702 7.614274096090403
291 6.417560364238879 3.800831858156430
292 7.190532657117400 6.263557535467069
293 7.432948825834274 7.035906724169669
294 7.143773053235467 6.114579262633932
295 7.712070097230509 7.925200077222787
296 3.110000000000000 6.190000000000000
297 2.711613621896881 6.549519414385742
298 2.425527432555320 6.807694755986662
299 3.036944000000000 6.255928585365854
300 3.084207863456264 6.213275830539470
301 7.850000000000000 1.230000000000000
302 0.100000000000000 8.449999999999999
303 3.781147299004981 3.161784663742846
304 3.751585103178618 3.204252743568031
305 3.756339468481551 3.197422778487324
306 1.555402649240849 6.359216343441318
307 3.759596225899084 3.230047422398469
308 3.765842086794194 3.210263734932677
309 2.871080671768938 6.044409497795926
310 2.636874813593909 6.786253669256730
311 3.160002153084293 5.129254263875859
312 3.134267307899365 5.210769069067529
313 2.880099152113036 6.015843572371022
314 7.046442961242933 7.643363282594617
315 4.971475857465144 6.661168822812654
316 6.894751428052399 7.571559453404113
317 5.715234913343078 7.013230319482147
318 2.550000000000000 1.310000000000000
319 2.464825987634729 1.452191326427974
320 3.744491599531137 3.181412667993873
321 4.787392117513189 6.539404406744594
322 4.448407386681589 5.447921656407386
323 4.654761902245985 6.112353926380692
324 4.646230653226446 6.084884514644020
325 8.480000000000000 6.660000000000000
326 8.029500202027300 6.442175921859354
327 8.449999999999999 9.539999999999999
328 2.330000000000000 1.270000000000000
329 5.518655881617573 5.578853617806752
330 6.116579644655301 6.386832297597932
331 6.951505548394743 7.515073674056295
332 5.639834348993755 5.742602951989927
333 6.897633295524980 7.442275711436534
334 2.518910430399379 1.525276022778247
335 4.280000000000000 3.390000000000000
336 5.709626194102174 5.201116741854506
337 6.601634917200886 6.331154746858264
338 7.278936087503979 7.189191269883747
339 6.257680924946729 5.895417883355694
340 4.330000000000000 7.930000000000000
341 4.337711401733179 7.914746944370536
342 5.048168934538195 6.509470881054954
343 5.458539782879216 5.697762504933879
344 5.111898207878442 6.383415180014026
345 5.074705779741830 6.456981335038957
346 4.503729743753492 7.586364752135387
347 0.160000000000000 5.640000000000000
348 0.940967296530210 6.042524994246848
349 5.620000000000000 9.550000000000001
350 2.750000000000000 5.890000000000000
351 3.385423321320413 6.700330786074115
352 5.279672119683040 6.482897558246499
353 5.124993751301812 6.500652468235784
354 3.566272348433929 6.679571851055249
355 9.789999999999999 4.690000000000000
356 5.560000000000000 8.900000000000000
357 6.977228662976987 7.489472181765220
358 2.880000000000000 5.060000000000000
359 4.727586464759769 6.155535614133482
360 6.080000000000000 7.330000000000000
361 2.650000000000000 1.150000000000000
362 4.890000000000000 7.960000000000000
363 3.500000000000000 0.030000000000000
364 3.650000000000000 2.500000000000000
654
1 12
12 9
9 3
3 7
7 5
5 2
2 8
8 4
4 10
10 6
6 11
11 0
13 16
16 24
24 20
20 28
28 17
17 21
21 23
23 15
15 31
31 29
29 19
19 30
30 22
22 27
27 25
25 18
18 32
32 26
26 14
34 40
40 37
37 36
36 35
35 39
39 47
47 44
44 45
45 38
38 48
48 43
43 41
41 42
42 46
46 33
49 51
51 35
35 52
52 54
54 53
53 56
56 55
55 50
58 70
70 68
68 65
65 67
67 62
62 59
59 60
60 61
61 69
69 63
63 64
64 66
66 15
15 57
49 81
81 77
77 72
72 82
82 75
75 80
80 73
73 78
78 83
83 74
74 76
76 79
79 71
84 88
88 86
86 90
90 87
87 89
89 85
92 102
102 94
94 105
105 51
51 36
36 103
103 96
96 93
93 104
104 59
59 97
97 100
100 98
98 99
99 16
16 101
101 2
2 95
95 86
86 91
107 108
108 111
111 110
110 109
109 106
112 129
129 123
123 128
128 132
132 119
119 131
131 114
114 130
130 124
124 37
37 125
125 116
116 93
93 126
126 60
60 115
115 118
118 117
117 122
122 127
127 17
17 120
120 121
121 113
134 108
108 152
152 144
144 140
140 145
145 151
151 114
114 72
72 146
146 94
94 136
136 148
148 149
149 38
38 141
141 137
137 138
138 147
147 139
139 150
150 135
135 18
18 143
143 142
142 133
33 153
153 157
157 156
156 160
160 135
135 158
158 154
154 159
159 155
155 19
19 57
162 165
165 3
3 164
164 163
163 95
95 161
167 170
170 178
178 183
183 173
173 73
73 179
179 172
172 175
175 182
182 181
181 136
136 180
180 39
39 52
52 176
176 168
168 177
177 61
61 115
115 169
169 171
171 174
174 20
20 4
4 166
185 190
190 194
194 192
192 191
191 186
186 116
116 96
96 168
168 53
53 196
196 199
199 195
195 197
197 189
189 137
137 187
187 200
200 198
198 188
188 193
193 153
153 184
202 214
214 204
204 208
208 209
209 210
210 40
40 211
211 186
186 212
212 62
62 97
97 169
169 203
203 117
117 207
207 213
213 21
21 205
205 206
206 201
215 170
170 226
226 218
218 225
225 74
74 229
229 41
41 222
222 219
219 228
228 187
187 138
138 223
223 217
217 227
227 224
224 154
154 221
221 22
22 220
220 216
230 87
87 231
231 232
232 0
233 88
88 163
163 5
5 235
235 98
98 236
236 171
171 203
203 118
118 240
240 63
63 243
243 241
241 239
239 234
234 217
217 139
139 244
244 238
238 242
242 188
188 237
237 33
245 246
246 0
248 250
250 75
75 172
172 249
249 247
91 89
89 231
231 252
252 251
253 255
255 204
204 256
256 140
140 257
257 261
261 262
262 119
119 260
260 173
173 263
263 218
218 258
258 76
76 259
259 254
264 272
272 42
42 267
267 219
219 274
274 141
141 189
189 268
268 234
234 269
269 270
270 273
273 64
64 266
266 23
23 205
205 120
120 265
265 6
6 271
271 252
252 232
232 85
275 265
265 121
121 206
206 278
278 280
280 220
220 279
279 142
142 281
281 277
277 276
202 288
288 255
255 287
287 190
190 286
286 285
285 65
65 284
284 283
283 235
235 99
99 24
24 282
84 164
164 7
7 283
283 100
100 236
236 174
174 122
122 207
207 291
291 266
266 66
66 294
294 292
292 155
155 293
293 221
221 290
290 25
25 143
143 295
295 289
289 276
112 298
298 109
109 297
297 299
299 300
300 296
13 101
101 8
8 301
302 306
306 110
110 144
144 256
256 208
208 304
304 305
305 303
303 191
191 67
67 284
284 165
165 9
9 84
215 310
310 123
123 297
297 309
309 313
313 312
312 311
311 257
257 145
145 209
209 307
307 308
308 303
303 192
192 285
285 68
68 162
247 315
315 317
317 43
43 222
222 267
267 316
316 237
237 193
193 314
314 156
156 26
26 289
289 277
277 133
133 276
202 319
319 318
58 286
286 194
194 320
320 304
304 307
307 210
210 124
124 322
322 77
77 146
146 102
102 324
324 323
323 175
175 321
321 247
57 278
278 326
326 325
328 319
319 334
334 287
287 320
320 305
305 308
308 211
211 125
125 103
103 176
176 54
54 329
329 332
332 195
195 330
330 268
268 223
223 147
147 333
333 238
238 331
331 314
314 157
157 327
335 212
212 104
104 126
126 177
177 336
336 55
55 339
339 337
337 239
239 269
269 338
338 224
224 158
158 290
290 27
27 279
279 133
340 341
341 258
258 225
225 346
346 78
78 315
315 342
342 345
345 344
344 148
148 44
44 343
343 329
329 196
196 56
56 336
336 69
69 240
240 291
291 213
213 127
127 28
28 10
10 166
347 348
348 306
306 298
298 106
350 309
309 299
299 128
128 351
351 178
178 226
226 341
341 79
79 259
259 349
106 129
129 310
310 351
351 354
354 260
260 80
80 179
179 249
249 321
321 342
342 353
353 352
352 149
149 45
45 197
197 330
330 337
337 241
241 270
270 292
292 29
29 57
230 90
90 271
271 11
11 246
246 355
356 272
272 46
46 316
316 198
198 242
242 331
331 357
357 150
150 227
227 338
338 159
159 293
293 30
30 280
280 326
326 355
358 311
311 261
261 151
151 130
130 322
322 81
81 105
105 180
180 47
47 343
343 332
332 199
199 339
339 243
243 273
273 294
294 31
31 57
358 312
312 262
262 131
131 250
250 82
82 323
323 359
359 181
181 344
344 352
352 48
48 274
274 228
228 200
200 333
333 244
244 357
357 160
160 32
32 295
295 281
281 133
92 324
324 359
359 182
182 345
345 353
353 317
317 360
302 348
348 111
111 152
152 214
214 288
288 334
334 361
350 313
313 300
300 132
132 354
354 183
183 263
263 346
346 83
83 229
229 362
363 12
12 70
70 364
492
0 0.600000000000000 7.600000000000000
1 0.600000000000000 7.100000000000000
2 0.700000000000000 7.100000000000000
3 0.800000000000000 7.400000000000000
4 0.800000000000000 6.500000000000000
5 0.900000000000000 7.200000000000000
6 0.900000000000000 7.000000000000000
7 0.900000000000000 7.100000000000000
8 0.900000000000000 6.500000000000000
9 1.000000000000000 6.400000000000000
10 1.100000000000000 6.300000000000000
11 1.200000000000000 6.000000000000000
12 1.200000000000000 6.500000000000000
13 1.200000000000000 5.700000000000000
14 1.300000000000000 5.900000000000000
15 1.300000000000000 5.700000000000000
16 1.400000000000000 5.400000000000000
17 1.400000000000000 4.800000000000000
18 1.400000000000000 3.800000000000000
19 1.400000000000000 5.200000000000000
20 1.500000000000000 5.300000000000000
21 1.500000000000000 6.400000000000000
22 1.500000000000000 5.500000000000000
23 1.500000000000000 4.400000000000000
24 1.500000000000000 5.600000000000000
25 1.600000000000000 3.300000000000000
26 1.600000000000000 4.900000000000000
27 1.600000000000000 3.200000000000000
28 1.700000000000000 5.300000000000000
29 1.700000000000000 5.800000000000000
30 1.800000000000000 3.500000000000000
31 1.800000000000000 6.300000000000000
32 1.800000000000000 5.300000000000000
33 1.800000000000000 4.200000000000000
34 1.800000000000000 3.400000000000000
35 1.800000000000000 5.200000000000000
36 1.900000000000000 5.900000000000000
37 1.900000000000000 2.700000000000000
38 1.900000000000000 2.700000000000000
39 1.900000000000000 4.200000000000000
40 1.900000000000000 6.300000000000000
41 2.000000000000000 3.900000000000000
42 2.000000000000000 2.300000000000000
43 2.000000000000000 6.900000000000000
44 2.000000000000000 2.800000000000000
45 2.000000000000000 4.400000000000000
46 2.000000000000000 4.800000000000000
47 2.000000000000000 2.600000000000000
48 2.100000000000000 2.500000000000000
49 2.100000000000000 5.900000000000000
50 2.100000000000000 5.000000000000000
51 2.100000000000000 4.500000000000000
52 2.100000000000000 3.800000000000000
53 2.100000000000000 4.400000000000000
54 2.100000000000000 3.800000000000000
55 2.200000000000000 2.500000000000000
56 2.200000000000000 3.100000000000000
57 2.200000000000000 4.300000000000000
58 2.200000000000000 2.500000000000000
59 2.200000000000000 1.900000000000000
60 2.200000000000000 3.600000000000000
61 2.300000000000000 7.600000000000000
62 2.300000000000000 3.100000000000000
63 2.300000000000000 2.700000000000000
64 2.300000000000000 6.300000000000000
65 2.300000000000000 7.000000000000000
66 2.300000000000000 6.800000000000000
67 2.400000000000000 3.700000000000000
68 2.400000000000000 6.000000000000000
69 2.400000000000000 7.700000000000000
70 2.400000000000000 7.900000000000000
71 2.400000000000000 6.500000000000000
72 2.400000000000000 7.300000000000000
73 2.400000000000000 3.700000000000000
74 2.400000000000000 6.100000000000000
75 2.400000000000000 7.200000000000000
76 2.400000000000000 3.400000000000000
77 2.400000000000000 6.700000000000000
78 2.500000000000000 1.700000000000000
79 2.500000000000000 3.100000000000000
80 2.500000000000000 3.100000000000000
81 2.500000000000000 5.500000000000000
82 2.500000000000000 5.400000000000000
83 2.600000000000000 3.500000000000000
84 2.600000000000000 4.500000000000000
85 2.600000000000000 5.600000000000000
86 2.600000000000000 7.900000000000000
87 2.600000000000000 4.600000000000000
88 2.600000000000000 3.100000000000000
89 2.600000000000000 6.100000000000000
90 2.700000000000000 4.500000000000000
91 2.700000000000000 4.400000000000000
92 2.700000000000000 3.600000000000000
93 2.700000000000000 7.800000000000000
94 2.700000000000000 4.200000000000000
95 2.700000000000000 3.100000000000000
96 2.700000000000000 6.500000000000000
97 2.800000000000000 5.600000000000000
98 2.800000000000000 3.100000000000000
99 2.800000000000000 7.400000000000000
100 2.800000000000000 6.500000000000000
101 2.800000000000000 4.200000000000000
102 2.900000000000000 6.300000000000000
103 2.900000000000000 2.800000000000000
104 2.900000000000000 3.700000000000000
105 2.900000000000000 5.800000000000000
106 3.000000000000000 3.400000000000000
107 3.000000000000000 4.600000000000000
108 3.000000000000000 3.100000000000000
109 3.000000000000000 6.200000000000000
110 3.000000000000000 7.800000000000000
111 3.100000000000000 7.300000000000000
112 3.100000000000000 4.000000000000000
113 3.100000000000000 5.300000000000000
114 3.100000000000000 7.600000000000000
115 3.100000000000000 3.000000000000000
116 3.200000000000000 3.600000000000000
117 3.200000000000000 6.700000000000000
118 3.300000000000000 3.000000000000000
119 3.300000000000000 5.500000000000000
120 3.400000000000000 2.600000000000000
121 3.400000000000000 2.500000000000000
122 3.400000000000000 6.300000000000000
123 3.400000000000000 4.600000000000000
124 3.400000000000000 4.100000000000000
125 3.400000000000000 2.600000000000000
126 3.500000000000000 7.500000000000000
127 3.500000000000000 7.700000000000000
128 3.500000000000000 2.400000000000000
129 3.600000000000000 3.600000000000000
130 3.600000000000000 2.000000000000000
131 3.600000000000000 7.300000000000000
132 3.600000000000000 1.700000000000000
133 3.600000000000000 5.900000000000000
134 3.600000000000000 3.200000000000000
135 3.600000000000000 1.400000000000000
136 3.600000000000000 2.900000000000000
137 3.700000000000000 1.900000000000000
138 3.700000000000000 3.400000000000000
139 3.700000000000000 2.200000000000000
140 3.700000000000000 7.600000000000000
141 3.800000000000000 4.500000000000000
142 3.800000000000000 1.800000000000000
143 3.800000000000000 3.100000000000000
144 3.800000000000000 5.600000000000000
145 3.800000000000000 2.500000000000000
146 3.800000000000000 2.000000000000000
147 3.800000000000000 3.300000000000000
148 3.800000000000000 7.000000000000000
149 3.900000000000000 1.600000000000000
150 3.900000000000000 3.700000000000000
151 3.900000000000000 6.200000000000000
152 3.900000000000000 4.200000000000000
153 3.900000000000000 3.200000000000000
154 3.900000000000000 6.900000000000000
155 3.900000000000000 6.400000000000000
156 4.000000000000000 6.600000000000000
157 4.000000000000000 3.200000000000000
158 4.000000000000000 1.300000000000000
159 4.000000000000000 4.000000000000000
160 4.000000000000000 4.300000000000000
161 4.000000000000000 1.500000000000000
162 4.000000000000000 6.900000000000000
163 4.000000000000000 7.600000000000000
164 4.100000000000000 6.400000000000000
165 4.100000000000000 2.400000000000000
166 4.100000000000000 6.600000000000000
167 4.100000000000000 3.900000000000000
168 4.100000000000000 2.500000000000000
169 4.100000000000000 4.300000000000000
170 4.100000000000000 3.000000000000000
171 4.200000000000000 5.600000000000000
172 4.200000000000000 7.600000000000000
173 4.200000000000000 1.600000000000000
174 4.200000000000000 7.000000000000000
175 4.200000000000000 5.200000000000000
176 4.200000000000000 3.100000000000000
177 4.300000000000000 6.200000000000000
178 4.300000000000000 3.200000000000000
179 4.300000000000000 1.500000000000000
180 4.300000000000000 7.700000000000000
181 4.300000000000000 4.000000000000000
182 4.300000000000000 2.400000000000000
183 4.400000000000000 4.100000000000000
184 4.400000000000000 7.700000000000000
185 4.400000000000000 6.100000000000000
186 4.400000000000000 2.300000000000000
187 4.400000000000000 5.700000000000000
188 4.400000000000000 6.400000000000000
189 4.400000000000000 3.400000000000000
190 4.400000000000000 3.000000000000000
191 4.500000000000000 2.500000000000000
192 4.500000000000000 5.100000000000000
193 4.500000000000000 1.800000000000000
194 4.500000000000000 7.300000000000000
195 4.500000000000000 3.500000000000000
196 4.500000000000000 1.900000000000000
197 4.500000000000000 2.100000000000000
198 4.500000000000000 7.300000000000000
199 4.500000000000000 1.500000000000000
200 4.500000000000000 5.100000000000000
201 4.500000000000000 5.400000000000000
202 4.600000000000000 3.000000000000000
203 4.600000000000000 3.000000000000000
204 4.600000000000000 4.200000000000000
205 4.600000000000000 2.600000000000000
206 4.600000000000000 2.200000000000000
207 4.600000000000000 7.100000000000000
208 4.600000000000000 6.400000000000000
209 4.600000000000000 7.000000000000000
210 4.700000000000000 7.100000000000000
211 4.700000000000000 2.800000000000000
212 4.700000000000000 5.300000000000000
213 4.700000000000000 5.000000000000000
214 4.700000000000000 6.600000000000000
215 4.700000000000000 2.400000000000000
216 4.700000000000000 7.100000000000000
217 4.800000000000000 1.900000000000000
218 4.800000000000000 8.500000000000000
219 4.800000000000000 3.000000000000000
220 4.800000000000000 1.300000000000000
221 4.800000000000000 6.300000000000000
222 4.800000000000000 1.400000000000000
223 4.800000000000000 4.700000000000000
224 4.800000000000000 7.300000000000000
225 4.800000000000000 4.400000000000000
226 4.800000000000000 1.900000000000000
227 4.900000000000000 6.600000000000000
228 4.900000000000000 6.200000000000000
229 4.900000000000000 3.200000000000000
230 4.900000000000000 3.100000000000000
231 4.900000000000000 2.300000000000000
232 4.900000000000000 4.700000000000000
233 4.900000000000000 6.100000000000000
234 4.900000000000000 1.400000000000000
235 4.900000000000000 5.100000000000000
236 5.000000000000000 6.900000000000000
237 5.000000000000000 1.900000000000000
238 5.000000000000000 3.000000000000000
239 5.000000000000000 7.000000000000000
240 5.000000000000000 3.400000000000000
241 5.000000000000000 4.100000000000000
242 5.000000000000000 1.700000000000000
243 5.100000000000000 3.400000000000000
244 5.100000000000000 3.700000000000000
245 5.100000000000000 5.200000000000000
246 5.100000000000000 4.600000000000000
247 5.100000000000000 3.600000000000000
248 5.200000000000000 1.700000000000000
249 5.200000000000000 6.500000000000000
250 5.200000000000000 3.400000000000000
251 5.200000000000000 2.000000000000000
252 5.200000000000000 7.400000000000000
253 5.200000000000000 1.300000000000000
254 5.300000000000000 3.800000000000000
255 5.300000000000000 5.000000000000000
256 5.300000000000000 1.500000000000000
257 5.300000000000000 1.600000000000000
258 5.300000000000000 1.500000000000000
259 5.300000000000000 3.600000000000000
260 5.300000000000000 1.600000000000000
261 5.400000000000000 6.600000000000000
262 5.400000000000000 3.400000000000000
263 5.400000000000000 7.100000000000000
264 5.400000000000000 4.700000000000000
265 5.400000000000000 5.400000000000000
266 5.500000000000000 2.400000000000000
267 5.500000000000000 2.500000000000000
268 5.500000000000000 4.400000000000000
269 5.500000000000000 2.600000000000000
270 5.500000000000000 1.000000000000000
271 5.500000000000000 7.400000000000000
272 5.500000000000000 6.800000000000000
273 5.500000000000000 1.200000000000000
274 5.600000000000000 4.100000000000000
275 5.600000000000000 2.000000000000000
276 5.600000000000000 5.500000000000000
277 5.600000000000000 6.200000000000000
278 5.600000000000000 1.900000000000000
279 5.600000000000000 5.000000000000000
280 5.600000000000000 5.300000000000000
281 5.700000000000000 4.300000000000000
282 5.700000000000000 7.200000000000000
283 5.700000000000000 3.700000000000000
284 5.700000000000000 2.900000000000000
285 5.700000000000000 1.100000000000000
286 5.700000000000000 6.700000000000000
287 5.700000000000000 5.800000000000000
288 5.700000000000000 5.400000000000000
289 5.700000000000000 2.800000000000000
290 5.700000000000000 2.800000000000000
291 5.700000000000000 2.300000000000000
292 5.800000000000000 1.100000000000000
293 5.800000000000000 7.200000000000000
294 5.800000000000000 4.100000000000000
295 5.800000000000000 4.100000000000000
296 5.800000000000000 1.800000000000000
297 5.800000000000000 2.900000000000000
298 5.800000000000000 7.100000000000000
299 5.800000000000000 4.000000000000000
300 5.900000000000000 5.900000000000000
301 5.900000000000000 7.400000000000000
302 5.900000000000000 1.700000000000000
303 5.900000000000000 1.500000000000000
304 5.900000000000000 7.400000000000000
305 6.000000000000000 3.200000000000000
306 6.000000000000000 6.200000000000000
307 6.000000000000000 6.800000000000000
308 6.000000000000000 2.000000000000000
309 6.000000000000000 1.500000000000000
310 6.000000000000000 3.800000000000000
311 6.100000000000000 4.600000000000000
312 6.100000000000000 1.900000000000000
313 6.100000000000000 5.200000000000000
314 6.100000000000000 5.000000000000000
315 6.100000000000000 3.000000000000000
316 6.100000000000000 5.100000000000000
317 6.200000000000000 6.300000000000000
318 6.200000000000000 6.600000000000000
319 6.200000000000000 6.900000000000000
320 6.200000000000000 5.000000000000000
321 6.200000000000000 5.900000000000000
322 6.200000000000000 5.300000000000000
323 6.300000000000000 6.700000000000000
324 6.300000000000000 2.300000000000000
325 6.300000000000000 1.300000000000000
326 6.300000000000000 4.400000000000000
327 6.400000000000000 2.200000000000000
328 6.400000000000000 1.400000000000000
329 6.400000000000000 7.100000000000000
330 6.400000000000000 6.700000000000000
331 6.500000000000000 5.700000000000000
332 6.500000000000000 4.100000000000000
333 6.500000000000000 7.400000000000000
334 6.500000000000000 1.100000000000000
335 6.500000000000000 3.800000000000000
336 6.500000000000000 5.000000000000000
337 6.500000000000000 1.300000000000000
338 6.500000000000000 4.300000000000000
339 6.600000000000000 3.900000000000000
340 6.600000000000000 4.500000000000000
341 6.600000000000000 2.600000000000000
342 6.600000000000000 1.000000000000000
343 6.700000000000000 1.200000000000000
344 6.700000000000000 4.600000000000000
345 6.800000000000000 3.100000000000000
346 6.800000000000000 2.700000000000000
347 6.800000000000000 5.200000000000000
348 6.800000000000000 7.900000000000000
349 6.800000000000000 2.500000000000000
350 6.800000000000000 7.100000000000000
351 6.800000000000000 3.300000000000000
352 6.900000000000000 1.600000000000000
353 6.900000000000000 6.000000000000000
354 6.900000000000000 5.700000000000000
355 6.900000000000000 3.600000000000000
356 6.900000000000000 7.700000000000000
357 6.900000000000000 6.400000000000000
358 6.900000000000000 6.300000000000000
359 7.000000000000000 5.500000000000000
360 7.000000000000000 2.600000000000000
361 7.000000000000000 4.400000000000000
362 7.000000000000000 4.700000000000000
363 7.000000000000000 5.200000000000000
364 7.000000000000000 2.200000000000000
365 7.000000000000000 4.900000000000000
366 7.000000000000000 4.800000000000000
367 7.000000000000000 5.600000000000000
368 7.000000000000000 7.000000000000000
369 7.100000000000000 1.500000000000000
370 7.100000000000000 5.100000000000000
371 7.100000000000000 2.800000000000000
372 7.100000000000000 5.100000000000000
373 7.100000000000000 2.100000000000000
374 7.100000000000000 6.200000000000000
375 7.100000000000000 2.300000000000000
376 7.100000000000000 1.000000000000000
377 7.200000000000000 4.000000000000000
378 7.200000000000000 1.000000000000000
379 7.200000000000000 2.100000000000000
380 7.200000000000000 1.100000000000000
381 7.200000000000000 4.900000000000000
382 7.200000000000000 4.300000000000000
383 7.200000000000000 3.100000000000000
384 7.300000000000000 4.500000000000000
385 7.300000000000000 2.400000000000000
386 7.300000000000000 4.600000000000000
387 7.300000000000000 3.400000000000000
388 7.300000000000000 7.700000000000000
389 7.300000000000000 4.700000000000000
390 7.300000000000000 6.200000000000000
391 7.400000000000000 7.400000000000000
392 7.400000000000000 6.500000000000000
393 7.400000000000000 3.100000000000000
394 7.400000000000000 3.900000000000000
395 7.400000000000000 5.700000000000000
396 7.400000000000000 3.600000000000000
397 7.500000000000000 7.300000000000000
398 7.500000000000000 6.800000000000000
399 7.500000000000000 0.800000000000000
400 7.500000000000000 6.700000000000000
401 7.500000000000000 6.500000000000000
402 7.500000000000000 0.800000000000000
403 7.500000000000000 5.300000000000000
404 7.500000000000000 1.800000000000000
405 7.600000000000000 5.600000000000000
406 7.600000000000000 4.500000000000000
407 7.600000000000000 7.000000000000000
408 7.600000000000000 1.200000000000000
409 7.600000000000000 4.600000000000000
410 7.600000000000000 5.800000000000000
411 7.600000000000000 7.400000000000000
412 7.600000000000000 5.100000000000000
413 7.700000000000000 2.800000000000000
414 7.700000000000000 7.000000000000000
415 7.700000000000000 1.600000000000000
416 7.700000000000000 0.600000000000000
417 7.800000000000000 2.200000000000000
418 7.800000000000000 3.700000000000000
419 7.800000000000000 6.600000000000000
420 7.800000000000000 3.900000000000000
421 7.800000000000000 7.400000000000000
422 7.800000000000000 0.900000000000000
423 7.800000000000000 4.000000000000000
424 7.800000000000000 4.600000000000000
425 7.800000000000000 7.200000000000000
426 7.800000000000000 4.100000000000000
427 7.900000000000000 1.300000000000000
428 7.900000000000000 4.500000000000000
429 7.900000000000000 8.500000000000000
430 7.900000000000000 8.000000000000000
431 7.900000000000000 7.400000000000000
432 7.900000000000000 5.900000000000000
433 7.900000000000000 5.300000000000000
434 7.900000000000000 3.600000000000000
435 7.900000000000000 7.200000000000000
436 7.900000000000000 3.000000000000000
437 8.000000000000000 8.199999999999999
438 8.000000000000000 2.200000000000000
439 8.000000000000000 8.300000000000001
440 8.000000000000000 2.300000000000000
441 8.000000000000000 7.900000000000000
442 8.000000000000000 3.700000000000000
443 8.100000000000000 2.400000000000000
444 8.100000000000000 4.700000000000000
445 8.100000000000000 6.100000000000000
446 8.100000000000000 5.900000000000000
447 8.100000000000000 6.100000000000000
448 8.100000000000000 3.900000000000000
449 8.199999999999999 4.700000000000000
450 8.199999999999999 4.500000000000000
451 8.199999999999999 5.600000000000000
452 8.199999999999999 4.500000000000000
453 8.300000000000001 1.200000000000000
454 8.300000000000001 2.600000000000000
455 8.300000000000001 1.400000000000000
456 8.400000000000000 1.800000000000000
457 8.400000000000000 3.800000000000000
458 8.400000000000000 4.000000000000000
459 8.400000000000000 4.200000000000000
460 8.400000000000000 3.000000000000000
461 8.400000000000000 5.700000000000000
462 8.400000000000000 3.000000000000000
463 8.400000000000000 3.400000000000000
464 8.500000000000000 3.000000000000000
465 8.500000000000000 2.400000000000000
466 8.500000000000000 3.700000000000000
467 8.500000000000000 3.600000000000000
468 8.600000000000000 4.900000000000000
469 8.600000000000000 5.600000000000000
470 8.600000000000000 4.900000000000000
471 8.600000000000000 2.300000000000000
472 8.600000000000000 2.400000000000000
473 8.600000000000000 3.200000000000000
474 8.699999999999999 4.000000000000000
475 8.699999999999999 4.600000000000000
476 8.800000000000001 3.100000000000000
477 8.800000000000001 5.100000000000000
478 8.900000000000000 1.900000000000000
479 8.900000000000000 4.800000000000000
480 9.000000000000000 3.300000000000000
481 9.000000000000000 3.800000000000000
482 9.100000000000000 4.100000000000000
483 9.100000000000000 4.100000000000000
484 9.199999999999999 2.500000000000000
485 9.199999999999999 2.700000000000000
486 9.199999999999999 3.500000000000000
487 9.199999999999999 4.300000000000000
488 9.300000000000001 4.500000000000000
489 9.400000000000000 4.200000000000000
490 9.500000000000000 4.400000000000000
491 9.500000000000000 4.700000000000000
