57
0 7.865000000000000 2.008000000000000
1 7.732000000000000 4.159000000000000
2 7.770077612038281 3.543173357185404
3 7.778128421494700 3.412968160638347
4 7.860728935918646 2.077075630368377
5 7.849166298264725 2.264077386711103
6 7.849035230770834 2.266197132420567
7 6.768000000000000 5.173000000000000
8 9.445000000000000 0.819000000000000
9 8.008827926813501 3.154858500804638
10 4.196000000000000 3.536000000000000
11 6.880000000000000 7.112000000000000
12 5.452176252685286 5.209653606409307
13 5.780846317667662 5.647553812212951
14 6.129588498052062 6.112196896063404
15 6.006753381315361 5.948538782259216
16 4.878477885364135 4.445292443391263
17 4.348544966799188 3.739241729237666
18 5.105853054751729 4.748233429132707
19 5.108282811746823 4.751470691060596
20 6.803000000000000 3.313000000000000
21 2.628000000000000 9.175000000000001
22 5.682930560722325 4.885657976777420
23 5.630808149580017 4.958841587344177
24 3.540249320099886 7.894136403730412
25 3.255000000000000 6.432000000000000
26 0.966000000000000 8.497000000000000
27 7.698000000000000 0.327000000000000
28 5.663878568179748 2.190933659255051
29 4.942376653971596 2.852070050658238
30 4.859410865683658 2.928094383786734
31 9.942000000000000 0.992000000000000
32 5.908410302546325 5.504833537635141
33 5.859145235431278 5.559951946741298
34 3.834416362144922 7.825245407242015
35 3.931000000000000 0.484000000000000
36 4.163370816975513 0.712891727445588
37 6.580431965239393 3.093764286094096
38 6.173902561561674 2.693321499532722
39 6.749266547116948 3.260071052156631
40 6.751053180945340 3.261830936244557
41 4.068000000000000 0.451000000000000
42 7.537000000000000 9.977000000000000
43 5.378088263663535 4.048549956661528
44 5.107156454041066 3.304561366732545
45 5.502190022625937 4.389337894359954
46 5.503543385347994 4.393054277551165
47 6.524035720224530 7.195363295145253
48 5.306592369878585 4.105325115711982
49 5.021137758573827 3.353849623444632
50 5.436926198978600 4.448436330256198
51 5.438346073577645 4.452174230857622
52 6.483937778077147 7.204753834522007
53 0.965000000000000 7.553000000000000
54 0.977625006892135 7.542974434385420
55 3.972000000000000 3.955000000000000
56 1.011000000000000 4.804000000000000
96
1 2
2 3
3 6
6 5
5 4
4 0
7 2
2 9
9 8
10 17
17 16
16 18
18 19
19 12
12 13
13 15
15 14
14 11
21 24
24 12
12 23
23 22
22 20
26 25
10 30
30 29
29 28
28 27
21 34
34 13
13 33
33 32
32 3
3 9
9 31
35 36
36 28
28 38
38 37
37 39
39 40
40 20
41 36
36 29
29 44
44 43
43 45
45 46
46 22
22 32
32 14
14 47
47 42
35 30
30 49
49 48
48 50
50 51
51 23
23 33
33 15
15 52
52 42
53 54
54 16
16 48
48 43
43 37
37 4
4 8
55 17
17 49
49 44
44 38
38 8
26 18
18 50
50 45
45 39
39 5
5 8
25 19
19 51
51 46
46 40
40 6
6 8
1 31
7 11
26 54
54 56
26 24
24 34
34 52
52 47
47 11
33
0 1.700000000000000 8.000000000000000
1 2.500000000000000 7.000000000000000
2 2.800000000000000 7.200000000000000
3 3.200000000000000 7.400000000000000
4 3.200000000000000 7.400000000000000
5 3.300000000000000 6.000000000000000
6 3.300000000000000 8.100000000000000
7 4.000000000000000 4.800000000000000
8 4.100000000000000 7.400000000000000
9 4.200000000000000 1.300000000000000
10 4.400000000000000 3.200000000000000
11 4.400000000000000 5.200000000000000
12 4.500000000000000 4.900000000000000
13 4.600000000000000 4.400000000000000
14 4.600000000000000 6.000000000000000
15 4.700000000000000 7.400000000000000
16 4.800000000000000 6.900000000000000
17 5.000000000000000 7.100000000000000
18 5.500000000000000 5.300000000000000
19 5.600000000000000 3.300000000000000
20 5.800000000000000 6.300000000000000
21 6.000000000000000 4.900000000000000
22 6.000000000000000 7.000000000000000
23 6.600000000000000 4.100000000000000
24 6.600000000000000 3.300000000000000
25 6.900000000000000 3.100000000000000
26 7.100000000000000 6.600000000000000
27 7.100000000000000 2.800000000000000
28 7.200000000000000 5.600000000000000
29 7.300000000000000 7.300000000000000
30 7.400000000000000 6.600000000000000
31 7.400000000000000 8.500000000000000
32 8.900000000000000 1.900000000000000
