43
0 9.432000000000000 6.750000000000000
1 8.150000000000000 4.324000000000000
2 8.558181816297871 5.096425184351510
3 8.225545314240350 4.466958605574950
4 8.809405414646712 5.571829591211326
5 3.107000000000000 3.320000000000000
6 2.260000000000000 7.409000000000000
7 2.911965350731411 4.261554522856270
8 2.870000000000000 9.189000000000000
9 7.120538399773960 5.272547478238578
10 4.304021178206890 7.867690713640812
11 3.541030445397841 8.570711530897633
12 7.607618847184741 4.823750815993606
13 8.880000000000001 5.057000000000000
14 3.313000000000000 5.739000000000000
15 8.204555361941537 5.139747124691193
16 5.994481462557482 5.410498049674115
17 5.971337381732392 5.413333376263429
18 7.650524055612685 5.207620189342941
19 0.176000000000000 7.579000000000000
20 2.758000000000000 9.587999999999999
21 8.082000000000001 9.068000000000000
22 8.289999999999999 2.401000000000000
23 8.128242844138565 7.585783452539339
24 8.137139611673810 7.300616389282248
25 8.576000000000001 7.274000000000000
26 6.890000000000000 8.448000000000000
27 7.931633884734290 7.722686725576479
28 3.755623188721197 7.744626888354498
29 5.940148918319440 8.234847673031080
30 2.935755741863527 7.560643675117971
31 2.817370350027991 7.534077277252502
32 4.114839300404130 7.825237156181402
33 7.498000000000000 3.843000000000000
34 2.657000000000000 8.890000000000001
35 2.891966203686183 8.645035234454831
36 2.781941492962350 8.759741847762658
37 5.888358657693976 5.521136718574366
38 8.599298213098699 7.104091649869028
39 7.895923543683407 7.403189239290754
40 2.921000000000000 3.949000000000000
41 2.773451068293323 9.053468870515040
42 0.675000000000000 1.017000000000000
71
1 3
3 2
2 4
4 0
6 7
7 5
8 11
11 10
10 9
9 12
12 1
14 17
17 16
16 9
9 18
18 15
15 2
2 13
19 20
21 23
23 24
24 15
15 3
3 22
20 8
26 27
27 23
23 25
6 31
31 30
30 28
28 32
32 10
10 29
29 26
34 36
36 35
35 28
28 37
37 16
16 33
20 29
29 39
39 24
24 38
38 0
8 35
35 30
30 5
20 41
41 36
36 31
31 7
7 40
34 41
41 8
42 20
6 20
20 11
11 32
32 37
37 17
17 22
25 38
38 4
4 13
33 12
12 18
18 39
39 27
27 21
17
0 2.800000000000000 8.000000000000000
1 4.500000000000000 7.400000000000000
2 5.700000000000000 7.900000000000000
3 5.800000000000000 6.400000000000000
4 6.400000000000000 7.400000000000000
5 6.600000000000000 7.900000000000000
6 6.800000000000000 5.300000000000000
7 6.900000000000000 6.700000000000000
8 7.000000000000000 6.200000000000000
9 7.100000000000000 7.600000000000000
10 7.600000000000000 6.100000000000000
11 7.700000000000000 6.300000000000000
12 8.000000000000000 6.800000000000000
13 8.300000000000001 4.800000000000000
14 8.600000000000000 6.900000000000000
15 8.699999999999999 6.000000000000000
16 8.800000000000001 6.900000000000000
