362
0 6.980000000000000 3.350000000000000
1 8.020000000000000 2.690000000000000
2 7.090060187309384 3.280154111899814
3 7.566720565337166 2.977658102766799
4 7.460932973238399 3.044792536214093
5 7.770000000000000 3.710000000000000
6 4.500000000000000 7.230000000000000
7 7.745076460483868 3.736829008898099
8 6.739030501684422 4.819789796351937
9 6.451618972583431 5.129174683946887
10 6.575845480181648 4.995450736929847
11 7.408005098431952 4.099670352758265
12 4.918389352540711 6.779623693901131
13 6.437988403723671 5.143847345227119
14 6.557219233355750 5.015501008742435
15 6.569977048875673 5.001767825063495
16 6.000882645467563 5.614370974909535
17 5.345870877224239 6.319460095465040
18 7.590495841612013 3.903227717897772
19 7.700141376060320 3.785199497329563
20 4.630000000000000 8.910000000000000
21 2.100000000000000 6.830000000000000
22 2.687767410412441 7.313223799864774
23 3.374771831115826 7.878033758387715
24 2.753591641683834 7.367340163913982
25 2.535317719835875 7.187889666900641
26 2.541081078406144 7.192627922167897
27 2.642317548783658 7.275857905719371
28 3.670308491142333 8.121004609318598
29 4.533281019667583 8.830484000359119
30 3.308532284252638 7.823575949108888
31 3.085886593626336 7.640531270649319
32 2.373391396971929 7.054764468656764
33 1.630000000000000 4.070000000000000
34 1.820000000000000 0.280000000000000
35 1.639337587787215 3.883739696244506
36 1.725859835522568 2.157848544049824
37 1.655234289262404 3.566642335239415
38 1.713277870955560 2.408825626728571
39 8.410000000000000 4.970000000000000
40 7.800000000000000 5.140000000000000
41 7.830183884988299 5.131588097626212
42 8.109939842665433 5.053623322535863
43 9.270000000000000 4.800000000000000
44 3.920000000000000 1.070000000000000
45 4.604084143228318 1.546940907334884
46 8.284842815323916 4.113152093674431
47 4.496792396170001 1.472137502376468
48 5.047335991328960 1.855974438814397
49 5.326674567347270 2.050728249758003
50 6.427911400490144 2.818506453052008
51 7.325033909466674 3.443976912581438
52 5.123041015501836 1.908755698658289
53 7.501493980525717 3.567004214459986
54 6.724653361331463 3.025393838834833
55 5.380442654475527 2.088215159101629
56 6.123512187003358 2.606280459350005
57 7.666906317274145 3.682329077277114
58 4.540000000000000 0.670000000000000
59 4.730000000000000 3.270000000000000
60 4.588733256160079 1.336876136927403
61 4.664938430514438 2.379683785987042
62 4.706937490051618 2.954407758601087
63 4.613233330284460 1.672140309155767
64 4.547888500448597 0.777947900875537
65 4.662006225834744 2.339558879843861
66 4.658927978598250 2.297435496607629
67 3.080000000000000 4.990000000000000
68 2.560000000000000 8.070000000000000
69 2.803070723808089 6.630273405136703
70 2.639896215758261 7.596768568201071
71 2.640014619883041 7.596067251461989
72 2.605994845914314 7.797568989584452
73 2.965192129935296 5.670015845767860
74 2.924384297324272 5.911723777387006
75 2.867897884084637 6.246297148114075
76 3.050088073394496 5.167170642201835
77 6.880000000000000 7.260000000000000
78 9.380000000000001 1.660000000000000
79 7.597178877018886 5.653519315477697
80 7.250781193208370 6.429450127213251
81 8.044175789534018 4.652246231443801
82 7.043572258171562 6.893598141695703
83 7.356513716859453 6.192609274234824
84 7.414159727479182 6.063482210446631
85 7.454189786398232 5.973814878467961
86 6.942196076239449 7.120680789223632
87 8.226866794249856 4.243018380880324
88 8.007097465191004 4.735301677972153
89 1.120000000000000 6.440000000000000
90 5.110000000000000 0.570000000000000
91 3.479272870592086 2.969089786873298
92 2.073301703441180 5.037523559097814
93 2.618164343360235 4.235933660269529
94 3.229031948682818 3.337238712088186
95 1.394406199677939 6.036299651100376
96 2.277577377922521 4.736997692129024
97 3.299219181015480 3.233980803869458
98 4.745396999966434 1.106395892279959
99 4.454539366800820 1.534299227288017
100 2.887553481193030 3.839614302104490
101 4.941028136357632 0.818587679092907
102 1.873210681713049 5.331893057229174
103 2.182043906131718 4.877544428823763
104 4.922207628188938 0.846275995621790
105 3.257659026525882 3.295123186539618
106 2.302893127272484 4.699753720027699
107 2.221924581329316 4.818872859046847
108 2.256069175962156 4.768640084486753
109 4.108186216075460 2.043846343768687
110 3.916737464643868 2.325501524446240
111 4.880000000000000 5.290000000000000
112 5.030675719772083 2.197872185546825
113 4.997477993355997 2.879147266781278
114 5.052107839404784 1.758047817432261
115 5.038302655524269 2.041354199675868
116 5.078527387246418 1.215872748682205
117 5.095000416659722 0.877817536374394
118 4.951779855222894 3.816952536295377
119 5.014597500430192 2.527825208563034
120 5.026501440305363 2.283535659820386
121 0.460000000000000 4.470000000000000
122 9.109999999999999 0.170000000000000
123 2.642037718531090 3.385287608129053
124 2.205182097411143 3.602452830188680
125 1.352817346012706 4.026171723947440
126 3.330228690978610 3.043181113155141
127 8.991311907570887 0.229001017045686
128 5.215803582581757 2.105843305768606
129 5.150132347950680 2.138489121827985
130 8.889568540119491 0.279578644796091
131 2.591185368340555 3.410566811113943
132 5.361480276298873 2.033425989816745
133 8.637612082584301 0.404828675709538
134 6.990209922375969 1.223768477894027
135 3.315153168626876 3.050675303457160
136 1.769461720702301 3.819053711095965
137 8.707587305515171 0.370043304772804
138 0.776148386823250 4.312839530249714
139 4.702336096066997 2.361093038949354
140 4.844508487123895 2.290417746285231
141 4.150000000000000 9.570000000000000
142 2.954773572255744 6.961370891828013
143 2.565518022247506 6.111805207286224
144 2.382160045429809 5.711619146771408
145 2.761858904708030 6.540326974561177
146 3.572376699525491 8.309314225154841
147 4.030526323333381 9.309243959656188
148 3.336712644688001 7.794968073723812
149 3.199771398640553 7.496088370048827
150 1.929486046300027 4.723640180416727
151 1.842644067796610 4.534104116222760
152 2.585115418502203 6.154577302286553
153 2.618603532736342 6.227666440495985
154 4.680000000000000 3.480000000000000
155 1.890000000000000 9.109999999999999
156 2.516875512105328 7.845014647615413
157 2.640149170466673 7.596258125545745
158 2.594317214101693 7.688743399500883
159 2.565891170891885 7.746104913218167
160 3.827476215396350 5.200325773232453
161 3.384467446871435 6.094282535524666
162 4.052629680541045 4.745983834607138
163 3.881995419880520 5.090310317588770
164 3.078507215379064 6.711686156779880
165 3.685789189719442 5.486239018594817
166 2.510000000000000 8.090000000000000
167 2.700000000000000 1.320000000000000
168 2.639097476807243 3.490053063236679
169 2.528309547406673 7.437601916088536
170 2.536407164744277 7.149071024638149
171 2.639370530790525 3.480323718674448
172 2.588611391344493 5.288952003146213
173 2.561499703345352 6.254984254484048
174 2.560583944960453 6.287614171672281
175 2.603063673398087 4.773994374183954
176 2.579621257598945 5.609284663448124
177 2.598391894456040 4.940457234382150
178 2.670457954086546 2.372629741232021
179 1.790000000000000 3.710000000000000
180 5.110000000000000 2.850000000000000
181 3.284784459435086 3.322796796652357
182 2.645029696136778 3.488516404012763
183 3.248968069055414 3.332074536329019
184 5.360000000000000 3.480000000000000
185 7.820000000000000 5.870000000000000
186 5.840911844930648 3.947227361538312
187 6.654522129244052 4.737686133696457
188 6.286016198456053 4.379666144028442
189 6.498052340094209 4.585668736920796
190 5.929773095469986 4.033560039907831
191 6.116511739079454 4.214984982276380
192 5.814214369665324 3.921289570528505
193 1.290000000000000 0.990000000000000
194 1.470000000000000 9.690000000000000
195 1.301450434740193 1.543437679109301
196 1.423904857102058 7.462068093266152
197 1.328365916879009 2.844352649152096
198 1.319662970147957 2.423710223817935
199 3.390000000000000 8.660000000000000
200 2.574381536919898 7.502959854700320
201 2.599594926645949 7.538727686637277
202 3.012344890070065 8.124256704518000
203 2.867030055171007 7.918112403847243
204 2.344632832989230 7.177037274705652
205 2.250000000000000 4.480000000000000
206 2.720000000000000 8.859999999999999
207 2.586720163077769 7.617945349533253
208 2.677523731191388 8.464157324719741
209 2.648650989675807 8.195087946340500
210 2.306132878007135 5.003110650364363
211 2.478385682746558 6.608360192404090
212 2.455606760549388 6.396080023843230
213 2.272781728469328 4.692306320629056
214 2.306391620350577 5.005521908798995
215 2.282390417987999 4.781851129334973
216 3.360000000000000 2.860000000000000
217 3.141127521910319 4.206709482834151
218 2.912045663350079 5.616236683151866
219 2.851839936685573 5.986678977805239
220 3.031700366228408 4.880008334853439
221 2.825038142152209 6.151588842992876
222 2.989936398488194 5.136979571654995
223 7.020000000000000 1.680000000000000
224 5.967718261466439 3.703395739659574
225 4.402596027303179 6.712914526012070
226 6.273921274276219 3.114608679215424
227 5.536824294174357 4.531946674011842
228 4.604342596305091 6.324983106829327
229 5.950746686414604 3.736029787555389
230 5.836971640991448 3.954803841840136
231 5.797646538485164 4.030420705612548
232 5.090942546066248 5.389317087729363
233 4.537248160827446 6.453996649428218
234 4.760112435848884 6.025458732169364
235 6.239065896985994 3.181630864748694
236 9.109999999999999 0.000000000000000
237 4.273427981026159 9.331853673705579
238 6.549708095421241 4.939918049761840
239 6.994534052227633 4.081655064552733
240 7.116449859018861 3.846426380884979
241 5.305647925616070 7.340251885454481
242 6.440401172199779 5.150818706058086
243 6.530743028390368 4.976509923045198
244 8.777554442996331 0.641432254138126
245 8.347342222895673 1.471498977195242
246 6.538300345604719 4.961928567048960
247 6.177507406103336 5.658055266853038
248 5.733796818457648 6.514166219225869
249 9.018927503905877 0.175718505568701
250 7.196143337812851 3.692662955066738
251 7.488193629745687 3.129170758736649
252 9.840000000000000 9.850000000000000
253 2.028622135427503 9.122903192480043
254 1.924746175735375 9.113234235225683
255 6.846825088637513 9.571390008250535
256 6.244725391124840 9.515345508104701
257 8.070000000000000 8.170000000000000
258 6.420181827721628 4.664720597142268
259 5.287208157524613 2.257552742616034
260 6.050842330040642 3.880004950511279
261 5.860919022021847 3.476485174267381
262 6.648673134482403 5.150183713489525
263 4.594841458191038 0.786518678876142
264 6.591645140358739 5.029019420025648
265 7.411177707276004 6.770235921974513
266 5.671271166688348 3.073550637439833
267 6.981277553540492 5.856850326219176
268 5.548624093749829 2.812969037712100
269 7.175620287069326 3.897821630193845
270 4.678697040641759 6.432624875302993
271 6.310648324455700 4.775915797044340
272 6.360303892777522 4.725506920479962
273 4.199536406631672 6.919054697186811
274 6.354778462578289 4.731116175157565
275 5.585840588772172 5.511719351726859
276 4.531080940280894 6.582480410814719
277 4.974019584679634 6.132822090394759
278 7.315129680238783 3.756195786053423
279 7.597996719294648 3.469037464483437
280 6.499694546416912 3.310714639426716
281 5.504316929383128 2.446132744898485
282 5.924922695366675 2.811469601766154
283 6.529813076433252 3.336875500688125
284 7.955332698261491 4.575077399380804
285 4.379620605368247 5.999656588217498
286 6.015910075542117 3.924310388481267
287 5.908645461980039 4.060356737357777
288 8.703279371058283 0.515853781995450
289 3.896499835993877 6.612410548327137
290 7.999824295104035 1.408063164979307
291 5.865230928479116 4.115420458512744
292 4.898386829680550 5.341692620470610
293 3.348257298716926 7.307760049140443
294 4.570688624757487 5.757320317552349
295 4.472925837056258 5.881315266874981
296 8.968983643148960 0.178854515430181
297 6.494102141089553 3.317807624717569
298 7.242478395634848 2.368623605536429
299 1.230000000000000 1.440000000000000
300 7.060000000000000 9.880000000000001
301 3.068114518991981 4.101009698163347
302 6.459298207518042 9.010373391329724
303 3.738111665796344 5.070954109660574
304 5.981332771962427 8.318430290799808
305 3.724590421795303 5.051379615772275
306 4.547397836769781 6.242545067296218
307 4.204976756467540 5.746827414165701
308 1.894490852371688 2.401973034994348
309 4.810000000000000 0.440000000000000
310 7.160000000000000 7.230000000000000
311 6.223447227791294 4.523960287958675
312 4.952526419543600 0.851810378170657
313 6.249177050130397 4.598303051227830
314 5.708243308348546 3.035349814334735
315 6.656998586094547 5.776646978545521
316 5.650014832079669 2.867106685030193
317 5.630000000000000 3.650000000000000
318 6.418715263267865 4.811528416213958
319 7.541108466015973 6.464459023586468
320 7.158242783325146 5.900618825799501
321 8.410000000000000 0.020000000000000
322 8.617988984978110 0.371651479756803
323 8.520608567248663 0.207008299265782
324 1.940000000000000 4.610000000000000
325 1.938086442239698 4.630682709409219
326 1.702787129949893 7.173917829477755
327 1.720000000000000 4.410000000000000
328 4.240000000000000 6.960000000000000
329 2.750242326332795 5.452507115931994
330 3.062762077273447 5.768747340098130
331 2.304597166419962 5.001556656496390
332 9.590000000000000 8.800000000000001
333 7.315612287181979 5.939540748890810
334 2.551655353414090 6.296839483783629
335 2.892964525876696 4.845695043041260
336 2.667628466466556 5.803756520125187
337 2.841926999374938 5.062691329188188
338 7.560000000000000 6.420000000000000
339 6.230000000000000 9.550000000000001
340 0.400000000000000 8.520000000000000
341 3.750786040514061 5.057858532157677
342 2.782725743653636 6.058090017131288
343 4.648799938967016 4.130001271520484
344 3.450487094998605 5.368137200937997
345 5.795758280726598 2.944926489400313
346 5.530000000000000 8.850000000000000
347 8.490000000000000 6.230000000000000
348 2.151019019265195 4.662190963543453
349 4.594249399495456 5.266470843844678
350 0.100000000000000 0.130000000000000
351 3.390000000000000 7.400000000000000
352 2.182476133326060 4.731702580328406
353 1.141062805775426 2.430464011546307
354 8.710000000000001 0.370000000000000
355 0.475931593159316 2.455616032191454
356 4.562576995600251 5.926312591661429
357 2.790000000000000 1.340000000000000
358 7.769080736787743 3.998583232914443
359 4.588130188251304 2.300112723973690
360 0.360000000000000 2.460000000000000
361 5.120000000000000 2.280000000000000
648
0 2
2 4
4 3
3 1
6 12
12 17
17 16
16 13
13 9
9 14
14 15
15 10
10 8
8 11
11 18
18 19
19 7
7 5
21 32
32 25
25 26
26 27
27 22
22 24
24 31
31 30
30 23
23 28
28 29
29 20
33 35
35 37
37 38
38 36
36 34
40 41
41 42
42 39
44 47
47 45
45 48
48 52
52 49
49 55
55 56
56 50
50 54
54 2
2 51
51 53
53 57
57 7
7 46
46 43
58 64
64 60
60 45
45 63
63 66
66 65
65 61
61 62
62 59
68 72
72 70
70 71
71 22
22 69
69 75
75 74
74 73
73 76
76 67
77 86
86 82
82 80
80 83
83 84
84 85
85 79
79 41
41 88
88 81
81 87
87 46
46 78
89 95
95 102
102 92
92 103
103 107
107 108
108 96
96 106
106 93
93 100
100 94
94 105
105 97
97 91
91 110
110 109
109 99
99 47
47 60
60 98
98 104
104 101
101 90
111 118
118 113
113 119
119 120
120 112
112 115
115 48
48 114
114 116
116 117
117 90
121 138
138 125
125 35
35 136
136 124
124 131
131 123
123 135
135 126
126 91
91 61
61 139
139 140
140 112
112 129
129 128
128 49
49 132
132 134
134 133
133 137
137 130
130 127
127 122
33 151
151 150
150 92
92 144
144 143
143 152
152 153
153 145
145 69
69 142
142 149
149 148
148 23
23 146
146 147
147 141
155 156
156 159
159 158
158 70
70 157
157 24
24 142
142 164
164 161
161 165
165 160
160 163
163 162
162 154
166 156
156 169
169 25
25 170
170 174
174 173
173 143
143 176
176 172
172 177
177 175
175 93
93 168
168 171
171 123
123 178
178 167
179 124
124 168
168 182
182 94
94 183
183 181
181 62
62 113
113 180
184 192
192 186
186 190
190 191
191 188
188 189
189 187
187 8
8 79
79 185
193 195
195 198
198 197
197 125
125 95
95 196
196 194
21 204
204 169
169 200
200 201
201 71
71 157
157 203
203 202
202 199
205 213
213 96
96 215
215 210
210 214
214 144
144 212
212 211
211 170
170 26
26 200
200 207
207 158
158 72
72 209
209 208
208 206
166 159
159 207
207 201
201 27
27 145
145 221
221 219
219 218
218 222
222 220
220 217
217 181
181 97
97 126
126 216
199 146
146 28
28 225
225 233
233 228
228 234
234 232
232 227
227 231
231 230
230 186
186 229
229 224
224 235
235 226
226 50
50 223
141 237
237 29
29 241
241 248
248 247
247 242
242 9
9 243
243 246
246 238
238 187
187 239
239 240
240 250
250 51
51 251
251 3
3 245
245 244
244 127
127 249
249 236
155 254
254 253
253 147
147 237
237 256
256 255
255 252
58 263
263 98
98 114
114 52
52 128
128 259
259 268
268 266
266 261
261 224
224 260
260 188
188 258
258 238
238 10
10 264
264 262
262 267
267 80
80 265
265 257
194 253
253 208
208 202
202 30
30 148
148 273
273 225
225 276
276 270
270 277
277 275
275 271
271 274
274 272
272 258
258 189
189 239
239 269
269 278
278 53
53 279
279 78
44 99
99 63
63 115
115 129
129 259
259 281
281 282
282 226
226 280
280 283
283 240
240 269
269 11
11 284
284 81
81 39
194 254
254 209
209 203
203 31
31 149
149 293
293 289
289 285
285 295
295 294
294 292
292 227
227 291
291 287
287 190
190 286
286 260
260 297
297 280
280 54
54 298
298 290
290 288
288 130
130 296
296 236
299 195
195 36
36 308
308 131
131 171
171 182
182 100
100 301
301 217
217 305
305 303
303 160
160 307
307 285
285 306
306 228
228 270
270 12
12 241
241 304
304 302
302 255
255 300
309 101
101 312
312 116
116 132
132 55
55 281
281 316
316 314
314 261
261 229
229 286
286 191
191 311
311 313
313 271
271 13
13 242
242 315
315 82
82 310
317 192
192 230
230 287
287 311
311 272
272 318
318 243
243 14
14 262
262 320
320 83
83 319
319 252
321 323
323 322
322 133
133 288
288 244
244 78
194 326
326 102
102 150
150 325
325 324
327 151
151 325
325 103
103 331
331 210
210 172
172 329
329 218
218 73
73 330
330 161
161 289
289 273
273 328
34 64
64 263
263 104
104 312
312 117
117 134
134 290
290 245
245 78
184 231
231 291
291 313
313 274
274 318
318 246
246 15
15 264
264 333
333 84
84 332
155 204
204 32
32 211
211 334
334 173
173 152
152 336
336 329
329 337
337 335
335 301
301 183
183 105
105 135
135 216
339 256
256 302
302 265
265 319
319 338
340 196
196 326
326 212
212 334
334 174
174 153
153 342
342 219
219 74
74 330
330 344
344 303
303 341
341 162
162 343
343 118
118 266
266 314
314 345
345 282
282 56
56 223
346 304
304 77
324 348
348 213
213 106
106 175
175 335
335 220
220 305
305 341
341 163
163 349
349 292
292 232
232 275
275 16
16 247
247 315
315 267
267 320
320 333
333 85
85 347
350 353
353 197
197 37
37 136
136 348
348 352
352 107
107 331
331 214
214 176
176 336
336 342
342 221
221 75
75 164
164 293
293 351
309 322
322 137
137 354
350 355
355 138
138 89
6 276
276 233
233 306
306 356
356 294
294 349
349 343
343 154
324 352
352 108
108 215
215 177
177 337
337 222
222 76
76 344
344 165
165 307
307 295
295 356
356 234
234 277
277 17
17 248
248 86
86 310
309 323
323 296
296 249
249 122
357 109
109 359
359 65
65 139
139 119
119 268
268 316
316 345
345 235
235 297
297 283
283 250
250 278
278 18
18 358
358 87
87 43
223 298
298 4
4 251
251 279
279 57
57 19
19 358
358 284
284 88
88 42
42 347
360 355
355 353
353 198
198 38
38 308
308 178
178 110
110 359
359 66
66 140
140 120
120 361
761
0 0.200000000000000 0.400000000000000
1 0.300000000000000 1.100000000000000
2 0.500000000000000 1.100000000000000
3 0.500000000000000 1.200000000000000
4 0.500000000000000 1.600000000000000
5 0.500000000000000 1.500000000000000
6 0.600000000000000 3.100000000000000
7 0.700000000000000 1.500000000000000
8 0.800000000000000 2.000000000000000
9 0.800000000000000 4.400000000000000
10 0.800000000000000 1.900000000000000
11 0.900000000000000 3.600000000000000
12 0.900000000000000 4.600000000000000
13 0.900000000000000 2.200000000000000
14 0.900000000000000 2.200000000000000
15 0.900000000000000 3.700000000000000
16 0.900000000000000 2.100000000000000
17 1.000000000000000 4.300000000000000
18 1.000000000000000 4.400000000000000
19 1.000000000000000 4.400000000000000
20 1.000000000000000 5.300000000000000
21 1.000000000000000 3.900000000000000
22 1.100000000000000 3.300000000000000
23 1.100000000000000 2.400000000000000
24 1.100000000000000 2.600000000000000
25 1.100000000000000 3.500000000000000
26 1.100000000000000 3.300000000000000
27 1.200000000000000 6.300000000000000
28 1.200000000000000 3.600000000000000
29 1.200000000000000 3.000000000000000
30 1.300000000000000 3.600000000000000
31 1.300000000000000 3.100000000000000
32 1.300000000000000 6.000000000000000
33 1.300000000000000 6.100000000000000
34 1.400000000000000 5.000000000000000
35 1.400000000000000 2.700000000000000
36 1.400000000000000 4.000000000000000
37 1.500000000000000 3.700000000000000
38 1.500000000000000 3.900000000000000
39 1.500000000000000 4.900000000000000
40 1.500000000000000 1.900000000000000
41 1.500000000000000 6.800000000000000
42 1.500000000000000 9.500000000000000
43 1.500000000000000 5.700000000000000
44 1.600000000000000 7.200000000000000
45 1.600000000000000 7.400000000000000
46 1.600000000000000 6.600000000000000
47 1.600000000000000 6.500000000000000
48 1.600000000000000 8.699999999999999
49 1.600000000000000 6.600000000000000
50 1.700000000000000 6.900000000000000
51 1.700000000000000 6.800000000000000
52 1.700000000000000 4.200000000000000
53 1.700000000000000 5.100000000000000
54 1.700000000000000 9.300000000000001
55 1.700000000000000 7.900000000000000
56 1.700000000000000 3.000000000000000
57 1.800000000000000 7.100000000000000
58 1.800000000000000 2.000000000000000
59 1.800000000000000 6.600000000000000
60 1.800000000000000 8.400000000000000
61 1.800000000000000 4.900000000000000
62 1.800000000000000 7.900000000000000
63 1.800000000000000 7.200000000000000
64 1.800000000000000 1.600000000000000
65 1.800000000000000 4.200000000000000
66 1.800000000000000 8.100000000000000
67 1.900000000000000 8.500000000000000
68 1.900000000000000 5.900000000000000
69 1.900000000000000 5.400000000000000
70 1.900000000000000 5.900000000000000
71 1.900000000000000 1.800000000000000
72 1.900000000000000 2.800000000000000
73 2.000000000000000 2.400000000000000
74 2.000000000000000 2.200000000000000
75 2.000000000000000 1.900000000000000
76 2.000000000000000 8.300000000000001
77 2.000000000000000 3.100000000000000
78 2.000000000000000 1.900000000000000
79 2.000000000000000 5.700000000000000
80 2.000000000000000 1.900000000000000
81 2.000000000000000 6.300000000000000
82 2.000000000000000 7.300000000000000
83 2.000000000000000 5.400000000000000
84 2.000000000000000 4.400000000000000
85 2.100000000000000 2.200000000000000
86 2.100000000000000 2.900000000000000
87 2.100000000000000 7.500000000000000
88 2.100000000000000 3.600000000000000
89 2.200000000000000 2.200000000000000
90 2.200000000000000 7.900000000000000
91 2.200000000000000 7.600000000000000
92 2.200000000000000 8.199999999999999
93 2.200000000000000 3.900000000000000
94 2.200000000000000 6.300000000000000
95 2.200000000000000 3.800000000000000
96 2.200000000000000 7.700000000000000
97 2.200000000000000 6.100000000000000
98 2.200000000000000 4.500000000000000
99 2.300000000000000 9.000000000000000
100 2.300000000000000 5.800000000000000
101 2.300000000000000 1.200000000000000
102 2.400000000000000 3.400000000000000
103 2.400000000000000 8.000000000000000
104 2.400000000000000 1.300000000000000
105 2.400000000000000 8.400000000000000
106 2.400000000000000 1.200000000000000
107 2.400000000000000 6.100000000000000
108 2.500000000000000 8.699999999999999
109 2.500000000000000 7.800000000000000
110 2.500000000000000 1.700000000000000
111 2.500000000000000 2.500000000000000
112 2.500000000000000 8.300000000000001
113 2.500000000000000 4.200000000000000
114 2.500000000000000 2.100000000000000
115 2.500000000000000 8.699999999999999
116 2.500000000000000 2.400000000000000
117 2.500000000000000 5.600000000000000
118 2.600000000000000 3.700000000000000
119 2.600000000000000 4.500000000000000
120 2.600000000000000 2.100000000000000
121 2.600000000000000 3.800000000000000
122 2.600000000000000 7.400000000000000
123 2.600000000000000 7.700000000000000
124 2.600000000000000 7.100000000000000
125 2.600000000000000 0.500000000000000
126 2.600000000000000 6.300000000000000
127 2.600000000000000 4.700000000000000
128 2.600000000000000 1.100000000000000
129 2.600000000000000 3.300000000000000
130 2.600000000000000 2.200000000000000
131 2.600000000000000 3.300000000000000
132 2.700000000000000 3.500000000000000
133 2.700000000000000 7.100000000000000
134 2.700000000000000 1.200000000000000
135 2.700000000000000 3.800000000000000
136 2.700000000000000 2.800000000000000
137 2.800000000000000 8.699999999999999
138 2.800000000000000 8.500000000000000
139 2.800000000000000 5.100000000000000
140 2.800000000000000 1.500000000000000
141 2.800000000000000 6.500000000000000
142 2.800000000000000 4.400000000000000
143 2.800000000000000 0.500000000000000
144 2.800000000000000 3.900000000000000
145 2.900000000000000 5.000000000000000
146 2.900000000000000 6.700000000000000
147 2.900000000000000 7.600000000000000
148 2.900000000000000 5.600000000000000
149 2.900000000000000 3.600000000000000
150 2.900000000000000 4.100000000000000
151 3.000000000000000 6.000000000000000
152 3.000000000000000 3.000000000000000
153 3.000000000000000 2.000000000000000
154 3.000000000000000 7.100000000000000
155 3.000000000000000 6.600000000000000
156 3.000000000000000 9.000000000000000
157 3.000000000000000 7.500000000000000
158 3.000000000000000 8.800000000000001
159 3.000000000000000 7.900000000000000
160 3.000000000000000 1.400000000000000
161 3.000000000000000 4.800000000000000
162 3.100000000000000 0.700000000000000
163 3.100000000000000 8.900000000000000
164 3.100000000000000 8.800000000000001
165 3.100000000000000 4.700000000000000
166 3.100000000000000 9.100000000000000
167 3.100000000000000 7.100000000000000
168 3.100000000000000 2.900000000000000
169 3.100000000000000 8.300000000000001
170 3.100000000000000 8.199999999999999
171 3.100000000000000 2.900000000000000
172 3.100000000000000 5.800000000000000
173 3.200000000000000 6.400000000000000
174 3.200000000000000 5.500000000000000
175 3.200000000000000 4.900000000000000
176 3.200000000000000 5.800000000000000
177 3.200000000000000 2.200000000000000
178 3.200000000000000 7.000000000000000
179 3.200000000000000 1.900000000000000
180 3.200000000000000 4.800000000000000
181 3.200000000000000 8.500000000000000
182 3.200000000000000 5.300000000000000
183 3.300000000000000 5.800000000000000
184 3.300000000000000 5.400000000000000
185 3.300000000000000 9.000000000000000
186 3.300000000000000 2.400000000000000
187 3.300000000000000 6.200000000000000
188 3.300000000000000 4.800000000000000
189 3.300000000000000 6.400000000000000
190 3.300000000000000 4.600000000000000
191 3.300000000000000 5.700000000000000
192 3.300000000000000 7.600000000000000
193 3.300000000000000 5.500000000000000
194 3.300000000000000 1.400000000000000
195 3.300000000000000 5.100000000000000
196 3.300000000000000 7.200000000000000
197 3.400000000000000 3.900000000000000
198 3.400000000000000 1.700000000000000
199 3.400000000000000 7.400000000000000
200 3.400000000000000 5.900000000000000
201 3.400000000000000 6.600000000000000
202 3.400000000000000 6.600000000000000
203 3.400000000000000 5.400000000000000
204 3.400000000000000 4.100000000000000
205 3.400000000000000 8.500000000000000
206 3.400000000000000 2.900000000000000
207 3.400000000000000 7.400000000000000
208 3.400000000000000 5.200000000000000
209 3.500000000000000 5.900000000000000
210 3.500000000000000 2.000000000000000
211 3.500000000000000 6.600000000000000
212 3.500000000000000 2.800000000000000
213 3.500000000000000 7.800000000000000
214 3.500000000000000 3.400000000000000
215 3.600000000000000 4.800000000000000
216 3.600000000000000 2.600000000000000
217 3.600000000000000 6.500000000000000
218 3.600000000000000 8.000000000000000
219 3.600000000000000 3.400000000000000
220 3.600000000000000 9.000000000000000
221 3.600000000000000 6.800000000000000
222 3.600000000000000 4.000000000000000
223 3.600000000000000 6.200000000000000
224 3.600000000000000 5.600000000000000
225 3.600000000000000 1.000000000000000
226 3.600000000000000 3.700000000000000
227 3.600000000000000 7.600000000000000
228 3.700000000000000 0.700000000000000
229 3.700000000000000 8.100000000000000
230 3.700000000000000 4.100000000000000
231 3.700000000000000 0.900000000000000
232 3.700000000000000 3.500000000000000
233 3.800000000000000 7.600000000000000
234 3.800000000000000 3.800000000000000
235 3.800000000000000 1.500000000000000
236 3.800000000000000 1.600000000000000
237 3.800000000000000 1.900000000000000
238 3.800000000000000 8.800000000000001
239 3.800000000000000 4.900000000000000
240 3.900000000000000 1.800000000000000
241 3.900000000000000 2.100000000000000
242 3.900000000000000 1.400000000000000
243 3.900000000000000 6.700000000000000
244 3.900000000000000 8.199999999999999
245 3.900000000000000 6.100000000000000
246 3.900000000000000 4.700000000000000
247 3.900000000000000 5.100000000000000
248 3.900000000000000 6.700000000000000
249 3.900000000000000 4.900000000000000
250 4.000000000000000 6.100000000000000
251 4.000000000000000 4.600000000000000
252 4.000000000000000 1.600000000000000
253 4.000000000000000 4.600000000000000
254 4.000000000000000 6.800000000000000
255 4.000000000000000 9.000000000000000
256 4.000000000000000 2.400000000000000
257 4.000000000000000 1.900000000000000
258 4.000000000000000 3.100000000000000
259 4.000000000000000 4.900000000000000
260 4.000000000000000 4.700000000000000
261 4.100000000000000 6.200000000000000
262 4.100000000000000 8.400000000000000
263 4.100000000000000 3.800000000000000
264 4.100000000000000 9.000000000000000
265 4.100000000000000 1.600000000000000
266 4.100000000000000 3.100000000000000
267 4.100000000000000 3.600000000000000
268 4.100000000000000 7.900000000000000
269 4.100000000000000 6.900000000000000
270 4.200000000000000 4.100000000000000
271 4.200000000000000 0.900000000000000
272 4.200000000000000 2.500000000000000
273 4.200000000000000 2.900000000000000
274 4.200000000000000 3.000000000000000
275 4.200000000000000 5.200000000000000
276 4.200000000000000 2.000000000000000
277 4.200000000000000 4.100000000000000
278 4.200000000000000 1.800000000000000
279 4.200000000000000 5.800000000000000
280 4.300000000000000 7.900000000000000
281 4.300000000000000 3.700000000000000
282 4.300000000000000 5.400000000000000
283 4.300000000000000 2.000000000000000
284 4.300000000000000 7.900000000000000
285 4.300000000000000 1.600000000000000
286 4.400000000000000 9.100000000000000
287 4.400000000000000 1.600000000000000
288 4.400000000000000 3.200000000000000
289 4.400000000000000 8.199999999999999
290 4.400000000000000 9.000000000000000
291 4.400000000000000 6.900000000000000
292 4.400000000000000 2.700000000000000
293 4.500000000000000 7.000000000000000
294 4.500000000000000 2.200000000000000
295 4.500000000000000 3.300000000000000
296 4.500000000000000 4.800000000000000
297 4.500000000000000 3.100000000000000
298 4.500000000000000 4.800000000000000
299 4.500000000000000 1.500000000000000
300 4.500000000000000 1.500000000000000
301 4.600000000000000 6.200000000000000
302 4.600000000000000 6.500000000000000
303 4.600000000000000 9.199999999999999
304 4.600000000000000 1.700000000000000
305 4.600000000000000 0.800000000000000
306 4.600000000000000 2.400000000000000
307 4.600000000000000 7.500000000000000
308 4.600000000000000 1.400000000000000
309 4.600000000000000 8.800000000000001
310 4.600000000000000 1.500000000000000
311 4.600000000000000 7.300000000000000
312 4.600000000000000 7.600000000000000
313 4.600000000000000 5.500000000000000
314 4.700000000000000 7.000000000000000
315 4.700000000000000 2.900000000000000
316 4.700000000000000 7.800000000000000
317 4.700000000000000 7.500000000000000
318 4.700000000000000 6.600000000000000
319 4.700000000000000 7.400000000000000
320 4.700000000000000 7.900000000000000
321 4.700000000000000 1.300000000000000
322 4.700000000000000 3.400000000000000
323 4.700000000000000 4.300000000000000
324 4.700000000000000 6.200000000000000
325 4.700000000000000 7.500000000000000
326 4.700000000000000 8.300000000000001
327 4.800000000000000 8.199999999999999
328 4.800000000000000 2.100000000000000
329 4.800000000000000 2.500000000000000
330 4.800000000000000 4.200000000000000
331 4.800000000000000 4.100000000000000
332 4.800000000000000 5.700000000000000
333 4.800000000000000 3.000000000000000
334 4.800000000000000 4.000000000000000
335 4.800000000000000 5.200000000000000
336 4.900000000000000 2.600000000000000
337 4.900000000000000 8.000000000000000
338 4.900000000000000 5.000000000000000
339 4.900000000000000 2.400000000000000
340 4.900000000000000 1.700000000000000
341 4.900000000000000 6.400000000000000
342 4.900000000000000 3.400000000000000
343 4.900000000000000 7.100000000000000
344 4.900000000000000 2.000000000000000
345 5.000000000000000 7.500000000000000
346 5.000000000000000 8.500000000000000
347 5.000000000000000 5.800000000000000
348 5.000000000000000 2.500000000000000
349 5.000000000000000 5.300000000000000
350 5.000000000000000 5.600000000000000
351 5.000000000000000 7.200000000000000
352 5.000000000000000 7.200000000000000
353 5.000000000000000 6.000000000000000
354 5.000000000000000 1.500000000000000
355 5.000000000000000 8.600000000000000
356 5.000000000000000 1.500000000000000
357 5.000000000000000 3.000000000000000
358 5.100000000000000 3.600000000000000
359 5.100000000000000 1.200000000000000
360 5.100000000000000 8.000000000000000
361 5.100000000000000 2.200000000000000
362 5.100000000000000 7.500000000000000
363 5.100000000000000 8.600000000000000
364 5.100000000000000 9.400000000000000
365 5.100000000000000 6.200000000000000
366 5.100000000000000 8.699999999999999
367 5.100000000000000 2.700000000000000
368 5.100000000000000 0.800000000000000
369 5.100000000000000 1.800000000000000
370 5.200000000000000 8.699999999999999
371 5.200000000000000 7.700000000000000
372 5.200000000000000 5.600000000000000
373 5.200000000000000 5.300000000000000
374 5.200000000000000 3.300000000000000
375 5.200000000000000 0.600000000000000
376 5.200000000000000 5.800000000000000
377 5.200000000000000 6.200000000000000
378 5.200000000000000 2.700000000000000
379 5.300000000000000 2.300000000000000
380 5.300000000000000 1.400000000000000
381 5.300000000000000 4.200000000000000
382 5.300000000000000 5.600000000000000
383 5.400000000000000 4.800000000000000
384 5.400000000000000 6.800000000000000
385 5.400000000000000 1.200000000000000
386 5.400000000000000 0.800000000000000
387 5.400000000000000 6.000000000000000
388 5.400000000000000 2.100000000000000
389 5.400000000000000 4.000000000000000
390 5.400000000000000 9.400000000000000
391 5.500000000000000 3.000000000000000
392 5.500000000000000 6.100000000000000
393 5.500000000000000 6.100000000000000
394 5.500000000000000 5.900000000000000
395 5.500000000000000 5.200000000000000
396 5.500000000000000 2.600000000000000
397 5.500000000000000 3.800000000000000
398 5.600000000000000 8.900000000000000
399 5.600000000000000 7.400000000000000
400 5.600000000000000 1.000000000000000
401 5.600000000000000 5.700000000000000
402 5.600000000000000 6.900000000000000
403 5.600000000000000 5.700000000000000
404 5.600000000000000 3.100000000000000
405 5.600000000000000 6.100000000000000
406 5.600000000000000 4.300000000000000
407 5.600000000000000 5.700000000000000
408 5.700000000000000 7.200000000000000
409 5.700000000000000 0.700000000000000
410 5.700000000000000 6.800000000000000
411 5.700000000000000 3.100000000000000
412 5.700000000000000 2.100000000000000
413 5.700000000000000 4.100000000000000
414 5.700000000000000 4.900000000000000
415 5.700000000000000 4.400000000000000
416 5.700000000000000 3.600000000000000
417 5.700000000000000 2.300000000000000
418 5.800000000000000 3.500000000000000
419 5.800000000000000 5.100000000000000
420 5.800000000000000 5.900000000000000
421 5.800000000000000 4.700000000000000
422 5.800000000000000 1.200000000000000
423 5.800000000000000 5.300000000000000
424 5.800000000000000 5.500000000000000
425 5.800000000000000 2.300000000000000
426 5.800000000000000 0.800000000000000
427 5.800000000000000 7.900000000000000
428 5.900000000000000 4.000000000000000
429 5.900000000000000 6.700000000000000
430 5.900000000000000 1.800000000000000
431 5.900000000000000 8.100000000000000
432 5.900000000000000 2.800000000000000
433 5.900000000000000 7.800000000000000
434 5.900000000000000 5.600000000000000
435 5.900000000000000 4.700000000000000
436 5.900000000000000 1.700000000000000
437 5.900000000000000 4.300000000000000
438 5.900000000000000 8.900000000000000
439 5.900000000000000 0.600000000000000
440 5.900000000000000 4.700000000000000
441 6.000000000000000 7.500000000000000
442 6.000000000000000 1.600000000000000
443 6.000000000000000 4.000000000000000
444 6.000000000000000 8.000000000000000
445 6.000000000000000 3.900000000000000
446 6.000000000000000 6.000000000000000
447 6.000000000000000 7.100000000000000
448 6.000000000000000 9.100000000000000
449 6.000000000000000 4.200000000000000
450 6.000000000000000 1.400000000000000
451 6.000000000000000 8.800000000000001
452 6.100000000000000 2.600000000000000
453 6.100000000000000 4.400000000000000
454 6.100000000000000 1.500000000000000
455 6.100000000000000 4.900000000000000
456 6.100000000000000 3.500000000000000
457 6.100000000000000 8.900000000000000
458 6.100000000000000 7.300000000000000
459 6.100000000000000 6.000000000000000
460 6.100000000000000 2.200000000000000
461 6.200000000000000 2.800000000000000
462 6.200000000000000 3.400000000000000
463 6.200000000000000 5.000000000000000
464 6.200000000000000 0.700000000000000
465 6.200000000000000 1.600000000000000
466 6.200000000000000 6.100000000000000
467 6.200000000000000 7.600000000000000
468 6.200000000000000 2.900000000000000
469 6.200000000000000 4.000000000000000
470 6.200000000000000 6.600000000000000
471 6.200000000000000 0.600000000000000
472 6.200000000000000 6.600000000000000
473 6.300000000000000 1.900000000000000
474 6.300000000000000 5.900000000000000
475 6.300000000000000 7.300000000000000
476 6.300000000000000 9.000000000000000
477 6.300000000000000 6.800000000000000
478 6.300000000000000 5.200000000000000
479 6.300000000000000 5.800000000000000
480 6.300000000000000 4.300000000000000
481 6.300000000000000 8.900000000000000
482 6.300000000000000 7.100000000000000
483 6.300000000000000 0.900000000000000
484 6.300000000000000 7.700000000000000
485 6.300000000000000 4.400000000000000
486 6.300000000000000 8.400000000000000
487 6.400000000000000 5.900000000000000
488 6.400000000000000 8.600000000000000
489 6.400000000000000 7.900000000000000
490 6.400000000000000 1.600000000000000
491 6.400000000000000 2.700000000000000
492 6.500000000000000 4.100000000000000
493 6.500000000000000 9.199999999999999
494 6.500000000000000 0.400000000000000
495 6.500000000000000 0.800000000000000
496 6.500000000000000 6.000000000000000
497 6.500000000000000 7.600000000000000
498 6.500000000000000 8.699999999999999
499 6.500000000000000 6.500000000000000
500 6.500000000000000 3.400000000000000
501 6.500000000000000 4.000000000000000
502 6.500000000000000 2.000000000000000
503 6.500000000000000 9.400000000000000
504 6.600000000000000 4.500000000000000
505 6.600000000000000 7.900000000000000
506 6.600000000000000 9.000000000000000
507 6.600000000000000 4.800000000000000
508 6.600000000000000 0.900000000000000
509 6.600000000000000 7.000000000000000
510 6.600000000000000 2.800000000000000
511 6.600000000000000 5.700000000000000
512 6.600000000000000 1.200000000000000
513 6.700000000000000 4.800000000000000
514 6.700000000000000 9.100000000000000
515 6.700000000000000 1.200000000000000
516 6.700000000000000 2.400000000000000
517 6.700000000000000 6.300000000000000
518 6.700000000000000 2.900000000000000
519 6.700000000000000 8.699999999999999
520 6.700000000000000 2.800000000000000
521 6.700000000000000 7.800000000000000
522 6.700000000000000 4.600000000000000
523 6.700000000000000 6.800000000000000
524 6.700000000000000 3.300000000000000
525 6.800000000000000 8.000000000000000
526 6.800000000000000 5.300000000000000
527 6.800000000000000 4.000000000000000
528 6.900000000000000 2.400000000000000
529 6.900000000000000 2.100000000000000
530 6.900000000000000 9.000000000000000
531 6.900000000000000 8.800000000000001
532 6.900000000000000 0.700000000000000
533 6.900000000000000 2.100000000000000
534 6.900000000000000 7.700000000000000
535 6.900000000000000 1.100000000000000
536 6.900000000000000 8.699999999999999
537 7.000000000000000 3.800000000000000
538 7.000000000000000 4.500000000000000
539 7.000000000000000 1.500000000000000
540 7.000000000000000 7.000000000000000
541 7.000000000000000 7.700000000000000
542 7.000000000000000 7.600000000000000
543 7.000000000000000 2.800000000000000
544 7.000000000000000 5.100000000000000
545 7.100000000000000 0.600000000000000
546 7.100000000000000 7.100000000000000
547 7.100000000000000 8.800000000000001
548 7.200000000000000 5.000000000000000
549 7.200000000000000 8.400000000000000
550 7.200000000000000 3.400000000000000
551 7.200000000000000 0.700000000000000
552 7.200000000000000 0.900000000000000
553 7.300000000000000 1.500000000000000
554 7.300000000000000 4.900000000000000
555 7.300000000000000 0.300000000000000
556 7.300000000000000 5.200000000000000
557 7.300000000000000 1.800000000000000
558 7.300000000000000 4.100000000000000
559 7.400000000000000 6.000000000000000
560 7.400000000000000 5.100000000000000
561 7.400000000000000 4.800000000000000
562 7.400000000000000 7.300000000000000
563 7.400000000000000 4.600000000000000
564 7.400000000000000 4.600000000000000
565 7.400000000000000 7.000000000000000
566 7.500000000000000 4.600000000000000
567 7.500000000000000 8.900000000000000
568 7.500000000000000 2.600000000000000
569 7.500000000000000 7.100000000000000
570 7.500000000000000 2.300000000000000
571 7.500000000000000 4.600000000000000
572 7.500000000000000 1.600000000000000
573 7.500000000000000 1.900000000000000
574 7.500000000000000 1.200000000000000
575 7.500000000000000 3.900000000000000
576 7.600000000000000 7.100000000000000
577 7.600000000000000 4.400000000000000
578 7.600000000000000 8.800000000000001
579 7.600000000000000 4.400000000000000
580 7.600000000000000 2.700000000000000
581 7.600000000000000 1.300000000000000
582 7.600000000000000 3.400000000000000
583 7.600000000000000 1.000000000000000
584 7.700000000000000 5.700000000000000
585 7.700000000000000 2.200000000000000
586 7.700000000000000 3.700000000000000
587 7.700000000000000 6.900000000000000
588 7.700000000000000 8.300000000000001
589 7.700000000000000 8.300000000000001
590 7.700000000000000 2.100000000000000
591 7.700000000000000 7.200000000000000
592 7.800000000000000 9.199999999999999
593 7.800000000000000 0.600000000000000
594 7.800000000000000 8.000000000000000
595 7.800000000000000 5.700000000000000
596 7.800000000000000 3.700000000000000
597 7.800000000000000 1.400000000000000
598 7.800000000000000 1.900000000000000
599 7.800000000000000 7.600000000000000
600 7.800000000000000 2.800000000000000
601 7.800000000000000 5.600000000000000
602 7.800000000000000 2.900000000000000
603 7.900000000000000 4.600000000000000
604 7.900000000000000 7.500000000000000
605 7.900000000000000 3.500000000000000
606 7.900000000000000 1.100000000000000
607 7.900000000000000 8.699999999999999
608 7.900000000000000 8.000000000000000
609 7.900000000000000 2.900000000000000
610 7.900000000000000 8.500000000000000
611 8.000000000000000 9.300000000000001
612 8.000000000000000 3.000000000000000
613 8.000000000000000 4.000000000000000
614 8.000000000000000 2.600000000000000
615 8.000000000000000 1.300000000000000
616 8.000000000000000 6.800000000000000
617 8.000000000000000 5.000000000000000
618 8.000000000000000 7.600000000000000
619 8.100000000000000 8.300000000000001
620 8.100000000000000 0.900000000000000
621 8.100000000000000 2.200000000000000
622 8.100000000000000 9.400000000000000
623 8.100000000000000 5.300000000000000
624 8.100000000000000 6.400000000000000
625 8.100000000000000 3.900000000000000
626 8.199999999999999 8.400000000000000
627 8.199999999999999 8.600000000000000
628 8.199999999999999 1.300000000000000
629 8.199999999999999 6.100000000000000
630 8.199999999999999 5.800000000000000
631 8.199999999999999 6.400000000000000
632 8.199999999999999 7.900000000000000
633 8.199999999999999 6.700000000000000
634 8.199999999999999 5.000000000000000
635 8.199999999999999 8.400000000000000
636 8.199999999999999 9.300000000000001
637 8.199999999999999 2.500000000000000
638 8.199999999999999 2.600000000000000
639 8.199999999999999 3.500000000000000
640 8.199999999999999 6.900000000000000
641 8.199999999999999 5.700000000000000
642 8.199999999999999 5.400000000000000
643 8.300000000000001 2.500000000000000
644 8.300000000000001 7.000000000000000
645 8.300000000000001 7.800000000000000
646 8.300000000000001 1.000000000000000
647 8.300000000000001 0.500000000000000
648 8.300000000000001 5.700000000000000
649 8.300000000000001 3.000000000000000
650 8.400000000000000 8.500000000000000
651 8.400000000000000 2.700000000000000
652 8.400000000000000 4.300000000000000
653 8.400000000000000 6.700000000000000
654 8.400000000000000 0.400000000000000
655 8.400000000000000 5.100000000000000
656 8.400000000000000 1.300000000000000
657 8.400000000000000 0.300000000000000
658 8.400000000000000 2.000000000000000
659 8.400000000000000 5.100000000000000
660 8.400000000000000 9.500000000000000
661 8.400000000000000 7.500000000000000
662 8.500000000000000 7.800000000000000
663 8.500000000000000 7.000000000000000
664 8.500000000000000 8.300000000000001
665 8.500000000000000 5.100000000000000
666 8.500000000000000 9.000000000000000
667 8.500000000000000 8.100000000000000
668 8.600000000000000 7.600000000000000
669 8.600000000000000 2.700000000000000
670 8.600000000000000 8.600000000000000
671 8.600000000000000 5.200000000000000
672 8.600000000000000 9.600000000000000
673 8.600000000000000 5.800000000000000
674 8.600000000000000 6.400000000000000
675 8.600000000000000 5.200000000000000
676 8.600000000000000 8.199999999999999
677 8.600000000000000 4.700000000000000
678 8.600000000000000 9.699999999999999
679 8.600000000000000 6.700000000000000
680 8.600000000000000 1.200000000000000
681 8.600000000000000 9.100000000000000
682 8.600000000000000 7.900000000000000
683 8.699999999999999 8.000000000000000
684 8.699999999999999 3.500000000000000
685 8.699999999999999 6.300000000000000
686 8.699999999999999 4.800000000000000
687 8.699999999999999 4.200000000000000
688 8.699999999999999 5.800000000000000
689 8.699999999999999 1.100000000000000
690 8.699999999999999 6.800000000000000
691 8.699999999999999 1.400000000000000
692 8.699999999999999 9.100000000000000
693 8.699999999999999 6.400000000000000
694 8.699999999999999 0.600000000000000
695 8.699999999999999 6.700000000000000
696 8.800000000000001 8.800000000000001
697 8.800000000000001 8.900000000000000
698 8.800000000000001 8.900000000000000
699 8.800000000000001 7.400000000000000
700 8.800000000000001 6.500000000000000
701 8.800000000000001 3.000000000000000
702 8.800000000000001 7.400000000000000
703 8.800000000000001 6.200000000000000
704 8.800000000000001 6.800000000000000
705 8.800000000000001 1.100000000000000
706 8.900000000000000 2.600000000000000
707 8.900000000000000 7.500000000000000
708 8.900000000000000 9.400000000000000
709 8.900000000000000 0.700000000000000
710 8.900000000000000 7.200000000000000
711 8.900000000000000 2.000000000000000
712 8.900000000000000 1.600000000000000
713 8.900000000000000 1.500000000000000
714 8.900000000000000 0.500000000000000
715 9.000000000000000 8.600000000000000
716 9.000000000000000 3.400000000000000
717 9.000000000000000 9.300000000000001
718 9.000000000000000 2.400000000000000
719 9.000000000000000 4.200000000000000
720 9.000000000000000 3.500000000000000
721 9.000000000000000 8.800000000000001
722 9.000000000000000 6.500000000000000
723 9.000000000000000 5.500000000000000
724 9.000000000000000 6.500000000000000
725 9.000000000000000 0.500000000000000
726 9.100000000000000 5.300000000000000
727 9.100000000000000 6.600000000000000
728 9.100000000000000 8.699999999999999
729 9.100000000000000 2.000000000000000
730 9.100000000000000 1.200000000000000
731 9.100000000000000 6.300000000000000
732 9.100000000000000 4.700000000000000
733 9.100000000000000 7.600000000000000
734 9.100000000000000 8.100000000000000
735 9.100000000000000 1.900000000000000
736 9.100000000000000 7.200000000000000
737 9.100000000000000 5.000000000000000
738 9.100000000000000 2.300000000000000
739 9.100000000000000 5.500000000000000
740 9.100000000000000 2.100000000000000
741 9.100000000000000 4.800000000000000
742 9.100000000000000 6.000000000000000
743 9.100000000000000 2.800000000000000
744 9.100000000000000 7.400000000000000
745 9.100000000000000 8.500000000000000
746 9.100000000000000 4.600000000000000
747 9.199999999999999 5.100000000000000
748 9.199999999999999 6.000000000000000
749 9.199999999999999 4.100000000000000
750 9.199999999999999 9.300000000000001
751 9.199999999999999 9.699999999999999
752 9.199999999999999 9.100000000000000
753 9.300000000000001 9.400000000000000
754 9.300000000000001 3.800000000000000
755 9.300000000000001 6.200000000000000
756 9.300000000000001 3.500000000000000
757 9.300000000000001 3.400000000000000
758 9.300000000000001 5.200000000000000
759 9.300000000000001 4.800000000000000
760 9.300000000000001 3.500000000000000
