377
0 6.480000000000000 0.150000000000000
1 6.360000000000000 4.050000000000000
2 6.372976172857777 3.628274382122243
3 6.364634793150477 3.899369222609486
4 6.417813457021378 2.171062646805221
5 6.427929941114299 1.842276913785291
6 6.368358208955224 3.778358208955224
7 7.700000000000000 9.289999999999999
8 1.870000000000000 6.090000000000000
9 4.814949925018375 7.706439066905454
10 7.174971857410882 9.001819887429642
11 6.912055785858108 8.857509179201704
12 4.759134300421151 7.675802703490168
13 6.301440667843445 8.522351653018699
14 4.447876353063668 7.504957861029800
15 4.647212725148195 7.614370621007585
16 6.074748374932112 8.397923636326373
17 6.544594832489234 8.655815345448636
18 7.367149840800180 9.107303514675912
19 6.945838261637752 8.876051876027581
20 5.461551240419771 8.061348879818741
21 7.184252075600011 9.006913660706696
22 6.869923483095354 8.834383386947707
23 8.940000000000000 9.500000000000000
24 4.630000000000000 3.320000000000000
25 5.719929604603960 4.882822495696631
26 4.951986231514534 3.781687914329424
27 7.697090629931334 7.717823687465347
28 5.546665748396741 4.634383834128042
29 7.705486384646594 7.729862147822728
30 7.942542086488515 8.069770323549658
31 6.286494196675313 5.695205135836064
32 5.436066952340168 4.475799017508640
33 7.274584135541009 7.112002310358106
34 6.940583847838005 6.633087744695795
35 6.114004888877803 5.447877079643810
36 7.680576825021425 7.694144960239537
37 5.444054417825546 4.487252042264937
38 6.159753520778072 5.513474885941645
39 5.707610054697158 4.865157804646969
40 4.962048899275590 3.796116519146902
41 6.304461872429327 5.720968531696808
42 7.584515999009318 7.556405771201297
43 4.919138270850240 3.734588054258582
44 6.708689115587447 6.300579752744878
45 6.997655575134015 6.714921451120235
46 7.955299028506734 8.088062180086222
47 8.316723377155075 8.606299413182915
48 8.478352691737001 8.838055599752824
49 9.789999999999999 9.890000000000001
50 0.580000000000000 8.660000000000000
51 6.775114793716553 9.487360607629899
52 6.489318563587064 9.449192381456253
53 6.780486791682370 9.488078040582987
54 6.660000000000000 5.620000000000000
55 1.100000000000000 1.260000000000000
56 3.142273330384786 2.861494913754976
57 4.346060433070867 3.805471850393701
58 5.490430442089150 4.702855526530341
59 6.009234290330181 5.109687321194171
60 5.304797709309948 4.557287412336578
61 3.534369325511769 3.168965873962466
62 1.862111292962357 1.857626841243863
63 4.085295892707460 3.600987426655490
64 1.238516854669465 1.368621130640084
65 6.551622503944719 5.535013330431470
66 5.176396182816672 4.456598445518110
67 6.291246310583355 5.330833437795580
68 3.337595893483064 3.014661527983122
69 5.706003061652799 4.871901681439964
70 1.994577589933241 1.961503289947649
71 4.025284171029882 3.553927875124152
72 5.108965363916530 4.403721040769078
73 5.030972839228477 4.342561435078446
74 4.830000000000000 3.250000000000000
75 8.490000000000000 6.080000000000000
76 6.603982858142382 4.621686199055448
77 5.963700964507644 4.126604844141156
78 8.245558779689018 5.890992171180306
79 5.979234177934326 4.138615498238837
80 7.627443363937633 5.413050469929918
81 5.011632870864462 3.390442902881538
82 7.410162876238399 5.245043972610565
83 8.213002863881400 5.865819154312668
84 7.346356171230676 5.195707094148309
85 6.731057102776298 4.719943060343421
86 5.896061827767518 4.074304637317507
87 6.814329384263932 4.784331190564735
88 6.683908194531170 4.683486390853337
89 2.510000000000000 2.540000000000000
90 9.590000000000000 6.140000000000000
91 4.303572019774959 3.451985772766928
92 5.865492567168250 4.246182661271992
93 8.356616633642533 5.512855915411457
94 5.832763296233187 4.229540659101620
95 3.660868064773029 3.125187151579506
96 7.678344339622643 5.167971698113208
97 4.038355322035856 3.317129824763994
98 7.471771037181997 5.062934425685761
99 7.520804157549234 5.087866520787746
100 6.748787571298987 4.695315714219824
101 3.388352645333070 2.986619989152409
102 5.856227716370578 4.241471720188430
103 4.212335375459478 3.405594258708209
104 4.959481659490672 3.785499148893562
105 4.925306735038459 3.768122068663623
106 6.818076613444251 4.730547430564873
107 6.680361559872593 4.660522827053860
108 7.840344827586206 5.250344827586206
109 8.699999999999999 7.150000000000000
110 7.340000000000000 7.920000000000000
111 7.711401784871589 7.709721048271233
112 7.706771653543307 7.712342519685039
113 7.757505038157851 7.683618471042982
114 7.454603580562659 7.855114149240259
115 4.950000000000000 8.830000000000000
116 3.980000000000000 0.760000000000000
117 4.496722558470533 5.058918605007423
118 4.240192508041072 2.924694371022114
119 4.246056092912025 2.973476979175298
120 4.504965087603993 5.127493048416724
121 4.552251423319859 5.520895862052852
122 4.413827409635383 4.369265150265504
123 4.830295977451217 7.834111894877656
124 4.781468913233397 7.427890855457226
125 4.194127697422453 2.541454142473397
126 4.114134436326363 1.875943197065725
127 4.290541361660974 3.343576070725841
128 4.633343204155882 6.195546038698934
129 4.526624860641062 5.307693428219961
130 4.743731677866158 7.113932618948349
131 4.526115207490522 5.303453324173728
132 4.066070422535211 1.476070422535213
133 5.000000000000000 5.300000000000000
134 9.320000000000000 0.040000000000000
135 5.927419898819561 4.170780400974331
136 6.087194595608932 3.976239913679865
137 9.066709399008730 0.348404759540298
138 5.052190057549380 5.236453772520894
139 5.648293563731677 4.510642558974856
140 5.850859533771668 4.263999734342830
141 5.251606829581676 4.993645388055644
142 5.169195309238574 5.093989044769700
143 6.943252130284245 2.933910600626128
144 6.497514909449034 3.476636938957888
145 6.303215031315240 3.713215031315240
146 9.869999999999999 0.360000000000000
147 7.400000000000000 8.770000000000000
148 7.418912211221123 8.705606600660062
149 8.432725359009327 5.253716490174723
150 8.250744901357484 5.873334161774720
151 7.709977722887742 7.714569777536070
152 8.694536545420926 4.362286499194338
153 8.045905102021363 6.570784652631714
154 7.725895151432841 7.660373188846079
155 7.409123446832884 8.738935956330142
156 7.625075376534594 8.003650236171689
157 0.650000000000000 2.810000000000000
158 3.430000000000000 5.380000000000000
159 2.786791012024927 4.785378741332397
160 2.641628475232809 4.651181719909466
161 6.460000000000000 9.869999999999999
162 8.043977066988534 7.946599275799637
163 8.070809855382967 7.914016604177825
164 7.323081542648024 8.821972412498827
165 7.841614202971543 8.192325610677411
166 7.312029490616622 8.835392761394102
167 5.730000000000000 4.520000000000000
168 7.177877117236799 7.577628694785786
169 6.853084232130690 6.891730676549283
170 6.175141461311876 5.460050290969178
171 7.013661941960341 7.230838883642956
172 6.184296829909579 5.479384609746935
173 5.769819491546818 4.604090851713777
174 6.299377633660730 5.722412394066137
175 6.945203361987637 7.086267969414885
176 6.691305476655423 6.550086099769216
177 7.108157777426267 7.430395306366029
178 7.207194190306132 7.639540526112330
179 8.490000000000000 2.580000000000000
180 4.350000000000000 5.150000000000000
181 8.175267805720868 2.775377231714340
182 6.169016617935527 4.020803693697028
183 8.264370268554979 2.720064833288335
184 4.415085514652207 5.109596673271456
185 5.421734997247203 4.484695907505964
186 8.095315265097600 2.825009605965982
187 5.863637828007274 4.210374585029301
188 5.166809268515631 4.642946903361070
189 5.094486191370422 4.687843113086478
190 6.899102610531108 3.567586060612332
191 6.545466839971528 3.787113580017675
192 6.441594634873324 3.851594634873323
193 3.310000000000000 0.720000000000000
194 2.160000000000000 0.450000000000000
195 2.260000000000000 3.610000000000000
196 7.490000000000000 1.800000000000000
197 5.017741296691004 2.655600048372712
198 4.189010445615716 2.942407474844274
199 3.987898422533145 3.012008385318357
200 6.343451420956132 2.196797882996061
201 5.266770324198130 2.569416006348257
202 5.187017045454546 2.597017045454545
203 6.870000000000000 9.060000000000000
204 8.220000000000001 2.560000000000000
205 7.739007836120195 4.875888196458321
206 8.063335809806837 3.314309063893012
207 7.560395162608270 5.735875142997221
208 7.220114853509499 7.374261816435746
209 7.720638639281130 4.964332477535303
210 8.193196442194974 2.689054167209390
211 7.489350265800355 6.077943164664960
212 7.235579067521293 7.299804489712296
213 7.150933492394871 7.707357258839513
214 7.171481357312196 7.608423094422760
215 6.916836589604508 8.834490494496814
216 7.692038216560510 5.102038216560510
217 4.690850841009639 3.215731261621321
218 4.896830573489716 2.862782206506811
219 5.101713147410359 2.511713147410359
220 8.940000000000000 5.530000000000000
221 1.999328859060403 1.749813039309684
222 3.955343354866363 2.815142362918287
223 7.566782524490097 4.782086910659785
224 1.291379252178802 1.364233342704526
225 7.805302247661595 4.911994974172833
226 6.934316550764951 4.437618835684482
227 3.826124786496533 2.744764392645433
228 5.938701411579133 3.895364161663636
229 2.360858607073847 1.946717634209863
230 4.549106437953061 3.138531184956578
231 4.841561412232720 3.297814697733893
232 4.838487372647926 3.296140444031460
233 6.841989071038249 4.387333333333332
234 6.619448846440466 4.266128389579183
235 7.139215686274509 4.549215686274510
236 2.631655283246284 1.252985134592206
237 1.715570599613153 1.972765957446808
238 1.232217220033765 2.352543612830614
239 3.680000000000000 2.550000000000000
240 3.548333151001005 1.898782881977941
241 3.890000000000000 2.420000000000000
242 4.332034890360895 5.093060044540886
243 4.383385262046419 5.403584461997685
244 4.208453884832010 4.345744718653945
245 4.777848298621487 7.788969428456351
246 4.729967420948854 7.499425630454861
247 3.933862294734799 2.685242744575528
248 4.071458612942215 3.517311046188297
249 4.519686812073739 6.227823080559119
250 4.345502251211292 5.174499462513568
251 4.644578643853909 6.983065195380711
252 9.100000000000000 0.250000000000000
253 6.150000000000000 8.970000000000001
254 7.264073887433621 5.676873119179261
255 6.790751256176581 7.075982727505158
256 7.448139994727129 5.132786185077775
257 8.347251151481753 2.475074562399697
258 6.186783720572921 8.861269815798011
259 7.211598216116160 5.831987645921044
260 6.818734736511406 6.993265456820522
261 6.619369794947162 7.582574707817203
262 6.971089741960548 6.542914389865770
263 6.738311261189388 7.230991797433402
264 6.196399690239673 8.832845661393241
265 7.517566409597258 4.927566409597258
266 3.270000000000000 1.200000000000000
267 0.740000000000000 1.410000000000000
268 0.550000000000000 4.340000000000000
269 3.777435660062952 4.982630994260322
270 6.737581454867605 5.572040555172753
271 6.195323435334513 5.464068825619703
272 5.593452951450130 5.344227357589627
273 2.535499820165448 4.735342884546217
274 5.323373155418533 5.290450407052362
275 6.970395459379680 5.618397325982679
276 4.198638567878597 5.066498829887331
277 5.200845942333983 5.266053395597474
278 6.759148795363895 5.576334937129979
279 6.823793221328813 5.589206614866356
280 9.330000000000000 8.840000000000000
281 2.594605793017761 4.160918540541140
282 5.620250937602004 6.262835616790332
283 5.409453797668394 6.116394746536914
284 2.949212700051626 4.407264122270887
285 5.546023838221508 6.211270016644665
286 5.265123139570034 6.016128171844159
287 5.196689903795475 5.968587571415521
288 5.349616816938864 6.074825968449463
289 6.660947789392146 6.985808199312746
290 7.084990124644900 7.280390605024049
291 8.062947592501896 7.959778108615948
292 5.654425899280572 6.286576978417263
293 1.938599610277426 3.705190743084433
294 9.960000000000001 3.580000000000000
295 6.843855799373041 5.506343687660302
296 6.760432175673571 5.557914655038156
297 6.813859299344916 5.524886978586779
298 7.617865168539327 5.027865168539326
299 2.150000000000000 4.110000000000000
300 3.175908060432559 4.227492263904288
301 5.120194599636800 4.450161951355052
302 3.035922252187069 4.211460369663882
303 5.049271474514969 4.442039470545010
304 3.350000000000000 6.560000000000000
305 4.619582847196986 7.652748093480263
306 5.990103345428294 8.832374665172210
307 4.060000000000000 8.430000000000000
308 5.574019190927925 6.327050796766203
309 5.934785344206905 5.825952198321906
310 6.429226818045159 5.139180650322817
311 5.691289267984709 6.164164476310393
312 5.453356899083707 6.494648851014540
313 6.828218048342379 4.584988012027021
314 6.696872239196664 4.767425306313754
315 4.878983304639521 7.292444876344073
316 5.622921408394713 6.259126374226276
317 6.973371757925072 4.383371757925071
318 5.500000000000000 1.820000000000000
319 4.797892644135189 2.207892644135189
320 5.380000000000000 6.240000000000000
321 6.550000000000000 1.330000000000000
322 5.465853549526315 5.879708608398115
323 5.445556384179300 5.964887310837298
324 5.779427683212720 4.563769295235506
325 5.441791129859765 5.980688506315002
326 5.417991393902567 6.080566030716576
327 6.043898026315789 3.453898026315789
328 0.050000000000000 2.040000000000000
329 1.047962423129143 1.999715278332402
330 4.452292768959436 1.862292768959436
331 5.720000000000000 2.210000000000000
332 2.000000000000000 5.160000000000000
333 3.119043754628487 4.272586269851065
334 5.206896551724138 2.616896551724138
335 6.230000000000000 9.039999999999999
336 5.483821853531827 5.954020379963771
337 5.500754508377967 6.024049002506019
338 5.772907269588841 7.149595064942417
339 5.540158638221193 6.187013225214790
340 6.179901760421681 8.832807994886807
341 5.427339127948040 5.970060791458865
342 5.225390426055509 6.027411782328647
343 5.335160890732578 5.996238296891654
344 4.151568453638234 6.332364245794580
345 5.324639427005720 5.999226265442484
346 6.768664266496835 5.439759939692483
347 6.805789156626506 5.472634842399902
348 2.490000000000000 3.810000000000000
349 5.068748356608960 5.706360268091092
350 5.315172829104726 5.887575925496604
351 6.668143826910690 6.882523896105376
352 7.069077877868605 7.177362825391679
353 8.089694501067694 7.927903997130191
354 4.554548473825710 5.328227898149608
355 4.890000000000000 5.340000000000000
356 6.100000000000000 7.820000000000000
357 5.128074731168931 5.827954820908224
358 5.337823642247375 6.010713982399368
359 6.970000000000000 2.550000000000000
360 6.778626936353522 5.296766325278861
361 6.649270707558561 7.153408667983011
362 6.532207336582810 8.833612345517311
363 6.850804597701149 4.260804597701149
364 7.400000000000000 9.320000000000000
365 6.410000000000000 2.910000000000000
366 7.226350179895202 8.195661265786105
367 7.325624978952685 8.838440520289611
368 7.130082312163246 7.572351132289301
369 7.325158893889026 8.835422737200659
370 6.576217712177122 3.986217712177123
371 6.962929830528823 8.834595730206686
372 6.045823150920558 8.832501879340001
373 7.856744478669072 8.205508975899155
374 7.328151594201127 8.835429569849774
375 8.582979311144165 8.838294473313114
376 8.060000000000000 5.470000000000000
682
1 3
3 6
6 2
2 4
4 5
5 0
8 14
14 15
15 12
12 9
9 20
20 16
16 13
13 17
17 22
22 11
11 19
19 10
10 21
21 18
18 7
24 43
43 26
26 40
40 32
32 37
37 28
28 39
39 25
25 35
35 38
38 31
31 41
41 44
44 34
34 45
45 33
33 42
42 36
36 27
27 29
29 30
30 46
46 47
47 48
48 23
50 52
52 51
51 53
53 49
55 64
64 62
62 70
70 56
56 68
68 61
61 71
71 63
63 57
57 73
73 72
72 66
66 60
60 58
58 69
69 25
25 59
59 67
67 65
65 54
74 81
81 86
86 77
77 79
79 76
76 88
88 85
85 87
87 84
84 82
82 80
80 83
83 78
78 75
89 56
56 101
101 95
95 97
97 103
103 91
91 105
105 26
26 104
104 94
94 102
102 92
92 76
76 107
107 100
100 106
106 98
98 99
99 96
96 108
108 93
93 90
110 114
114 27
27 112
112 111
111 113
113 109
116 132
132 126
126 125
125 118
118 119
119 127
127 91
91 57
57 122
122 117
117 120
120 131
131 129
129 121
121 128
128 130
130 124
124 9
9 123
123 115
133 138
138 142
142 141
141 58
58 28
28 139
139 140
140 92
92 135
135 77
77 136
136 145
145 2
2 144
144 143
143 137
137 134
147 155
155 148
148 156
156 29
29 151
151 111
111 154
154 153
153 78
78 150
150 93
93 149
149 152
152 146
157 160
160 159
159 158
161 51
51 10
10 166
166 164
164 148
148 165
165 30
30 162
162 163
163 109
167 173
173 59
59 170
170 172
172 31
31 174
174 176
176 169
169 175
175 171
171 177
177 168
168 178
178 110
180 184
184 117
117 189
189 188
188 60
60 185
185 32
32 94
94 187
187 135
135 79
79 182
182 3
3 192
192 191
191 190
190 186
186 181
181 183
183 179
194 193
195 61
61 95
95 199
199 198
198 118
118 197
197 202
202 201
201 200
200 4
4 196
203 11
11 215
215 213
213 214
214 168
168 208
208 212
212 33
33 211
211 207
207 80
80 96
96 216
216 209
209 205
205 206
206 181
181 210
210 204
24 217
217 218
218 197
197 219
219 0
55 224
224 221
221 229
229 227
227 222
222 198
198 119
119 230
230 217
217 232
232 231
231 81
81 228
228 136
136 182
182 234
234 233
233 226
226 235
235 223
223 205
205 225
225 149
149 220
157 238
238 237
237 62
62 221
221 236
236 193
193 240
240 239
241 247
247 222
222 199
199 97
97 248
248 63
63 244
244 242
242 250
250 243
243 249
249 251
251 246
246 12
12 245
245 115
253 258
258 264
264 13
13 261
261 263
263 255
255 260
260 169
169 34
34 262
262 259
259 254
254 82
82 256
256 98
98 265
265 223
223 206
206 183
183 257
257 137
137 252
267 64
64 224
224 236
236 266
268 273
273 159
159 269
269 276
276 242
242 184
184 120
120 138
138 277
277 274
274 272
272 35
35 170
170 271
271 65
65 270
270 278
278 279
279 275
275 254
254 207
207 83
83 150
150 90
157 293
293 281
281 284
284 269
269 243
243 121
121 287
287 286
286 288
288 283
283 285
285 282
282 292
292 289
289 255
255 171
171 290
290 208
208 36
36 112
112 151
151 162
162 291
291 280
54 270
270 296
296 297
297 295
295 84
84 256
256 99
99 298
298 209
209 225
225 152
152 294
299 281
281 302
302 300
300 244
244 122
122 303
303 301
301 66
66 185
185 37
37 139
139 167
304 14
14 305
305 245
245 123
123 306
306 253
307 305
305 15
15 246
246 124
124 315
315 312
312 308
308 282
282 316
316 311
311 309
309 38
38 172
172 271
271 67
67 310
310 314
314 85
85 100
100 313
313 226
226 317
317 186
186 210
210 257
257 146
195 68
68 101
101 227
227 247
247 125
125 319
319 318
320 283
283 326
326 325
325 323
323 322
322 272
272 69
69 39
39 173
173 324
324 140
140 102
102 187
187 86
86 228
228 327
327 200
200 5
5 321
328 329
329 237
237 70
70 229
229 240
240 126
126 330
330 318
332 273
273 160
160 284
284 333
333 300
300 71
71 248
248 103
103 127
127 230
230 218
218 334
334 201
201 331
74 231
231 104
104 40
40 72
72 301
301 188
188 141
141 274
274 322
322 336
336 337
337 339
339 285
285 308
308 338
338 16
16 340
340 258
258 335
304 344
344 249
249 128
128 342
342 286
286 345
345 343
343 341
341 323
323 336
336 309
309 174
174 41
41 54
167 324
324 310
310 346
346 347
347 295
295 275
275 259
259 211
211 153
153 109
348 302
302 333
333 276
276 250
250 129
129 354
354 349
349 350
350 341
341 325
325 337
337 311
311 351
351 260
260 175
175 352
352 212
212 42
42 154
154 113
113 163
163 353
353 280
355 349
349 357
357 287
287 342
342 312
312 338
338 356
74 232
232 43
43 105
105 73
73 303
303 189
189 142
142 277
277 350
350 343
343 358
358 288
288 320
161 52
52 362
362 17
17 261
261 361
361 289
289 351
351 176
176 44
44 278
278 296
296 346
346 360
360 87
87 106
106 313
313 233
233 363
363 190
190 143
143 359
365 144
144 191
191 370
370 234
234 107
107 88
88 314
314 360
360 347
347 297
297 279
279 262
262 45
45 352
352 290
290 177
177 368
368 213
213 366
366 164
164 369
369 367
367 18
18 364
203 19
19 371
371 366
366 110
158 344
344 251
251 130
130 315
315 20
20 372
372 253
161 53
53 21
21 367
367 374
374 155
155 373
373 46
46 291
291 353
353 90
180 131
131 354
354 357
357 345
345 358
358 326
326 339
339 316
316 292
292 361
361 263
263 368
368 214
214 178
178 114
114 156
156 165
165 373
373 47
47 375
375 49
267 329
329 238
238 293
293 299
115 306
306 372
372 340
340 264
264 362
362 22
22 215
215 371
371 166
166 369
369 374
374 48
48 375
375 280
193 132
132 330
330 319
319 219
219 202
202 334
334 327
327 145
145 6
6 192
192 370
370 363
363 317
317 235
235 265
265 298
298 216
216 108
108 376
581
0 0.800000000000000 1.900000000000000
1 0.800000000000000 2.700000000000000
2 0.800000000000000 1.500000000000000
3 0.900000000000000 1.600000000000000
4 1.000000000000000 2.800000000000000
5 1.100000000000000 1.500000000000000
6 1.100000000000000 1.400000000000000
7 1.200000000000000 3.100000000000000
8 1.300000000000000 2.200000000000000
9 1.300000000000000 3.200000000000000
10 1.300000000000000 3.000000000000000
11 1.500000000000000 1.800000000000000
12 1.500000000000000 3.500000000000000
13 1.600000000000000 1.700000000000000
14 1.700000000000000 3.600000000000000
15 1.800000000000000 2.400000000000000
16 1.800000000000000 3.000000000000000
17 1.900000000000000 3.200000000000000
18 1.900000000000000 2.900000000000000
19 1.900000000000000 3.700000000000000
20 2.000000000000000 3.500000000000000
21 2.000000000000000 1.700000000000000
22 2.100000000000000 2.800000000000000
23 2.100000000000000 3.400000000000000
24 2.100000000000000 1.400000000000000
25 2.100000000000000 1.700000000000000
26 2.100000000000000 2.100000000000000
27 2.100000000000000 3.800000000000000
28 2.200000000000000 2.000000000000000
29 2.200000000000000 3.900000000000000
30 2.200000000000000 1.800000000000000
31 2.200000000000000 2.700000000000000
32 2.200000000000000 2.300000000000000
33 2.200000000000000 2.200000000000000
34 2.200000000000000 2.200000000000000
35 2.300000000000000 1.900000000000000
36 2.300000000000000 2.800000000000000
37 2.300000000000000 3.400000000000000
38 2.300000000000000 2.000000000000000
39 2.400000000000000 3.100000000000000
40 2.400000000000000 3.700000000000000
41 2.500000000000000 3.300000000000000
42 2.500000000000000 3.400000000000000
43 2.500000000000000 3.600000000000000
44 2.500000000000000 1.900000000000000
45 2.500000000000000 2.600000000000000
46 2.500000000000000 3.800000000000000
47 2.500000000000000 3.400000000000000
48 2.500000000000000 2.600000000000000
49 2.600000000000000 3.800000000000000
50 2.600000000000000 3.000000000000000
51 2.600000000000000 4.700000000000000
52 2.600000000000000 3.400000000000000
53 2.600000000000000 4.200000000000000
54 2.700000000000000 4.200000000000000
55 2.700000000000000 1.700000000000000
56 2.700000000000000 2.500000000000000
57 2.800000000000000 4.300000000000000
58 2.800000000000000 4.600000000000000
59 2.800000000000000 3.900000000000000
60 2.800000000000000 1.600000000000000
61 3.000000000000000 1.700000000000000
62 3.000000000000000 3.800000000000000
63 3.000000000000000 1.000000000000000
64 3.000000000000000 2.300000000000000
65 3.100000000000000 4.600000000000000
66 3.100000000000000 1.000000000000000
67 3.200000000000000 4.300000000000000
68 3.200000000000000 5.000000000000000
69 3.200000000000000 1.900000000000000
70 3.200000000000000 3.200000000000000
71 3.200000000000000 2.400000000000000
72 3.200000000000000 4.000000000000000
73 3.200000000000000 1.000000000000000
74 3.300000000000000 2.100000000000000
75 3.300000000000000 2.000000000000000
76 3.300000000000000 4.100000000000000
77 3.300000000000000 4.700000000000000
78 3.300000000000000 5.100000000000000
79 3.400000000000000 5.800000000000000
80 3.400000000000000 3.400000000000000
81 3.400000000000000 5.800000000000000
82 3.400000000000000 3.500000000000000
83 3.400000000000000 2.300000000000000
84 3.400000000000000 1.000000000000000
85 3.400000000000000 1.300000000000000
86 3.400000000000000 5.400000000000000
87 3.400000000000000 3.500000000000000
88 3.500000000000000 5.400000000000000
89 3.500000000000000 6.300000000000000
90 3.500000000000000 3.400000000000000
91 3.500000000000000 3.800000000000000
92 3.500000000000000 6.100000000000000
93 3.500000000000000 1.700000000000000
94 3.500000000000000 1.500000000000000
95 3.600000000000000 5.000000000000000
96 3.600000000000000 3.900000000000000
97 3.600000000000000 4.600000000000000
98 3.600000000000000 2.400000000000000
99 3.600000000000000 1.200000000000000
100 3.600000000000000 5.900000000000000
101 3.600000000000000 5.500000000000000
102 3.700000000000000 1.800000000000000
103 3.700000000000000 6.700000000000000
104 3.700000000000000 3.700000000000000
105 3.700000000000000 3.800000000000000
106 3.700000000000000 4.900000000000000
107 3.700000000000000 5.700000000000000
108 3.700000000000000 2.300000000000000
109 3.700000000000000 3.200000000000000
110 3.700000000000000 3.400000000000000
111 3.700000000000000 1.500000000000000
112 3.700000000000000 6.200000000000000
113 3.700000000000000 4.000000000000000
114 3.800000000000000 6.700000000000000
115 3.800000000000000 4.000000000000000
116 3.800000000000000 3.000000000000000
117 3.900000000000000 2.300000000000000
118 3.900000000000000 3.600000000000000
119 3.900000000000000 5.100000000000000
120 3.900000000000000 5.800000000000000
121 3.900000000000000 3.800000000000000
122 4.000000000000000 4.900000000000000
123 4.000000000000000 2.100000000000000
124 4.000000000000000 6.200000000000000
125 4.000000000000000 5.500000000000000
126 4.000000000000000 2.500000000000000
127 4.000000000000000 5.000000000000000
128 4.200000000000000 6.400000000000000
129 4.200000000000000 5.800000000000000
130 4.200000000000000 6.300000000000000
131 4.200000000000000 2.300000000000000
132 4.200000000000000 4.800000000000000
133 4.300000000000000 5.700000000000000
134 4.300000000000000 5.800000000000000
135 4.300000000000000 2.700000000000000
136 4.400000000000000 5.500000000000000
137 4.400000000000000 3.300000000000000
138 4.400000000000000 5.500000000000000
139 4.400000000000000 6.100000000000000
140 4.400000000000000 6.700000000000000
141 4.500000000000000 5.100000000000000
142 4.500000000000000 5.300000000000000
143 4.500000000000000 6.000000000000000
144 4.500000000000000 7.200000000000000
145 4.500000000000000 5.800000000000000
146 4.600000000000000 5.700000000000000
147 4.600000000000000 6.600000000000000
148 4.600000000000000 5.100000000000000
149 4.600000000000000 3.200000000000000
150 4.600000000000000 3.900000000000000
151 4.600000000000000 2.700000000000000
152 4.600000000000000 3.900000000000000
153 4.600000000000000 6.000000000000000
154 4.700000000000000 2.200000000000000
155 4.700000000000000 3.300000000000000
156 4.700000000000000 7.200000000000000
157 4.700000000000000 6.600000000000000
158 4.700000000000000 6.900000000000000
159 4.700000000000000 4.500000000000000
160 4.700000000000000 3.100000000000000
161 4.700000000000000 7.500000000000000
162 4.800000000000000 7.000000000000000
163 4.800000000000000 7.800000000000000
164 4.800000000000000 2.000000000000000
165 4.800000000000000 2.200000000000000
166 4.800000000000000 2.700000000000000
167 4.800000000000000 4.900000000000000
168 4.900000000000000 7.100000000000000
169 4.900000000000000 2.600000000000000
170 4.900000000000000 7.400000000000000
171 4.900000000000000 5.000000000000000
172 4.900000000000000 8.100000000000000
173 4.900000000000000 4.400000000000000
174 4.900000000000000 8.300000000000001
175 4.900000000000000 2.400000000000000
176 4.900000000000000 6.100000000000000
177 4.900000000000000 5.800000000000000
178 5.000000000000000 3.300000000000000
179 5.000000000000000 7.300000000000000
180 5.000000000000000 2.100000000000000
181 5.000000000000000 2.000000000000000
182 5.000000000000000 1.900000000000000
183 5.000000000000000 6.200000000000000
184 5.100000000000000 8.199999999999999
185 5.100000000000000 8.400000000000000
186 5.100000000000000 2.800000000000000
187 5.100000000000000 7.800000000000000
188 5.100000000000000 5.200000000000000
189 5.100000000000000 8.500000000000000
190 5.100000000000000 3.200000000000000
191 5.100000000000000 7.500000000000000
192 5.100000000000000 6.000000000000000
193 5.100000000000000 5.400000000000000
194 5.200000000000000 8.000000000000000
195 5.200000000000000 8.600000000000000
196 5.200000000000000 7.700000000000000
197 5.300000000000000 4.100000000000000
198 5.300000000000000 7.400000000000000
199 5.300000000000000 5.100000000000000
200 5.300000000000000 6.800000000000000
201 5.300000000000000 3.300000000000000
202 5.400000000000000 8.000000000000000
203 5.400000000000000 7.700000000000000
204 5.400000000000000 4.900000000000000
205 5.400000000000000 6.700000000000000
206 5.400000000000000 7.900000000000000
207 5.400000000000000 4.800000000000000
208 5.400000000000000 2.300000000000000
209 5.400000000000000 7.300000000000000
210 5.400000000000000 6.300000000000000
211 5.400000000000000 3.300000000000000
212 5.400000000000000 2.400000000000000
213 5.500000000000000 5.300000000000000
214 5.500000000000000 2.400000000000000
215 5.500000000000000 2.200000000000000
216 5.500000000000000 6.400000000000000
217 5.500000000000000 3.700000000000000
218 5.500000000000000 6.800000000000000
219 5.500000000000000 3.500000000000000
220 5.500000000000000 7.900000000000000
221 5.500000000000000 7.200000000000000
222 5.600000000000000 7.600000000000000
223 5.600000000000000 4.200000000000000
224 5.600000000000000 6.800000000000000
225 5.600000000000000 2.900000000000000
226 5.600000000000000 1.900000000000000
227 5.600000000000000 8.199999999999999
228 5.700000000000000 7.800000000000000
229 5.700000000000000 8.199999999999999
230 5.700000000000000 8.300000000000001
231 5.700000000000000 2.300000000000000
232 5.700000000000000 6.800000000000000
233 5.700000000000000 3.100000000000000
234 5.700000000000000 4.200000000000000
235 5.700000000000000 7.400000000000000
236 5.700000000000000 7.800000000000000
237 5.700000000000000 4.400000000000000
238 5.700000000000000 3.000000000000000
239 5.800000000000000 8.400000000000000
240 5.800000000000000 4.700000000000000
241 5.800000000000000 8.000000000000000
242 5.800000000000000 7.000000000000000
243 5.900000000000000 7.900000000000000
244 5.900000000000000 2.100000000000000
245 5.900000000000000 7.800000000000000
246 5.900000000000000 4.600000000000000
247 5.900000000000000 7.800000000000000
248 5.900000000000000 2.200000000000000
249 5.900000000000000 8.699999999999999
250 5.900000000000000 5.800000000000000
251 6.000000000000000 3.800000000000000
252 6.000000000000000 6.300000000000000
253 6.000000000000000 3.000000000000000
254 6.000000000000000 7.400000000000000
255 6.000000000000000 1.700000000000000
256 6.000000000000000 7.300000000000000
257 6.000000000000000 2.400000000000000
258 6.000000000000000 2.500000000000000
259 6.000000000000000 4.900000000000000
260 6.000000000000000 1.300000000000000
261 6.000000000000000 7.700000000000000
262 6.000000000000000 4.700000000000000
263 6.000000000000000 8.500000000000000
264 6.000000000000000 8.800000000000001
265 6.100000000000000 6.500000000000000
266 6.100000000000000 8.100000000000000
267 6.100000000000000 2.500000000000000
268 6.100000000000000 4.300000000000000
269 6.100000000000000 1.300000000000000
270 6.100000000000000 4.500000000000000
271 6.100000000000000 4.100000000000000
272 6.200000000000000 6.800000000000000
273 6.200000000000000 4.000000000000000
274 6.200000000000000 1.700000000000000
275 6.200000000000000 4.200000000000000
276 6.200000000000000 1.300000000000000
277 6.200000000000000 5.500000000000000
278 6.200000000000000 1.900000000000000
279 6.200000000000000 7.300000000000000
280 6.200000000000000 2.700000000000000
281 6.300000000000000 2.600000000000000
282 6.300000000000000 2.000000000000000
283 6.300000000000000 4.300000000000000
284 6.300000000000000 2.700000000000000
285 6.300000000000000 7.900000000000000
286 6.300000000000000 4.000000000000000
287 6.300000000000000 2.400000000000000
288 6.300000000000000 0.500000000000000
289 6.300000000000000 8.800000000000001
290 6.300000000000000 2.600000000000000
291 6.300000000000000 3.600000000000000
292 6.300000000000000 2.000000000000000
293 6.300000000000000 7.900000000000000
294 6.300000000000000 8.400000000000000
295 6.300000000000000 4.800000000000000
296 6.300000000000000 4.400000000000000
297 6.300000000000000 2.500000000000000
298 6.300000000000000 7.200000000000000
299 6.400000000000000 5.800000000000000
300 6.400000000000000 6.800000000000000
301 6.400000000000000 2.400000000000000
302 6.400000000000000 5.600000000000000
303 6.400000000000000 5.200000000000000
304 6.400000000000000 3.900000000000000
305 6.500000000000000 9.199999999999999
306 6.500000000000000 4.200000000000000
307 6.500000000000000 8.699999999999999
308 6.500000000000000 5.100000000000000
309 6.500000000000000 8.500000000000000
310 6.500000000000000 4.700000000000000
311 6.600000000000000 4.800000000000000
312 6.600000000000000 6.900000000000000
313 6.600000000000000 9.100000000000000
314 6.600000000000000 7.200000000000000
315 6.600000000000000 6.900000000000000
316 6.600000000000000 6.000000000000000
317 6.700000000000000 3.600000000000000
318 6.700000000000000 8.199999999999999
319 6.700000000000000 8.900000000000000
320 6.700000000000000 9.300000000000001
321 6.700000000000000 5.100000000000000
322 6.800000000000000 8.400000000000000
323 6.800000000000000 6.100000000000000
324 6.800000000000000 4.300000000000000
325 6.800000000000000 7.100000000000000
326 6.800000000000000 5.800000000000000
327 6.800000000000000 3.900000000000000
328 6.900000000000000 8.699999999999999
329 6.900000000000000 5.100000000000000
330 6.900000000000000 8.600000000000000
331 7.000000000000000 6.700000000000000
332 7.000000000000000 5.600000000000000
333 7.000000000000000 8.500000000000000
334 7.000000000000000 4.500000000000000
335 7.000000000000000 3.800000000000000
336 7.000000000000000 4.800000000000000
337 7.000000000000000 6.200000000000000
338 7.100000000000000 4.000000000000000
339 7.100000000000000 4.300000000000000
340 7.100000000000000 3.000000000000000
341 7.200000000000000 3.700000000000000
342 7.200000000000000 8.400000000000000
343 7.200000000000000 4.500000000000000
344 7.200000000000000 7.600000000000000
345 7.200000000000000 3.300000000000000
346 7.200000000000000 4.400000000000000
347 7.300000000000000 3.500000000000000
348 7.300000000000000 6.400000000000000
349 7.300000000000000 3.000000000000000
350 7.300000000000000 5.300000000000000
351 7.300000000000000 9.199999999999999
352 7.300000000000000 5.200000000000000
353 7.300000000000000 3.900000000000000
354 7.300000000000000 8.699999999999999
355 7.300000000000000 6.700000000000000
356 7.300000000000000 7.200000000000000
357 7.300000000000000 5.400000000000000
358 7.400000000000000 8.600000000000000
359 7.400000000000000 7.300000000000000
360 7.400000000000000 3.200000000000000
361 7.400000000000000 5.300000000000000
362 7.400000000000000 2.700000000000000
363 7.400000000000000 4.400000000000000
364 7.400000000000000 7.300000000000000
365 7.400000000000000 6.600000000000000
366 7.400000000000000 2.800000000000000
367 7.500000000000000 4.800000000000000
368 7.500000000000000 5.900000000000000
369 7.500000000000000 6.900000000000000
370 7.500000000000000 7.800000000000000
371 7.500000000000000 8.500000000000000
372 7.500000000000000 9.100000000000000
373 7.500000000000000 3.500000000000000
374 7.500000000000000 7.100000000000000
375 7.500000000000000 8.500000000000000
376 7.600000000000000 7.100000000000000
377 7.600000000000000 4.000000000000000
378 7.600000000000000 2.800000000000000
379 7.600000000000000 6.000000000000000
380 7.600000000000000 5.600000000000000
381 7.600000000000000 4.000000000000000
382 7.700000000000000 3.700000000000000
383 7.700000000000000 9.100000000000000
384 7.700000000000000 9.000000000000000
385 7.700000000000000 2.900000000000000
386 7.700000000000000 4.100000000000000
387 7.700000000000000 5.800000000000000
388 7.700000000000000 4.500000000000000
389 7.800000000000000 4.500000000000000
390 7.800000000000000 2.400000000000000
391 7.800000000000000 6.500000000000000
392 7.800000000000000 8.199999999999999
393 7.800000000000000 3.900000000000000
394 7.800000000000000 3.800000000000000
395 7.800000000000000 4.800000000000000
396 7.800000000000000 8.500000000000000
397 7.800000000000000 2.700000000000000
398 7.800000000000000 3.800000000000000
399 7.900000000000000 4.200000000000000
400 7.900000000000000 3.000000000000000
401 7.900000000000000 2.800000000000000
402 7.900000000000000 3.900000000000000
403 7.900000000000000 8.100000000000000
404 7.900000000000000 1.800000000000000
405 7.900000000000000 7.900000000000000
406 7.900000000000000 7.300000000000000
407 7.900000000000000 5.000000000000000
408 8.000000000000000 5.800000000000000
409 8.000000000000000 1.800000000000000
410 8.000000000000000 3.000000000000000
411 8.000000000000000 9.600000000000000
412 8.000000000000000 3.900000000000000
413 8.000000000000000 9.199999999999999
414 8.000000000000000 9.400000000000000
415 8.000000000000000 4.400000000000000
416 8.100000000000000 9.600000000000000
417 8.100000000000000 7.100000000000000
418 8.100000000000000 4.300000000000000
419 8.100000000000000 5.600000000000000
420 8.100000000000000 2.500000000000000
421 8.100000000000000 6.000000000000000
422 8.100000000000000 6.400000000000000
423 8.199999999999999 8.699999999999999
424 8.199999999999999 2.000000000000000
425 8.199999999999999 5.300000000000000
426 8.199999999999999 8.199999999999999
427 8.199999999999999 7.900000000000000
428 8.199999999999999 1.500000000000000
429 8.199999999999999 5.800000000000000
430 8.300000000000001 8.000000000000000
431 8.300000000000001 8.900000000000000
432 8.300000000000001 7.000000000000000
433 8.300000000000001 6.800000000000000
434 8.300000000000001 5.100000000000000
435 8.300000000000001 5.700000000000000
436 8.300000000000001 6.700000000000000
437 8.300000000000001 6.700000000000000
438 8.300000000000001 6.100000000000000
439 8.400000000000000 5.400000000000000
440 8.400000000000000 4.100000000000000
441 8.400000000000000 5.800000000000000
442 8.400000000000000 1.300000000000000
443 8.400000000000000 9.300000000000001
444 8.400000000000000 6.600000000000000
445 8.400000000000000 2.300000000000000
446 8.400000000000000 5.400000000000000
447 8.400000000000000 4.700000000000000
448 8.400000000000000 9.100000000000000
449 8.400000000000000 5.000000000000000
450 8.500000000000000 4.800000000000000
451 8.500000000000000 1.100000000000000
452 8.500000000000000 2.900000000000000
453 8.500000000000000 8.199999999999999
454 8.500000000000000 8.100000000000000
455 8.500000000000000 6.700000000000000
456 8.500000000000000 5.200000000000000
457 8.600000000000000 9.500000000000000
458 8.600000000000000 1.200000000000000
459 8.600000000000000 9.699999999999999
460 8.600000000000000 7.800000000000000
461 8.600000000000000 3.000000000000000
462 8.600000000000000 7.600000000000000
463 8.600000000000000 6.600000000000000
464 8.600000000000000 7.500000000000000
465 8.600000000000000 2.000000000000000
466 8.699999999999999 4.100000000000000
467 8.699999999999999 2.400000000000000
468 8.699999999999999 8.000000000000000
469 8.699999999999999 6.700000000000000
470 8.699999999999999 7.500000000000000
471 8.699999999999999 7.500000000000000
472 8.800000000000001 2.100000000000000
473 8.800000000000001 2.600000000000000
474 8.800000000000001 1.300000000000000
475 8.800000000000001 0.900000000000000
476 8.800000000000001 0.800000000000000
477 8.800000000000001 6.600000000000000
478 8.800000000000001 9.000000000000000
479 8.800000000000001 5.700000000000000
480 8.900000000000000 1.300000000000000
481 8.900000000000000 2.300000000000000
482 8.900000000000000 8.900000000000000
483 8.900000000000000 6.500000000000000
484 8.900000000000000 6.100000000000000
485 8.900000000000000 8.199999999999999
486 8.900000000000000 5.200000000000000
487 9.000000000000000 0.900000000000000
488 9.000000000000000 8.800000000000001
489 9.000000000000000 4.300000000000000
490 9.000000000000000 5.600000000000000
491 9.000000000000000 4.200000000000000
492 9.000000000000000 8.600000000000000
493 9.000000000000000 1.500000000000000
494 9.000000000000000 2.900000000000000
495 9.000000000000000 6.300000000000000
496 9.000000000000000 1.800000000000000
497 9.000000000000000 8.500000000000000
498 9.000000000000000 5.300000000000000
499 9.100000000000000 5.800000000000000
500 9.100000000000000 4.400000000000000
501 9.100000000000000 3.500000000000000
502 9.100000000000000 3.100000000000000
503 9.100000000000000 6.000000000000000
504 9.100000000000000 8.400000000000000
505 9.100000000000000 3.700000000000000
506 9.100000000000000 2.800000000000000
507 9.100000000000000 2.500000000000000
508 9.100000000000000 7.000000000000000
509 9.100000000000000 9.199999999999999
510 9.100000000000000 7.300000000000000
511 9.199999999999999 2.500000000000000
512 9.199999999999999 5.700000000000000
513 9.199999999999999 6.600000000000000
514 9.199999999999999 6.100000000000000
515 9.199999999999999 2.600000000000000
516 9.199999999999999 9.400000000000000
517 9.199999999999999 2.800000000000000
518 9.199999999999999 3.200000000000000
519 9.199999999999999 6.200000000000000
520 9.199999999999999 2.200000000000000
521 9.199999999999999 4.300000000000000
522 9.199999999999999 7.800000000000000
523 9.199999999999999 3.400000000000000
524 9.300000000000001 5.200000000000000
525 9.300000000000001 6.200000000000000
526 9.300000000000001 1.500000000000000
527 9.300000000000001 6.500000000000000
528 9.300000000000001 6.600000000000000
529 9.300000000000001 3.600000000000000
530 9.300000000000001 1.300000000000000
531 9.300000000000001 7.200000000000000
532 9.300000000000001 6.200000000000000
533 9.400000000000000 8.000000000000000
534 9.400000000000000 7.400000000000000
535 9.400000000000000 7.200000000000000
536 9.400000000000000 2.100000000000000
537 9.400000000000000 4.900000000000000
538 9.400000000000000 2.300000000000000
539 9.400000000000000 4.800000000000000
540 9.400000000000000 5.900000000000000
541 9.500000000000000 5.400000000000000
542 9.500000000000000 6.400000000000000
543 9.500000000000000 5.800000000000000
544 9.500000000000000 8.400000000000000
545 9.500000000000000 1.500000000000000
546 9.500000000000000 1.100000000000000
547 9.500000000000000 1.600000000000000
548 9.500000000000000 6.600000000000000
549 9.500000000000000 1.600000000000000
550 9.500000000000000 3.100000000000000
551 9.500000000000000 3.400000000000000
552 9.500000000000000 1.300000000000000
553 9.500000000000000 7.800000000000000
554 9.600000000000000 2.800000000000000
555 9.600000000000000 9.800000000000001
556 9.600000000000000 3.300000000000000
557 9.600000000000000 8.500000000000000
558 9.600000000000000 8.900000000000000
559 9.600000000000000 2.400000000000000
560 9.600000000000000 3.100000000000000
561 9.600000000000000 9.000000000000000
562 9.600000000000000 5.200000000000000
563 9.600000000000000 9.300000000000001
564 9.600000000000000 4.600000000000000
565 9.600000000000000 7.100000000000000
566 9.600000000000000 3.700000000000000
567 9.600000000000000 8.900000000000000
568 9.699999999999999 7.700000000000000
569 9.699999999999999 3.700000000000000
570 9.699999999999999 7.200000000000000
571 9.699999999999999 5.000000000000000
572 9.699999999999999 7.400000000000000
573 9.699999999999999 3.900000000000000
574 9.699999999999999 1.400000000000000
575 9.699999999999999 4.000000000000000
576 9.699999999999999 7.500000000000000
577 9.699999999999999 9.699999999999999
578 9.699999999999999 6.800000000000000
579 9.699999999999999 5.400000000000000
580 9.800000000000001 0.500000000000000
