281
0 5.060000000000000 2.170000000000000
1 7.900000000000000 1.040000000000000
2 7.645533283676268 1.141249080790781
3 7.220363123383578 1.310418898090337
4 6.472073205200679 1.608153971170152
5 1.730000000000000 9.210000000000001
6 5.770000000000000 9.760000000000000
7 4.350087665551209 9.566695102983457
8 2.217114837028181 9.276315138704332
9 2.223520196874087 9.277187155515037
10 4.273703703703704 9.556296296296297
11 4.340156092559529 9.565343032402906
12 2.603215661103979 9.328878369704750
13 7.330000000000000 0.090000000000000
14 9.320000000000000 6.720000000000000
15 7.497315172429555 0.647436981511530
16 8.380084836145045 3.588523851076205
17 7.684251166643750 1.270243836607066
18 8.277537990876025 3.246872803772887
19 9.171010696808281 6.223618552682864
20 8.794605180263174 4.969563992535095
21 1.500000000000000 3.590000000000000
22 1.650000000000000 5.370000000000000
23 1.522726787999431 3.859691217593251
24 1.609033647667831 4.883865952324928
25 1.567788740568775 4.394426388082801
26 1.850000000000000 1.360000000000000
27 6.980000000000000 8.420000000000000
28 4.740177936950012 5.337515835256740
29 5.457581642007613 6.324819959566032
30 2.134053173629844 1.750919182422358
31 5.734044061489254 6.705292607039792
32 5.315118733509236 6.128759894459103
33 5.873090428494113 6.896650765140046
34 3.986637095972557 4.300479122332602
35 5.896262333092153 6.928540364840273
36 5.137965073830109 5.884957781918239
37 4.724995664606586 5.316621713864034
38 6.178320786860422 7.316714377238708
39 3.099780653802783 3.079971036227612
40 5.192563044827099 5.960096510034954
41 2.285290101559843 1.959054213842591
42 5.170349829130750 5.929526275567853
43 5.300995046863886 6.109322618101175
44 6.308769983304893 7.496240951682757
45 6.970000000000000 4.600000000000000
46 5.639461511198509 2.907220666079779
47 5.806194418889911 3.119346826126955
48 6.714252300035732 4.274624653972163
49 6.222795842340063 3.649368532401232
50 5.790000000000000 0.400000000000000
51 9.930000000000000 1.000000000000000
52 6.249944377267231 0.466658605401048
53 6.827573697509325 0.550372999639033
54 5.250000000000000 3.150000000000000
55 2.527762389620750 1.716821963947395
56 0.400000000000000 2.300000000000000
57 5.172374587097544 8.929779221554503
58 2.500136642370873 5.217508259234024
59 4.640972332555181 8.191555605374610
60 4.024913046848756 7.335726504560842
61 4.399355039974031 7.855901042496512
62 2.650675230192111 5.426636353302262
63 3.681163860851781 6.858190391425380
64 3.282258791530708 6.304031766260537
65 3.850614147514792 7.093590603437681
66 5.025966989619377 8.726389896193771
67 3.991949914471034 7.289934145615254
68 5.242725469803471 9.027510615406683
69 4.373037176862042 7.819340286664961
70 3.310046638146506 6.342634622080620
71 3.619392298763913 6.772377383385250
72 1.449029951656664 3.757311627441100
73 3.079561906972696 6.022445405217189
74 7.530000000000000 7.290000000000000
75 6.060427350846079 6.261505256763245
76 5.552907375643224 5.906312455043434
77 6.440368698486044 6.527410912404679
78 3.656290603637951 4.578946719797107
79 6.377322407423438 6.483287351057919
80 5.334648010181464 5.753561510631908
81 4.721237166324435 5.324259952308406
82 6.684102878181754 6.697990653874748
83 7.057000215217633 6.958966490033097
84 5.361844333054437 5.772595122291955
85 5.485940043121442 5.859444714610939
86 1.294013837624421 2.925684298702084
87 6.050000000000000 8.250000000000000
88 4.320000000000000 9.590000000000000
89 5.046874156009215 9.026987647946619
90 0.290000000000000 4.390000000000000
91 6.700000000000000 6.790000000000000
92 5.893756091878145 6.488130206007417
93 5.206163894118099 6.230685389373392
94 6.279072227641550 6.632398337962515
95 2.776162185358924 5.320856356452639
96 6.234322409762084 6.615643335948363
97 4.830818585779316 6.090150484535157
98 4.420048930430964 5.936352173640298
99 6.630240221451189 6.763880894147091
100 5.013421286816659 6.158519670570980
101 4.687936718741330 6.036653373631699
102 5.096928357259238 6.189785968396595
103 1.662771144268825 4.903986075857282
104 8.279999999999999 5.330000000000000
105 8.529999999999999 0.980000000000000
106 8.517466485253511 1.198083156588900
107 8.410077143882310 3.066657696447794
108 8.314867882396724 4.723298846296985
109 0.990000000000000 1.850000000000000
110 9.650000000000000 1.100000000000000
111 6.427497636731939 1.379085077650236
112 1.775597189813451 1.781963291875279
113 2.084724929779127 1.755191258968321
114 7.061501704030715 1.324177104154384
115 5.870518445399532 1.427322305536992
116 1.091860907539470 1.841178327868983
117 0.160000000000000 4.910000000000000
118 0.620000000000000 6.940000000000000
119 9.180000000000000 9.039999999999999
120 4.370000000000000 8.560000000000000
121 5.336390158288629 7.245987482614742
122 7.495846486392385 4.309748302675102
123 5.215535100466703 7.410315582818657
124 7.198429843229452 4.714149349853480
125 7.387382935121241 4.457227519871119
126 6.179836978088568 6.099142526196120
127 7.095778512396694 4.853725619834711
128 6.256223224912993 5.995279212168663
129 4.828663653523127 7.936349420749131
130 7.499519883235603 4.304753540060943
131 6.525979516994633 5.628488282647585
132 5.442956620873111 7.101087760107785
133 3.860000000000000 7.490000000000000
134 5.720000000000000 5.750000000000000
135 4.427325385356455 6.959276252408478
136 5.639446789460219 5.825356229214633
137 4.658464596105908 6.743049248804150
138 3.380000000000000 7.060000000000000
139 3.379137549002898 7.059962502130561
140 2.360747289758972 7.015684664772129
141 1.015979381443302 6.957216494845361
142 2.938610521349375 7.040809153102146
143 2.053906988694759 7.002343782117164
144 6.200000000000000 0.210000000000000
145 6.920000000000000 3.910000000000000
146 6.465800087772460 1.575917117719588
147 6.351179192854111 0.986893074389184
148 2.150000000000000 9.320000000000000
149 6.067275837545891 6.770256020912218
150 5.145498483604916 7.370238344276735
151 7.571366014162029 5.791247896165334
152 2.223838676565765 9.271938610196182
153 8.185401305160571 5.391574028125500
154 3.099860493289671 8.701738439114880
155 7.259266207354528 5.994392794886693
156 6.546360700500873 6.458421012235157
157 6.647260208461605 6.392745802322708
158 2.610163158122750 9.020481076523692
159 3.206046306288630 8.632622387913274
160 4.432187327361348 7.834530597688128
161 5.511173376959874 7.132221570298547
162 9.289999999999999 4.200000000000000
163 9.558977407847799 2.855112960761000
164 1.840000000000000 6.110000000000000
165 6.170000000000000 2.460000000000000
166 2.286071798169070 5.733981047732771
167 6.102733650714106 2.516702580806816
168 2.446738720749567 5.598545882047132
169 4.179257054228855 4.138108949668517
170 4.315831496867022 4.022982687398468
171 5.313054114495238 3.182367778774222
172 1.881113237744043 6.075343344626846
173 2.342777654347141 5.686180499222387
174 5.160000000000000 7.610000000000000
175 8.250000000000000 4.750000000000000
176 5.314535699663130 7.466966957593349
177 7.463039587322678 5.478384071280629
178 7.907885687822009 5.066649492824936
179 6.477313637952244 6.390738833481096
180 7.423554919322727 5.514929751047572
181 6.565229789714389 6.309366602400275
182 7.545461744171671 5.402096896980265
183 5.621700443167662 7.182665609236404
184 0.550000000000000 8.949999999999999
185 7.720000000000000 4.160000000000000
186 3.943917787641985 6.682654643960236
187 4.106151639073939 6.574272475430380
188 7.140585131498487 4.547084688998919
189 2.314919574214354 7.770925416947454
190 7.346587282776667 4.409462610251013
191 5.627618044985542 5.557839548747455
192 5.446477867534289 5.678852303279045
193 6.992733386465599 4.645858727870261
194 5.747238626701864 5.477925659427903
195 2.834050462080094 7.424114126448584
196 7.501670483790994 4.305857515012711
197 5.021910263441906 5.962489517170610
198 4.083591732516910 6.589343877439888
199 2.210210465248153 7.840877527400466
200 4.180228560096631 6.524784546323171
201 4.028893665473811 6.731280615327416
202 2.433404746920399 5.818289770751823
203 5.819353068284419 7.755839935885080
204 4.337093149565169 6.907642421420968
205 3.338627537452058 6.336287802857181
206 3.904356311928551 6.660016276056676
207 1.761533236161653 5.433822958779182
208 1.790000000000000 1.410000000000000
209 3.070000000000000 8.680000000000000
210 6.170000000000000 2.380000000000000
211 4.938626872361884 4.882467969071008
212 3.468955417491636 7.869219635420222
213 5.012904297214797 4.731517073402186
214 3.592174151450348 7.618807369633164
215 5.681992903607332 3.371756357185099
216 4.331776730352371 6.115744064122600
217 4.102381063760116 6.581935257519764
218 4.139622065639248 6.506251931120238
219 8.440000000000000 8.300000000000001
220 6.954218990143736 4.008829846533552
221 6.960957411443135 4.028291471207477
222 7.444396521031483 5.424539952189614
223 2.210000000000000 9.500000000000000
224 2.460000000000000 5.380000000000000
225 2.343606580244388 7.298163557572488
226 2.389179180050042 6.547127112775309
227 2.345020554984584 7.274861253854059
228 2.286002211140925 8.247483560397544
229 2.438762881643358 5.729987710517463
230 9.090751652043229 6.451588392600614
231 6.980010521380948 3.980262318783527
232 7.067934093789606 4.083206168145331
233 3.541108395058092 9.022966911602291
234 3.146893024577355 8.735978121892314
235 3.453207030503726 8.958974718206711
236 7.410000000000000 5.810000000000000
237 6.731549523794886 6.639949126231499
238 6.803668537068955 6.551725867274872
239 4.780820998096850 9.026277225629096
240 5.525504849412965 8.115304747320062
241 6.106885155002940 7.404101655044947
242 9.380000000000001 5.630000000000000
243 0.580000000000000 0.610000000000000
244 5.589481511836632 5.520456877300326
245 9.177978678295725 9.038018634654994
246 5.852307361895211 5.778087332648446
247 0.925495819315712 0.948666250794355
248 2.430000000000000 9.020000000000000
249 7.540000000000000 3.360000000000000
250 5.684997107971807 5.414660737549818
251 3.675674431323526 7.640251021273746
252 6.944346744790618 4.019764662325851
253 5.232653757794552 5.915690749683529
254 4.923430926625830 6.258195881662974
255 4.536108587245527 6.687206535457987
256 7.550000000000000 5.770000000000000
257 7.385256629458208 5.437672855976041
258 0.840000000000000 0.490000000000000
259 6.008435078602852 5.743416821300357
260 9.920000000000000 9.039999999999999
261 2.983493749633195 9.021477953937605
262 3.307593946751746 9.022343375024704
263 2.950000000000000 9.080000000000000
264 3.761406473361923 7.662267810279716
265 0.910000000000000 6.930000000000000
266 2.308674199409494 7.289192595957301
267 2.097255362267460 7.234898264239892
268 9.750000000000000 5.460000000000000
269 9.709825387441409 5.439377032219923
270 9.539999999999999 2.530000000000000
271 7.450000000000000 1.160000000000000
272 7.690000000000000 5.370000000000000
273 1.985753239474296 6.636713919947010
274 3.626936251189344 6.272264509990485
275 1.140000000000000 7.750000000000000
276 5.350000000000000 6.090000000000000
277 2.121157903747533 7.363130137714750
278 4.211327261954043 6.538977849205769
279 1.758901064927422 5.419701939516294
280 8.529999999999999 8.510000000000000
484
0 4
4 3
3 2
2 1
5 8
8 9
9 12
12 10
10 11
11 7
7 6
13 15
15 2
2 17
17 18
18 16
16 20
20 19
19 14
21 23
23 25
25 24
24 22
26 30
30 41
41 39
39 34
34 37
37 28
28 36
36 42
42 40
40 43
43 32
32 29
29 31
31 33
33 35
35 38
38 44
44 27
0 46
46 47
47 49
49 48
48 45
50 52
52 53
53 15
15 51
26 55
55 54
56 72
72 23
23 58
58 62
62 73
73 64
64 70
70 71
71 63
63 65
65 67
67 60
60 69
69 61
61 59
59 66
66 57
57 68
68 6
56 86
86 78
78 81
81 28
28 80
80 84
84 85
85 76
76 75
75 79
79 77
77 82
82 83
83 74
88 7
7 89
89 57
57 87
90 24
24 103
103 58
58 95
95 98
98 101
101 97
97 100
100 102
102 93
93 29
29 92
92 96
96 94
94 99
99 91
104 108
108 16
16 107
107 106
106 105
109 116
116 112
112 113
113 30
30 55
55 115
115 111
111 114
114 3
3 17
17 106
106 110
117 118
6 119
120 59
59 129
129 123
123 121
121 132
132 31
31 92
92 75
75 126
126 128
128 131
131 127
127 124
124 125
125 122
122 130
130 18
18 107
107 51
133 60
60 135
135 137
137 93
93 32
32 76
76 136
136 134
118 141
141 143
143 140
140 142
142 139
139 138
144 52
52 147
147 111
111 146
146 4
4 145
148 8
8 152
152 158
158 154
154 159
159 61
61 160
160 150
150 121
121 161
161 33
33 149
149 94
94 77
77 156
156 157
157 155
155 151
151 153
153 104
162 163
163 51
164 172
172 166
166 173
173 168
168 62
62 95
95 78
78 34
34 169
169 170
170 171
171 46
46 167
167 165
174 176
176 183
183 35
35 149
149 96
96 79
79 179
179 181
181 180
180 177
177 182
182 178
178 175
184 199
199 189
189 195
195 139
139 63
63 186
186 198
198 187
187 200
200 97
97 197
197 36
36 80
80 192
192 191
191 194
194 193
193 188
188 190
190 122
122 196
196 185
22 207
207 166
166 202
202 64
64 205
205 206
206 186
186 201
201 204
204 135
135 150
150 123
123 176
176 203
203 27
208 26
209 212
212 214
214 65
65 201
201 217
217 187
187 218
218 216
216 98
98 81
81 37
37 211
211 213
213 215
215 47
47 167
167 210
145 220
220 221
221 188
188 124
124 222
222 177
177 151
151 219
223 9
9 152
152 228
228 189
189 225
225 227
227 140
140 226
226 202
202 229
229 168
168 224
145 231
231 232
232 190
190 125
125 178
178 153
153 230
230 14
209 154
154 234
234 235
235 233
233 10
10 88
88 11
11 239
239 66
66 240
240 203
203 241
241 38
38 99
99 82
82 237
237 238
238 155
155 236
219 230
230 19
19 242
243 247
247 112
112 39
39 169
169 211
211 244
244 191
191 246
246 126
126 179
179 156
156 237
237 83
83 245
245 119
248 212
212 251
251 67
67 204
204 255
255 254
254 100
100 40
40 253
253 84
84 192
192 244
244 250
250 48
48 252
252 220
220 231
231 249
45 193
193 127
127 257
257 180
180 256
258 113
113 41
41 170
170 213
213 250
250 194
194 259
259 128
128 181
181 157
157 238
238 74
248 158
158 261
261 262
262 233
233 239
239 89
89 68
68 245
245 260
263 261
261 234
234 159
159 264
264 133
265 141
141 267
267 266
266 225
225 195
195 214
214 251
251 264
264 69
69 160
160 129
129 240
240 87
54 171
171 215
215 49
49 252
252 221
221 232
232 130
130 196
196 108
108 20
20 269
269 268
270 163
163 269
269 260
0 146
146 114
114 271
118 273
273 226
226 70
70 205
205 274
274 216
216 101
101 197
197 42
42 253
253 85
85 136
136 246
246 259
259 131
131 257
257 222
222 182
182 272
0 115
115 147
147 53
53 13
223 12
12 262
262 235
235 120
275 277
277 266
266 227
227 142
142 71
71 206
206 198
198 217
217 278
278 254
254 102
102 43
43 276
258 247
247 116
116 86
86 72
72 25
25 103
103 279
279 207
207 172
172 273
273 143
143 267
267 277
277 199
199 228
228 248
22 279
279 173
173 229
229 73
73 274
274 218
218 200
200 278
278 255
255 137
137 132
132 161
161 183
183 241
241 44
44 280
740
0 0.700000000000000 3.400000000000000
1 0.700000000000000 6.500000000000000
2 0.700000000000000 6.100000000000000
3 0.700000000000000 5.900000000000000
4 0.700000000000000 4.200000000000000
5 0.800000000000000 2.700000000000000
6 0.800000000000000 5.300000000000000
7 0.800000000000000 6.800000000000000
8 0.800000000000000 4.600000000000000
9 0.900000000000000 1.900000000000000
10 0.900000000000000 2.400000000000000
11 0.900000000000000 3.600000000000000
12 1.000000000000000 6.000000000000000
13 1.000000000000000 5.100000000000000
14 1.000000000000000 2.200000000000000
15 1.000000000000000 1.300000000000000
16 1.000000000000000 1.200000000000000
17 1.000000000000000 4.200000000000000
18 1.100000000000000 3.600000000000000
19 1.100000000000000 3.300000000000000
20 1.100000000000000 6.900000000000000
21 1.100000000000000 6.300000000000000
22 1.100000000000000 4.200000000000000
23 1.200000000000000 4.700000000000000
24 1.200000000000000 0.900000000000000
25 1.200000000000000 1.000000000000000
26 1.200000000000000 1.200000000000000
27 1.200000000000000 6.700000000000000
28 1.200000000000000 2.000000000000000
29 1.200000000000000 1.200000000000000
30 1.200000000000000 6.600000000000000
31 1.200000000000000 2.200000000000000
32 1.300000000000000 6.800000000000000
33 1.300000000000000 4.300000000000000
34 1.300000000000000 4.700000000000000
35 1.300000000000000 1.900000000000000
36 1.400000000000000 4.300000000000000
37 1.400000000000000 5.600000000000000
38 1.400000000000000 1.400000000000000
39 1.400000000000000 2.300000000000000
40 1.400000000000000 3.000000000000000
41 1.500000000000000 6.700000000000000
42 1.500000000000000 4.800000000000000
43 1.500000000000000 4.500000000000000
44 1.500000000000000 6.700000000000000
45 1.500000000000000 2.300000000000000
46 1.500000000000000 3.700000000000000
47 1.600000000000000 1.400000000000000
48 1.600000000000000 2.200000000000000
49 1.600000000000000 2.900000000000000
50 1.600000000000000 3.200000000000000
51 1.600000000000000 4.700000000000000
52 1.600000000000000 4.000000000000000
53 1.600000000000000 6.600000000000000
54 1.700000000000000 2.000000000000000
55 1.700000000000000 5.100000000000000
56 1.700000000000000 7.000000000000000
57 1.700000000000000 2.100000000000000
58 1.700000000000000 3.100000000000000
59 1.700000000000000 1.900000000000000
60 1.800000000000000 5.300000000000000
61 1.800000000000000 3.000000000000000
62 1.800000000000000 6.900000000000000
63 1.800000000000000 4.200000000000000
64 1.900000000000000 2.600000000000000
65 1.900000000000000 6.000000000000000
66 1.900000000000000 6.600000000000000
67 1.900000000000000 2.000000000000000
68 1.900000000000000 1.500000000000000
69 2.000000000000000 2.900000000000000
70 2.000000000000000 6.600000000000000
71 2.000000000000000 4.700000000000000
72 2.000000000000000 6.500000000000000
73 2.000000000000000 3.800000000000000
74 2.000000000000000 4.300000000000000
75 2.000000000000000 3.300000000000000
76 2.000000000000000 3.500000000000000
77 2.000000000000000 3.600000000000000
78 2.100000000000000 5.900000000000000
79 2.100000000000000 2.000000000000000
80 2.100000000000000 6.800000000000000
81 2.100000000000000 3.300000000000000
82 2.200000000000000 3.400000000000000
83 2.200000000000000 7.600000000000000
84 2.200000000000000 2.800000000000000
85 2.200000000000000 2.100000000000000
86 2.200000000000000 2.900000000000000
87 2.200000000000000 4.800000000000000
88 2.200000000000000 2.400000000000000
89 2.300000000000000 4.400000000000000
90 2.300000000000000 9.400000000000000
91 2.300000000000000 6.100000000000000
92 2.300000000000000 4.600000000000000
93 2.300000000000000 4.300000000000000
94 2.300000000000000 4.000000000000000
95 2.300000000000000 8.600000000000000
96 2.300000000000000 2.000000000000000
97 2.300000000000000 2.700000000000000
98 2.400000000000000 6.100000000000000
99 2.400000000000000 6.000000000000000
100 2.400000000000000 4.100000000000000
101 2.400000000000000 8.900000000000000
102 2.400000000000000 3.100000000000000
103 2.400000000000000 4.100000000000000
104 2.400000000000000 5.200000000000000
105 2.400000000000000 4.900000000000000
106 2.400000000000000 3.900000000000000
107 2.400000000000000 7.900000000000000
108 2.400000000000000 6.900000000000000
109 2.500000000000000 3.100000000000000
110 2.500000000000000 8.500000000000000
111 2.500000000000000 3.500000000000000
112 2.500000000000000 6.200000000000000
113 2.500000000000000 6.000000000000000
114 2.500000000000000 4.800000000000000
115 2.500000000000000 2.300000000000000
116 2.500000000000000 4.300000000000000
117 2.500000000000000 5.300000000000000
118 2.500000000000000 4.600000000000000
119 2.500000000000000 4.300000000000000
120 2.600000000000000 7.500000000000000
121 2.600000000000000 8.199999999999999
122 2.600000000000000 5.900000000000000
123 2.600000000000000 3.600000000000000
124 2.600000000000000 2.500000000000000
125 2.600000000000000 3.100000000000000
126 2.700000000000000 6.600000000000000
127 2.700000000000000 4.000000000000000
128 2.700000000000000 8.800000000000001
129 2.700000000000000 8.300000000000001
130 2.700000000000000 6.300000000000000
131 2.700000000000000 2.600000000000000
132 2.700000000000000 7.300000000000000
133 2.700000000000000 8.199999999999999
134 2.700000000000000 2.400000000000000
135 2.700000000000000 3.600000000000000
136 2.700000000000000 4.100000000000000
137 2.800000000000000 9.000000000000000
138 2.800000000000000 2.700000000000000
139 2.800000000000000 1.900000000000000
140 2.800000000000000 4.400000000000000
141 2.900000000000000 7.800000000000000
142 2.900000000000000 6.300000000000000
143 2.900000000000000 7.600000000000000
144 2.900000000000000 1.900000000000000
145 2.900000000000000 4.200000000000000
146 3.000000000000000 3.200000000000000
147 3.000000000000000 9.100000000000000
148 3.000000000000000 6.300000000000000
149 3.000000000000000 7.800000000000000
150 3.100000000000000 5.600000000000000
151 3.100000000000000 7.500000000000000
152 3.100000000000000 7.900000000000000
153 3.100000000000000 7.400000000000000
154 3.100000000000000 5.800000000000000
155 3.100000000000000 4.200000000000000
156 3.100000000000000 3.300000000000000
157 3.100000000000000 5.000000000000000
158 3.200000000000000 6.400000000000000
159 3.200000000000000 5.000000000000000
160 3.200000000000000 9.100000000000000
161 3.200000000000000 2.200000000000000
162 3.200000000000000 3.500000000000000
163 3.200000000000000 3.000000000000000
164 3.200000000000000 7.400000000000000
165 3.300000000000000 3.900000000000000
166 3.300000000000000 5.900000000000000
167 3.300000000000000 2.700000000000000
168 3.300000000000000 6.400000000000000
169 3.300000000000000 6.900000000000000
170 3.300000000000000 3.900000000000000
171 3.300000000000000 9.300000000000001
172 3.300000000000000 3.500000000000000
173 3.300000000000000 9.400000000000000
174 3.300000000000000 8.199999999999999
175 3.300000000000000 2.900000000000000
176 3.400000000000000 3.500000000000000
177 3.400000000000000 3.100000000000000
178 3.400000000000000 8.400000000000000
179 3.400000000000000 4.800000000000000
180 3.400000000000000 8.300000000000001
181 3.400000000000000 3.100000000000000
182 3.500000000000000 8.900000000000000
183 3.500000000000000 2.200000000000000
184 3.500000000000000 9.199999999999999
185 3.500000000000000 5.900000000000000
186 3.500000000000000 3.400000000000000
187 3.500000000000000 2.400000000000000
188 3.600000000000000 5.500000000000000
189 3.600000000000000 6.600000000000000
190 3.600000000000000 2.700000000000000
191 3.600000000000000 3.500000000000000
192 3.600000000000000 9.199999999999999
193 3.600000000000000 5.100000000000000
194 3.600000000000000 2.200000000000000
195 3.600000000000000 1.800000000000000
196 3.600000000000000 9.400000000000000
197 3.600000000000000 9.400000000000000
198 3.600000000000000 5.000000000000000
199 3.600000000000000 5.300000000000000
200 3.700000000000000 7.200000000000000
201 3.700000000000000 5.300000000000000
202 3.700000000000000 6.600000000000000
203 3.700000000000000 3.600000000000000
204 3.700000000000000 7.200000000000000
205 3.700000000000000 5.500000000000000
206 3.700000000000000 2.100000000000000
207 3.700000000000000 2.800000000000000
208 3.800000000000000 3.800000000000000
209 3.800000000000000 8.100000000000000
210 3.800000000000000 2.100000000000000
211 3.800000000000000 6.700000000000000
212 3.800000000000000 7.100000000000000
213 3.800000000000000 4.000000000000000
214 3.800000000000000 2.200000000000000
215 3.800000000000000 8.400000000000000
216 3.800000000000000 6.200000000000000
217 3.900000000000000 9.199999999999999
218 3.900000000000000 5.900000000000000
219 3.900000000000000 6.400000000000000
220 3.900000000000000 7.600000000000000
221 3.900000000000000 3.600000000000000
222 3.900000000000000 6.400000000000000
223 3.900000000000000 4.600000000000000
224 4.000000000000000 8.600000000000000
225 4.000000000000000 3.200000000000000
226 4.000000000000000 8.100000000000000
227 4.000000000000000 3.600000000000000
228 4.100000000000000 2.700000000000000
229 4.100000000000000 8.800000000000001
230 4.100000000000000 6.300000000000000
231 4.100000000000000 3.200000000000000
232 4.100000000000000 6.700000000000000
233 4.100000000000000 2.600000000000000
234 4.100000000000000 9.400000000000000
235 4.100000000000000 4.300000000000000
236 4.100000000000000 1.900000000000000
237 4.100000000000000 4.300000000000000
238 4.100000000000000 9.400000000000000
239 4.200000000000000 2.900000000000000
240 4.200000000000000 5.600000000000000
241 4.200000000000000 5.300000000000000
242 4.200000000000000 3.200000000000000
243 4.200000000000000 9.199999999999999
244 4.300000000000000 5.700000000000000
245 4.300000000000000 2.100000000000000
246 4.300000000000000 7.500000000000000
247 4.300000000000000 2.300000000000000
248 4.300000000000000 2.200000000000000
249 4.300000000000000 4.600000000000000
250 4.300000000000000 3.400000000000000
251 4.300000000000000 3.300000000000000
252 4.300000000000000 3.800000000000000
253 4.300000000000000 5.100000000000000
254 4.400000000000000 8.000000000000000
255 4.400000000000000 7.400000000000000
256 4.400000000000000 2.300000000000000
257 4.400000000000000 3.500000000000000
258 4.400000000000000 9.500000000000000
259 4.400000000000000 3.400000000000000
260 4.400000000000000 8.199999999999999
261 4.400000000000000 4.000000000000000
262 4.400000000000000 3.400000000000000
263 4.500000000000000 3.700000000000000
264 4.500000000000000 7.000000000000000
265 4.500000000000000 2.800000000000000
266 4.500000000000000 7.700000000000000
267 4.500000000000000 2.500000000000000
268 4.500000000000000 4.400000000000000
269 4.500000000000000 6.500000000000000
270 4.500000000000000 7.800000000000000
271 4.500000000000000 9.000000000000000
272 4.500000000000000 7.900000000000000
273 4.500000000000000 3.300000000000000
274 4.500000000000000 5.100000000000000
275 4.500000000000000 5.100000000000000
276 4.500000000000000 5.800000000000000
277 4.500000000000000 5.000000000000000
278 4.600000000000000 2.200000000000000
279 4.600000000000000 5.500000000000000
280 4.600000000000000 5.500000000000000
281 4.600000000000000 1.600000000000000
282 4.600000000000000 7.200000000000000
283 4.600000000000000 6.400000000000000
284 4.600000000000000 2.300000000000000
285 4.600000000000000 2.000000000000000
286 4.700000000000000 9.400000000000000
287 4.700000000000000 2.300000000000000
288 4.700000000000000 8.199999999999999
289 4.700000000000000 6.400000000000000
290 4.700000000000000 5.300000000000000
291 4.800000000000000 3.200000000000000
292 4.800000000000000 2.900000000000000
293 4.800000000000000 7.000000000000000
294 4.800000000000000 5.100000000000000
295 4.800000000000000 5.000000000000000
296 4.900000000000000 2.000000000000000
297 4.900000000000000 5.500000000000000
298 4.900000000000000 6.000000000000000
299 4.900000000000000 8.500000000000000
300 4.900000000000000 7.300000000000000
301 4.900000000000000 5.500000000000000
302 4.900000000000000 8.100000000000000
303 4.900000000000000 8.300000000000001
304 5.000000000000000 2.500000000000000
305 5.000000000000000 6.600000000000000
306 5.000000000000000 2.700000000000000
307 5.000000000000000 5.400000000000000
308 5.000000000000000 8.900000000000000
309 5.000000000000000 3.000000000000000
310 5.000000000000000 4.500000000000000
311 5.100000000000000 7.100000000000000
312 5.100000000000000 7.200000000000000
313 5.100000000000000 2.900000000000000
314 5.100000000000000 3.000000000000000
315 5.100000000000000 7.200000000000000
316 5.100000000000000 9.000000000000000
317 5.200000000000000 6.900000000000000
318 5.200000000000000 7.800000000000000
319 5.200000000000000 4.200000000000000
320 5.200000000000000 6.600000000000000
321 5.200000000000000 9.199999999999999
322 5.200000000000000 3.900000000000000
323 5.200000000000000 6.100000000000000
324 5.200000000000000 9.400000000000000
325 5.300000000000000 2.100000000000000
326 5.300000000000000 6.800000000000000
327 5.300000000000000 5.100000000000000
328 5.300000000000000 4.900000000000000
329 5.300000000000000 3.600000000000000
330 5.300000000000000 2.500000000000000
331 5.300000000000000 6.900000000000000
332 5.300000000000000 6.000000000000000
333 5.300000000000000 2.100000000000000
334 5.300000000000000 8.000000000000000
335 5.300000000000000 1.800000000000000
336 5.300000000000000 8.199999999999999
337 5.300000000000000 7.000000000000000
338 5.400000000000000 4.800000000000000
339 5.400000000000000 5.900000000000000
340 5.400000000000000 5.500000000000000
341 5.400000000000000 9.199999999999999
342 5.400000000000000 5.600000000000000
343 5.400000000000000 2.300000000000000
344 5.500000000000000 7.000000000000000
345 5.500000000000000 7.100000000000000
346 5.500000000000000 8.900000000000000
347 5.500000000000000 1.900000000000000
348 5.500000000000000 4.400000000000000
349 5.500000000000000 7.600000000000000
350 5.500000000000000 8.699999999999999
351 5.500000000000000 7.100000000000000
352 5.600000000000000 5.000000000000000
353 5.600000000000000 1.800000000000000
354 5.600000000000000 6.900000000000000
355 5.600000000000000 7.000000000000000
356 5.600000000000000 8.600000000000000
357 5.600000000000000 7.300000000000000
358 5.600000000000000 4.800000000000000
359 5.600000000000000 7.700000000000000
360 5.700000000000000 7.900000000000000
361 5.700000000000000 2.600000000000000
362 5.700000000000000 8.699999999999999
363 5.700000000000000 8.600000000000000
364 5.700000000000000 6.300000000000000
365 5.700000000000000 3.500000000000000
366 5.700000000000000 9.699999999999999
367 5.700000000000000 6.600000000000000
368 5.700000000000000 3.900000000000000
369 5.700000000000000 4.200000000000000
370 5.800000000000000 5.000000000000000
371 5.800000000000000 8.600000000000000
372 5.800000000000000 7.600000000000000
373 5.800000000000000 3.000000000000000
374 5.800000000000000 8.699999999999999
375 5.800000000000000 6.400000000000000
376 5.900000000000000 3.000000000000000
377 5.900000000000000 5.000000000000000
378 5.900000000000000 5.000000000000000
379 5.900000000000000 1.800000000000000
380 5.900000000000000 5.700000000000000
381 5.900000000000000 8.000000000000000
382 5.900000000000000 1.600000000000000
383 5.900000000000000 7.700000000000000
384 5.900000000000000 6.900000000000000
385 6.000000000000000 8.199999999999999
386 6.000000000000000 9.400000000000000
387 6.000000000000000 1.900000000000000
388 6.000000000000000 4.900000000000000
389 6.000000000000000 2.000000000000000
390 6.000000000000000 6.200000000000000
391 6.000000000000000 6.500000000000000
392 6.000000000000000 1.600000000000000
393 6.000000000000000 9.000000000000000
394 6.000000000000000 5.900000000000000
395 6.100000000000000 4.200000000000000
396 6.100000000000000 7.700000000000000
397 6.100000000000000 6.400000000000000
398 6.100000000000000 3.200000000000000
399 6.100000000000000 8.199999999999999
400 6.100000000000000 3.800000000000000
401 6.200000000000000 5.300000000000000
402 6.200000000000000 6.500000000000000
403 6.200000000000000 6.800000000000000
404 6.200000000000000 9.199999999999999
405 6.200000000000000 5.800000000000000
406 6.200000000000000 5.800000000000000
407 6.200000000000000 6.900000000000000
408 6.300000000000000 5.700000000000000
409 6.300000000000000 2.000000000000000
410 6.300000000000000 1.500000000000000
411 6.300000000000000 6.400000000000000
412 6.300000000000000 4.600000000000000
413 6.300000000000000 2.300000000000000
414 6.300000000000000 8.500000000000000
415 6.300000000000000 9.100000000000000
416 6.300000000000000 8.699999999999999
417 6.300000000000000 6.500000000000000
418 6.300000000000000 2.100000000000000
419 6.300000000000000 6.300000000000000
420 6.300000000000000 6.000000000000000
421 6.400000000000000 7.000000000000000
422 6.400000000000000 1.200000000000000
423 6.400000000000000 9.199999999999999
424 6.400000000000000 0.700000000000000
425 6.400000000000000 9.400000000000000
426 6.400000000000000 4.800000000000000
427 6.400000000000000 1.200000000000000
428 6.400000000000000 2.500000000000000
429 6.400000000000000 8.600000000000000
430 6.400000000000000 2.800000000000000
431 6.400000000000000 0.600000000000000
432 6.500000000000000 2.900000000000000
433 6.500000000000000 7.600000000000000
434 6.500000000000000 7.300000000000000
435 6.500000000000000 7.900000000000000
436 6.500000000000000 2.000000000000000
437 6.500000000000000 2.200000000000000
438 6.500000000000000 5.500000000000000
439 6.500000000000000 3.400000000000000
440 6.500000000000000 4.700000000000000
441 6.500000000000000 2.300000000000000
442 6.600000000000000 3.600000000000000
443 6.600000000000000 2.100000000000000
444 6.600000000000000 9.300000000000001
445 6.600000000000000 5.500000000000000
446 6.600000000000000 5.100000000000000
447 6.600000000000000 2.400000000000000
448 6.600000000000000 8.600000000000000
449 6.600000000000000 2.100000000000000
450 6.600000000000000 5.100000000000000
451 6.600000000000000 9.500000000000000
452 6.600000000000000 4.200000000000000
453 6.700000000000000 1.900000000000000
454 6.700000000000000 9.300000000000001
455 6.700000000000000 7.100000000000000
456 6.700000000000000 7.700000000000000
457 6.700000000000000 8.000000000000000
458 6.700000000000000 3.000000000000000
459 6.700000000000000 0.800000000000000
460 6.700000000000000 1.600000000000000
461 6.700000000000000 8.900000000000000
462 6.800000000000000 4.000000000000000
463 6.800000000000000 3.900000000000000
464 6.800000000000000 0.700000000000000
465 6.800000000000000 7.000000000000000
466 6.800000000000000 7.300000000000000
467 6.900000000000000 6.200000000000000
468 6.900000000000000 2.600000000000000
469 6.900000000000000 5.000000000000000
470 6.900000000000000 3.800000000000000
471 6.900000000000000 5.900000000000000
472 6.900000000000000 0.600000000000000
473 6.900000000000000 9.000000000000000
474 6.900000000000000 6.200000000000000
475 6.900000000000000 2.300000000000000
476 6.900000000000000 8.199999999999999
477 6.900000000000000 7.500000000000000
478 6.900000000000000 5.900000000000000
479 7.000000000000000 1.100000000000000
480 7.000000000000000 8.100000000000000
481 7.000000000000000 1.000000000000000
482 7.000000000000000 9.300000000000001
483 7.000000000000000 9.400000000000000
484 7.000000000000000 8.699999999999999
485 7.000000000000000 1.800000000000000
486 7.000000000000000 2.500000000000000
487 7.000000000000000 7.800000000000000
488 7.000000000000000 3.800000000000000
489 7.000000000000000 4.800000000000000
490 7.000000000000000 7.500000000000000
491 7.000000000000000 2.500000000000000
492 7.100000000000000 6.800000000000000
493 7.100000000000000 4.300000000000000
494 7.100000000000000 6.600000000000000
495 7.100000000000000 5.500000000000000
496 7.100000000000000 4.500000000000000
497 7.100000000000000 2.400000000000000
498 7.100000000000000 5.100000000000000
499 7.100000000000000 8.500000000000000
500 7.200000000000000 3.700000000000000
501 7.200000000000000 5.400000000000000
502 7.200000000000000 8.699999999999999
503 7.200000000000000 5.500000000000000
504 7.200000000000000 2.900000000000000
505 7.200000000000000 8.900000000000000
506 7.200000000000000 3.100000000000000
507 7.200000000000000 5.900000000000000
508 7.200000000000000 1.200000000000000
509 7.200000000000000 0.500000000000000
510 7.200000000000000 5.000000000000000
511 7.300000000000000 8.699999999999999
512 7.300000000000000 5.100000000000000
513 7.300000000000000 4.300000000000000
514 7.300000000000000 7.000000000000000
515 7.300000000000000 4.000000000000000
516 7.300000000000000 6.000000000000000
517 7.300000000000000 1.100000000000000
518 7.300000000000000 3.900000000000000
519 7.300000000000000 1.600000000000000
520 7.300000000000000 5.900000000000000
521 7.300000000000000 6.100000000000000
522 7.300000000000000 2.300000000000000
523 7.400000000000000 1.000000000000000
524 7.400000000000000 4.100000000000000
525 7.500000000000000 5.200000000000000
526 7.500000000000000 7.000000000000000
527 7.500000000000000 2.100000000000000
528 7.500000000000000 6.300000000000000
529 7.500000000000000 1.700000000000000
530 7.500000000000000 5.300000000000000
531 7.500000000000000 4.300000000000000
532 7.500000000000000 1.800000000000000
533 7.500000000000000 6.400000000000000
534 7.500000000000000 7.700000000000000
535 7.600000000000000 8.900000000000000
536 7.600000000000000 1.200000000000000
537 7.600000000000000 2.200000000000000
538 7.600000000000000 4.900000000000000
539 7.600000000000000 1.000000000000000
540 7.600000000000000 2.600000000000000
541 7.600000000000000 3.400000000000000
542 7.600000000000000 0.700000000000000
543 7.600000000000000 7.500000000000000
544 7.600000000000000 7.500000000000000
545 7.600000000000000 1.400000000000000
546 7.700000000000000 8.800000000000001
547 7.700000000000000 4.400000000000000
548 7.700000000000000 4.600000000000000
549 7.700000000000000 5.300000000000000
550 7.700000000000000 4.400000000000000
551 7.700000000000000 4.800000000000000
552 7.700000000000000 2.700000000000000
553 7.700000000000000 5.000000000000000
554 7.700000000000000 6.700000000000000
555 7.800000000000000 8.800000000000001
556 7.800000000000000 4.700000000000000
557 7.800000000000000 8.600000000000000
558 7.800000000000000 8.699999999999999
559 7.800000000000000 8.600000000000000
560 7.800000000000000 4.200000000000000
561 7.800000000000000 5.800000000000000
562 7.800000000000000 3.600000000000000
563 7.900000000000000 2.200000000000000
564 7.900000000000000 1.900000000000000
565 7.900000000000000 5.300000000000000
566 7.900000000000000 7.000000000000000
567 7.900000000000000 6.600000000000000
568 7.900000000000000 3.300000000000000
569 7.900000000000000 1.800000000000000
570 8.000000000000000 6.100000000000000
571 8.000000000000000 5.100000000000000
572 8.000000000000000 6.800000000000000
573 8.000000000000000 4.400000000000000
574 8.000000000000000 0.900000000000000
575 8.000000000000000 2.200000000000000
576 8.000000000000000 5.700000000000000
577 8.000000000000000 4.600000000000000
578 8.000000000000000 1.500000000000000
579 8.100000000000000 4.100000000000000
580 8.100000000000000 4.400000000000000
581 8.100000000000000 6.400000000000000
582 8.100000000000000 5.800000000000000
583 8.100000000000000 3.900000000000000
584 8.100000000000000 1.000000000000000
585 8.100000000000000 1.000000000000000
586 8.100000000000000 2.600000000000000
587 8.100000000000000 3.300000000000000
588 8.199999999999999 4.300000000000000
589 8.199999999999999 4.100000000000000
590 8.199999999999999 4.800000000000000
591 8.199999999999999 7.400000000000000
592 8.199999999999999 8.199999999999999
593 8.199999999999999 5.500000000000000
594 8.300000000000001 9.199999999999999
595 8.300000000000001 1.200000000000000
596 8.300000000000001 7.200000000000000
597 8.300000000000001 2.900000000000000
598 8.300000000000001 3.800000000000000
599 8.300000000000001 4.700000000000000
600 8.300000000000001 3.200000000000000
601 8.300000000000001 5.400000000000000
602 8.300000000000001 1.200000000000000
603 8.300000000000001 6.600000000000000
604 8.300000000000001 3.600000000000000
605 8.300000000000001 2.000000000000000
606 8.400000000000000 2.000000000000000
607 8.400000000000000 1.300000000000000
608 8.400000000000000 2.700000000000000
609 8.400000000000000 8.900000000000000
610 8.400000000000000 5.100000000000000
611 8.400000000000000 6.600000000000000
612 8.400000000000000 3.600000000000000
613 8.400000000000000 8.500000000000000
614 8.400000000000000 7.300000000000000
615 8.500000000000000 3.600000000000000
616 8.500000000000000 8.800000000000001
617 8.500000000000000 1.900000000000000
618 8.500000000000000 1.000000000000000
619 8.500000000000000 7.200000000000000
620 8.500000000000000 1.500000000000000
621 8.500000000000000 7.300000000000000
622 8.500000000000000 3.100000000000000
623 8.500000000000000 7.500000000000000
624 8.500000000000000 3.400000000000000
625 8.600000000000000 1.700000000000000
626 8.600000000000000 3.600000000000000
627 8.600000000000000 6.900000000000000
628 8.600000000000000 2.100000000000000
629 8.600000000000000 3.900000000000000
630 8.600000000000000 8.000000000000000
631 8.600000000000000 2.300000000000000
632 8.600000000000000 6.900000000000000
633 8.600000000000000 4.400000000000000
634 8.600000000000000 3.700000000000000
635 8.600000000000000 6.300000000000000
636 8.600000000000000 8.100000000000000
637 8.699999999999999 3.200000000000000
638 8.699999999999999 5.900000000000000
639 8.699999999999999 4.800000000000000
640 8.699999999999999 1.100000000000000
641 8.699999999999999 5.800000000000000
642 8.699999999999999 8.100000000000000
643 8.699999999999999 2.100000000000000
644 8.699999999999999 9.100000000000000
645 8.699999999999999 7.400000000000000
646 8.800000000000001 7.300000000000000
647 8.800000000000001 8.100000000000000
648 8.800000000000001 7.400000000000000
649 8.800000000000001 4.100000000000000
650 8.800000000000001 6.100000000000000
651 8.800000000000001 2.400000000000000
652 8.900000000000000 7.200000000000000
653 8.900000000000000 3.700000000000000
654 8.900000000000000 6.700000000000000
655 8.900000000000000 4.300000000000000
656 9.000000000000000 1.400000000000000
657 9.000000000000000 4.900000000000000
658 9.000000000000000 7.400000000000000
659 9.000000000000000 1.200000000000000
660 9.000000000000000 2.300000000000000
661 9.000000000000000 4.000000000000000
662 9.000000000000000 2.600000000000000
663 9.000000000000000 4.000000000000000
664 9.000000000000000 5.900000000000000
665 9.000000000000000 4.300000000000000
666 9.000000000000000 1.600000000000000
667 9.100000000000000 7.300000000000000
668 9.100000000000000 4.000000000000000
669 9.100000000000000 1.400000000000000
670 9.100000000000000 6.700000000000000
671 9.100000000000000 2.900000000000000
672 9.100000000000000 5.200000000000000
673 9.100000000000000 4.200000000000000
674 9.100000000000000 6.700000000000000
675 9.199999999999999 1.000000000000000
676 9.199999999999999 3.000000000000000
677 9.199999999999999 2.200000000000000
678 9.199999999999999 3.300000000000000
679 9.199999999999999 1.300000000000000
680 9.199999999999999 1.300000000000000
681 9.199999999999999 5.900000000000000
682 9.199999999999999 3.600000000000000
683 9.199999999999999 5.200000000000000
684 9.199999999999999 7.700000000000000
685 9.199999999999999 4.700000000000000
686 9.300000000000001 8.500000000000000
687 9.300000000000001 3.900000000000000
688 9.300000000000001 5.700000000000000
689 9.300000000000001 6.900000000000000
690 9.300000000000001 6.100000000000000
691 9.400000000000000 4.500000000000000
692 9.400000000000000 6.200000000000000
693 9.400000000000000 3.400000000000000
694 9.400000000000000 8.000000000000000
695 9.400000000000000 8.300000000000001
696 9.400000000000000 8.900000000000000
697 9.400000000000000 2.700000000000000
698 9.400000000000000 1.100000000000000
699 9.400000000000000 3.100000000000000
700 9.400000000000000 2.300000000000000
701 9.400000000000000 5.600000000000000
702 9.400000000000000 6.200000000000000
703 9.400000000000000 8.800000000000001
704 9.500000000000000 7.000000000000000
705 9.500000000000000 2.100000000000000
706 9.500000000000000 1.900000000000000
707 9.500000000000000 6.600000000000000
708 9.600000000000000 8.900000000000000
709 9.600000000000000 1.600000000000000
710 9.600000000000000 8.500000000000000
711 9.600000000000000 8.199999999999999
712 9.600000000000000 6.900000000000000
713 9.600000000000000 1.400000000000000
714 9.600000000000000 1.200000000000000
715 9.600000000000000 5.900000000000000
716 9.600000000000000 6.700000000000000
717 9.600000000000000 4.300000000000000
718 9.600000000000000 3.900000000000000
719 9.600000000000000 7.800000000000000
720 9.699999999999999 7.400000000000000
721 9.699999999999999 7.700000000000000
722 9.699999999999999 3.400000000000000
723 9.699999999999999 2.600000000000000
724 9.699999999999999 1.000000000000000
725 9.699999999999999 5.500000000000000
726 9.699999999999999 1.600000000000000
727 9.699999999999999 2.600000000000000
728 9.699999999999999 7.000000000000000
729 9.699999999999999 8.199999999999999
730 9.800000000000001 1.800000000000000
731 9.900000000000000 4.700000000000000
732 9.900000000000000 8.699999999999999
733 9.900000000000000 7.800000000000000
734 9.900000000000000 2.900000000000000
735 9.900000000000000 8.400000000000000
736 9.900000000000000 3.500000000000000
737 9.900000000000000 3.700000000000000
738 9.900000000000000 4.600000000000000
739 9.900000000000000 5.500000000000000
