349
0 0.390000000000000 7.460000000000000
1 7.280000000000000 7.290000000000000
2 5.752987300501137 7.327676655865719
3 0.489446826119342 7.457546304725647
4 2.538419766430905 7.406991094297060
5 3.594957571411498 7.380922672403490
6 5.098741719942851 7.343819144790960
7 2.108552218413672 7.417597405351186
8 4.798595664294139 7.351224780416545
9 3.728843669679525 7.377619241822130
10 4.312228620585497 7.363225128374523
11 0.797674054175061 7.449941278779425
12 2.844810274152908 7.399431386559362
13 5.576640243470876 7.332027744355581
14 5.345538811946250 7.337729811606551
15 4.695749986805300 7.353762337045443
16 1.296358099878197 7.437637028014616
17 6.800000000000000 1.830000000000000
18 9.940000000000000 0.810000000000000
19 6.975916697871360 1.772855085404845
20 7.815681357273581 1.500065291586289
21 7.021780411388093 1.757956681651001
22 7.491908293810158 1.605239980991605
23 7.176450001067669 1.707713693920694
24 8.220000000000001 5.550000000000000
25 9.199999999999999 2.830000000000000
26 8.899166067577282 3.664967649173257
27 8.978224017621297 3.445541502112318
28 8.948566352511971 3.527856654252489
29 1.830000000000000 8.830000000000000
30 0.410930441884887 7.479912989848816
31 1.590150734832308 8.601810074111294
32 1.227916304089867 8.257184261529943
33 1.702673684210527 8.708863157894736
34 1.414821872410935 8.435004142502070
35 7.670000000000000 5.420000000000000
36 6.990000000000000 5.430000000000000
37 7.408957345971563 5.423838862559242
38 7.245427792239990 5.426243708937647
39 7.393750000000001 5.424062500000000
40 8.609999999999999 2.860000000000000
41 1.450000000000000 4.130000000000000
42 6.013168900014726 3.320611102930349
43 4.173546651695924 3.646912814573488
44 7.248875841761618 3.101428447061836
45 5.743635378502503 3.368419423086846
46 2.804303551040721 3.889781353376855
47 6.602355206614027 3.216104593240249
48 5.190970839048243 3.466447909833621
49 7.202455790696856 3.109662171203211
50 7.215930965862524 3.107272021418239
51 4.920000000000000 0.960000000000000
52 5.693552045394774 2.630423982084366
53 6.669580251792468 4.738079094450403
54 6.882703349282298 5.198301435406699
55 6.148582088888494 3.613025090498341
56 5.927831652114945 3.136332118335169
57 6.471795384077260 4.310978438079880
58 6.886494019958235 5.206487086576478
59 6.831221060401034 5.087129536228319
60 6.920749112249888 5.280458227901933
61 6.255577660156963 3.844073498020108
62 6.210944068718590 3.747690815058984
63 6.573327618431963 4.530229205019745
64 6.564068864289646 4.510235663466047
65 6.661647560650493 4.720949080245267
66 6.580222706809229 4.545118598761959
67 1.060000000000000 1.190000000000000
68 0.610000000000000 6.030000000000000
69 7.040000000000000 1.730000000000000
70 3.845253990222646 3.866455340908650
71 1.762332375059162 5.259388924921556
72 2.651456153900162 4.664796040160079
73 3.724250724570398 3.947375098654322
74 4.843384197035031 3.198965466990570
75 1.630080976360127 5.347830762309713
76 8.289999999999999 0.160000000000000
77 5.200000000000000 8.890000000000001
78 6.292095056646140 5.804566393358964
79 6.326703918463268 5.706787958516399
80 7.105044247787610 3.507787610619469
81 6.173289215533618 6.140221730871041
82 6.221100636261154 6.005142862601985
83 5.980890809429331 6.683793926757911
84 6.869339122761276 4.173711798800666
85 6.285142341953883 5.824209499916702
86 6.462685435213704 5.322607168473905
87 5.675568183782974 7.546404451642278
88 6.343320011101859 5.659843463780184
89 7.043802161226617 3.680811369738390
90 5.499418905998390 8.044068916062802
91 6.706795129852403 4.632938031193697
92 6.773088651009498 4.445642743264425
93 6.680268709392797 4.707881607443651
94 7.204622277535781 3.226455507156190
95 5.854840032813781 7.039917965545530
96 7.370754326283091 2.757092146132237
97 5.546680330692388 7.910543920082674
98 9.080000000000000 6.140000000000000
99 6.770000000000000 5.150000000000000
100 7.542809917355371 5.481204250295160
101 7.571668122270742 5.493572052401746
102 6.891000890471950 5.201857524487979
103 6.981408374116368 5.240603588907015
104 8.143794466403159 5.738769057029925
105 8.219183111519046 5.771078476365305
106 7.244072365225838 5.353173870811074
107 8.125492788461539 5.730925480769231
108 7.398309178743961 5.419275362318841
109 7.659525862068965 5.531225369458128
110 7.939187007495676 5.651080146069575
111 9.000000000000000 3.080000000000000
112 8.972001111241081 3.064205755059071
113 8.978234770569621 3.067722178270042
114 6.940000000000000 5.620000000000000
115 0.200000000000000 7.540000000000000
116 5.966133313724766 5.897421964042797
117 3.085143326638671 6.718119408435275
118 5.822198317846596 5.938424218061504
119 2.196582111442779 6.971240704158734
120 6.308934825820117 5.799769307778246
121 5.238799689471903 6.104614925254295
122 5.993655233764951 5.889581891865178
123 4.964036717802173 6.182885682762586
124 0.755038376361376 7.381888177653733
125 4.314867632367632 6.367812187812188
126 0.408546517992588 7.480592089830004
127 5.984669879083431 5.892141518124602
128 3.530433358037212 6.591271209579904
129 1.120092643051771 7.277896457765668
130 9.420000000000000 3.490000000000000
131 8.140000000000001 3.920000000000000
132 8.956383214775174 3.645746263786465
133 8.535661498110006 3.787082465478670
134 8.712842264236967 3.727560801857894
135 8.930000000000000 8.850000000000000
136 8.155464166697184 8.117711575786428
137 7.590498661142828 7.583562370535037
138 7.710607704074538 7.697120011125017
139 7.476413865388935 7.475700381822265
140 6.680000000000000 5.520000000000000
141 3.370000000000000 7.270000000000000
142 5.872627200539940 5.946858730832358
143 6.476603974879291 5.627535662828169
144 6.045950967993004 5.855222297888894
145 4.773464550795757 6.527987019972031
146 5.987277835136390 5.886242836408252
147 4.032459171448389 6.919757235639069
148 8.630000000000001 3.340000000000000
149 5.492184865807578 3.685247069082453
150 2.785916733559629 3.983011947143161
151 6.398342797737088 3.585544455402187
152 5.477407617649318 3.686872978002373
153 8.629407028120742 3.340065243424041
154 7.209627463710878 3.496280543686408
155 7.035468318985274 3.515442900835882
156 1.290000000000000 8.980000000000000
157 3.952180005611765 5.625653192929176
158 1.969193863131688 8.124215732454074
159 4.438326537927327 5.013108562211569
160 1.956009894724732 8.140827532646838
161 5.390327582906128 3.813587245538279
162 5.485780652358690 3.693316378028050
163 4.276344384401928 5.217206075653571
164 1.550570966873148 8.651680581739834
165 2.166807039597738 7.875223130106851
166 7.173828230563887 1.566376429489502
167 1.509692269512347 8.703187740414442
168 3.303607635753902 6.442854378950083
169 2.004656664743219 8.079532602423544
170 9.529999999999999 9.170000000000000
171 9.427797674308822 3.892643546128307
172 2.350000000000000 7.980000000000000
173 6.393928737264756 6.034049329436509
174 5.804962013295346 6.317461888339082
175 4.076485244742891 7.149210107792895
176 4.558497461554537 6.917264379402329
177 7.249069282294245 5.622553127317055
178 7.167184401850629 5.661956378056840
179 5.794371953098100 6.322557857155802
180 4.253184010463501 7.064182130303278
181 9.119999999999999 6.490000000000000
182 0.630000000000000 5.070000000000000
183 6.766102430716256 6.096297461910139
184 2.509543844626942 5.384364223718523
185 3.084574634157828 5.480541340459849
186 6.124700237662318 5.989019356593698
187 5.565969086940378 5.895568445636671
188 5.899610227037879 5.951371792979245
189 5.160178904052492 5.827697767226683
190 3.304936500167444 5.517398095434366
191 5.099090455129120 5.817480382365530
192 8.032884355474126 6.308173826239489
193 7.259387561143267 6.178802159814304
194 8.004683373866211 6.303457054286222
195 6.755254245488413 6.094483042237167
196 7.593284245667130 6.234648248391911
197 7.697462870511562 6.252072706257529
198 9.073844541627787 6.482280241355885
199 5.954428949301678 5.960540530978609
200 1.403085535154499 5.199302881027019
201 3.500000000000000 8.539999999999999
202 4.051383635177844 8.127453970802188
203 4.020290594291064 8.150717828731864
204 4.597768964383135 7.718647681324848
205 3.776723475650140 8.332955097355290
206 4.210591612538345 8.008334333064834
207 7.251125510045351 5.733402496081176
208 6.722348033373066 6.129034564958281
209 5.463512168254423 7.070897370514675
210 4.903643847761384 7.489791653473497
211 3.390000000000000 0.920000000000000
212 2.447170592846698 5.700628596527318
213 1.966240137476351 8.139192636257736
214 2.973931658119170 3.029679861716261
215 1.876401709299115 8.594719538105128
216 2.777958668241885 4.023363419363261
217 3.191281719768402 1.927603587584578
218 2.429982049699893 5.787783324919131
219 2.415407041844648 5.861686089108226
220 1.982047191312508 8.059042767126961
221 5.150000000000000 7.780000000000000
222 4.039180897606434 8.131313270335315
223 3.856099467264825 8.189215529931305
224 4.410502711014001 8.013877154649187
225 2.573344625808438 8.594906067138897
226 0.190000000000000 6.480000000000000
227 9.949999999999999 3.110000000000000
228 8.409654731422931 3.641861019990238
229 5.886057678863445 4.513225985884241
230 8.676571546391751 3.549698144329897
231 6.345213178918685 4.354685613426643
232 7.995637638041453 3.784815692602490
233 9.032303945571218 3.426868412236167
234 7.219947997768145 4.052651152409974
235 8.578614763821438 3.583521336672310
236 8.801766860780445 3.506469844177243
237 9.514202853774787 3.260475039219156
238 6.721927100183328 4.224611236924404
239 2.265258209427397 5.763440556785827
240 3.690000000000000 8.490000000000000
241 7.284864045654900 4.797272141849957
242 4.412010819006756 7.748333714051136
243 6.625883556509933 5.474192208739342
244 8.484348472241594 3.565133874249107
245 4.160259228990908 8.006938795628214
246 7.128742310367781 4.957644015121298
247 7.994673902552448 4.068138967614001
248 8.863104089219329 3.176067305810998
249 7.234716084680556 4.848785292324511
250 8.609655406985397 3.436415679938775
251 8.985033560320774 3.050818520614230
252 5.789688263017434 6.333151439441257
253 4.757067382643339 7.393883596050580
254 4.620000000000000 6.500000000000000
255 8.830000000000000 3.810000000000000
256 4.881018404691720 6.333221019329994
257 7.085705551729701 4.924525431317601
258 7.234359135749687 4.829542499960414
259 8.484203566570955 4.030948314946350
260 8.627693110594548 3.939264972090420
261 6.147410955462027 5.524053332495759
262 0.960000000000000 8.300000000000001
263 2.763684085947979 8.011753017910213
264 4.069321077675647 7.803099004991709
265 1.296545366327027 8.246216642406599
266 5.318059011731249 7.603538037682190
267 1.123082954712004 8.273937692364063
268 5.221172677373187 7.619021455040045
269 5.124706672745160 7.634437699450537
270 2.054860853432283 8.125030148423006
271 1.840000000000000 0.970000000000000
272 4.410000000000000 2.360000000000000
273 5.180000000000000 2.480000000000000
274 3.220000000000000 3.430000000000000
275 1.880000000000000 1.250000000000000
276 8.550000000000001 4.210000000000000
277 4.631946031795462 6.784258598944304
278 7.259235712054966 5.058064139600250
279 1.620302602807364 8.762983000634831
280 7.238846648996593 5.071460259543562
281 8.429750891245986 4.289006645834250
282 8.507595386373499 4.237860882506668
283 1.584647044665268 8.786409586356291
284 5.982586117342823 5.896854575795418
285 4.229492705699281 7.048680412371134
286 2.280308937716835 8.329342474805882
287 6.313342963554891 3.739468068171251
288 3.959825353565598 8.001381479304037
289 6.084429040835836 4.154001323877713
290 5.748537222814177 4.762257594338675
291 5.208042708297514 5.741022660843851
292 7.184863146096905 2.161258694133211
293 4.417862998486712 7.171935048392540
294 5.618282644381434 3.795282196687062
295 8.285985760838765 3.581062623972797
296 8.998670387815460 3.523833243638407
297 7.212798732372049 3.667240754238631
298 8.584186367841127 3.557116778492055
299 8.787978273051140 3.540752058374815
300 6.959356663794997 3.687592438540929
301 3.910000000000000 8.000000000000000
302 9.320000000000000 8.150000000000000
303 7.412368380162275 8.097108180595997
304 7.624962740668308 8.103002663789324
305 7.417881248036508 8.097261032755171
306 5.761867943768666 8.051345691601719
307 1.700000000000000 0.780000000000000
308 6.552137743724131 4.513922711140808
309 6.745080109920131 4.662399922863067
310 8.212145425426682 5.791367975631585
311 7.238299291025419 5.041952688915789
312 8.126625607641659 5.725556902915617
313 7.538008295681801 5.272591289534109
314 7.960614837192163 5.597804679294779
315 9.077282489642364 6.457127091085971
316 6.583384121035650 4.537968103923660
317 7.274969753373662 4.290547541492167
318 7.224649371517731 4.306097937274035
319 8.509956380984836 3.908902368376214
320 8.658349499990619 3.863044772572343
321 6.600642327856593 4.498933447294316
322 2.343368041649979 5.814549459351221
323 1.750000000000000 8.970000000000001
324 2.160000000000000 7.880000000000000
325 7.225011243830496 4.325606144680354
326 8.962795512375665 3.106108412367954
327 6.430887108451181 4.882886239683382
328 3.771586008624822 6.749062450087845
329 7.120000000000000 8.940000000000000
330 7.958340393720410 6.523082481933713
331 7.419955471154475 8.075234758692947
332 9.790046523016651 1.242312683643485
333 7.170000000000000 1.360000000000000
334 7.248221817881069 5.576867091224878
335 7.202955836794799 3.136619201755971
336 7.250000000000000 9.880000000000001
337 8.416941661756042 4.349711255156158
338 8.366543555589194 4.588554453946865
339 8.495993174061434 4.266707167235496
340 5.225697211155380 7.700517928286852
341 7.559293242405456 6.595600330646827
342 9.830000000000000 0.950000000000000
343 8.850000000000000 8.119999999999999
344 7.480000000000000 2.510000000000000
345 5.194241042226906 7.679935496765753
346 0.640000000000000 4.700000000000000
347 0.670000000000000 6.870000000000000
348 3.550000000000000 9.480000000000000
624
0 3
3 11
11 16
16 7
7 4
4 12
12 5
5 9
9 10
10 15
15 8
8 6
6 14
14 13
13 2
2 1
17 19
19 21
21 23
23 22
22 20
20 18
24 26
26 28
28 27
27 25
0 30
30 32
32 34
34 31
31 33
33 29
36 38
38 39
39 37
37 35
41 46
46 43
43 48
48 45
45 42
42 47
47 49
49 50
50 44
44 40
51 52
52 56
56 42
42 55
55 62
62 61
61 57
57 64
64 63
63 66
66 65
65 53
53 59
59 54
54 58
58 60
60 36
67 41
68 75
75 71
71 72
72 73
73 70
70 43
43 74
74 52
52 19
19 69
77 90
90 97
97 87
87 2
2 95
95 83
83 81
81 82
82 85
85 78
78 79
79 88
88 86
86 53
53 93
93 91
91 92
92 84
84 89
89 80
80 94
94 44
44 96
96 20
20 76
99 54
54 102
102 103
103 106
106 108
108 37
37 100
100 101
101 109
109 110
110 107
107 104
104 105
105 98
40 112
112 113
113 111
115 126
126 30
30 3
3 124
124 129
129 119
119 117
117 128
128 125
125 123
123 121
121 118
118 116
116 127
127 122
122 78
78 120
120 114
131 133
133 134
134 26
26 132
132 130
1 139
139 137
137 138
138 136
136 135
141 147
147 145
145 142
142 116
116 146
146 144
144 79
79 143
143 140
41 150
150 70
70 152
152 149
149 55
55 151
151 155
155 80
80 154
154 153
153 148
156 167
167 164
164 31
31 160
160 158
158 169
169 165
165 4
4 117
117 168
168 157
157 163
163 159
159 161
161 162
162 149
149 45
45 56
56 21
21 166
166 76
130 171
171 170
172 5
5 175
175 180
180 176
176 179
179 174
174 81
81 173
173 178
178 177
177 100
100 35
182 200
200 71
71 184
184 185
185 190
190 157
157 191
191 189
189 187
187 118
118 142
142 188
188 199
199 186
186 82
82 173
173 195
195 183
183 193
193 196
196 197
197 194
194 192
192 198
198 181
201 205
205 203
203 202
202 206
206 204
204 210
210 6
6 209
209 83
83 208
208 183
183 207
207 101
101 35
29 215
215 213
213 158
158 220
220 7
7 119
119 219
219 218
218 212
212 184
184 72
72 216
216 150
150 46
46 214
214 217
217 211
29 225
225 223
223 222
222 202
202 224
224 221
226 239
239 212
212 185
185 159
159 229
229 231
231 57
57 238
238 84
84 234
234 232
232 228
228 235
235 230
230 236
236 27
27 233
233 237
237 227
240 203
203 222
222 245
245 242
242 253
253 8
8 252
252 174
174 186
186 85
85 120
120 143
143 243
243 58
58 102
102 246
246 249
249 241
241 247
247 228
228 244
244 250
250 248
248 112
112 251
251 25
254 256
256 121
121 187
187 261
261 86
86 59
59 257
257 258
258 241
241 259
259 260
260 255
262 267
267 32
32 265
265 160
160 213
213 270
270 263
263 264
264 242
242 204
204 269
269 268
268 266
266 87
87 1
41 271
272 273
275 214
214 274
156 283
283 279
279 33
33 215
215 286
286 263
263 9
9 175
175 285
285 277
277 188
188 284
284 122
122 144
144 88
88 243
243 60
60 103
103 280
280 278
278 281
281 282
282 276
240 205
205 223
223 288
288 264
264 10
10 293
293 176
176 277
277 145
145 256
256 123
123 189
189 291
291 290
290 229
229 289
289 61
61 287
287 151
151 47
47 292
292 22
22 76
41 216
216 73
73 161
161 294
294 62
62 287
287 300
300 89
89 297
297 295
295 244
244 298
298 230
230 299
299 28
28 296
296 130
301 288
288 245
245 206
206 224
224 90
90 306
306 303
303 305
305 304
304 136
136 302
307 217
217 74
74 48
48 152
152 162
162 294
294 289
289 231
231 308
308 63
63 316
316 91
91 309
309 257
257 246
246 311
311 278
278 313
313 314
314 312
312 104
104 310
310 315
315 181
226 322
322 218
218 190
190 163
163 290
290 308
308 64
64 321
321 92
92 318
318 317
317 247
247 319
319 320
320 255
226 124
124 11
11 265
265 34
34 164
164 279
279 323
324 165
165 12
12 328
328 125
125 191
191 291
291 327
327 65
65 93
93 309
309 325
325 317
317 232
232 295
295 153
153 248
248 326
326 111
329 303
303 331
331 137
137 330
330 192
192 310
310 105
105 132
132 296
296 233
233 332
332 18
333 166
166 23
23 292
292 49
49 335
335 94
94 154
154 297
297 234
234 318
318 325
325 258
258 249
249 311
311 280
280 106
106 38
38 334
334 177
177 207
207 193
193 1
336 304
304 138
138 330
330 194
194 107
107 312
312 338
338 337
337 281
281 259
259 319
319 133
133 235
235 298
298 250
250 148
221 340
340 266
266 13
13 95
95 208
208 195
195 178
178 334
334 39
39 108
108 313
313 337
337 339
339 276
336 305
305 331
331 139
139 341
341 196
196 109
109 35
1 341
341 197
197 110
110 314
314 338
338 339
339 282
282 260
260 320
320 134
134 299
299 236
236 326
326 113
113 251
251 342
0 126
126 267
267 167
167 283
283 323
343 198
198 315
315 171
171 237
237 332
332 342
221 345
345 268
268 14
14 209
209 252
252 179
179 199
199 284
284 127
127 146
146 261
261 327
327 66
66 316
316 321
321 238
238 300
300 155
155 335
335 50
50 96
96 344
346 200
200 75
75 239
239 322
322 219
219 168
168 128
128 328
328 147
147 285
285 180
180 293
293 15
15 253
253 210
210 269
269 345
345 340
340 97
97 306
306 329
347 129
129 16
16 220
220 169
169 270
270 286
286 225
225 348
497
0 0.300000000000000 6.500000000000000
1 0.400000000000000 7.100000000000000
2 0.400000000000000 7.400000000000000
3 0.400000000000000 6.500000000000000
4 0.500000000000000 6.500000000000000
5 0.500000000000000 6.800000000000000
6 0.600000000000000 7.400000000000000
7 0.600000000000000 7.600000000000000
8 0.800000000000000 7.200000000000000
9 0.800000000000000 7.900000000000000
10 0.800000000000000 7.900000000000000
11 0.800000000000000 7.100000000000000
12 0.800000000000000 6.300000000000000
13 0.900000000000000 7.300000000000000
14 1.000000000000000 7.800000000000000
15 1.000000000000000 7.000000000000000
16 1.100000000000000 7.300000000000000
17 1.100000000000000 6.800000000000000
18 1.200000000000000 7.900000000000000
19 1.300000000000000 7.000000000000000
20 1.400000000000000 6.800000000000000
21 1.400000000000000 8.100000000000000
22 1.400000000000000 8.000000000000000
23 1.500000000000000 7.400000000000000
24 1.500000000000000 6.700000000000000
25 1.500000000000000 7.600000000000000
26 1.500000000000000 5.800000000000000
27 1.500000000000000 8.199999999999999
28 1.600000000000000 7.800000000000000
29 1.600000000000000 5.500000000000000
30 1.600000000000000 6.500000000000000
31 1.600000000000000 7.600000000000000
32 1.600000000000000 7.900000000000000
33 1.600000000000000 8.400000000000000
34 1.600000000000000 5.600000000000000
35 1.700000000000000 6.600000000000000
36 1.700000000000000 5.700000000000000
37 1.700000000000000 7.600000000000000
38 1.700000000000000 8.600000000000000
39 1.700000000000000 4.200000000000000
40 1.700000000000000 6.500000000000000
41 1.800000000000000 7.800000000000000
42 1.800000000000000 8.100000000000000
43 1.900000000000000 7.600000000000000
44 1.900000000000000 6.000000000000000
45 1.900000000000000 4.200000000000000
46 2.000000000000000 6.400000000000000
47 2.000000000000000 5.800000000000000
48 2.100000000000000 4.500000000000000
49 2.100000000000000 7.400000000000000
50 2.100000000000000 4.200000000000000
51 2.100000000000000 4.600000000000000
52 2.200000000000000 6.700000000000000
53 2.200000000000000 7.400000000000000
54 2.200000000000000 7.900000000000000
55 2.200000000000000 5.100000000000000
56 2.200000000000000 7.600000000000000
57 2.200000000000000 8.300000000000001
58 2.300000000000000 5.600000000000000
59 2.300000000000000 5.800000000000000
60 2.300000000000000 8.300000000000001
61 2.400000000000000 7.900000000000000
62 2.400000000000000 8.400000000000000
63 2.400000000000000 5.700000000000000
64 2.400000000000000 7.600000000000000
65 2.400000000000000 8.199999999999999
66 2.400000000000000 7.800000000000000
67 2.500000000000000 7.500000000000000
68 2.500000000000000 5.100000000000000
69 2.500000000000000 7.700000000000000
70 2.500000000000000 7.900000000000000
71 2.600000000000000 7.300000000000000
72 2.600000000000000 4.300000000000000
73 2.600000000000000 6.600000000000000
74 2.600000000000000 5.200000000000000
75 2.700000000000000 4.500000000000000
76 2.700000000000000 5.100000000000000
77 2.700000000000000 6.900000000000000
78 2.700000000000000 4.600000000000000
79 2.700000000000000 7.300000000000000
80 2.700000000000000 7.900000000000000
81 2.700000000000000 7.000000000000000
82 2.800000000000000 6.900000000000000
83 2.800000000000000 8.100000000000000
84 2.800000000000000 6.500000000000000
85 2.800000000000000 8.199999999999999
86 2.800000000000000 6.700000000000000
87 2.800000000000000 7.400000000000000
88 2.900000000000000 6.000000000000000
89 2.900000000000000 5.900000000000000
90 2.900000000000000 6.200000000000000
91 2.900000000000000 7.000000000000000
92 3.000000000000000 7.600000000000000
93 3.000000000000000 3.300000000000000
94 3.000000000000000 7.200000000000000
95 3.000000000000000 5.600000000000000
96 3.000000000000000 3.500000000000000
97 3.000000000000000 7.800000000000000
98 3.100000000000000 2.400000000000000
99 3.100000000000000 3.000000000000000
100 3.100000000000000 5.200000000000000
101 3.100000000000000 2.500000000000000
102 3.100000000000000 4.800000000000000
103 3.100000000000000 4.000000000000000
104 3.100000000000000 2.700000000000000
105 3.100000000000000 2.800000000000000
106 3.100000000000000 6.300000000000000
107 3.100000000000000 3.800000000000000
108 3.100000000000000 5.100000000000000
109 3.100000000000000 7.300000000000000
110 3.200000000000000 7.100000000000000
111 3.200000000000000 7.500000000000000
112 3.200000000000000 7.200000000000000
113 3.200000000000000 8.000000000000000
114 3.200000000000000 5.500000000000000
115 3.300000000000000 4.500000000000000
116 3.300000000000000 8.000000000000000
117 3.300000000000000 4.000000000000000
118 3.300000000000000 3.500000000000000
119 3.300000000000000 6.100000000000000
120 3.400000000000000 3.300000000000000
121 3.500000000000000 5.300000000000000
122 3.500000000000000 2.500000000000000
123 3.500000000000000 2.700000000000000
124 3.600000000000000 4.800000000000000
125 3.600000000000000 7.200000000000000
126 3.600000000000000 7.100000000000000
127 3.600000000000000 6.700000000000000
128 3.600000000000000 4.900000000000000
129 3.700000000000000 7.900000000000000
130 3.700000000000000 4.900000000000000
131 3.700000000000000 2.400000000000000
132 3.700000000000000 3.100000000000000
133 3.700000000000000 4.500000000000000
134 3.700000000000000 6.100000000000000
135 3.700000000000000 8.100000000000000
136 3.700000000000000 5.200000000000000
137 3.700000000000000 7.200000000000000
138 3.700000000000000 7.100000000000000
139 3.700000000000000 2.700000000000000
140 3.700000000000000 6.400000000000000
141 3.700000000000000 5.500000000000000
142 3.800000000000000 5.200000000000000
143 3.800000000000000 5.300000000000000
144 3.800000000000000 2.500000000000000
145 3.800000000000000 6.200000000000000
146 3.800000000000000 4.600000000000000
147 3.800000000000000 4.700000000000000
148 3.900000000000000 6.600000000000000
149 3.900000000000000 5.500000000000000
150 3.900000000000000 6.600000000000000
151 3.900000000000000 6.200000000000000
152 3.900000000000000 4.800000000000000
153 3.900000000000000 5.900000000000000
154 3.900000000000000 3.100000000000000
155 4.000000000000000 5.700000000000000
156 4.000000000000000 6.000000000000000
157 4.000000000000000 4.700000000000000
158 4.000000000000000 5.200000000000000
159 4.100000000000000 6.600000000000000
160 4.100000000000000 2.700000000000000
161 4.100000000000000 5.100000000000000
162 4.100000000000000 7.100000000000000
163 4.100000000000000 6.300000000000000
164 4.100000000000000 7.700000000000000
165 4.100000000000000 3.100000000000000
166 4.100000000000000 7.100000000000000
167 4.200000000000000 4.800000000000000
168 4.200000000000000 4.600000000000000
169 4.200000000000000 5.600000000000000
170 4.200000000000000 6.900000000000000
171 4.300000000000000 5.700000000000000
172 4.300000000000000 4.000000000000000
173 4.300000000000000 8.000000000000000
174 4.300000000000000 3.700000000000000
175 4.300000000000000 3.000000000000000
176 4.300000000000000 7.000000000000000
177 4.300000000000000 5.600000000000000
178 4.300000000000000 5.800000000000000
179 4.300000000000000 5.600000000000000
180 4.400000000000000 6.400000000000000
181 4.400000000000000 3.700000000000000
182 4.400000000000000 5.100000000000000
183 4.400000000000000 3.600000000000000
184 4.500000000000000 3.100000000000000
185 4.500000000000000 3.900000000000000
186 4.500000000000000 7.600000000000000
187 4.500000000000000 4.100000000000000
188 4.600000000000000 3.300000000000000
189 4.600000000000000 4.600000000000000
190 4.600000000000000 6.100000000000000
191 4.600000000000000 4.700000000000000
192 4.600000000000000 3.200000000000000
193 4.700000000000000 4.600000000000000
194 4.700000000000000 6.700000000000000
195 4.700000000000000 4.300000000000000
196 4.700000000000000 6.300000000000000
197 4.700000000000000 7.800000000000000
198 4.700000000000000 5.700000000000000
199 4.700000000000000 3.900000000000000
200 4.700000000000000 7.200000000000000
201 4.900000000000000 6.700000000000000
202 4.900000000000000 7.200000000000000
203 4.900000000000000 4.400000000000000
204 4.900000000000000 6.800000000000000
205 4.900000000000000 3.200000000000000
206 4.900000000000000 7.500000000000000
207 4.900000000000000 5.100000000000000
208 4.900000000000000 7.100000000000000
209 5.000000000000000 4.400000000000000
210 5.000000000000000 3.400000000000000
211 5.000000000000000 4.100000000000000
212 5.000000000000000 3.900000000000000
213 5.000000000000000 7.900000000000000
214 5.000000000000000 5.300000000000000
215 5.100000000000000 3.200000000000000
216 5.100000000000000 3.300000000000000
217 5.100000000000000 6.200000000000000
218 5.100000000000000 6.200000000000000
219 5.100000000000000 3.300000000000000
220 5.100000000000000 4.100000000000000
221 5.200000000000000 7.900000000000000
222 5.200000000000000 5.300000000000000
223 5.200000000000000 6.900000000000000
224 5.300000000000000 4.500000000000000
225 5.300000000000000 7.700000000000000
226 5.300000000000000 6.900000000000000
227 5.300000000000000 6.600000000000000
228 5.400000000000000 3.500000000000000
229 5.400000000000000 7.900000000000000
230 5.400000000000000 4.200000000000000
231 5.400000000000000 7.000000000000000
232 5.400000000000000 4.300000000000000
233 5.500000000000000 4.200000000000000
234 5.500000000000000 7.400000000000000
235 5.500000000000000 7.500000000000000
236 5.500000000000000 4.300000000000000
237 5.600000000000000 4.100000000000000
238 5.600000000000000 2.900000000000000
239 5.600000000000000 6.700000000000000
240 5.600000000000000 7.500000000000000
241 5.700000000000000 5.700000000000000
242 5.700000000000000 3.900000000000000
243 5.800000000000000 7.900000000000000
244 5.800000000000000 4.200000000000000
245 5.800000000000000 6.100000000000000
246 5.800000000000000 7.100000000000000
247 5.800000000000000 7.200000000000000
248 5.900000000000000 2.800000000000000
249 5.900000000000000 6.000000000000000
250 5.900000000000000 4.500000000000000
251 5.900000000000000 4.200000000000000
252 5.900000000000000 5.900000000000000
253 5.900000000000000 3.800000000000000
254 5.900000000000000 2.600000000000000
255 5.900000000000000 7.300000000000000
256 6.000000000000000 4.700000000000000
257 6.000000000000000 6.600000000000000
258 6.000000000000000 7.600000000000000
259 6.000000000000000 2.900000000000000
260 6.000000000000000 7.200000000000000
261 6.000000000000000 2.900000000000000
262 6.000000000000000 6.700000000000000
263 6.100000000000000 2.400000000000000
264 6.100000000000000 5.300000000000000
265 6.200000000000000 6.800000000000000
266 6.200000000000000 3.300000000000000
267 6.200000000000000 4.300000000000000
268 6.200000000000000 6.300000000000000
269 6.200000000000000 5.800000000000000
270 6.200000000000000 8.000000000000000
271 6.200000000000000 6.600000000000000
272 6.200000000000000 6.700000000000000
273 6.200000000000000 3.300000000000000
274 6.300000000000000 4.000000000000000
275 6.300000000000000 4.600000000000000
276 6.300000000000000 6.300000000000000
277 6.300000000000000 3.000000000000000
278 6.300000000000000 4.300000000000000
279 6.300000000000000 7.900000000000000
280 6.300000000000000 2.700000000000000
281 6.300000000000000 5.800000000000000
282 6.300000000000000 5.700000000000000
283 6.400000000000000 4.300000000000000
284 6.400000000000000 7.800000000000000
285 6.400000000000000 7.200000000000000
286 6.400000000000000 4.800000000000000
287 6.400000000000000 5.900000000000000
288 6.400000000000000 3.700000000000000
289 6.400000000000000 8.400000000000000
290 6.400000000000000 5.700000000000000
291 6.400000000000000 3.100000000000000
292 6.400000000000000 7.700000000000000
293 6.400000000000000 7.500000000000000
294 6.400000000000000 5.100000000000000
295 6.400000000000000 7.700000000000000
296 6.400000000000000 3.000000000000000
297 6.400000000000000 6.400000000000000
298 6.500000000000000 3.600000000000000
299 6.500000000000000 8.199999999999999
300 6.500000000000000 6.500000000000000
301 6.500000000000000 3.800000000000000
302 6.500000000000000 2.900000000000000
303 6.500000000000000 3.600000000000000
304 6.500000000000000 8.199999999999999
305 6.500000000000000 6.900000000000000
306 6.600000000000000 2.700000000000000
307 6.600000000000000 5.600000000000000
308 6.600000000000000 6.700000000000000
309 6.600000000000000 4.000000000000000
310 6.600000000000000 3.500000000000000
311 6.600000000000000 7.600000000000000
312 6.700000000000000 4.000000000000000
313 6.700000000000000 3.100000000000000
314 6.700000000000000 3.700000000000000
315 6.700000000000000 2.300000000000000
316 6.700000000000000 5.000000000000000
317 6.700000000000000 5.400000000000000
318 6.700000000000000 5.300000000000000
319 6.700000000000000 6.700000000000000
320 6.700000000000000 3.000000000000000
321 6.800000000000000 3.100000000000000
322 6.800000000000000 4.800000000000000
323 6.800000000000000 8.199999999999999
324 6.800000000000000 3.300000000000000
325 6.900000000000000 3.600000000000000
326 6.900000000000000 3.000000000000000
327 6.900000000000000 2.800000000000000
328 6.900000000000000 5.300000000000000
329 6.900000000000000 8.600000000000000
330 7.000000000000000 5.900000000000000
331 7.000000000000000 5.700000000000000
332 7.000000000000000 7.200000000000000
333 7.000000000000000 4.300000000000000
334 7.000000000000000 7.200000000000000
335 7.000000000000000 8.199999999999999
336 7.000000000000000 8.500000000000000
337 7.000000000000000 5.700000000000000
338 7.000000000000000 8.400000000000000
339 7.000000000000000 6.500000000000000
340 7.000000000000000 8.300000000000001
341 7.000000000000000 2.600000000000000
342 7.100000000000000 5.500000000000000
343 7.100000000000000 6.100000000000000
344 7.100000000000000 4.600000000000000
345 7.100000000000000 4.000000000000000
346 7.100000000000000 8.500000000000000
347 7.100000000000000 4.600000000000000
348 7.100000000000000 5.400000000000000
349 7.200000000000000 3.900000000000000
350 7.200000000000000 6.500000000000000
351 7.200000000000000 3.100000000000000
352 7.200000000000000 1.700000000000000
353 7.200000000000000 8.199999999999999
354 7.200000000000000 7.500000000000000
355 7.200000000000000 3.800000000000000
356 7.200000000000000 3.000000000000000
357 7.200000000000000 5.000000000000000
358 7.300000000000000 9.199999999999999
359 7.300000000000000 2.700000000000000
360 7.300000000000000 5.100000000000000
361 7.300000000000000 7.000000000000000
362 7.400000000000000 2.400000000000000
363 7.400000000000000 4.100000000000000
364 7.400000000000000 4.100000000000000
365 7.400000000000000 3.700000000000000
366 7.400000000000000 5.200000000000000
367 7.400000000000000 4.200000000000000
368 7.400000000000000 1.600000000000000
369 7.400000000000000 2.500000000000000
370 7.400000000000000 3.200000000000000
371 7.500000000000000 3.500000000000000
372 7.500000000000000 6.300000000000000
373 7.500000000000000 1.600000000000000
374 7.500000000000000 5.700000000000000
375 7.500000000000000 1.700000000000000
376 7.500000000000000 1.900000000000000
377 7.500000000000000 5.900000000000000
378 7.500000000000000 1.700000000000000
379 7.500000000000000 7.000000000000000
380 7.600000000000000 2.900000000000000
381 7.600000000000000 3.500000000000000
382 7.600000000000000 1.100000000000000
383 7.600000000000000 3.200000000000000
384 7.600000000000000 3.400000000000000
385 7.600000000000000 5.300000000000000
386 7.700000000000000 4.200000000000000
387 7.700000000000000 4.100000000000000
388 7.700000000000000 6.900000000000000
389 7.700000000000000 6.600000000000000
390 7.700000000000000 5.200000000000000
391 7.700000000000000 4.200000000000000
392 7.700000000000000 1.600000000000000
393 7.700000000000000 4.500000000000000
394 7.700000000000000 4.900000000000000
395 7.800000000000000 6.700000000000000
396 7.800000000000000 7.600000000000000
397 7.800000000000000 1.100000000000000
398 7.800000000000000 3.200000000000000
399 7.800000000000000 3.800000000000000
400 7.800000000000000 1.400000000000000
401 7.800000000000000 1.800000000000000
402 7.800000000000000 5.200000000000000
403 7.900000000000000 5.900000000000000
404 7.900000000000000 1.500000000000000
405 7.900000000000000 4.000000000000000
406 7.900000000000000 5.400000000000000
407 7.900000000000000 6.500000000000000
408 8.000000000000000 7.200000000000000
409 8.000000000000000 6.400000000000000
410 8.000000000000000 3.900000000000000
411 8.000000000000000 2.200000000000000
412 8.000000000000000 2.300000000000000
413 8.000000000000000 2.500000000000000
414 8.000000000000000 3.500000000000000
415 8.000000000000000 3.700000000000000
416 8.100000000000000 5.400000000000000
417 8.199999999999999 4.100000000000000
418 8.199999999999999 5.500000000000000
419 8.199999999999999 6.000000000000000
420 8.199999999999999 5.500000000000000
421 8.199999999999999 2.600000000000000
422 8.300000000000001 4.000000000000000
423 8.300000000000001 2.400000000000000
424 8.300000000000001 2.100000000000000
425 8.300000000000001 5.300000000000000
426 8.300000000000001 2.300000000000000
427 8.300000000000001 5.200000000000000
428 8.300000000000001 2.000000000000000
429 8.300000000000001 1.700000000000000
430 8.400000000000000 4.500000000000000
431 8.400000000000000 3.500000000000000
432 8.400000000000000 6.200000000000000
433 8.400000000000000 6.200000000000000
434 8.400000000000000 5.400000000000000
435 8.500000000000000 1.500000000000000
436 8.500000000000000 2.900000000000000
437 8.500000000000000 1.600000000000000
438 8.500000000000000 2.500000000000000
439 8.500000000000000 5.200000000000000
440 8.500000000000000 5.500000000000000
441 8.500000000000000 2.800000000000000
442 8.500000000000000 2.900000000000000
443 8.500000000000000 5.800000000000000
444 8.500000000000000 1.700000000000000
445 8.500000000000000 1.600000000000000
446 8.500000000000000 4.800000000000000
447 8.500000000000000 6.300000000000000
448 8.600000000000000 6.400000000000000
449 8.600000000000000 4.000000000000000
450 8.600000000000000 3.600000000000000
451 8.600000000000000 4.300000000000000
452 8.600000000000000 4.100000000000000
453 8.600000000000000 5.700000000000000
454 8.600000000000000 4.000000000000000
455 8.600000000000000 6.000000000000000
456 8.600000000000000 2.300000000000000
457 8.600000000000000 3.700000000000000
458 8.699999999999999 5.100000000000000
459 8.699999999999999 3.300000000000000
460 8.699999999999999 2.400000000000000
461 8.699999999999999 5.200000000000000
462 8.699999999999999 4.300000000000000
463 8.800000000000001 5.900000000000000
464 8.800000000000001 2.200000000000000
465 8.800000000000001 4.100000000000000
466 8.800000000000001 4.600000000000000
467 8.800000000000001 5.400000000000000
468 8.900000000000000 2.400000000000000
469 8.900000000000000 4.100000000000000
470 8.900000000000000 2.800000000000000
471 8.900000000000000 2.700000000000000
472 8.900000000000000 5.200000000000000
473 8.900000000000000 3.900000000000000
474 8.900000000000000 2.400000000000000
475 8.900000000000000 3.100000000000000
476 9.000000000000000 2.300000000000000
477 9.000000000000000 3.200000000000000
478 9.000000000000000 3.700000000000000
479 9.100000000000000 6.100000000000000
480 9.100000000000000 3.100000000000000
481 9.100000000000000 6.100000000000000
482 9.100000000000000 5.900000000000000
483 9.100000000000000 2.500000000000000
484 9.100000000000000 2.900000000000000
485 9.100000000000000 6.100000000000000
486 9.300000000000001 1.900000000000000
487 9.400000000000000 2.600000000000000
488 9.400000000000000 1.800000000000000
489 9.400000000000000 2.400000000000000
490 9.400000000000000 3.900000000000000
491 9.400000000000000 2.200000000000000
492 9.500000000000000 1.400000000000000
493 9.500000000000000 3.300000000000000
494 9.500000000000000 3.200000000000000
495 9.699999999999999 1.900000000000000
496 9.800000000000001 1.200000000000000
