338
0 1.210000000000000 3.300000000000000
1 1.590000000000000 9.199999999999999
2 1.409204702092400 6.392915111434633
3 1.287538613899099 4.503889005275488
4 1.413047155378946 6.452574254567846
5 1.276516104113469 4.332750037551230
6 1.409312603656107 6.394590425186928
7 1.435600773474782 6.802748851318987
8 4.410000000000000 1.800000000000000
9 3.080000000000000 3.400000000000000
10 3.873555016508321 2.445347348561418
11 3.091026697257274 3.386734800292001
12 4.012387030249928 2.278331392180538
13 4.272966551455012 1.964852268926302
14 3.896024488660081 2.418316404619453
15 3.090000000000000 8.300000000000001
16 3.980000000000000 1.650000000000000
17 3.669019328295892 3.973619625654290
18 3.817403926189875 2.864903248131835
19 3.778291942734890 3.157144472823577
20 3.666874062396705 3.989648859620128
21 3.669537324392846 3.969749205379300
22 3.912635976869155 2.153337925640582
23 3.606607050212649 4.439958557399865
24 3.560205688004593 4.786665364909501
25 3.942127551239327 1.932979532874694
26 3.466585850497814 5.486184375493863
27 3.690618519731200 3.812232408750019
28 3.281996388537123 6.865420242952957
29 3.879182149552177 2.403301916267445
30 3.691980359539365 3.802056864115978
31 3.363443174656800 6.256857178126157
32 3.298396094484985 6.742883114241399
33 1.420000000000000 1.690000000000000
34 4.020000000000000 4.330000000000000
35 1.900825417622011 2.178222731739273
36 3.309666614979066 3.608738409055667
37 1.870232454621890 2.147159107769919
38 3.182289475196873 3.479401620969133
39 3.691656869948566 3.996605437178545
40 3.667459331624082 3.972035629033684
41 1.929136890425321 2.206969765662634
42 3.605248760400034 3.908867972098496
43 3.148250561517343 3.444839031694533
44 3.860000000000000 4.430000000000000
45 6.570000000000000 6.880000000000000
46 4.283759026278568 4.813103178738927
47 5.930534701698548 6.301885615926731
48 6.238254557072113 6.580082533146375
49 4.726965868317363 5.213788331135623
50 4.220227539428643 4.755666963690102
51 4.937739297842189 5.404339955613787
52 4.410429074538778 4.927620381040592
53 3.170000000000000 0.430000000000000
54 9.260000000000000 5.510000000000000
55 5.392818495552485 2.284173720428018
56 7.786637865311309 4.280988564167726
57 5.773209378941369 2.601478431038120
58 5.427730815273623 2.313295983840724
59 8.338075617574958 4.740972764742329
60 5.106248231147245 2.045129887393761
61 6.849047433203241 3.498893425397778
62 5.048712458360505 1.997136172162786
63 8.871008541831360 5.185521082512858
64 6.807972541962153 3.464630626135918
65 4.448630246783379 1.496574984180553
66 5.749480670978413 2.581685026037822
67 5.701021132062844 2.541262290784770
68 8.461004420818529 4.843514360879824
69 7.029629239759737 3.649526525119781
70 0.280000000000000 2.590000000000000
71 1.869724769021499 2.186123977599943
72 3.590015585781261 1.749077121450166
73 3.161981392860327 1.857820943435484
74 3.217051608423980 1.843830131913908
75 3.243938473919087 1.836999414734070
76 4.360000000000000 2.070000000000000
77 0.360000000000000 7.930000000000000
78 1.822807996280799 5.786986285448629
79 3.524108692917348 3.294580764876085
80 3.148905080146727 3.844254057585045
81 1.234025919906654 6.649552027336751
82 4.123099178462161 2.417059703552934
83 3.053276805580612 3.984349479824404
84 2.836457058657322 4.301990409067023
85 1.971352612906887 5.569368422091411
86 1.403807511116981 6.400821996213622
87 1.136387183305898 6.792592776456859
88 4.036661677385397 2.543690642630393
89 2.611744896505709 4.631193726619137
90 3.336930242753028 3.568797194366814
91 1.770000000000000 9.840000000000000
92 1.890000000000000 0.630000000000000
93 1.843442172718950 4.203313243820568
94 1.852860559129989 3.480452086773330
95 1.819969564562302 6.004835919843303
96 1.853076142131980 3.463906091370559
97 1.850757085388718 3.641893696415895
98 1.875617019676180 1.733893739853196
99 1.869233091811027 2.223860203503702
100 1.820962644096061 5.928617065627332
101 1.809407989254716 6.815436824700551
102 1.880215867309421 1.380932184001963
103 3.920000000000000 3.390000000000000
104 7.750000000000000 7.660000000000000
105 4.374401746950589 3.896604558610709
106 6.147163806431994 5.873025966962040
107 4.057308592084663 3.543082947311100
108 7.598291007424939 7.490862298095166
109 4.902856672096862 4.485769710144543
110 4.452188506109268 3.983327655636181
111 6.892309548528297 6.703775919638598
112 5.689271715896294 5.362530085346521
113 4.471498357457591 4.004855871108071
114 4.756055732450350 4.322103910590860
115 3.992359454071461 3.470672289526146
116 7.155217391304348 6.996887274378476
117 5.147022045416874 4.757985413558760
118 0.370000000000000 5.000000000000000
119 7.250000000000000 1.280000000000000
120 2.726696883149137 3.725739475971688
121 5.545466343547719 2.201637384011990
122 4.431752976779705 2.803819611392369
123 2.734243372174865 3.721659106905451
124 1.093230820658533 4.608950777202073
125 2.311330344039555 3.950327197699544
126 5.441070098585588 2.258084190881049
127 5.724723829285878 2.104713278351241
128 5.672984519110821 2.132688603038917
129 4.879078204157689 2.561951901240320
130 5.603583881379049 2.170213366463654
131 4.367456021650880 2.838584825502722
132 4.943842252422135 2.526934130957800
133 2.509052846987168 3.843419100175542
134 3.192475728155340 3.473893937683450
135 4.606001480932988 2.709603850425768
136 4.200000000000000 5.660000000000000
137 4.470000000000000 2.930000000000000
138 4.452354859263146 3.108411978561524
139 4.266893280816650 4.983634605076094
140 4.241266165483425 5.242753215667592
141 4.323421510297483 4.412071395881006
142 4.221343343220274 5.444195085217231
143 4.361172723135930 4.030364688292270
144 4.243511591962906 5.220049459041731
145 4.341546583478313 4.228806767052612
146 4.060000000000000 4.100000000000000
147 3.654586454552475 3.986199706541045
148 2.745665455623933 3.731063987543560
149 1.843786546718463 3.477904995570094
150 1.434191498016882 3.362930946811756
151 3.560310656275038 3.959736324568432
152 2.484863423517170 3.657856399583767
153 8.859999999999999 8.230000000000000
154 7.520000000000000 3.300000000000000
155 8.751265697839195 7.829955142050170
156 8.835097915350600 8.138382628864521
157 8.507321899736148 6.932460422163588
158 7.963174005918435 4.930483469535737
159 7.908620218336735 4.729774385373215
160 8.174562884688708 5.708205239936816
161 8.044985117848299 5.231475097755311
162 8.537586875992238 7.043808431822191
163 8.212729906542055 5.848625700934581
164 8.321227731048532 6.247800532887513
165 9.150000000000000 8.529999999999999
166 5.180000000000000 1.560000000000000
167 8.915145606908007 8.117673773337232
168 8.334585705875918 7.098403619636056
169 5.481739123480120 2.089753574472655
170 7.292790951046040 5.269358420350353
171 5.476647167388627 2.080813792619328
172 7.736485488638799 6.048338502723533
173 7.294979082168492 5.273200051061558
174 6.328050651834589 3.575595225009343
175 5.279799680841077 1.735215056791513
176 5.755714643582820 2.570763492637850
177 5.668609327349814 2.417835519301815
178 8.298874097559112 7.035705909316627
179 8.034261624936127 6.571134389371487
180 6.770000000000000 4.640000000000000
181 4.800000000000000 8.539999999999999
182 6.431659642219031 5.309810860581613
183 5.912132802797772 6.338315771111009
184 5.903311149416349 6.355779958008242
185 4.975942928677996 8.191686587896353
186 6.425725277951051 5.321559094411625
187 6.429278430886169 5.314524933778648
188 5.606031093061981 6.944303927440746
189 6.658185403064192 4.861358846725709
190 6.320856493659126 5.529167347578380
191 5.408571822551414 7.335213143172327
192 1.170000000000000 6.720000000000000
193 4.460000000000000 3.100000000000000
194 3.398171615152404 4.268333967522278
195 3.166631011383877 4.523099008750870
196 2.228754319798639 5.555048438397851
197 2.669026610843705 5.070615096883218
198 3.773355054756087 3.855518146438591
199 5.350000000000000 9.039999999999999
200 6.920000000000000 7.580000000000000
201 6.771752815211372 7.717860439357578
202 3.080000000000000 1.110000000000000
203 8.810000000000000 8.289999999999999
204 8.714003066956133 8.169710649344681
205 8.065412401954056 7.356991456549757
206 5.105307182121544 3.647819470791045
207 6.656188383353690 5.591157520502530
208 3.719676097118538 1.911548756947836
209 4.703985596664043 3.144941812224751
210 7.294751093260065 6.391311143037917
211 6.440384485553508 5.320743561304395
212 5.247121875297347 3.825520953688473
213 3.583235397191501 1.740581178330712
214 5.126078471096704 3.673847019629028
215 6.426265601390929 5.303051835599803
216 7.795371619727524 7.018615746883702
217 7.893389844907322 7.141437885939714
218 3.457516498337498 1.583048596520634
219 2.210000000000000 3.290000000000000
220 6.064172820400677 6.463504684687713
221 4.697007268961460 5.337788095314597
222 4.174587479212754 4.907630516140776
223 4.787953774300427 5.412672947187737
224 4.342787009741313 5.046125083709017
225 3.334213060901570 4.215670846017577
226 2.464194803466803 3.499302601937115
227 0.920000000000000 4.870000000000000
228 2.360000000000000 2.700000000000000
229 1.770590076075032 3.588208010359153
230 8.640418987662974 8.188747326574752
231 7.791428155192711 7.620201041921611
232 4.653302692022227 5.518682975266293
233 4.101956996935328 5.149461619142710
234 6.674959070295145 6.872531778754583
235 4.517471712144864 5.427720627975251
236 4.233515164857374 5.237562579397158
237 3.101284260904033 4.479338050706872
238 6.844927791231231 6.986355251399493
239 2.543233449062330 4.105626458560343
240 8.778349435574087 8.281115631038340
241 9.369999999999999 8.000000000000000
242 8.540956310679613 8.214478964401295
243 9.529999999999999 5.950000000000000
244 8.396404058578023 7.039016325748079
245 8.611717252689873 6.832170504438380
246 5.530000000000000 1.890000000000000
247 3.660000000000000 9.630000000000001
248 5.483734041103888 2.081496535751820
249 5.515551602068433 1.949802459887880
250 3.783887333777241 9.117225688002224
251 4.677429374929421 5.418821731575555
252 5.051443182357501 3.870764582113872
253 5.079159315087525 3.756046471242012
254 4.319420690393579 6.900633078264013
255 5.269106647912961 2.969847350349564
256 4.879544661899792 4.582258992992306
257 4.290266610061559 7.021302908087454
258 6.520000000000000 5.660000000000000
259 8.340000000000000 4.740000000000000
260 8.045550205241552 4.888842753394380
261 7.283980770537474 5.273811918189849
262 7.725990759143183 5.050378297575974
263 6.610000000000000 2.190000000000000
264 5.642046114191648 2.096748180557962
265 5.036321502856030 2.038393208367633
266 3.166043667165651 1.858212299341585
267 6.006253151667960 2.131835563744505
268 5.582792940177125 2.091039782290667
269 3.280054663285431 1.869196017657556
270 4.550713730318149 1.991610185965140
271 6.288714188974961 2.159047609727838
272 8.520000000000000 5.440000000000000
273 8.326991297565781 5.215786297771028
274 6.817630833457581 3.462397495154316
275 5.388964582749274 1.802749275768619
276 5.873084055569716 2.365139561560031
277 5.558939958402853 2.000205700180560
278 8.359671331912134 5.253749930484755
279 7.099211370302351 3.789503028973989
280 3.390000000000000 7.520000000000000
281 4.009905236327736 5.455957984070779
282 4.443799349647726 4.011260265977404
283 5.151259547934528 1.655694466095089
284 3.900024704913533 5.821817183639858
285 3.583519807454628 6.875654719313081
286 4.905341035775818 2.474506942333029
287 4.372378787508453 4.249062808072413
288 3.779513093199474 6.223073723201752
289 3.598127103920078 6.827018134433706
290 3.600000000000000 9.260000000000000
291 6.541618839307933 6.976060169480427
292 8.264703029817250 5.638218379288233
293 5.901011940902651 7.473441948323551
294 8.086849417651431 5.776307972473889
295 9.150000000000000 5.170000000000000
296 1.960000000000000 5.570000000000000
297 4.112101071605629 5.450272541218045
298 2.146960597815790 5.559598854085353
299 6.431047839635230 5.321262985277595
300 8.369634808892684 5.213413918837681
301 2.728551361080974 5.527243317881448
302 6.037708307329195 5.343145574001158
303 7.822175532652885 5.243870624052691
304 5.007936825976782 3.880823855265484
305 5.992980731703792 3.653068038912418
306 5.803089870290302 3.696973440395305
307 4.123232812440879 4.085379696545461
308 6.924342615898357 3.437724250659339
309 1.280000000000000 2.390000000000000
310 9.650000000000000 0.030000000000000
311 4.754600613834894 1.410303769575824
312 3.243299078919328 1.836429411439712
313 3.928085056545767 1.643347582622699
314 3.570000000000000 6.400000000000000
315 6.150000000000000 1.880000000000000
316 5.723560775698171 2.627095075133437
317 5.414731433414557 3.168144930607055
318 4.681737731295254 4.452304439746301
319 3.665714710606151 6.232313762814030
320 1.060000000000000 6.790000000000000
321 2.657442570435068 4.981751225255319
322 3.696806671431975 3.805227638789612
323 6.116624791355530 4.123914609505404
324 8.720000000000001 7.050000000000000
325 7.922661158047845 7.022936279515984
326 2.901307866305127 6.852498700422889
327 3.797237794690924 6.882908854650084
328 7.790000000000000 7.560000000000000
329 8.182876627209744 5.969483331779911
330 2.875397922992524 1.508455512745273
331 6.760000000000000 5.000000000000000
332 2.829315245380474 6.300226539905005
333 2.871394055671176 6.623022892819979
334 1.970000000000000 6.370000000000000
335 4.310000000000000 6.180000000000000
336 4.660000000000000 2.850000000000000
337 0.000000000000000 1.140000000000000
599
0 5
5 3
3 2
2 6
6 4
4 7
7 1
9 11
11 10
10 14
14 12
12 13
13 8
15 28
28 32
32 31
31 26
26 24
24 23
23 20
20 17
17 21
21 27
27 30
30 19
19 18
18 10
10 29
29 22
22 25
25 16
33 37
37 35
35 41
41 11
11 43
43 38
38 36
36 42
42 40
40 17
17 39
39 34
44 50
50 46
46 52
52 49
49 51
51 47
47 48
48 45
53 65
65 62
62 60
60 55
55 58
58 67
67 66
66 57
57 64
64 61
61 69
69 56
56 59
59 68
68 63
63 54
70 71
71 35
35 73
73 74
74 75
75 72
72 16
77 87
87 81
81 86
86 2
2 78
78 85
85 89
89 84
84 83
83 80
80 36
36 90
90 79
79 18
18 88
88 82
82 76
91 101
101 95
95 100
100 78
78 93
93 97
97 94
94 96
96 99
99 71
71 37
37 98
98 102
102 92
103 115
115 107
107 105
105 110
110 113
113 114
114 109
109 117
117 112
112 106
106 111
111 116
116 108
108 104
118 124
124 3
3 93
93 125
125 133
133 120
120 123
123 38
38 134
134 79
79 19
19 131
131 122
122 135
135 129
129 132
132 55
55 126
126 121
121 130
130 128
128 127
127 119
136 142
142 140
140 144
144 139
139 46
46 141
141 145
145 143
143 105
105 138
138 137
0 150
150 149
149 94
94 152
152 120
120 148
148 80
80 151
151 147
147 20
20 39
39 146
154 56
56 159
159 158
158 161
161 160
160 163
163 164
164 157
157 162
162 155
155 156
156 153
166 175
175 171
171 169
169 121
121 177
177 176
176 57
57 174
174 170
170 173
173 172
172 179
179 178
178 168
168 155
155 167
167 165
181 185
185 191
191 188
188 184
184 183
183 47
47 106
106 190
190 186
186 187
187 182
182 189
189 180
192 81
81 4
4 95
95 196
196 197
197 195
195 194
194 147
147 40
40 21
21 198
198 107
107 138
138 193
199 201
201 200
202 218
218 213
213 72
72 208
208 22
22 12
12 82
82 122
122 209
209 206
206 214
214 212
212 215
215 182
182 211
211 207
207 210
210 216
216 217
217 205
205 204
204 203
219 226
226 123
123 148
148 83
83 225
225 194
194 23
23 222
222 139
139 224
224 221
221 223
223 183
183 220
220 45
227 124
124 5
5 229
229 149
149 96
96 228
70 150
150 229
229 97
97 125
125 239
239 84
84 237
237 195
195 24
24 233
233 236
236 140
140 235
235 232
232 184
184 220
220 48
48 234
234 238
238 108
108 231
231 230
230 240
240 165
199 242
242 230
230 204
204 156
156 167
167 241
104 231
231 205
205 168
168 244
244 157
157 245
245 243
247 250
250 257
257 254
254 232
232 251
251 221
221 49
49 256
256 109
109 252
252 253
253 206
206 255
255 58
58 126
126 169
169 248
248 249
249 246
258 207
207 261
261 170
170 262
262 158
158 260
260 59
59 259
33 98
98 73
73 266
266 269
269 208
208 25
25 13
13 270
270 265
265 60
60 171
171 248
248 268
268 264
264 127
127 267
267 271
271 263
166 275
275 249
249 277
277 264
264 128
128 276
276 274
274 61
61 279
279 159
159 260
260 273
273 278
278 272
280 285
285 289
289 288
288 284
284 281
281 233
233 222
222 50
50 141
141 287
287 282
282 110
110 209
209 129
129 286
286 265
265 62
62 283
283 166
290 250
250 185
185 293
293 291
291 234
234 111
111 210
210 172
172 294
294 160
160 292
292 272
296 85
85 298
298 196
196 301
301 26
26 281
281 297
297 142
142 235
235 251
251 223
223 51
51 112
112 302
302 186
186 299
299 211
211 261
261 173
173 303
303 161
161 273
273 300
300 63
63 295
146 307
307 143
143 282
282 113
113 304
304 252
252 212
212 306
306 305
305 174
174 64
64 274
274 308
308 154
309 99
99 41
41 266
266 74
74 312
312 213
213 313
313 65
65 311
311 310
53 311
311 283
283 175
175 275
275 246
314 319
319 284
284 297
297 236
236 144
144 224
224 52
52 318
318 114
114 304
304 253
253 214
214 317
317 316
316 66
66 176
176 276
276 267
267 315
320 86
86 6
6 100
100 298
298 321
321 237
237 225
225 151
151 42
42 27
27 322
322 115
115 137
246 277
277 268
268 130
130 177
177 67
67 316
316 305
305 323
323 215
215 187
187 299
299 258
320 87
87 7
7 101
101 326
326 28
28 285
285 327
327 254
254 188
188 291
291 238
238 116
116 216
216 325
325 178
178 244
244 162
162 324
328 217
217 325
325 179
179 329
329 163
163 292
292 278
278 300
300 68
68 310
92 330
330 312
312 75
75 269
269 29
29 14
14 88
88 131
131 137
8 270
270 286
286 132
132 255
255 317
317 306
306 323
323 189
189 331
228 226
226 152
152 133
133 239
239 89
89 321
321 197
197 301
301 332
332 333
333 326
326 15
9 43
43 134
134 90
90 30
30 322
322 198
198 307
307 145
145 287
287 318
318 256
256 117
117 302
302 190
190 258
77 91
334 332
332 31
31 319
319 288
288 335
334 333
333 32
32 289
289 327
327 257
257 191
191 293
293 201
201 242
242 240
240 203
76 135
135 336
315 271
271 308
308 69
69 279
279 262
262 303
303 294
294 329
329 164
164 245
245 324
337 102
102 330
330 218
218 313
313 16
630
0 0.400000000000000 7.600000000000000
1 0.400000000000000 3.600000000000000
2 0.400000000000000 4.900000000000000
3 0.500000000000000 3.200000000000000
4 0.500000000000000 3.100000000000000
5 0.500000000000000 7.400000000000000
6 0.500000000000000 3.900000000000000
7 0.500000000000000 3.800000000000000
8 0.500000000000000 5.600000000000000
9 0.600000000000000 4.400000000000000
10 0.600000000000000 5.000000000000000
11 0.600000000000000 5.100000000000000
12 0.600000000000000 4.900000000000000
13 0.600000000000000 6.400000000000000
14 0.600000000000000 3.400000000000000
15 0.600000000000000 5.400000000000000
16 0.700000000000000 4.300000000000000
17 0.700000000000000 8.300000000000001
18 0.700000000000000 5.200000000000000
19 0.700000000000000 3.700000000000000
20 0.700000000000000 7.600000000000000
21 0.800000000000000 7.700000000000000
22 0.800000000000000 2.700000000000000
23 0.800000000000000 5.000000000000000
24 0.800000000000000 6.300000000000000
25 0.800000000000000 3.400000000000000
26 0.800000000000000 2.900000000000000
27 0.800000000000000 7.800000000000000
28 0.900000000000000 5.700000000000000
29 0.900000000000000 7.700000000000000
30 0.900000000000000 8.300000000000001
31 0.900000000000000 7.600000000000000
32 0.900000000000000 8.300000000000001
33 0.900000000000000 4.700000000000000
34 0.900000000000000 8.300000000000001
35 0.900000000000000 4.200000000000000
36 0.900000000000000 6.100000000000000
37 0.900000000000000 2.500000000000000
38 0.900000000000000 3.100000000000000
39 1.000000000000000 6.300000000000000
40 1.000000000000000 4.800000000000000
41 1.000000000000000 3.200000000000000
42 1.100000000000000 7.600000000000000
43 1.100000000000000 6.400000000000000
44 1.100000000000000 2.700000000000000
45 1.100000000000000 5.200000000000000
46 1.100000000000000 7.500000000000000
47 1.100000000000000 7.200000000000000
48 1.200000000000000 7.200000000000000
49 1.200000000000000 2.500000000000000
50 1.200000000000000 7.900000000000000
51 1.200000000000000 8.300000000000001
52 1.200000000000000 2.700000000000000
53 1.300000000000000 4.200000000000000
54 1.300000000000000 3.700000000000000
55 1.300000000000000 5.800000000000000
56 1.300000000000000 6.300000000000000
57 1.300000000000000 5.600000000000000
58 1.300000000000000 2.400000000000000
59 1.300000000000000 7.000000000000000
60 1.300000000000000 9.199999999999999
61 1.400000000000000 4.500000000000000
62 1.400000000000000 3.000000000000000
63 1.400000000000000 5.100000000000000
64 1.400000000000000 7.000000000000000
65 1.400000000000000 4.400000000000000
66 1.400000000000000 6.400000000000000
67 1.400000000000000 4.300000000000000
68 1.400000000000000 9.000000000000000
69 1.400000000000000 3.100000000000000
70 1.500000000000000 2.000000000000000
71 1.500000000000000 5.000000000000000
72 1.500000000000000 5.700000000000000
73 1.500000000000000 8.300000000000001
74 1.600000000000000 5.700000000000000
75 1.600000000000000 8.500000000000000
76 1.600000000000000 4.200000000000000
77 1.600000000000000 8.900000000000000
78 1.600000000000000 7.100000000000000
79 1.600000000000000 9.199999999999999
80 1.600000000000000 2.400000000000000
81 1.600000000000000 7.800000000000000
82 1.600000000000000 3.800000000000000
83 1.700000000000000 5.900000000000000
84 1.700000000000000 5.300000000000000
85 1.700000000000000 4.800000000000000
86 1.700000000000000 6.800000000000000
87 1.700000000000000 7.800000000000000
88 1.700000000000000 5.500000000000000
89 1.700000000000000 1.900000000000000
90 1.700000000000000 8.100000000000000
91 1.700000000000000 5.000000000000000
92 1.700000000000000 4.400000000000000
93 1.800000000000000 3.900000000000000
94 1.800000000000000 6.100000000000000
95 1.800000000000000 4.300000000000000
96 1.800000000000000 4.300000000000000
97 1.800000000000000 2.900000000000000
98 1.900000000000000 0.900000000000000
99 1.900000000000000 1.400000000000000
100 1.900000000000000 6.400000000000000
101 1.900000000000000 5.200000000000000
102 1.900000000000000 5.000000000000000
103 1.900000000000000 6.300000000000000
104 1.900000000000000 5.500000000000000
105 1.900000000000000 1.500000000000000
106 1.900000000000000 6.500000000000000
107 1.900000000000000 1.400000000000000
108 2.000000000000000 4.200000000000000
109 2.000000000000000 6.100000000000000
110 2.000000000000000 2.200000000000000
111 2.000000000000000 1.800000000000000
112 2.000000000000000 5.600000000000000
113 2.000000000000000 4.000000000000000
114 2.000000000000000 1.800000000000000
115 2.000000000000000 5.000000000000000
116 2.000000000000000 5.300000000000000
117 2.000000000000000 2.400000000000000
118 2.000000000000000 4.400000000000000
119 2.000000000000000 2.400000000000000
120 2.100000000000000 2.500000000000000
121 2.100000000000000 3.800000000000000
122 2.100000000000000 2.500000000000000
123 2.100000000000000 4.100000000000000
124 2.100000000000000 4.100000000000000
125 2.100000000000000 6.400000000000000
126 2.100000000000000 1.500000000000000
127 2.100000000000000 2.000000000000000
128 2.200000000000000 5.700000000000000
129 2.200000000000000 5.100000000000000
130 2.200000000000000 5.300000000000000
131 2.200000000000000 4.000000000000000
132 2.200000000000000 2.500000000000000
133 2.300000000000000 6.600000000000000
134 2.300000000000000 1.200000000000000
135 2.300000000000000 5.700000000000000
136 2.300000000000000 3.900000000000000
137 2.300000000000000 4.600000000000000
138 2.400000000000000 3.800000000000000
139 2.400000000000000 1.900000000000000
140 2.500000000000000 4.300000000000000
141 2.600000000000000 3.000000000000000
142 2.600000000000000 2.600000000000000
143 2.600000000000000 5.000000000000000
144 2.600000000000000 1.900000000000000
145 2.600000000000000 2.600000000000000
146 2.600000000000000 5.500000000000000
147 2.600000000000000 3.200000000000000
148 2.600000000000000 3.000000000000000
149 2.600000000000000 2.500000000000000
150 2.600000000000000 5.900000000000000
151 2.700000000000000 6.700000000000000
152 2.700000000000000 2.400000000000000
153 2.700000000000000 1.600000000000000
154 2.800000000000000 3.200000000000000
155 2.800000000000000 5.200000000000000
156 2.800000000000000 2.200000000000000
157 2.800000000000000 2.100000000000000
158 2.900000000000000 6.800000000000000
159 2.900000000000000 4.400000000000000
160 2.900000000000000 4.300000000000000
161 2.900000000000000 3.800000000000000
162 3.000000000000000 3.300000000000000
163 3.000000000000000 6.900000000000000
164 3.000000000000000 3.600000000000000
165 3.000000000000000 6.400000000000000
166 3.100000000000000 2.600000000000000
167 3.100000000000000 6.400000000000000
168 3.100000000000000 5.000000000000000
169 3.100000000000000 1.900000000000000
170 3.100000000000000 3.900000000000000
171 3.100000000000000 1.600000000000000
172 3.200000000000000 5.200000000000000
173 3.200000000000000 1.700000000000000
174 3.200000000000000 1.500000000000000
175 3.200000000000000 6.700000000000000
176 3.200000000000000 4.000000000000000
177 3.200000000000000 5.200000000000000
178 3.200000000000000 0.800000000000000
179 3.300000000000000 1.000000000000000
180 3.300000000000000 5.600000000000000
181 3.300000000000000 4.200000000000000
182 3.300000000000000 5.800000000000000
183 3.300000000000000 0.700000000000000
184 3.300000000000000 2.400000000000000
185 3.400000000000000 5.600000000000000
186 3.400000000000000 4.300000000000000
187 3.400000000000000 6.100000000000000
188 3.400000000000000 4.900000000000000
189 3.400000000000000 3.400000000000000
190 3.400000000000000 2.200000000000000
191 3.400000000000000 4.400000000000000
192 3.400000000000000 5.700000000000000
193 3.400000000000000 2.100000000000000
194 3.400000000000000 2.600000000000000
195 3.400000000000000 6.000000000000000
196 3.500000000000000 3.000000000000000
197 3.500000000000000 2.500000000000000
198 3.500000000000000 6.300000000000000
199 3.600000000000000 1.400000000000000
200 3.600000000000000 1.300000000000000
201 3.600000000000000 5.400000000000000
202 3.600000000000000 5.200000000000000
203 3.600000000000000 4.700000000000000
204 3.600000000000000 1.600000000000000
205 3.600000000000000 3.000000000000000
206 3.700000000000000 1.300000000000000
207 3.700000000000000 3.400000000000000
208 3.700000000000000 4.500000000000000
209 3.700000000000000 2.700000000000000
210 3.700000000000000 3.800000000000000
211 3.700000000000000 3.200000000000000
212 3.700000000000000 2.400000000000000
213 3.800000000000000 3.100000000000000
214 3.800000000000000 8.000000000000000
215 3.800000000000000 5.200000000000000
216 3.800000000000000 8.699999999999999
217 3.800000000000000 4.300000000000000
218 3.800000000000000 3.300000000000000
219 3.800000000000000 9.000000000000000
220 3.800000000000000 5.400000000000000
221 3.800000000000000 3.200000000000000
222 3.800000000000000 3.300000000000000
223 3.800000000000000 4.700000000000000
224 3.900000000000000 7.500000000000000
225 3.900000000000000 2.200000000000000
226 3.900000000000000 7.600000000000000
227 3.900000000000000 8.800000000000001
228 3.900000000000000 6.200000000000000
229 3.900000000000000 9.000000000000000
230 3.900000000000000 1.700000000000000
231 3.900000000000000 3.600000000000000
232 3.900000000000000 1.900000000000000
233 4.000000000000000 4.600000000000000
234 4.000000000000000 5.400000000000000
235 4.000000000000000 3.900000000000000
236 4.100000000000000 8.300000000000001
237 4.100000000000000 7.200000000000000
238 4.100000000000000 8.199999999999999
239 4.100000000000000 5.000000000000000
240 4.100000000000000 2.800000000000000
241 4.100000000000000 6.200000000000000
242 4.100000000000000 4.500000000000000
243 4.100000000000000 5.900000000000000
244 4.200000000000000 7.400000000000000
245 4.200000000000000 1.400000000000000
246 4.200000000000000 5.400000000000000
247 4.200000000000000 5.400000000000000
248 4.200000000000000 6.800000000000000
249 4.200000000000000 7.100000000000000
250 4.200000000000000 7.900000000000000
251 4.300000000000000 8.500000000000000
252 4.300000000000000 1.300000000000000
253 4.300000000000000 5.000000000000000
254 4.300000000000000 7.800000000000000
255 4.300000000000000 6.700000000000000
256 4.300000000000000 3.100000000000000
257 4.300000000000000 3.100000000000000
258 4.300000000000000 5.700000000000000
259 4.300000000000000 2.400000000000000
260 4.300000000000000 6.400000000000000
261 4.300000000000000 2.600000000000000
262 4.300000000000000 1.600000000000000
263 4.300000000000000 4.400000000000000
264 4.300000000000000 3.900000000000000
265 4.300000000000000 6.100000000000000
266 4.300000000000000 6.300000000000000
267 4.300000000000000 7.300000000000000
268 4.300000000000000 8.600000000000000
269 4.300000000000000 1.200000000000000
270 4.300000000000000 5.300000000000000
271 4.300000000000000 6.900000000000000
272 4.400000000000000 7.400000000000000
273 4.400000000000000 7.500000000000000
274 4.400000000000000 7.800000000000000
275 4.400000000000000 4.300000000000000
276 4.500000000000000 5.600000000000000
277 4.500000000000000 5.500000000000000
278 4.500000000000000 3.700000000000000
279 4.500000000000000 5.900000000000000
280 4.500000000000000 2.300000000000000
281 4.500000000000000 7.300000000000000
282 4.600000000000000 7.500000000000000
283 4.600000000000000 7.900000000000000
284 4.600000000000000 4.000000000000000
285 4.600000000000000 4.500000000000000
286 4.600000000000000 2.600000000000000
287 4.600000000000000 3.600000000000000
288 4.600000000000000 6.200000000000000
289 4.600000000000000 5.600000000000000
290 4.700000000000000 5.400000000000000
291 4.700000000000000 2.800000000000000
292 4.700000000000000 1.500000000000000
293 4.700000000000000 1.900000000000000
294 4.700000000000000 1.700000000000000
295 4.700000000000000 7.500000000000000
296 4.700000000000000 8.300000000000001
297 4.800000000000000 3.200000000000000
298 4.800000000000000 6.300000000000000
299 4.800000000000000 2.700000000000000
300 4.900000000000000 4.100000000000000
301 4.900000000000000 5.900000000000000
302 4.900000000000000 6.200000000000000
303 4.900000000000000 5.900000000000000
304 4.900000000000000 5.100000000000000
305 4.900000000000000 3.700000000000000
306 4.900000000000000 2.700000000000000
307 4.900000000000000 8.000000000000000
308 4.900000000000000 4.200000000000000
309 4.900000000000000 4.600000000000000
310 5.000000000000000 6.600000000000000
311 5.000000000000000 6.500000000000000
312 5.000000000000000 4.000000000000000
313 5.000000000000000 7.100000000000000
314 5.000000000000000 3.900000000000000
315 5.000000000000000 3.300000000000000
316 5.000000000000000 6.800000000000000
317 5.100000000000000 8.000000000000000
318 5.100000000000000 3.600000000000000
319 5.100000000000000 1.600000000000000
320 5.100000000000000 5.000000000000000
321 5.100000000000000 4.500000000000000
322 5.100000000000000 4.600000000000000
323 5.100000000000000 1.900000000000000
324 5.100000000000000 6.700000000000000
325 5.100000000000000 1.600000000000000
326 5.100000000000000 7.900000000000000
327 5.100000000000000 7.600000000000000
328 5.200000000000000 4.400000000000000
329 5.200000000000000 7.900000000000000
330 5.200000000000000 3.100000000000000
331 5.200000000000000 6.100000000000000
332 5.200000000000000 6.600000000000000
333 5.200000000000000 2.500000000000000
334 5.300000000000000 4.000000000000000
335 5.300000000000000 5.100000000000000
336 5.300000000000000 1.600000000000000
337 5.300000000000000 1.600000000000000
338 5.300000000000000 3.900000000000000
339 5.400000000000000 3.500000000000000
340 5.400000000000000 7.700000000000000
341 5.400000000000000 3.300000000000000
342 5.400000000000000 6.800000000000000
343 5.400000000000000 8.100000000000000
344 5.400000000000000 7.900000000000000
345 5.500000000000000 1.700000000000000
346 5.500000000000000 2.200000000000000
347 5.500000000000000 3.500000000000000
348 5.500000000000000 1.400000000000000
349 5.500000000000000 8.800000000000001
350 5.500000000000000 4.200000000000000
351 5.500000000000000 7.800000000000000
352 5.500000000000000 3.700000000000000
353 5.600000000000000 6.400000000000000
354 5.600000000000000 4.100000000000000
355 5.600000000000000 8.400000000000000
356 5.600000000000000 6.300000000000000
357 5.600000000000000 3.600000000000000
358 5.700000000000000 5.800000000000000
359 5.700000000000000 4.600000000000000
360 5.700000000000000 7.700000000000000
361 5.700000000000000 4.100000000000000
362 5.700000000000000 3.200000000000000
363 5.700000000000000 4.200000000000000
364 5.700000000000000 6.800000000000000
365 5.700000000000000 5.400000000000000
366 5.700000000000000 7.400000000000000
367 5.800000000000000 8.100000000000000
368 5.800000000000000 8.900000000000000
369 5.800000000000000 1.200000000000000
370 5.800000000000000 6.300000000000000
371 5.800000000000000 3.500000000000000
372 5.800000000000000 6.600000000000000
373 5.800000000000000 6.500000000000000
374 5.800000000000000 6.900000000000000
375 5.800000000000000 3.100000000000000
376 5.800000000000000 6.700000000000000
377 5.800000000000000 1.700000000000000
378 5.800000000000000 7.200000000000000
379 5.900000000000000 2.700000000000000
380 5.900000000000000 7.200000000000000
381 5.900000000000000 3.800000000000000
382 5.900000000000000 5.200000000000000
383 5.900000000000000 6.500000000000000
384 5.900000000000000 7.000000000000000
385 6.000000000000000 7.700000000000000
386 6.000000000000000 2.400000000000000
387 6.000000000000000 7.600000000000000
388 6.000000000000000 4.900000000000000
389 6.000000000000000 3.900000000000000
390 6.000000000000000 6.500000000000000
391 6.000000000000000 3.200000000000000
392 6.100000000000000 1.800000000000000
393 6.100000000000000 1.400000000000000
394 6.100000000000000 2.800000000000000
395 6.100000000000000 1.300000000000000
396 6.100000000000000 2.000000000000000
397 6.100000000000000 6.300000000000000
398 6.100000000000000 6.400000000000000
399 6.200000000000000 3.600000000000000
400 6.200000000000000 7.700000000000000
401 6.200000000000000 8.400000000000000
402 6.200000000000000 4.800000000000000
403 6.200000000000000 8.500000000000000
404 6.200000000000000 8.199999999999999
405 6.200000000000000 2.300000000000000
406 6.200000000000000 6.000000000000000
407 6.200000000000000 5.100000000000000
408 6.200000000000000 7.600000000000000
409 6.300000000000000 4.200000000000000
410 6.300000000000000 3.300000000000000
411 6.300000000000000 2.100000000000000
412 6.300000000000000 6.800000000000000
413 6.400000000000000 3.700000000000000
414 6.400000000000000 8.300000000000001
415 6.400000000000000 6.700000000000000
416 6.400000000000000 4.200000000000000
417 6.400000000000000 1.800000000000000
418 6.400000000000000 8.300000000000001
419 6.400000000000000 7.800000000000000
420 6.400000000000000 8.100000000000000
421 6.500000000000000 5.900000000000000
422 6.500000000000000 2.200000000000000
423 6.500000000000000 2.400000000000000
424 6.500000000000000 3.800000000000000
425 6.500000000000000 6.300000000000000
426 6.500000000000000 4.100000000000000
427 6.500000000000000 5.100000000000000
428 6.500000000000000 5.100000000000000
429 6.600000000000000 4.500000000000000
430 6.600000000000000 4.600000000000000
431 6.600000000000000 5.800000000000000
432 6.700000000000000 1.300000000000000
433 6.700000000000000 1.700000000000000
434 6.700000000000000 0.900000000000000
435 6.700000000000000 2.200000000000000
436 6.800000000000000 8.300000000000001
437 6.800000000000000 0.900000000000000
438 6.800000000000000 4.600000000000000
439 6.800000000000000 8.400000000000000
440 6.800000000000000 4.800000000000000
441 6.800000000000000 8.199999999999999
442 6.800000000000000 7.900000000000000
443 6.800000000000000 2.700000000000000
444 6.800000000000000 3.600000000000000
445 6.800000000000000 3.400000000000000
446 6.800000000000000 3.600000000000000
447 6.800000000000000 5.100000000000000
448 6.900000000000000 3.100000000000000
449 6.900000000000000 2.800000000000000
450 6.900000000000000 3.200000000000000
451 6.900000000000000 4.100000000000000
452 6.900000000000000 8.500000000000000
453 6.900000000000000 3.900000000000000
454 7.000000000000000 1.800000000000000
455 7.000000000000000 7.500000000000000
456 7.000000000000000 6.500000000000000
457 7.000000000000000 6.200000000000000
458 7.000000000000000 5.500000000000000
459 7.000000000000000 4.900000000000000
460 7.000000000000000 4.500000000000000
461 7.000000000000000 2.500000000000000
462 7.000000000000000 7.200000000000000
463 7.100000000000000 4.500000000000000
464 7.100000000000000 7.100000000000000
465 7.100000000000000 6.800000000000000
466 7.100000000000000 2.000000000000000
467 7.100000000000000 2.700000000000000
468 7.100000000000000 1.700000000000000
469 7.200000000000000 6.100000000000000
470 7.200000000000000 7.400000000000000
471 7.200000000000000 4.200000000000000
472 7.200000000000000 3.600000000000000
473 7.200000000000000 0.800000000000000
474 7.200000000000000 2.200000000000000
475 7.300000000000000 1.000000000000000
476 7.300000000000000 4.500000000000000
477 7.300000000000000 5.900000000000000
478 7.300000000000000 2.100000000000000
479 7.300000000000000 3.300000000000000
480 7.300000000000000 1.800000000000000
481 7.300000000000000 3.700000000000000
482 7.400000000000000 4.500000000000000
483 7.400000000000000 2.100000000000000
484 7.400000000000000 3.100000000000000
485 7.400000000000000 6.800000000000000
486 7.400000000000000 4.600000000000000
487 7.400000000000000 1.300000000000000
488 7.400000000000000 6.600000000000000
489 7.500000000000000 4.300000000000000
490 7.500000000000000 1.600000000000000
491 7.500000000000000 4.900000000000000
492 7.500000000000000 5.400000000000000
493 7.500000000000000 3.700000000000000
494 7.500000000000000 8.400000000000000
495 7.500000000000000 1.600000000000000
496 7.500000000000000 7.200000000000000
497 7.500000000000000 6.700000000000000
498 7.500000000000000 7.900000000000000
499 7.500000000000000 2.600000000000000
500 7.500000000000000 6.600000000000000
501 7.600000000000000 4.300000000000000
502 7.600000000000000 3.600000000000000
503 7.600000000000000 5.200000000000000
504 7.600000000000000 5.300000000000000
505 7.600000000000000 5.700000000000000
506 7.600000000000000 4.700000000000000
507 7.600000000000000 6.000000000000000
508 7.700000000000000 4.300000000000000
509 7.700000000000000 8.100000000000000
510 7.700000000000000 1.800000000000000
511 7.700000000000000 4.300000000000000
512 7.700000000000000 6.300000000000000
513 7.700000000000000 7.300000000000000
514 7.700000000000000 3.800000000000000
515 7.700000000000000 0.800000000000000
516 7.700000000000000 5.000000000000000
517 7.700000000000000 2.700000000000000
518 7.800000000000000 2.700000000000000
519 7.800000000000000 8.100000000000000
520 7.800000000000000 3.600000000000000
521 7.800000000000000 7.000000000000000
522 7.800000000000000 8.100000000000000
523 7.800000000000000 8.100000000000000
524 7.800000000000000 8.400000000000000
525 7.800000000000000 2.300000000000000
526 7.900000000000000 7.200000000000000
527 7.900000000000000 0.800000000000000
528 7.900000000000000 3.900000000000000
529 7.900000000000000 6.200000000000000
530 7.900000000000000 2.800000000000000
531 7.900000000000000 3.500000000000000
532 8.000000000000000 3.000000000000000
533 8.000000000000000 7.700000000000000
534 8.000000000000000 4.800000000000000
535 8.000000000000000 7.100000000000000
536 8.000000000000000 1.200000000000000
537 8.000000000000000 2.400000000000000
538 8.000000000000000 3.300000000000000
539 8.100000000000000 3.300000000000000
540 8.100000000000000 6.300000000000000
541 8.100000000000000 3.700000000000000
542 8.100000000000000 8.100000000000000
543 8.100000000000000 5.900000000000000
544 8.100000000000000 4.700000000000000
545 8.100000000000000 8.100000000000000
546 8.100000000000000 0.800000000000000
547 8.100000000000000 6.000000000000000
548 8.100000000000000 4.600000000000000
549 8.199999999999999 5.100000000000000
550 8.199999999999999 3.500000000000000
551 8.199999999999999 5.800000000000000
552 8.199999999999999 5.900000000000000
553 8.199999999999999 1.500000000000000
554 8.300000000000001 1.200000000000000
555 8.300000000000001 2.000000000000000
556 8.300000000000001 7.200000000000000
557 8.400000000000000 2.300000000000000
558 8.400000000000000 7.300000000000000
559 8.400000000000000 4.200000000000000
560 8.400000000000000 2.800000000000000
561 8.400000000000000 6.000000000000000
562 8.400000000000000 6.800000000000000
563 8.400000000000000 2.300000000000000
564 8.400000000000000 1.800000000000000
565 8.500000000000000 1.500000000000000
566 8.500000000000000 7.200000000000000
567 8.500000000000000 4.900000000000000
568 8.500000000000000 2.900000000000000
569 8.500000000000000 7.800000000000000
570 8.600000000000000 5.500000000000000
571 8.600000000000000 1.500000000000000
572 8.600000000000000 7.700000000000000
573 8.600000000000000 2.400000000000000
574 8.600000000000000 6.400000000000000
575 8.600000000000000 3.100000000000000
576 8.600000000000000 8.100000000000000
577 8.600000000000000 2.600000000000000
578 8.699999999999999 7.500000000000000
579 8.699999999999999 5.300000000000000
580 8.699999999999999 8.100000000000000
581 8.699999999999999 1.800000000000000
582 8.699999999999999 3.400000000000000
583 8.699999999999999 5.800000000000000
584 8.699999999999999 0.800000000000000
585 8.699999999999999 7.600000000000000
586 8.699999999999999 1.000000000000000
587 8.800000000000001 5.800000000000000
588 8.800000000000001 7.400000000000000
589 8.800000000000001 6.300000000000000
590 8.800000000000001 5.800000000000000
591 8.800000000000001 6.100000000000000
592 8.800000000000001 7.300000000000000
593 8.800000000000001 2.300000000000000
594 8.800000000000001 5.200000000000000
595 8.800000000000001 0.900000000000000
596 8.800000000000001 7.500000000000000
597 8.800000000000001 2.500000000000000
598 8.800000000000001 2.300000000000000
599 8.800000000000001 2.700000000000000
600 8.900000000000000 3.300000000000000
601 8.900000000000000 3.100000000000000
602 8.900000000000000 1.200000000000000
603 8.900000000000000 5.000000000000000
604 8.900000000000000 2.000000000000000
605 8.900000000000000 0.800000000000000
606 8.900000000000000 6.500000000000000
607 8.900000000000000 3.300000000000000
608 8.900000000000000 3.900000000000000
609 8.900000000000000 5.900000000000000
610 8.900000000000000 1.700000000000000
611 8.900000000000000 2.600000000000000
612 9.000000000000000 6.900000000000000
613 9.000000000000000 0.600000000000000
614 9.000000000000000 6.800000000000000
615 9.000000000000000 2.100000000000000
616 9.000000000000000 7.700000000000000
617 9.000000000000000 0.500000000000000
618 9.000000000000000 0.600000000000000
619 9.000000000000000 4.700000000000000
620 9.000000000000000 2.300000000000000
621 9.000000000000000 3.300000000000000
622 9.100000000000000 2.800000000000000
623 9.100000000000000 3.200000000000000
624 9.100000000000000 4.900000000000000
625 9.100000000000000 3.700000000000000
626 9.199999999999999 0.900000000000000
627 9.300000000000001 0.800000000000000
628 9.400000000000000 0.600000000000000
629 9.400000000000000 0.600000000000000
