304
0 7.280000000000000 6.120000000000000
1 6.720000000000000 8.180000000000000
2 6.929566421336443 7.409094950083801
3 7.071855910755093 6.885672899722339
4 8.699999999999999 1.340000000000000
5 7.900000000000000 2.360000000000000
6 8.145158998045833 2.047422277491562
7 2.440000000000000 0.770000000000000
8 6.230000000000000 7.140000000000000
9 4.468528456696912 4.179426456242567
10 5.601552552425497 6.083743999723064
11 4.211091352740520 3.746741930595544
12 5.765451868737239 6.359215937692930
13 4.255414325420879 3.821237269902637
14 5.484550200480570 5.887093608723278
15 4.732548583054985 4.623175322971042
16 5.806876138004647 6.428839313743957
17 2.645688655107313 1.115708900536566
18 4.876306256752775 4.864794420980257
19 4.489069114015944 4.213949935694345
20 4.735769178120314 4.628588302012242
21 4.117183649646121 3.588907611674350
22 5.584767150183193 6.055532123131119
23 4.596042939366427 4.393744993077608
24 4.258864396401489 3.827035938015166
25 6.270000000000000 6.560000000000000
26 8.510000000000000 0.330000000000000
27 6.402902996985283 6.190363539634681
28 6.580173742496582 5.697329278681380
29 7.304180655475619 3.683685051958433
30 8.337548117154812 0.809631799163179
31 6.763714285714280 5.186857142857157
32 8.261891223733004 1.020052533992583
33 8.251588814458481 1.048706109787348
34 8.489136563876652 0.388026431718061
35 6.334633478893740 6.380238136826784
36 7.641329251431958 2.745990519454867
37 8.222158310566344 1.130559698737354
38 8.007400112549240 1.727855936972426
39 7.539237170596394 3.029934119278780
40 7.530000000000000 0.000000000000000
41 7.258701535258912 1.490054644808744
42 6.485893056088251 5.734556599638377
43 6.914172340663021 3.382314990512334
44 6.286586240626019 6.829210955330944
45 7.210637561075885 1.754036779937066
46 6.924814597242180 3.323864442839108
47 6.438142874984390 5.996815286624201
48 7.198533268474261 1.820517279302906
49 7.337068961660627 1.059636625956248
50 7.388544590058537 0.776916636140038
51 7.159330817016593 2.035829205001178
52 7.272569688810012 1.413886478381932
53 6.374083516855836 6.348648992037947
54 6.776687699475404 4.137422942881248
55 6.265751939038298 6.943639350205044
56 6.549542787780702 5.384972688650609
57 7.125483468496570 2.221729257641921
58 6.776020402443810 4.141087943500925
59 3.460000000000000 4.280000000000000
60 2.690000000000000 4.590000000000000
61 3.790000000000000 9.020000000000000
62 4.910000000000000 1.030000000000000
63 4.119563626086626 6.668916631757021
64 4.553220442268563 3.575239880601949
65 3.908319037350069 8.175920438904415
66 4.342824165896512 5.076191887934705
67 4.547364467199388 3.617015988461512
68 3.811875475194071 8.863941922499441
69 4.344505604615629 5.064196624215292
70 4.901765569668304 1.088743837812729
71 4.800926749878595 1.808120775419669
72 4.266543957853145 5.620369443529799
73 4.812915166587361 1.722596266934810
74 4.479181307705617 4.103429778064394
75 4.334242359134125 5.137413884391377
76 4.626361354266979 3.053457838756100
77 4.079165358981482 6.957114983694606
78 3.803796703099374 8.921575305567858
79 4.684385575265203 2.639517190741985
80 4.409776711653141 4.598557208831611
81 3.866779593463531 8.472259864487844
82 4.539955977599822 3.669867624086982
83 4.539992937469441 3.669603955017111
84 4.830000000000000 0.470000000000000
85 7.330000000000000 1.520000000000000
86 6.264421693414500 1.072457111234089
87 6.450660457239628 1.150677392040643
88 6.008159493984869 0.964826987473645
89 7.223973503336985 1.475468871401534
90 6.440027715630948 1.146211640564998
91 2.420000000000000 7.340000000000000
92 9.029999999999999 4.730000000000000
93 7.442088780888494 5.356996714354165
94 5.503107503257427 6.122615645461138
95 5.309186986084922 6.199186379170705
96 6.554440154440154 5.707490347490348
97 4.790947626492326 6.403816444002274
98 3.093333722877957 7.074129952086011
99 4.742600402955004 6.422906648757555
100 4.688603346301042 6.444227725590663
101 2.675846854697915 7.238977263122305
102 7.778294776222046 5.224243666272384
103 7.501837060083818 5.333404731192321
104 3.944809119275917 6.737919545944003
105 6.104075041954571 5.885319839712340
106 5.556078404684071 6.101699752462114
107 5.905696854393105 5.963650712561876
108 6.464352146718823 5.743062162944611
109 7.727989075460247 4.011173376492009
110 8.451003239861468 0.607716456261868
111 8.362812991844326 1.022855916440120
112 8.357590645695364 1.047439155629139
113 8.500723131019722 0.373669163736432
114 7.407157996590334 5.521426991660139
115 7.406246720565401 5.525716656850671
116 8.181383126066102 1.876903821201030
117 8.343000534973919 1.116119432927644
118 8.240813926135028 1.597144201364385
119 8.114292333149477 2.192721456150026
120 2.170000000000000 7.880000000000000
121 2.700000000000000 8.869999999999999
122 2.278868646864687 8.083358415841584
123 2.090000000000000 4.810000000000000
124 6.000000000000000 2.850000000000000
125 2.657895628600474 4.525325976456028
126 4.743303038006866 3.479955510359730
127 4.437132472670116 3.633432315490172
128 3.744838654425872 3.980464510824882
129 2.604884176596070 4.551899492038798
130 5.428098971092602 3.136681845692711
131 4.954307417136750 3.374183494223010
132 2.187161497685351 4.761295003717828
133 4.498682145739861 3.602578770933471
134 6.270000000000000 9.250000000000000
135 2.620000000000000 7.590000000000000
136 4.139415155365871 8.281021687097903
137 4.696409809413746 8.534339803733374
138 2.661709152280159 7.608969093913716
139 4.188084680145026 8.303156320285135
140 0.620000000000000 0.420000000000000
141 1.885773287867682 2.969891116139244
142 8.710000000000001 4.770000000000000
143 5.630000000000000 2.390000000000000
144 5.949041825095057 2.636532319391635
145 6.898692685589519 3.370353438864628
146 7.352822169330160 3.721271676300578
147 6.265430102928178 2.881014170444501
148 6.395893909626720 2.981827111984283
149 6.171872448788525 2.808719619518405
150 8.524544291653342 4.626693316277582
151 8.039438810006761 4.251839080459769
152 7.138295992649657 3.555501448865644
153 6.132128240109139 2.778008185538881
154 7.164391121775645 3.575665866826634
155 7.740000000000000 8.140000000000001
156 5.402961288858028 6.032296863315885
157 4.337877010001620 5.071730200608938
158 5.843655304521242 6.429745204544858
159 6.663470235625860 7.169111006896220
160 4.552845891060922 5.265604004554945
161 4.585816805539256 5.295339455462974
162 4.366035171312606 5.097125177866042
163 6.612315021304459 7.122975696783929
164 5.528724680032806 6.145718987132391
165 6.192551301430850 6.744403743813804
166 4.140961198314113 4.894137903152448
167 8.260000000000000 1.020000000000000
168 4.200000000000000 3.860000000000000
169 8.193014948061819 1.066856538794196
170 7.331281234391242 1.669645638997259
171 8.218395227357064 1.049102845888163
172 7.615024806509227 1.471164913673348
173 4.442242529250818 3.690549560819625
174 6.749726418946508 2.076447529603921
175 5.399614884739037 3.020860523975649
176 4.942081850430501 3.340908262260438
177 8.077179637839858 1.147884194220394
178 4.519495367582044 3.636510629573151
179 3.550000000000000 9.330000000000000
180 8.770000000000000 0.040000000000000
181 5.188701653268618 6.413613341213512
182 8.202886496008427 1.049288209211054
183 4.785523999161602 7.131145986166421
184 4.754930415124576 7.185593188408561
185 4.498711776142489 7.641583831347944
186 5.915772776559601 5.119649598804847
187 5.722185804352526 5.464175072330464
188 4.005902085222122 8.518634028407373
189 8.152546428338159 1.138878099758333
190 5.683157781840839 5.533632989789004
191 7.736297669158761 1.879673305271093
192 6.260000000000000 6.440000000000000
193 6.354448192771083 6.205031325301207
194 7.759770594369137 2.708863399374346
195 0.160000000000000 9.820000000000000
196 7.873654993338820 1.053223247091568
197 4.544773950459065 4.836586252711794
198 4.805189805189800 4.540616616616623
199 2.400204399981424 7.273947334631892
200 3.504250082121182 6.019169667146105
201 5.561872062340582 3.680626841723099
202 5.212700140304413 4.077470139941451
203 2.914636090715200 6.689281856181168
204 7.756665827322145 1.186184586672198
205 4.963615687303252 4.360561332633789
206 6.573577066888243 2.530796842542584
207 8.980000000000000 1.040000000000000
208 8.706165158371039 1.032393476621418
209 4.230000000000000 6.390000000000000
210 4.741369412468231 6.402595305725819
211 4.684753898652836 6.401200834942188
212 6.240369334731446 6.439516486077130
213 5.359637814267448 6.417823591484420
214 6.079073829951762 6.435543690392901
215 1.450000000000000 1.130000000000000
216 6.658767060384194 1.067743819995408
217 7.953077140235727 1.052273978403557
218 5.830206379772270 1.077646935699933
219 7.554164581877536 1.057041857587121
220 6.512988597738380 1.069486192058904
221 4.924380472807464 1.088473540165648
222 8.699354038586781 1.043354334200158
223 4.677815379597161 1.091420533311588
224 2.352019993729881 1.119218884537093
225 4.470000000000000 1.940000000000000
226 7.952601845599819 0.552131442718884
227 6.426701587745030 1.160225357359035
228 5.074547426092913 1.699078872274854
229 8.420000000000000 5.950000000000000
230 6.550363274262850 7.247612347636872
231 6.412570627973889 7.343246668880545
232 4.487661558960693 8.679220519653564
233 1.410000000000000 9.160000000000000
234 4.580131593810008 5.231793459844121
235 3.694379361033064 6.329356009154681
236 5.624952696595360 3.937123832479662
237 5.306236444916567 4.332054839994689
238 2.368156682027649 7.972718894009218
239 7.854437660275980 1.174501160092807
240 5.101637816245006 4.585579227696405
241 6.913508322663252 2.340435339308579
242 4.740000000000000 6.380000000000000
243 4.860000000000000 8.359999999999999
244 4.797152060537887 7.323008998875139
245 5.044260385885625 1.575926422020225
246 4.240000000000000 1.430000000000000
247 4.547508968966397 4.867156701511490
248 4.405978540897705 3.285211755517893
249 4.770990988044794 7.365108947016803
250 4.513294925240714 4.484731986964756
251 4.423390295596261 3.479830239487237
252 4.445121750123674 3.722731819930742
253 8.119999999999999 0.340000000000000
254 3.562908835001524 6.114868467914034
255 5.543328869106236 3.605226945704030
256 5.199348031062643 4.041128713577759
257 7.420560871607371 1.226348071946289
258 4.956469512945354 4.348910902923031
259 6.246768060836501 2.713809885931559
260 1.440000000000000 4.070000000000000
261 1.531608982762211 4.375674871053502
262 8.970000000000001 4.270000000000000
263 7.409186182775343 5.519802945895758
264 6.307619887877951 6.401868945868947
265 6.410000000000000 7.530000000000000
266 8.100000000000000 4.130000000000000
267 6.450930719020136 7.447654174752389
268 5.247096643238645 2.400694439051254
269 4.777915346221405 2.894084107659064
270 4.343995602516338 3.350392830769060
271 4.510000000000000 7.660000000000000
272 0.440000000000000 1.020000000000000
273 0.595000277577305 1.272875145728085
274 1.312709268895383 2.443781215102049
275 1.812780325055270 3.259621955372724
276 5.986817305016266 5.408529188779378
277 5.494335652270361 3.406011880187569
278 5.435790577913409 3.167957276368491
279 9.270000000000000 0.520000000000000
280 8.949999999999999 0.640000000000000
281 5.807665358647752 5.696831117287227
282 4.045900857959962 8.531966952653319
283 8.679094448483710 1.075957267162324
284 8.416290151782562 1.498877515001765
285 6.759126420454539 4.165683593750010
286 0.360000000000000 9.289999999999999
287 0.368752699965306 8.991398274260517
288 5.118026283934094 3.819789280869005
289 4.973627561802723 3.426768565390475
290 3.690000000000000 5.390000000000000
291 4.827716460513797 4.139004411383098
292 5.996293324775353 2.854075738125802
293 6.860000000000000 4.080000000000000
294 0.900000000000000 1.350000000000000
295 2.930000000000000 6.730000000000000
296 1.735815705384507 3.565117485206232
297 7.730000000000000 9.760000000000000
298 2.240000000000000 7.930000000000000
299 7.390000000000000 1.230000000000000
300 5.730000000000000 5.610000000000000
301 4.080000000000000 2.920000000000000
302 4.539845047039291 3.669686773657996
303 5.980000000000000 5.300000000000000
534
1 2
2 3
3 0
5 6
6 4
7 17
17 21
21 11
11 13
13 24
24 9
9 19
19 23
23 15
15 20
20 18
18 14
14 22
22 10
10 12
12 16
16 8
25 35
35 27
27 28
28 31
31 29
29 39
39 36
36 38
38 37
37 33
33 32
32 30
30 34
34 26
8 55
55 44
44 53
53 27
27 47
47 42
42 56
56 58
58 54
54 43
43 46
46 57
57 51
51 48
48 45
45 41
41 52
52 49
49 50
50 40
60 59
61 78
78 68
68 81
81 65
65 77
77 63
63 72
72 75
75 66
66 69
69 80
80 9
9 74
74 82
82 83
83 67
67 64
64 76
76 79
79 71
71 73
73 70
70 62
84 88
88 86
86 90
90 87
87 89
89 41
41 85
91 101
101 98
98 104
104 63
63 100
100 99
99 97
97 95
95 94
94 106
106 10
10 107
107 105
105 108
108 42
42 96
96 28
28 93
93 103
103 102
102 92
0 115
115 114
114 93
93 109
109 119
119 6
6 116
116 118
118 117
117 112
112 111
111 110
110 113
113 26
120 122
122 121
123 132
132 129
129 125
125 128
128 11
11 127
127 133
133 64
64 126
126 131
131 130
130 124
135 138
138 65
65 136
136 139
139 137
137 134
140 141
141 125
125 60
143 144
144 153
153 149
149 147
147 148
148 145
145 43
43 152
152 154
154 29
29 146
146 109
109 151
151 150
150 142
59 166
166 157
157 66
66 162
162 160
160 161
161 156
156 94
94 164
164 12
12 158
158 165
165 44
44 163
163 159
159 2
2 155
168 13
13 173
173 178
178 67
67 126
126 176
176 175
175 144
144 174
174 45
45 170
170 172
172 177
177 169
169 171
171 167
179 68
68 188
188 136
136 185
185 184
184 183
183 181
181 95
95 156
156 14
14 190
190 187
187 186
186 145
145 46
46 191
191 189
189 169
169 182
182 30
30 110
110 180
192 193
193 47
47 96
96 31
31 146
146 194
194 5
195 199
199 203
203 200
200 157
157 69
69 197
197 15
15 198
198 205
205 202
202 201
201 147
147 206
206 48
48 170
170 204
204 196
196 26
167 32
32 111
111 208
208 207
209 211
211 210
210 97
97 181
181 213
213 16
16 158
158 214
214 212
212 192
215 224
224 17
17 223
223 70
70 221
221 218
218 86
86 220
220 216
216 49
49 219
219 196
196 217
217 182
182 171
171 33
33 112
112 222
222 207
225 71
71 228
228 227
227 87
87 216
216 50
50 226
226 26
179 232
232 137
137 231
231 230
230 159
159 3
3 229
233 122
122 238
238 138
138 98
98 235
235 72
72 160
160 234
234 18
18 240
240 237
237 236
236 148
148 241
241 51
51 172
172 239
239 217
217 34
34 113
113 180
242 210
210 99
99 183
183 244
244 243
225 73
73 245
245 218
218 88
88 40
246 248
248 251
251 127
127 173
173 252
252 74
74 19
19 250
250 197
197 247
247 234
234 161
161 211
211 100
100 184
184 249
249 243
120 101
101 254
254 75
75 162
162 247
247 20
20 198
198 258
258 256
256 255
255 149
149 259
259 174
174 89
89 52
52 257
257 219
219 226
226 253
260 261
261 199
199 91
192 264
264 35
35 53
53 114
114 263
263 102
102 150
150 262
265 267
267 230
230 163
163 115
115 263
263 103
103 151
151 266
59 128
128 21
21 270
270 248
248 76
76 269
269 268
268 227
227 90
90 220
220 40
272 273
273 274
274 275
275 129
129 200
200 254
254 235
235 104
104 77
77 185
185 271
62 221
221 245
245 228
228 268
268 175
175 130
130 278
278 277
277 255
255 201
201 236
236 186
186 276
276 105
105 212
212 25
92 279
179 78
78 282
282 139
139 249
249 244
244 213
213 164
164 106
106 22
22 281
281 276
276 285
285 54
54 152
152 36
36 116
116 284
284 283
283 222
222 208
208 280
286 287
287 273
273 140
246 79
79 269
269 176
176 131
131 289
289 288
288 256
256 202
202 237
237 187
187 281
281 107
107 214
214 165
165 55
55 231
231 267
267 1
290 166
166 80
80 250
250 23
23 291
291 288
288 277
277 292
292 124
225 223
223 84
25 264
264 193
193 108
108 56
56 293
294 274
274 296
296 132
132 203
203 295
298 238
238 81
81 188
188 282
282 232
232 297
299 257
257 204
204 239
239 177
177 189
189 37
37 117
117 283
283 207
301 270
270 251
251 133
133 178
178 302
302 82
82 291
291 258
258 205
205 240
240 190
190 300
168 24
24 252
252 302
302 83
83 289
289 278
278 292
292 153
153 259
259 206
206 241
241 57
57 191
191 38
38 118
118 284
284 4
303 285
285 58
58 154
154 39
39 194
194 119
119 4
195 287
287 261
261 296
296 275
275 141
141 224
224 7
561
0 0.400000000000000 8.800000000000001
1 0.500000000000000 7.800000000000000
2 0.500000000000000 7.500000000000000
3 0.600000000000000 5.900000000000000
4 0.600000000000000 5.400000000000000
5 0.600000000000000 3.100000000000000
6 0.600000000000000 2.500000000000000
7 0.700000000000000 3.700000000000000
8 0.700000000000000 6.200000000000000
9 0.700000000000000 4.800000000000000
10 0.700000000000000 0.700000000000000
11 0.700000000000000 2.400000000000000
12 0.700000000000000 5.700000000000000
13 0.700000000000000 7.700000000000000
14 0.700000000000000 9.100000000000000
15 0.700000000000000 0.800000000000000
16 0.700000000000000 2.300000000000000
17 0.800000000000000 4.700000000000000
18 0.800000000000000 8.100000000000000
19 0.800000000000000 1.200000000000000
20 0.800000000000000 6.500000000000000
21 0.800000000000000 1.200000000000000
22 0.800000000000000 6.400000000000000
23 0.900000000000000 3.200000000000000
24 0.900000000000000 7.500000000000000
25 0.900000000000000 1.200000000000000
26 0.900000000000000 1.500000000000000
27 0.900000000000000 3.500000000000000
28 0.900000000000000 7.600000000000000
29 0.900000000000000 7.000000000000000
30 0.900000000000000 8.699999999999999
31 0.900000000000000 1.800000000000000
32 0.900000000000000 1.900000000000000
33 1.000000000000000 2.000000000000000
34 1.000000000000000 3.600000000000000
35 1.000000000000000 8.500000000000000
36 1.000000000000000 5.600000000000000
37 1.000000000000000 3.700000000000000
38 1.000000000000000 3.400000000000000
39 1.000000000000000 2.100000000000000
40 1.100000000000000 6.700000000000000
41 1.100000000000000 4.400000000000000
42 1.100000000000000 6.100000000000000
43 1.100000000000000 7.800000000000000
44 1.100000000000000 5.600000000000000
45 1.100000000000000 4.000000000000000
46 1.100000000000000 8.699999999999999
47 1.100000000000000 7.600000000000000
48 1.100000000000000 4.400000000000000
49 1.100000000000000 2.800000000000000
50 1.100000000000000 5.900000000000000
51 1.100000000000000 1.900000000000000
52 1.100000000000000 5.600000000000000
53 1.100000000000000 7.200000000000000
54 1.200000000000000 6.000000000000000
55 1.200000000000000 2.600000000000000
56 1.200000000000000 4.500000000000000
57 1.200000000000000 8.100000000000000
58 1.200000000000000 4.500000000000000
59 1.200000000000000 3.800000000000000
60 1.300000000000000 3.700000000000000
61 1.300000000000000 7.800000000000000
62 1.300000000000000 5.600000000000000
63 1.300000000000000 8.100000000000000
64 1.300000000000000 2.400000000000000
65 1.300000000000000 3.200000000000000
66 1.300000000000000 2.400000000000000
67 1.300000000000000 8.199999999999999
68 1.400000000000000 7.600000000000000
69 1.400000000000000 6.100000000000000
70 1.400000000000000 5.100000000000000
71 1.400000000000000 2.700000000000000
72 1.500000000000000 4.100000000000000
73 1.500000000000000 3.900000000000000
74 1.500000000000000 4.400000000000000
75 1.500000000000000 3.000000000000000
76 1.500000000000000 4.400000000000000
77 1.500000000000000 7.500000000000000
78 1.500000000000000 3.300000000000000
79 1.500000000000000 8.000000000000000
80 1.600000000000000 2.600000000000000
81 1.600000000000000 3.100000000000000
82 1.600000000000000 6.100000000000000
83 1.600000000000000 3.800000000000000
84 1.600000000000000 4.800000000000000
85 1.600000000000000 4.800000000000000
86 1.700000000000000 5.200000000000000
87 1.700000000000000 2.600000000000000
88 1.700000000000000 6.600000000000000
89 1.700000000000000 3.800000000000000
90 1.900000000000000 3.800000000000000
91 1.900000000000000 5.800000000000000
92 1.900000000000000 5.900000000000000
93 1.900000000000000 6.100000000000000
94 1.900000000000000 4.400000000000000
95 2.000000000000000 4.300000000000000
96 2.000000000000000 3.600000000000000
97 2.000000000000000 3.900000000000000
98 2.000000000000000 4.900000000000000
99 2.000000000000000 7.600000000000000
100 2.100000000000000 3.200000000000000
101 2.100000000000000 5.500000000000000
102 2.100000000000000 7.000000000000000
103 2.100000000000000 4.000000000000000
104 2.200000000000000 6.000000000000000
105 2.200000000000000 4.000000000000000
106 2.200000000000000 2.200000000000000
107 2.200000000000000 7.600000000000000
108 2.200000000000000 4.500000000000000
109 2.300000000000000 2.600000000000000
110 2.300000000000000 5.400000000000000
111 2.300000000000000 4.300000000000000
112 2.300000000000000 4.400000000000000
113 2.300000000000000 3.400000000000000
114 2.300000000000000 6.300000000000000
115 2.300000000000000 5.200000000000000
116 2.300000000000000 3.000000000000000
117 2.300000000000000 4.900000000000000
118 2.300000000000000 2.100000000000000
119 2.300000000000000 1.800000000000000
120 2.400000000000000 7.500000000000000
121 2.400000000000000 2.800000000000000
122 2.400000000000000 1.400000000000000
123 2.400000000000000 3.800000000000000
124 2.500000000000000 6.200000000000000
125 2.500000000000000 1.200000000000000
126 2.500000000000000 1.200000000000000
127 2.600000000000000 3.200000000000000
128 2.600000000000000 1.500000000000000
129 2.600000000000000 7.900000000000000
130 2.600000000000000 5.500000000000000
131 2.600000000000000 7.000000000000000
132 2.600000000000000 1.700000000000000
133 2.600000000000000 1.900000000000000
134 2.700000000000000 5.400000000000000
135 2.700000000000000 2.800000000000000
136 2.700000000000000 7.900000000000000
137 2.700000000000000 7.700000000000000
138 2.800000000000000 1.400000000000000
139 2.800000000000000 3.400000000000000
140 2.800000000000000 7.500000000000000
141 2.800000000000000 4.400000000000000
142 2.800000000000000 5.700000000000000
143 2.800000000000000 7.800000000000000
144 2.900000000000000 3.300000000000000
145 2.900000000000000 6.300000000000000
146 2.900000000000000 2.800000000000000
147 2.900000000000000 1.200000000000000
148 2.900000000000000 2.900000000000000
149 2.900000000000000 4.700000000000000
150 2.900000000000000 5.100000000000000
151 2.900000000000000 7.500000000000000
152 2.900000000000000 7.700000000000000
153 3.000000000000000 7.500000000000000
154 3.000000000000000 3.600000000000000
155 3.000000000000000 4.800000000000000
156 3.000000000000000 6.900000000000000
157 3.100000000000000 4.000000000000000
158 3.100000000000000 4.000000000000000
159 3.100000000000000 6.600000000000000
160 3.100000000000000 4.000000000000000
161 3.100000000000000 3.700000000000000
162 3.100000000000000 3.800000000000000
163 3.100000000000000 7.800000000000000
164 3.100000000000000 8.199999999999999
165 3.100000000000000 4.800000000000000
166 3.100000000000000 3.500000000000000
167 3.100000000000000 2.900000000000000
168 3.200000000000000 3.300000000000000
169 3.200000000000000 1.600000000000000
170 3.200000000000000 7.400000000000000
171 3.200000000000000 1.200000000000000
172 3.300000000000000 1.400000000000000
173 3.300000000000000 5.100000000000000
174 3.300000000000000 7.300000000000000
175 3.300000000000000 3.100000000000000
176 3.300000000000000 3.500000000000000
177 3.300000000000000 2.300000000000000
178 3.300000000000000 4.000000000000000
179 3.300000000000000 6.800000000000000
180 3.400000000000000 5.900000000000000
181 3.400000000000000 7.700000000000000
182 3.400000000000000 5.800000000000000
183 3.400000000000000 4.400000000000000
184 3.400000000000000 3.200000000000000
185 3.400000000000000 1.600000000000000
186 3.400000000000000 4.100000000000000
187 3.400000000000000 6.900000000000000
188 3.500000000000000 7.000000000000000
189 3.500000000000000 3.500000000000000
190 3.500000000000000 6.000000000000000
191 3.500000000000000 2.200000000000000
192 3.500000000000000 2.400000000000000
193 3.500000000000000 8.100000000000000
194 3.500000000000000 6.700000000000000
195 3.500000000000000 8.300000000000001
196 3.500000000000000 2.400000000000000
197 3.500000000000000 7.500000000000000
198 3.600000000000000 2.500000000000000
199 3.600000000000000 6.100000000000000
200 3.600000000000000 5.800000000000000
201 3.600000000000000 2.800000000000000
202 3.600000000000000 6.200000000000000
203 3.600000000000000 4.600000000000000
204 3.600000000000000 3.200000000000000
205 3.600000000000000 7.900000000000000
206 3.700000000000000 1.300000000000000
207 3.700000000000000 8.600000000000000
208 3.700000000000000 2.700000000000000
209 3.700000000000000 1.800000000000000
210 3.700000000000000 6.900000000000000
211 3.700000000000000 6.600000000000000
212 3.700000000000000 8.900000000000000
213 3.700000000000000 7.800000000000000
214 3.700000000000000 5.200000000000000
215 3.700000000000000 5.700000000000000
216 3.700000000000000 3.400000000000000
217 3.800000000000000 5.800000000000000
218 3.800000000000000 6.400000000000000
219 3.800000000000000 4.100000000000000
220 3.800000000000000 8.300000000000001
221 3.800000000000000 5.800000000000000
222 3.800000000000000 3.800000000000000
223 3.800000000000000 1.900000000000000
224 3.800000000000000 3.400000000000000
225 3.800000000000000 2.900000000000000
226 3.800000000000000 3.000000000000000
227 3.800000000000000 6.600000000000000
228 3.900000000000000 8.000000000000000
229 3.900000000000000 3.800000000000000
230 3.900000000000000 7.300000000000000
231 3.900000000000000 8.000000000000000
232 3.900000000000000 1.600000000000000
233 3.900000000000000 2.500000000000000
234 3.900000000000000 8.900000000000000
235 3.900000000000000 3.700000000000000
236 3.900000000000000 1.400000000000000
237 3.900000000000000 7.000000000000000
238 4.000000000000000 3.200000000000000
239 4.000000000000000 3.100000000000000
240 4.000000000000000 2.500000000000000
241 4.000000000000000 3.100000000000000
242 4.000000000000000 4.300000000000000
243 4.000000000000000 1.700000000000000
244 4.000000000000000 2.500000000000000
245 4.000000000000000 3.900000000000000
246 4.000000000000000 3.600000000000000
247 4.000000000000000 7.300000000000000
248 4.000000000000000 1.200000000000000
249 4.100000000000000 8.600000000000000
250 4.100000000000000 5.900000000000000
251 4.100000000000000 8.500000000000000
252 4.100000000000000 1.500000000000000
253 4.100000000000000 7.000000000000000
254 4.100000000000000 5.900000000000000
255 4.100000000000000 8.400000000000000
256 4.200000000000000 4.800000000000000
257 4.200000000000000 8.800000000000001
258 4.200000000000000 1.600000000000000
259 4.200000000000000 8.199999999999999
260 4.200000000000000 7.500000000000000
261 4.200000000000000 3.600000000000000
262 4.200000000000000 7.200000000000000
263 4.200000000000000 5.700000000000000
264 4.200000000000000 5.000000000000000
265 4.200000000000000 6.800000000000000
266 4.300000000000000 3.100000000000000
267 4.300000000000000 4.900000000000000
268 4.300000000000000 6.000000000000000
269 4.300000000000000 6.300000000000000
270 4.300000000000000 6.300000000000000
271 4.300000000000000 1.400000000000000
272 4.300000000000000 1.500000000000000
273 4.300000000000000 1.900000000000000
274 4.300000000000000 7.100000000000000
275 4.400000000000000 4.000000000000000
276 4.400000000000000 7.700000000000000
277 4.400000000000000 8.600000000000000
278 4.400000000000000 4.300000000000000
279 4.400000000000000 4.000000000000000
280 4.400000000000000 7.300000000000000
281 4.500000000000000 6.700000000000000
282 4.500000000000000 6.500000000000000
283 4.500000000000000 8.500000000000000
284 4.500000000000000 6.200000000000000
285 4.500000000000000 7.600000000000000
286 4.500000000000000 4.100000000000000
287 4.500000000000000 7.800000000000000
288 4.500000000000000 3.400000000000000
289 4.600000000000000 3.500000000000000
290 4.600000000000000 7.000000000000000
291 4.600000000000000 8.100000000000000
292 4.600000000000000 4.100000000000000
293 4.600000000000000 4.800000000000000
294 4.600000000000000 3.400000000000000
295 4.600000000000000 4.500000000000000
296 4.600000000000000 3.100000000000000
297 4.600000000000000 6.500000000000000
298 4.600000000000000 4.900000000000000
299 4.600000000000000 8.600000000000000
300 4.600000000000000 5.600000000000000
301 4.700000000000000 5.400000000000000
302 4.700000000000000 6.900000000000000
303 4.700000000000000 2.200000000000000
304 4.700000000000000 5.200000000000000
305 4.700000000000000 3.000000000000000
306 4.700000000000000 4.800000000000000
307 4.700000000000000 5.500000000000000
308 4.800000000000000 1.100000000000000
309 4.800000000000000 3.200000000000000
310 4.800000000000000 6.200000000000000
311 4.800000000000000 2.800000000000000
312 4.800000000000000 3.700000000000000
313 4.800000000000000 4.400000000000000
314 4.800000000000000 1.900000000000000
315 4.800000000000000 4.100000000000000
316 4.800000000000000 7.400000000000000
317 4.800000000000000 7.700000000000000
318 4.800000000000000 6.400000000000000
319 4.800000000000000 5.500000000000000
320 4.800000000000000 6.900000000000000
321 4.900000000000000 8.199999999999999
322 4.900000000000000 2.900000000000000
323 4.900000000000000 2.000000000000000
324 4.900000000000000 2.200000000000000
325 4.900000000000000 5.100000000000000
326 4.900000000000000 4.000000000000000
327 4.900000000000000 5.700000000000000
328 5.000000000000000 5.200000000000000
329 5.000000000000000 2.200000000000000
330 5.000000000000000 6.000000000000000
331 5.000000000000000 1.800000000000000
332 5.100000000000000 2.700000000000000
333 5.100000000000000 5.900000000000000
334 5.100000000000000 2.400000000000000
335 5.100000000000000 4.900000000000000
336 5.100000000000000 7.000000000000000
337 5.200000000000000 6.000000000000000
338 5.200000000000000 8.100000000000000
339 5.200000000000000 2.800000000000000
340 5.200000000000000 7.700000000000000
341 5.200000000000000 5.400000000000000
342 5.200000000000000 1.000000000000000
343 5.200000000000000 1.100000000000000
344 5.200000000000000 7.400000000000000
345 5.200000000000000 0.700000000000000
346 5.300000000000000 2.700000000000000
347 5.300000000000000 1.300000000000000
348 5.300000000000000 5.800000000000000
349 5.300000000000000 8.100000000000000
350 5.300000000000000 5.200000000000000
351 5.400000000000000 5.400000000000000
352 5.400000000000000 5.800000000000000
353 5.400000000000000 6.700000000000000
354 5.400000000000000 6.400000000000000
355 5.400000000000000 5.700000000000000
356 5.400000000000000 6.000000000000000
357 5.400000000000000 1.100000000000000
358 5.400000000000000 3.400000000000000
359 5.400000000000000 2.300000000000000
360 5.400000000000000 3.700000000000000
361 5.500000000000000 6.500000000000000
362 5.500000000000000 3.600000000000000
363 5.500000000000000 1.000000000000000
364 5.500000000000000 4.500000000000000
365 5.500000000000000 2.500000000000000
366 5.500000000000000 6.800000000000000
367 5.500000000000000 7.600000000000000
368 5.500000000000000 7.100000000000000
369 5.500000000000000 2.100000000000000
370 5.600000000000000 5.300000000000000
371 5.600000000000000 5.500000000000000
372 5.600000000000000 7.700000000000000
373 5.600000000000000 0.800000000000000
374 5.600000000000000 3.000000000000000
375 5.600000000000000 2.600000000000000
376 5.600000000000000 1.100000000000000
377 5.600000000000000 6.600000000000000
378 5.600000000000000 5.300000000000000
379 5.700000000000000 2.800000000000000
380 5.700000000000000 3.700000000000000
381 5.700000000000000 6.400000000000000
382 5.700000000000000 4.900000000000000
383 5.700000000000000 1.200000000000000
384 5.700000000000000 6.000000000000000
385 5.700000000000000 1.900000000000000
386 5.700000000000000 1.800000000000000
387 5.700000000000000 6.500000000000000
388 5.700000000000000 0.900000000000000
389 5.800000000000000 2.500000000000000
390 5.800000000000000 6.400000000000000
391 5.800000000000000 1.700000000000000
392 5.800000000000000 5.200000000000000
393 5.800000000000000 5.600000000000000
394 5.800000000000000 1.500000000000000
395 5.800000000000000 3.000000000000000
396 5.800000000000000 6.300000000000000
397 5.800000000000000 3.800000000000000
398 5.900000000000000 2.500000000000000
399 5.900000000000000 3.900000000000000
400 5.900000000000000 6.000000000000000
401 5.900000000000000 1.600000000000000
402 5.900000000000000 6.200000000000000
403 5.900000000000000 4.700000000000000
404 6.000000000000000 1.700000000000000
405 6.000000000000000 6.800000000000000
406 6.000000000000000 5.800000000000000
407 6.000000000000000 5.900000000000000
408 6.000000000000000 2.100000000000000
409 6.000000000000000 4.300000000000000
410 6.000000000000000 1.800000000000000
411 6.100000000000000 3.300000000000000
412 6.100000000000000 7.200000000000000
413 6.100000000000000 5.600000000000000
414 6.100000000000000 5.800000000000000
415 6.100000000000000 3.500000000000000
416 6.100000000000000 5.700000000000000
417 6.100000000000000 2.800000000000000
418 6.100000000000000 6.600000000000000
419 6.100000000000000 2.200000000000000
420 6.200000000000000 1.600000000000000
421 6.200000000000000 6.100000000000000
422 6.200000000000000 1.300000000000000
423 6.200000000000000 4.300000000000000
424 6.200000000000000 3.200000000000000
425 6.200000000000000 4.600000000000000
426 6.200000000000000 3.700000000000000
427 6.200000000000000 3.700000000000000
428 6.300000000000000 1.100000000000000
429 6.300000000000000 2.600000000000000
430 6.300000000000000 6.700000000000000
431 6.300000000000000 7.300000000000000
432 6.300000000000000 5.400000000000000
433 6.300000000000000 3.300000000000000
434 6.300000000000000 6.500000000000000
435 6.400000000000000 1.600000000000000
436 6.400000000000000 2.300000000000000
437 6.400000000000000 4.800000000000000
438 6.500000000000000 2.100000000000000
439 6.500000000000000 4.000000000000000
440 6.500000000000000 3.500000000000000
441 6.500000000000000 3.500000000000000
442 6.500000000000000 0.800000000000000
443 6.500000000000000 4.200000000000000
444 6.500000000000000 0.700000000000000
445 6.500000000000000 2.300000000000000
446 6.500000000000000 4.200000000000000
447 6.500000000000000 1.700000000000000
448 6.600000000000000 0.800000000000000
449 6.600000000000000 6.500000000000000
450 6.600000000000000 7.500000000000000
451 6.600000000000000 3.500000000000000
452 6.600000000000000 3.200000000000000
453 6.700000000000000 7.500000000000000
454 6.700000000000000 6.400000000000000
455 6.700000000000000 6.700000000000000
456 6.700000000000000 7.600000000000000
457 6.700000000000000 3.100000000000000
458 6.800000000000000 7.500000000000000
459 6.800000000000000 5.300000000000000
460 6.800000000000000 6.700000000000000
461 6.800000000000000 5.300000000000000
462 6.800000000000000 2.100000000000000
463 6.800000000000000 3.300000000000000
464 6.800000000000000 5.500000000000000
465 6.800000000000000 3.100000000000000
466 6.800000000000000 4.400000000000000
467 6.900000000000000 0.600000000000000
468 6.900000000000000 6.000000000000000
469 6.900000000000000 4.300000000000000
470 6.900000000000000 3.600000000000000
471 6.900000000000000 4.300000000000000
472 7.000000000000000 7.000000000000000
473 7.000000000000000 6.800000000000000
474 7.000000000000000 5.700000000000000
475 7.000000000000000 2.900000000000000
476 7.000000000000000 4.600000000000000
477 7.000000000000000 4.400000000000000
478 7.100000000000000 5.000000000000000
479 7.100000000000000 5.700000000000000
480 7.100000000000000 3.200000000000000
481 7.100000000000000 4.700000000000000
482 7.100000000000000 2.500000000000000
483 7.100000000000000 5.400000000000000
484 7.100000000000000 5.400000000000000
485 7.100000000000000 6.300000000000000
486 7.100000000000000 6.300000000000000
487 7.100000000000000 5.200000000000000
488 7.100000000000000 6.400000000000000
489 7.200000000000000 4.000000000000000
490 7.200000000000000 6.400000000000000
491 7.200000000000000 1.700000000000000
492 7.200000000000000 4.000000000000000
493 7.200000000000000 0.300000000000000
494 7.200000000000000 4.500000000000000
495 7.200000000000000 4.400000000000000
496 7.200000000000000 1.000000000000000
497 7.300000000000000 5.800000000000000
498 7.300000000000000 1.600000000000000
499 7.300000000000000 0.700000000000000
500 7.300000000000000 2.200000000000000
501 7.300000000000000 5.300000000000000
502 7.300000000000000 4.100000000000000
503 7.400000000000000 1.100000000000000
504 7.500000000000000 2.900000000000000
505 7.500000000000000 1.300000000000000
506 7.500000000000000 4.200000000000000
507 7.500000000000000 2.800000000000000
508 7.500000000000000 4.000000000000000
509 7.500000000000000 3.600000000000000
510 7.500000000000000 0.200000000000000
511 7.600000000000000 2.100000000000000
512 7.600000000000000 2.100000000000000
513 7.600000000000000 4.100000000000000
514 7.600000000000000 5.200000000000000
515 7.600000000000000 4.300000000000000
516 7.600000000000000 1.600000000000000
517 7.600000000000000 2.100000000000000
518 7.600000000000000 2.100000000000000
519 7.600000000000000 5.100000000000000
520 7.600000000000000 4.700000000000000
521 7.700000000000000 2.400000000000000
522 7.800000000000000 1.700000000000000
523 7.800000000000000 0.900000000000000
524 7.800000000000000 1.400000000000000
525 7.800000000000000 4.200000000000000
526 7.800000000000000 0.900000000000000
527 7.800000000000000 3.200000000000000
528 7.900000000000000 4.900000000000000
529 7.900000000000000 5.100000000000000
530 7.900000000000000 0.800000000000000
531 7.900000000000000 1.100000000000000
532 7.900000000000000 2.400000000000000
533 8.000000000000000 3.200000000000000
534 8.000000000000000 1.300000000000000
535 8.000000000000000 3.000000000000000
536 8.000000000000000 3.800000000000000
537 8.000000000000000 0.800000000000000
538 8.100000000000000 4.400000000000000
539 8.100000000000000 2.300000000000000
540 8.100000000000000 2.800000000000000
541 8.100000000000000 2.000000000000000
542 8.199999999999999 4.400000000000000
543 8.199999999999999 3.800000000000000
544 8.199999999999999 0.500000000000000
545 8.199999999999999 4.700000000000000
546 8.300000000000001 3.400000000000000
547 8.300000000000001 2.500000000000000
548 8.300000000000001 3.200000000000000
549 8.300000000000001 1.600000000000000
550 8.400000000000000 4.500000000000000
551 8.400000000000000 4.400000000000000
552 8.500000000000000 2.700000000000000
553 8.500000000000000 3.700000000000000
554 8.500000000000000 3.700000000000000
555 8.500000000000000 2.200000000000000
556 8.500000000000000 3.100000000000000
557 8.500000000000000 1.400000000000000
558 8.500000000000000 0.600000000000000
559 8.500000000000000 2.900000000000000
560 8.600000000000000 0.800000000000000
