47
0 0.742000000000000 9.124000000000001
1 5.441000000000000 3.551000000000000
2 3.724042807222663 5.587306115204958
3 3.090926544023282 6.338180117079858
4 2.984336151213887 6.464596005380933
5 4.435501644918864 4.743518053387353
6 4.132716122157793 5.102620781275723
7 2.940000000000000 8.391999999999999
8 1.219000000000000 9.004000000000000
9 2.276497783270961 8.627946168877497
10 2.231000000000000 8.766999999999999
11 8.749000000000001 5.674000000000000
12 6.302000000000000 4.852000000000000
13 6.768000000000000 2.345000000000000
14 0.291000000000000 6.187000000000000
15 3.852000000000000 6.618000000000000
16 3.361000000000000 2.663000000000000
17 3.604535625615555 4.624676984337107
18 3.599533279481627 4.584383137168707
19 3.400671394403435 2.982552677933981
20 3.538800740312145 4.095183152616155
21 4.641523766728167 5.094104850500134
22 4.078235744069421 6.181332267425480
23 4.772000000000000 1.001000000000000
24 5.693825254616627 3.321228140868386
25 9.499000000000001 6.754000000000000
26 4.899000000000000 9.691000000000001
27 4.238000000000000 3.629000000000000
28 3.166216773526944 5.313624951221238
29 3.567093305061347 4.683528686695623
30 4.000201744837185 4.002770426807685
31 4.204480514956266 3.681685803865937
32 4.043000000000000 6.879000000000000
33 3.002056742539003 7.547527130627200
34 2.494299497696507 7.962283786260890
35 4.052574666757867 6.689421598194243
36 3.824000000000000 1.251000000000000
37 3.109819425184642 6.081084354197586
38 3.344537045130501 2.887029141205125
39 3.212661530103735 4.681601173481476
40 3.865072506723580 3.772821689407585
41 4.075127678574932 3.130834887125963
42 4.987000000000000 5.682000000000000
43 3.217000000000000 2.670000000000000
44 4.173380419359924 4.297467696673499
45 3.789554399656104 3.644312910601233
46 4.248000000000000 2.820000000000000
74
0 4
4 3
3 2
2 6
6 5
5 1
8 9
9 7
10 11
12 13
14 0
16 19
19 20
20 18
18 17
17 2
2 15
15 22
22 21
21 1
23 24
24 12
26 25
0 28
28 29
29 17
17 30
30 31
31 27
7 32
1 24
24 13
8 10
8 34
34 33
33 35
35 12
16 36
7 33
33 3
3 37
37 28
28 39
39 38
38 16
10 9
9 34
34 4
4 37
37 29
29 18
18 40
40 41
41 23
43 38
38 19
19 45
45 40
40 30
30 44
44 5
5 21
21 42
32 35
35 22
22 6
6 44
44 31
31 46
0 39
39 20
20 45
45 41
41 46
25
0 1.400000000000000 8.699999999999999
1 2.100000000000000 6.900000000000000
2 2.300000000000000 8.199999999999999
3 2.800000000000000 7.800000000000000
4 3.000000000000000 8.000000000000000
5 3.400000000000000 5.100000000000000
6 3.500000000000000 3.600000000000000
7 3.600000000000000 4.600000000000000
8 3.700000000000000 4.900000000000000
9 3.700000000000000 6.100000000000000
10 3.800000000000000 6.500000000000000
11 3.900000000000000 4.800000000000000
12 4.000000000000000 3.900000000000000
13 4.300000000000000 4.800000000000000
14 4.400000000000000 4.600000000000000
15 4.400000000000000 4.700000000000000
16 4.500000000000000 5.300000000000000
17 4.600000000000000 3.100000000000000
18 4.600000000000000 5.300000000000000
19 4.800000000000000 4.800000000000000
20 5.000000000000000 2.400000000000000
21 5.400000000000000 4.400000000000000
22 5.600000000000000 3.400000000000000
23 6.000000000000000 4.900000000000000
24 6.000000000000000 3.200000000000000
