62
0 9.519000000000000 8.994000000000000
1 9.441000000000001 7.560000000000000
2 8.557000000000000 0.004000000000000
3 3.817000000000000 1.772000000000000
4 5.204736268452757 1.254380227294415
5 6.601394202477539 0.733432710974623
6 7.704562790597497 0.321955482325660
7 7.611034164178523 0.356841265344382
8 4.634798824346661 1.466964489146646
9 5.169000000000000 0.049000000000000
10 5.343000000000000 5.918000000000000
11 5.307542948075214 4.722037714100162
12 5.292474920681160 4.213794882055909
13 5.219747825224532 1.760718311740117
14 5.302189908995525 4.541480321234126
15 5.203430478802291 1.210336092474980
16 5.278798079933060 3.752476615673173
17 5.277554916621391 3.710544860062882
18 5.272248124618415 3.531547375778585
19 0.888000000000000 0.239000000000000
20 6.945479212274995 6.383505909334675
21 6.087132987783272 5.512827981467101
22 2.936393868644105 2.316822769085754
23 5.229476192142323 4.642849387348632
24 4.898117916419999 4.306730547822627
25 6.882258113802129 6.319376524891395
26 3.933558019209883 3.328312994807384
27 9.092000000000001 9.201000000000001
28 4.031000000000000 2.558000000000000
29 6.196454698457379 5.400346485250418
30 5.418544531606603 4.379272144529275
31 5.118653857396232 3.985639710468914
32 6.905035808452933 6.330420445673353
33 4.159982316569335 2.727300440420885
34 5.809000000000000 5.799000000000000
35 8.992000000000001 2.524000000000000
36 6.659622462330308 4.923791528705072
37 6.626558002475452 4.957811668832201
38 6.685464790069608 4.897202265951002
39 7.559000000000000 1.191000000000000
40 6.500104327001156 0.685033950391348
41 7.166815391958596 1.003604676827078
42 7.727000000000000 0.188000000000000
43 2.135000000000000 2.512000000000000
44 6.933469542154528 1.343346190046805
45 2.255186899371806 2.482728817464942
46 4.453857463917764 1.947248762935958
47 1.457000000000000 9.901999999999999
48 4.332975852194807 5.892646621827578
49 5.650734041241655 4.055580346449308
50 5.717791747111559 3.962096237618279
51 4.646477002931682 1.435966349707472
52 5.839000000000000 4.146000000000000
53 1.222000000000000 9.659000000000001
54 4.086584957430586 5.488287604638727
55 5.295929625053057 3.727533823385472
56 1.945272977269944 8.605945677521346
57 5.367391378819951 3.623488585887201
58 5.143000000000000 7.222000000000000
59 3.489176405505156 4.507863652089896
60 4.173965597775183 2.690183719052027
61 5.192000000000000 3.454000000000000
105
1 0
3 8
8 4
4 5
5 7
7 6
6 2
9 15
15 4
4 13
13 18
18 17
17 16
16 12
12 14
14 11
11 10
19 22
22 26
26 24
24 23
23 11
11 21
21 25
25 20
20 0
28 33
33 31
31 12
12 30
30 29
29 32
32 20
20 27
34 21
21 29
29 37
37 36
36 38
38 35
9 40
40 5
5 41
41 39
39 6
6 42
43 45
45 22
22 46
46 13
13 44
44 39
47 48
48 23
23 14
14 30
30 49
49 50
50 2
3 51
51 15
15 40
40 42
52 36
36 1
53 56
56 54
54 24
24 31
31 16
16 55
55 57
57 44
44 41
41 7
7 42
19 45
45 59
59 54
54 48
48 58
34 25
25 32
32 1
10 27
28 60
60 17
17 55
55 49
49 37
37 1
47 56
56 59
59 26
26 33
33 60
60 46
46 8
8 51
51 9
61 18
18 57
57 50
50 38
38 1
48
0 1.500000000000000 1.100000000000000
1 1.500000000000000 3.500000000000000
2 1.700000000000000 4.800000000000000
3 1.900000000000000 7.200000000000000
4 2.300000000000000 2.400000000000000
5 2.400000000000000 2.800000000000000
6 3.100000000000000 3.300000000000000
7 3.100000000000000 3.800000000000000
8 3.100000000000000 2.300000000000000
9 3.600000000000000 4.700000000000000
10 3.600000000000000 5.700000000000000
11 3.900000000000000 3.800000000000000
12 4.000000000000000 4.400000000000000
13 4.200000000000000 3.500000000000000
14 4.400000000000000 1.900000000000000
15 4.700000000000000 1.600000000000000
16 4.900000000000000 2.700000000000000
17 5.000000000000000 0.500000000000000
18 5.300000000000000 3.200000000000000
19 5.400000000000000 5.800000000000000
20 5.400000000000000 5.100000000000000
21 5.500000000000000 4.900000000000000
22 5.700000000000000 5.900000000000000
23 5.800000000000000 3.300000000000000
24 5.900000000000000 2.300000000000000
25 5.900000000000000 5.200000000000000
26 6.000000000000000 3.900000000000000
27 6.400000000000000 1.900000000000000
28 6.400000000000000 3.900000000000000
29 6.600000000000000 2.500000000000000
30 6.600000000000000 2.800000000000000
31 6.600000000000000 4.600000000000000
32 6.800000000000000 5.000000000000000
33 7.000000000000000 1.800000000000000
34 7.300000000000000 7.500000000000000
35 7.400000000000000 7.100000000000000
36 7.500000000000000 2.600000000000000
37 7.600000000000000 0.400000000000000
38 7.800000000000000 2.500000000000000
39 7.800000000000000 7.200000000000000
40 7.800000000000000 8.000000000000000
41 7.900000000000000 8.000000000000000
42 7.900000000000000 0.800000000000000
43 8.199999999999999 7.500000000000000
44 8.199999999999999 7.600000000000000
45 8.300000000000001 5.400000000000000
46 8.400000000000000 2.300000000000000
47 8.400000000000000 2.900000000000000
