268
0 6.120000000000000 9.740000000000000
1 1.420000000000000 6.670000000000000
2 3.705939030454635 8.163155919892709
3 5.905986810971600 9.600208406315492
4 1.453439521807207 6.691842411052793
5 2.594368619022031 7.437087587318646
6 3.439987100133733 7.989438382427778
7 2.794034643213877 7.567507735035447
8 2.100796480163278 7.114690466830056
9 2.548745193160977 7.407286753830681
10 1.897941033343931 6.982187015396994
11 0.410000000000000 6.480000000000000
12 0.300000000000000 9.500000000000000
13 0.354456140848667 8.004931405791138
14 0.349477110233700 8.141628428129335
15 4.910000000000000 8.220000000000001
16 0.250000000000000 8.000000000000000
17 0.780680648531518 8.025053592849128
18 3.134919719627365 8.136197926677687
19 4.777564203626104 8.213747666265611
20 1.638091043133968 8.065532195169414
21 7.460000000000000 9.850000000000000
22 0.430000000000000 8.720000000000001
23 1.547866753828781 8.899685552180161
24 0.797167700677674 8.779018421303808
25 1.442090132352906 8.882683051146342
26 4.540000000000000 5.990000000000000
27 9.710000000000001 5.450000000000000
28 6.658818553629613 5.768692065965186
29 5.568636786806756 5.882560180875116
30 6.747237013371199 5.759456869009585
31 4.806800458715595 5.962133027522937
32 9.209083661894347 5.502320081736374
33 6.011177384280833 5.836337371854613
34 6.554500816617111 5.779587922442314
35 7.123256519784173 5.720182104316547
36 5.037277948511259 5.938059943482383
37 9.051479381627617 5.518781650661719
38 6.925522388059702 5.740835185773261
39 6.928436545550289 5.740530805687204
40 8.515111379307612 5.574804614153557
41 6.817088837300549 5.752160933821607
42 7.990000000000000 8.010000000000000
43 3.880000000000000 1.090000000000000
44 6.115953947916493 4.854671853912928
45 6.548665790998649 5.583228047131543
46 6.215807453416149 5.022795031055900
47 7.204723130733759 6.687830672670952
48 6.108113148896487 4.841470313957101
49 6.615588652637094 5.695905955291652
50 5.902700836850128 4.495617954015300
51 5.776757613079736 4.283567562654932
52 6.726223606784355 5.882181839160032
53 7.067810490353698 6.457311093247588
54 6.824605790358020 6.047827754082116
55 5.341165654568564 3.550162123993787
56 5.519046027519023 3.849659004971202
57 9.000000000000000 5.190000000000000
58 6.210000000000000 2.340000000000000
59 7.016347684515195 3.163688494934877
60 7.801464968152866 3.965690021231422
61 7.891993298668075 4.058165197564163
62 8.468185062789161 4.646748182419035
63 8.584131464824928 4.765188055466324
64 6.867561143644506 3.011702243507829
65 7.620000000000000 2.030000000000000
66 5.160000000000000 6.650000000000000
67 5.991373524066496 5.088639966997068
68 5.922214765100672 5.218523489932885
69 6.104782608695651 4.875652173913045
70 6.360456501818788 4.395484130730569
71 6.360775133399443 4.394885725079096
72 5.825039370078740 5.401023622047244
73 6.906127085937925 3.370688155677557
74 7.210864665370547 2.798376116255314
75 2.040000000000000 5.220000000000000
76 9.970000000000001 9.400000000000000
77 2.163345347664715 5.285016841518097
78 4.206788732394365 6.362140845070422
79 5.454982845936983 7.020079230266909
80 5.478000193655366 7.032211955798163
81 5.874302330587968 7.241107659755070
82 5.595046715355055 7.093908609102664
83 3.044575421492778 5.749523992665802
84 4.756983371116656 6.652155169138414
85 2.572147666647948 5.500501544336497
86 4.725523092270016 6.635572071335267
87 9.631225663348609 9.221427903253112
88 5.263846337475948 6.919328838669541
89 2.582507712483941 5.505962451221043
90 2.289120358395906 5.351314388158245
91 8.900000000000000 7.670000000000000
92 0.990000000000000 0.650000000000000
93 3.415855460595428 2.802908386015159
94 6.045279284164859 5.136480477223427
95 7.685309621102869 6.591981484215188
96 6.076655388673075 5.164326274144752
97 6.639193761220138 5.663570190109401
98 2.600612084750196 2.079392773065281
99 5.171644995775721 4.361143852129654
100 7.562507474757377 6.482996519949024
101 5.438250747187625 4.597752243395338
102 5.580075335762112 4.723619324532241
103 6.814764771285139 5.819386687031817
104 6.970674390968508 5.957754010695187
105 2.263971890594930 1.780629920603845
106 5.159657245094492 4.350504912839866
107 8.376130364597829 7.205073977177845
108 6.818891068923184 5.823048710978604
109 4.919549549549549 4.137413127413128
110 4.975729305361146 4.187271772899526
111 3.710000000000000 2.220000000000000
112 2.497419256240448 4.622980132450332
113 3.443702050641172 2.747724594765971
114 1.458745730656531 6.681327058150169
115 1.464581841579911 6.669761594430055
116 2.356937523709100 4.901373809722820
117 1.376897761703793 6.843525777111386
118 1.173222146073167 7.247151234915981
119 0.566173105520318 8.450144760401809
120 1.896691862757986 5.813446003680820
121 2.433376240059031 4.749894646224482
122 1.639280455153949 6.323560073627846
123 2.230000000000000 7.680000000000000
124 9.340000000000000 2.940000000000000
125 9.044511082138200 3.136992611907865
126 6.081736745886655 5.112175502742230
127 6.581352739726027 4.779098173515981
128 3.036250000000000 7.142500000000000
129 3.763800539083557 6.657466307277629
130 7.549916167664671 4.133389221556886
131 5.259999999999996 5.660000000000002
132 5.119774919614146 5.753483386923902
133 2.726430575035063 7.349046283309958
134 2.625641677255400 7.416238881829734
135 8.703558106169297 3.364294595887135
136 3.752011834319527 6.665325443786982
137 0.620000000000000 6.560000000000000
138 3.770000000000000 3.310000000000000
139 2.321962706691473 4.804006731191337
140 1.939039077514414 5.199086666056557
141 0.918514250379447 6.252009106751364
142 2.452767754175812 4.669049142517020
143 0.956254645022491 6.213070604341874
144 8.900000000000000 1.060000000000000
145 9.410000000000000 8.390000000000001
146 9.263006057944578 6.277322362223048
147 9.090269645375999 3.794659805109933
148 9.337188175211157 7.343508479015259
149 9.117514038339189 4.186231178482845
150 8.945935928490707 1.720216383993890
151 6.640000000000000 6.450000000000000
152 5.395602352702249 7.048645555876679
153 5.917519243009293 6.797565663851996
154 5.753925853895710 6.876265953567521
155 4.382440533928902 7.536049900870166
156 4.306784988569976 7.572445707391415
157 4.419212552096104 7.518359892130423
158 3.876025584855833 7.779672234414781
159 4.240661145302242 7.604256073632202
160 1.423682350203460 8.959427260548809
161 9.400000000000000 6.250000000000000
162 5.902913536302499 6.947466337948037
163 5.667704901976788 6.994376846607140
164 7.631449738084862 6.602723413464246
165 3.802233920052640 7.366430333936503
166 4.457253289644231 7.235791882260634
167 9.173057701429830 6.295261853131847
168 4.958626229699052 7.135797000213438
169 3.130493063631501 7.500403754394275
170 3.210880344809405 7.484371144619603
171 8.441249582416569 6.441215215780238
172 5.700000000000000 9.029999999999999
173 6.270000000000000 3.180000000000000
174 5.933868666396433 6.629768950141873
175 6.181798819558507 4.085222641373210
176 6.147047071886409 4.441885314850018
177 5.953298691150615 6.430355538191053
178 5.753308893260284 8.482882411276032
179 6.248943475964078 3.396106430894989
180 7.620000000000000 4.320000000000000
181 4.700000000000000 8.320000000000000
182 6.891576416361195 5.317840525532610
183 5.115780909403801 7.750437110405752
184 6.214857352941177 6.244852941176471
185 6.855781250000000 5.366875000000000
186 4.832807183527429 8.138072351332291
187 6.808925286066861 5.431061251963205
188 6.020000000000000 4.790000000000000
189 2.450000000000000 1.960000000000000
190 5.703813949151488 4.539353914873590
191 5.673259051754324 4.515132525620375
192 5.020099327138738 3.997361651485330
193 5.134898755334641 4.088365119775079
194 2.860000000000000 5.870000000000000
195 5.250000000000000 4.310000000000000
196 4.489516797268988 4.806382341531539
197 4.394946497072482 4.868110236220472
198 8.580000000000000 8.250000000000000
199 6.150000000000000 4.030000000000000
200 6.360186463738660 4.395015175710761
201 7.074363857664495 5.635273859812415
202 6.823136002761477 5.198985157059026
203 8.324827781900728 7.806861415481924
204 6.802096103327496 5.162446730881494
205 9.660000000000000 1.970000000000000
206 9.684339391877291 3.664021674659407
207 9.686049063912202 3.783014848289219
208 5.730000000000000 7.930000000000000
209 4.329915323720012 7.520694502990072
210 4.390816876417048 7.538498669207768
211 1.936597454046262 6.821023849674777
212 2.989223966010579 6.661608427989249
213 4.718018101956608 6.652363539561730
214 1.973531867073365 6.667039936539715
215 3.705360000000002 6.657778823529412
216 1.110000000000000 1.430000000000000
217 3.100000000000000 6.970000000000000
218 2.243007539009295 4.584201892518339
219 2.575274204272788 5.509205573704143
220 2.380984976910037 4.968319985970655
221 2.943583969788350 6.534550348053998
222 2.175394557823129 4.395972789115646
223 9.930000000000000 3.610000000000000
224 3.700000000000000 4.980000000000000
225 5.657922752679185 4.549445558399602
226 3.809164960875685 4.955994222086728
227 8.658780253494065 3.889545915363263
228 4.429842627437565 4.819504911783393
229 5.980000000000000 5.330000000000000
230 5.136195883605393 5.716743553347528
231 4.290000000000000 7.610000000000000
232 6.144366095543327 3.461089998355080
233 9.750000000000000 9.980000000000000
234 6.928135387811635 5.738981994459834
235 8.602339656176262 4.551603080726055
236 6.818726532058094 5.816576927618373
237 7.080000000000000 6.520000000000000
238 6.800000000000000 5.080000000000000
239 9.720000000000001 2.640000000000000
240 1.165294476990068 6.764261457974373
241 3.032143155655180 7.463562934538961
242 1.885502735814445 7.034043741126550
243 2.690000000000000 3.680000000000000
244 0.940000000000000 7.220000000000000
245 1.560906786841730 5.963994271188728
246 1.402120629303381 6.285195984152017
247 1.816426255704255 7.322031713350644
248 0.840000000000000 8.840000000000000
249 4.579962500000001 4.610409375000000
250 2.212204184291757 5.671986966960101
251 0.992342629482072 6.218908366533865
252 0.804688006096979 6.303042774125942
253 6.248202346690281 2.874832853663936
254 8.270000000000000 8.449999999999999
255 8.837998461960201 1.787287882720826
256 6.830000000000000 6.260000000000000
257 3.970000000000000 5.460000000000000
258 5.974250792876312 2.668364967065138
259 4.809669889177081 4.290459797217638
260 1.330000000000000 9.350000000000000
261 2.040356536502546 6.388440027963647
262 4.090000000000000 6.720000000000000
263 0.690000000000000 6.170000000000000
264 0.878406751749691 6.200477562783038
265 7.290000000000000 3.660000000000000
266 6.627629363564934 3.160793977818734
267 9.590000000000000 1.320000000000000
460
1 4
4 10
10 8
8 9
9 5
5 7
7 6
6 2
2 3
3 0
12 14
14 13
13 11
16 13
13 17
17 20
20 18
18 2
2 19
19 15
22 24
24 25
25 23
23 3
3 21
26 31
31 36
36 29
29 33
33 34
34 28
28 30
30 41
41 38
38 39
39 35
35 40
40 37
37 32
32 27
43 55
55 56
56 51
51 50
50 48
48 44
44 46
46 45
45 49
49 28
28 52
52 54
54 53
53 47
47 42
58 64
64 59
59 60
60 61
61 62
62 63
63 57
66 29
29 72
72 68
68 67
67 69
69 44
44 70
70 71
71 73
73 59
59 74
74 65
75 77
77 90
90 85
85 89
89 83
83 78
78 86
86 84
84 88
88 79
79 80
80 82
82 81
81 87
87 76
92 105
105 98
98 93
93 109
109 110
110 106
106 99
99 101
101 102
102 67
67 94
94 96
96 45
45 97
97 30
30 103
103 108
108 104
104 100
100 95
95 107
107 91
22 119
119 17
17 118
118 117
117 4
4 114
114 115
115 122
122 120
120 77
77 116
116 121
121 112
112 93
93 113
113 111
123 5
5 134
134 133
133 128
128 136
136 129
129 78
78 31
31 132
132 131
131 68
68 94
94 126
126 46
46 127
127 130
130 60
60 135
135 125
125 124
137 141
141 143
143 140
140 139
139 142
142 112
112 138
144 150
150 125
125 147
147 149
149 32
32 146
146 148
148 145
12 160
160 23
23 18
18 6
6 158
158 159
159 156
156 155
155 157
157 152
152 79
79 154
154 153
153 151
123 7
7 169
169 170
170 165
165 166
166 168
168 152
152 80
80 163
163 162
162 47
47 164
164 95
95 171
171 167
167 146
146 161
172 178
178 81
81 162
162 153
153 174
174 177
177 33
33 96
96 126
126 69
69 48
48 176
176 175
175 179
179 173
181 19
19 186
186 183
183 82
82 163
163 154
154 174
174 184
184 34
34 49
49 97
97 187
187 185
185 182
182 180
189 98
98 113
113 192
192 193
193 191
191 190
190 188
194 83
83 197
197 196
196 99
99 195
199 175
175 200
200 70
70 127
127 204
204 202
202 182
182 201
201 35
35 100
100 164
164 203
203 198
205 206
206 207
207 27
1 114
114 211
211 128
128 165
165 209
209 155
155 210
210 183
183 208
1 115
115 214
214 212
212 215
215 129
129 213
213 84
84 66
216 222
222 218
218 139
139 116
116 220
220 85
85 219
219 221
221 212
212 217
224 226
226 228
228 196
196 101
101 225
225 190
190 50
50 176
176 200
200 71
71 130
130 61
61 227
227 147
147 206
206 223
26 230
230 131
131 72
72 229
16 92
231 156
156 209
209 166
166 213
213 86
86 36
36 132
132 230
230 102
102 225
225 191
191 51
51 232
232 173
57 37
37 167
167 148
148 87
87 233
231 210
210 157
157 168
168 88
88 177
177 184
184 52
52 103
103 236
236 38
38 234
234 201
201 62
62 235
235 149
149 207
207 223
238 202
202 185
185 234
234 39
39 104
104 53
53 237
239 223
137 240
240 117
117 242
242 8
8 133
133 241
241 169
169 158
158 186
186 178
178 233
216 105
105 111
244 240
240 246
246 245
245 140
140 218
218 243
244 118
118 247
247 9
9 134
134 241
241 170
170 159
159 231
16 14
14 119
119 24
24 248
11 252
252 141
141 251
251 245
245 120
120 250
250 219
219 89
89 226
226 249
249 106
106 195
58 253
253 173
254 203
203 107
107 171
171 40
40 63
63 235
235 227
227 135
135 255
255 144
238 204
204 187
187 41
41 236
236 108
108 54
54 256
257 197
197 228
228 249
249 259
259 109
109 192
192 55
55 258
258 58
260 160
160 25
25 20
20 247
247 242
242 10
10 211
211 214
214 261
261 250
250 90
90 220
220 121
121 142
142 243
263 264
264 143
143 251
251 246
246 122
122 261
261 221
221 215
215 136
136 262
137 252
252 264
264 222
222 243
43 258
258 253
253 266
266 73
73 265
224 259
259 110
110 193
193 56
56 232
232 179
179 266
266 64
64 74
74 255
255 150
150 267
659
0 0.400000000000000 8.699999999999999
1 0.400000000000000 6.600000000000000
2 0.500000000000000 8.600000000000000
3 0.500000000000000 8.300000000000001
4 0.500000000000000 8.300000000000001
5 0.500000000000000 6.700000000000000
6 0.500000000000000 8.900000000000000
7 0.500000000000000 7.700000000000000
8 0.600000000000000 6.500000000000000
9 0.600000000000000 8.600000000000000
10 0.600000000000000 5.700000000000000
11 0.600000000000000 6.600000000000000
12 0.600000000000000 7.100000000000000
13 0.700000000000000 4.900000000000000
14 0.700000000000000 5.200000000000000
15 0.700000000000000 5.300000000000000
16 0.800000000000000 4.200000000000000
17 0.800000000000000 6.100000000000000
18 0.800000000000000 5.200000000000000
19 0.800000000000000 3.200000000000000
20 0.800000000000000 3.700000000000000
21 0.800000000000000 4.600000000000000
22 0.800000000000000 8.800000000000001
23 0.800000000000000 7.300000000000000
24 0.800000000000000 6.100000000000000
25 0.800000000000000 7.100000000000000
26 0.800000000000000 5.000000000000000
27 0.900000000000000 4.700000000000000
28 0.900000000000000 3.700000000000000
29 0.900000000000000 4.100000000000000
30 0.900000000000000 9.100000000000000
31 0.900000000000000 5.300000000000000
32 0.900000000000000 4.900000000000000
33 1.000000000000000 1.900000000000000
34 1.000000000000000 7.900000000000000
35 1.000000000000000 6.800000000000000
36 1.000000000000000 2.900000000000000
37 1.000000000000000 8.400000000000000
38 1.000000000000000 2.200000000000000
39 1.000000000000000 7.000000000000000
40 1.000000000000000 3.600000000000000
41 1.000000000000000 4.400000000000000
42 1.000000000000000 2.000000000000000
43 1.100000000000000 1.400000000000000
44 1.100000000000000 1.700000000000000
45 1.100000000000000 5.900000000000000
46 1.100000000000000 4.700000000000000
47 1.100000000000000 0.900000000000000
48 1.100000000000000 5.000000000000000
49 1.100000000000000 8.600000000000000
50 1.100000000000000 4.000000000000000
51 1.100000000000000 7.600000000000000
52 1.100000000000000 1.100000000000000
53 1.100000000000000 8.199999999999999
54 1.200000000000000 6.400000000000000
55 1.200000000000000 3.900000000000000
56 1.200000000000000 7.200000000000000
57 1.200000000000000 8.900000000000000
58 1.200000000000000 4.500000000000000
59 1.200000000000000 1.000000000000000
60 1.200000000000000 2.400000000000000
61 1.300000000000000 1.200000000000000
62 1.300000000000000 4.300000000000000
63 1.300000000000000 2.300000000000000
64 1.300000000000000 4.000000000000000
65 1.300000000000000 5.300000000000000
66 1.300000000000000 1.700000000000000
67 1.300000000000000 8.199999999999999
68 1.400000000000000 7.400000000000000
69 1.400000000000000 7.200000000000000
70 1.400000000000000 3.200000000000000
71 1.400000000000000 1.900000000000000
72 1.400000000000000 1.300000000000000
73 1.400000000000000 3.600000000000000
74 1.400000000000000 6.500000000000000
75 1.400000000000000 6.600000000000000
76 1.400000000000000 7.900000000000000
77 1.400000000000000 1.900000000000000
78 1.500000000000000 2.500000000000000
79 1.500000000000000 6.700000000000000
80 1.500000000000000 6.900000000000000
81 1.500000000000000 2.100000000000000
82 1.500000000000000 4.100000000000000
83 1.500000000000000 5.800000000000000
84 1.500000000000000 8.000000000000000
85 1.500000000000000 2.900000000000000
86 1.600000000000000 8.500000000000000
87 1.600000000000000 8.000000000000000
88 1.600000000000000 3.200000000000000
89 1.600000000000000 1.900000000000000
90 1.700000000000000 6.800000000000000
91 1.700000000000000 4.800000000000000
92 1.700000000000000 8.300000000000001
93 1.700000000000000 7.500000000000000
94 1.700000000000000 2.800000000000000
95 1.700000000000000 1.600000000000000
96 1.800000000000000 4.400000000000000
97 1.800000000000000 4.800000000000000
98 1.800000000000000 2.700000000000000
99 1.800000000000000 5.100000000000000
100 1.800000000000000 5.700000000000000
101 1.800000000000000 2.000000000000000
102 1.800000000000000 3.600000000000000
103 1.800000000000000 2.000000000000000
104 1.800000000000000 2.500000000000000
105 1.800000000000000 7.500000000000000
106 1.900000000000000 8.199999999999999
107 1.900000000000000 4.500000000000000
108 1.900000000000000 8.000000000000000
109 1.900000000000000 2.300000000000000
110 1.900000000000000 6.700000000000000
111 2.000000000000000 4.000000000000000
112 2.000000000000000 8.600000000000000
113 2.000000000000000 8.500000000000000
114 2.000000000000000 4.700000000000000
115 2.000000000000000 2.800000000000000
116 2.000000000000000 6.300000000000000
117 2.100000000000000 6.200000000000000
118 2.100000000000000 2.200000000000000
119 2.100000000000000 7.800000000000000
120 2.100000000000000 5.700000000000000
121 2.100000000000000 2.200000000000000
122 2.200000000000000 7.800000000000000
123 2.200000000000000 3.600000000000000
124 2.200000000000000 2.600000000000000
125 2.200000000000000 2.800000000000000
126 2.200000000000000 6.100000000000000
127 2.200000000000000 4.600000000000000
128 2.200000000000000 2.000000000000000
129 2.200000000000000 2.500000000000000
130 2.300000000000000 2.400000000000000
131 2.300000000000000 5.800000000000000
132 2.300000000000000 5.700000000000000
133 2.300000000000000 8.500000000000000
134 2.300000000000000 4.500000000000000
135 2.300000000000000 4.200000000000000
136 2.300000000000000 3.000000000000000
137 2.300000000000000 4.200000000000000
138 2.300000000000000 5.000000000000000
139 2.300000000000000 8.900000000000000
140 2.300000000000000 3.000000000000000
141 2.400000000000000 8.500000000000000
142 2.400000000000000 4.700000000000000
143 2.400000000000000 8.900000000000000
144 2.400000000000000 5.700000000000000
145 2.400000000000000 9.000000000000000
146 2.400000000000000 5.300000000000000
147 2.400000000000000 2.100000000000000
148 2.500000000000000 4.200000000000000
149 2.500000000000000 3.500000000000000
150 2.500000000000000 4.700000000000000
151 2.500000000000000 5.900000000000000
152 2.500000000000000 8.500000000000000
153 2.500000000000000 6.100000000000000
154 2.500000000000000 4.900000000000000
155 2.500000000000000 2.000000000000000
156 2.500000000000000 6.600000000000000
157 2.600000000000000 5.200000000000000
158 2.600000000000000 4.100000000000000
159 2.600000000000000 5.000000000000000
160 2.600000000000000 2.800000000000000
161 2.600000000000000 2.900000000000000
162 2.700000000000000 5.300000000000000
163 2.700000000000000 4.800000000000000
164 2.700000000000000 8.800000000000001
165 2.700000000000000 7.400000000000000
166 2.700000000000000 2.600000000000000
167 2.700000000000000 5.500000000000000
168 2.700000000000000 7.100000000000000
169 2.700000000000000 6.400000000000000
170 2.700000000000000 3.600000000000000
171 2.800000000000000 2.400000000000000
172 2.800000000000000 2.900000000000000
173 2.800000000000000 2.200000000000000
174 2.800000000000000 7.900000000000000
175 2.800000000000000 7.200000000000000
176 2.800000000000000 6.600000000000000
177 2.800000000000000 3.100000000000000
178 2.800000000000000 5.300000000000000
179 2.800000000000000 4.900000000000000
180 2.800000000000000 4.300000000000000
181 2.800000000000000 3.800000000000000
182 2.800000000000000 7.800000000000000
183 2.900000000000000 4.200000000000000
184 2.900000000000000 3.800000000000000
185 2.900000000000000 3.300000000000000
186 2.900000000000000 8.300000000000001
187 2.900000000000000 4.900000000000000
188 2.900000000000000 2.200000000000000
189 2.900000000000000 6.000000000000000
190 2.900000000000000 2.100000000000000
191 3.000000000000000 6.900000000000000
192 3.000000000000000 2.700000000000000
193 3.100000000000000 2.100000000000000
194 3.100000000000000 7.300000000000000
195 3.100000000000000 3.900000000000000
196 3.100000000000000 3.500000000000000
197 3.100000000000000 6.100000000000000
198 3.100000000000000 4.900000000000000
199 3.100000000000000 2.700000000000000
200 3.100000000000000 7.700000000000000
201 3.100000000000000 3.600000000000000
202 3.200000000000000 4.400000000000000
203 3.200000000000000 3.300000000000000
204 3.200000000000000 5.800000000000000
205 3.200000000000000 4.400000000000000
206 3.200000000000000 6.600000000000000
207 3.300000000000000 5.200000000000000
208 3.300000000000000 2.200000000000000
209 3.300000000000000 9.000000000000000
210 3.300000000000000 4.800000000000000
211 3.300000000000000 4.500000000000000
212 3.300000000000000 8.699999999999999
213 3.300000000000000 2.400000000000000
214 3.300000000000000 5.700000000000000
215 3.300000000000000 3.800000000000000
216 3.300000000000000 6.100000000000000
217 3.300000000000000 2.100000000000000
218 3.300000000000000 3.300000000000000
219 3.400000000000000 4.400000000000000
220 3.400000000000000 4.800000000000000
221 3.400000000000000 5.000000000000000
222 3.400000000000000 4.400000000000000
223 3.400000000000000 8.900000000000000
224 3.400000000000000 3.700000000000000
225 3.500000000000000 8.600000000000000
226 3.500000000000000 6.500000000000000
227 3.500000000000000 8.000000000000000
228 3.500000000000000 6.300000000000000
229 3.500000000000000 3.800000000000000
230 3.500000000000000 9.000000000000000
231 3.600000000000000 6.100000000000000
232 3.600000000000000 8.500000000000000
233 3.600000000000000 7.100000000000000
234 3.600000000000000 8.500000000000000
235 3.600000000000000 7.300000000000000
236 3.600000000000000 2.700000000000000
237 3.700000000000000 7.000000000000000
238 3.700000000000000 3.600000000000000
239 3.700000000000000 5.500000000000000
240 3.700000000000000 3.200000000000000
241 3.700000000000000 8.900000000000000
242 3.700000000000000 7.500000000000000
243 3.700000000000000 2.800000000000000
244 3.700000000000000 5.300000000000000
245 3.700000000000000 9.199999999999999
246 3.700000000000000 7.000000000000000
247 3.800000000000000 7.100000000000000
248 3.800000000000000 7.600000000000000
249 3.800000000000000 3.200000000000000
250 3.800000000000000 3.400000000000000
251 3.800000000000000 3.500000000000000
252 3.800000000000000 6.200000000000000
253 3.900000000000000 8.100000000000000
254 3.900000000000000 8.699999999999999
255 3.900000000000000 5.000000000000000
256 3.900000000000000 2.600000000000000
257 3.900000000000000 5.900000000000000
258 4.000000000000000 2.400000000000000
259 4.000000000000000 1.500000000000000
260 4.000000000000000 1.600000000000000
261 4.000000000000000 1.300000000000000
262 4.000000000000000 5.400000000000000
263 4.000000000000000 3.400000000000000
264 4.000000000000000 7.100000000000000
265 4.000000000000000 1.700000000000000
266 4.100000000000000 5.900000000000000
267 4.100000000000000 7.000000000000000
268 4.100000000000000 2.400000000000000
269 4.100000000000000 4.900000000000000
270 4.100000000000000 7.800000000000000
271 4.100000000000000 8.100000000000000
272 4.100000000000000 6.500000000000000
273 4.100000000000000 7.100000000000000
274 4.100000000000000 6.100000000000000
275 4.200000000000000 8.900000000000000
276 4.200000000000000 9.199999999999999
277 4.200000000000000 1.700000000000000
278 4.200000000000000 8.400000000000000
279 4.200000000000000 7.500000000000000
280 4.200000000000000 2.600000000000000
281 4.200000000000000 4.800000000000000
282 4.200000000000000 3.800000000000000
283 4.200000000000000 5.100000000000000
284 4.200000000000000 2.100000000000000
285 4.200000000000000 1.700000000000000
286 4.200000000000000 8.000000000000000
287 4.200000000000000 7.700000000000000
288 4.300000000000000 7.400000000000000
289 4.300000000000000 7.000000000000000
290 4.300000000000000 5.800000000000000
291 4.300000000000000 4.100000000000000
292 4.300000000000000 6.600000000000000
293 4.400000000000000 6.400000000000000
294 4.400000000000000 2.600000000000000
295 4.400000000000000 7.200000000000000
296 4.400000000000000 4.800000000000000
297 4.400000000000000 1.900000000000000
298 4.400000000000000 7.700000000000000
299 4.500000000000000 9.000000000000000
300 4.500000000000000 6.600000000000000
301 4.500000000000000 2.600000000000000
302 4.500000000000000 1.600000000000000
303 4.500000000000000 2.800000000000000
304 4.500000000000000 6.400000000000000
305 4.500000000000000 4.400000000000000
306 4.500000000000000 5.100000000000000
307 4.500000000000000 2.700000000000000
308 4.500000000000000 7.300000000000000
309 4.600000000000000 3.600000000000000
310 4.600000000000000 6.000000000000000
311 4.600000000000000 2.000000000000000
312 4.700000000000000 8.699999999999999
313 4.700000000000000 6.700000000000000
314 4.700000000000000 4.700000000000000
315 4.700000000000000 3.800000000000000
316 4.700000000000000 6.200000000000000
317 4.700000000000000 3.600000000000000
318 4.700000000000000 6.100000000000000
319 4.700000000000000 9.199999999999999
320 4.700000000000000 2.900000000000000
321 4.800000000000000 1.900000000000000
322 4.800000000000000 5.000000000000000
323 4.800000000000000 9.199999999999999
324 4.800000000000000 7.800000000000000
325 4.800000000000000 5.600000000000000
326 4.800000000000000 3.000000000000000
327 4.800000000000000 2.600000000000000
328 4.900000000000000 7.800000000000000
329 4.900000000000000 2.900000000000000
330 4.900000000000000 6.400000000000000
331 4.900000000000000 2.900000000000000
332 4.900000000000000 8.000000000000000
333 4.900000000000000 2.900000000000000
334 4.900000000000000 4.800000000000000
335 4.900000000000000 9.400000000000000
336 4.900000000000000 3.300000000000000
337 5.000000000000000 8.400000000000000
338 5.000000000000000 8.600000000000000
339 5.000000000000000 8.300000000000001
340 5.000000000000000 8.900000000000000
341 5.100000000000000 5.500000000000000
342 5.100000000000000 2.700000000000000
343 5.100000000000000 2.500000000000000
344 5.100000000000000 7.400000000000000
345 5.100000000000000 9.400000000000000
346 5.100000000000000 6.900000000000000
347 5.100000000000000 2.900000000000000
348 5.200000000000000 6.700000000000000
349 5.200000000000000 2.100000000000000
350 5.200000000000000 4.700000000000000
351 5.200000000000000 4.400000000000000
352 5.200000000000000 3.800000000000000
353 5.200000000000000 3.900000000000000
354 5.200000000000000 4.500000000000000
355 5.300000000000000 2.400000000000000
356 5.300000000000000 5.600000000000000
357 5.300000000000000 4.500000000000000
358 5.300000000000000 9.400000000000000
359 5.300000000000000 3.800000000000000
360 5.300000000000000 5.500000000000000
361 5.400000000000000 8.600000000000000
362 5.400000000000000 4.900000000000000
363 5.400000000000000 5.200000000000000
364 5.400000000000000 5.900000000000000
365 5.400000000000000 6.500000000000000
366 5.500000000000000 4.100000000000000
367 5.500000000000000 8.199999999999999
368 5.500000000000000 6.800000000000000
369 5.500000000000000 7.900000000000000
370 5.500000000000000 7.600000000000000
371 5.500000000000000 5.000000000000000
372 5.500000000000000 8.300000000000001
373 5.500000000000000 7.000000000000000
374 5.500000000000000 4.900000000000000
375 5.600000000000000 4.000000000000000
376 5.600000000000000 3.900000000000000
377 5.600000000000000 6.700000000000000
378 5.600000000000000 7.000000000000000
379 5.600000000000000 2.700000000000000
380 5.600000000000000 2.900000000000000
381 5.600000000000000 9.500000000000000
382 5.700000000000000 6.700000000000000
383 5.700000000000000 6.900000000000000
384 5.700000000000000 3.400000000000000
385 5.700000000000000 2.900000000000000
386 5.700000000000000 7.500000000000000
387 5.700000000000000 9.000000000000000
388 5.700000000000000 5.500000000000000
389 5.700000000000000 8.600000000000000
390 5.700000000000000 3.600000000000000
391 5.700000000000000 4.600000000000000
392 5.800000000000000 8.100000000000000
393 5.800000000000000 5.500000000000000
394 5.800000000000000 4.700000000000000
395 5.800000000000000 3.500000000000000
396 5.800000000000000 5.400000000000000
397 5.800000000000000 3.100000000000000
398 5.800000000000000 6.800000000000000
399 5.800000000000000 6.700000000000000
400 5.800000000000000 8.300000000000001
401 5.800000000000000 4.000000000000000
402 5.900000000000000 8.100000000000000
403 5.900000000000000 8.800000000000001
404 5.900000000000000 3.800000000000000
405 6.000000000000000 5.500000000000000
406 6.000000000000000 7.100000000000000
407 6.000000000000000 3.000000000000000
408 6.000000000000000 4.400000000000000
409 6.100000000000000 8.000000000000000
410 6.100000000000000 4.400000000000000
411 6.100000000000000 7.600000000000000
412 6.100000000000000 2.500000000000000
413 6.100000000000000 7.100000000000000
414 6.100000000000000 2.500000000000000
415 6.100000000000000 8.400000000000000
416 6.200000000000000 4.000000000000000
417 6.200000000000000 2.400000000000000
418 6.200000000000000 8.500000000000000
419 6.200000000000000 5.100000000000000
420 6.200000000000000 3.500000000000000
421 6.200000000000000 7.600000000000000
422 6.300000000000000 5.100000000000000
423 6.300000000000000 8.199999999999999
424 6.300000000000000 4.500000000000000
425 6.300000000000000 8.100000000000000
426 6.300000000000000 5.300000000000000
427 6.300000000000000 8.500000000000000
428 6.400000000000000 6.200000000000000
429 6.400000000000000 8.699999999999999
430 6.400000000000000 6.800000000000000
431 6.400000000000000 6.900000000000000
432 6.400000000000000 3.000000000000000
433 6.400000000000000 5.700000000000000
434 6.400000000000000 8.100000000000000
435 6.400000000000000 8.699999999999999
436 6.500000000000000 6.000000000000000
437 6.500000000000000 3.700000000000000
438 6.500000000000000 5.800000000000000
439 6.500000000000000 3.700000000000000
440 6.500000000000000 5.100000000000000
441 6.500000000000000 5.800000000000000
442 6.600000000000000 4.800000000000000
443 6.600000000000000 3.600000000000000
444 6.600000000000000 6.000000000000000
445 6.600000000000000 7.700000000000000
446 6.600000000000000 4.000000000000000
447 6.600000000000000 3.200000000000000
448 6.600000000000000 7.000000000000000
449 6.700000000000000 5.400000000000000
450 6.700000000000000 8.600000000000000
451 6.700000000000000 7.900000000000000
452 6.700000000000000 6.500000000000000
453 6.700000000000000 8.000000000000000
454 6.800000000000000 4.400000000000000
455 6.800000000000000 8.500000000000000
456 6.800000000000000 3.900000000000000
457 6.800000000000000 4.100000000000000
458 6.800000000000000 8.199999999999999
459 6.800000000000000 3.800000000000000
460 6.900000000000000 6.600000000000000
461 6.900000000000000 6.900000000000000
462 6.900000000000000 8.900000000000000
463 6.900000000000000 4.400000000000000
464 6.900000000000000 6.500000000000000
465 6.900000000000000 3.000000000000000
466 6.900000000000000 8.600000000000000
467 6.900000000000000 8.400000000000000
468 6.900000000000000 5.900000000000000
469 6.900000000000000 5.400000000000000
470 7.000000000000000 5.800000000000000
471 7.000000000000000 3.300000000000000
472 7.000000000000000 5.000000000000000
473 7.100000000000000 4.900000000000000
474 7.100000000000000 3.300000000000000
475 7.100000000000000 4.500000000000000
476 7.100000000000000 7.100000000000000
477 7.200000000000000 4.900000000000000
478 7.200000000000000 6.900000000000000
479 7.200000000000000 3.800000000000000
480 7.200000000000000 6.200000000000000
481 7.200000000000000 8.300000000000001
482 7.200000000000000 8.300000000000001
483 7.200000000000000 5.300000000000000
484 7.200000000000000 6.400000000000000
485 7.200000000000000 3.600000000000000
486 7.300000000000000 6.600000000000000
487 7.300000000000000 7.700000000000000
488 7.300000000000000 3.000000000000000
489 7.300000000000000 8.100000000000000
490 7.300000000000000 3.100000000000000
491 7.300000000000000 6.000000000000000
492 7.300000000000000 6.100000000000000
493 7.300000000000000 4.200000000000000
494 7.300000000000000 6.500000000000000
495 7.400000000000000 7.200000000000000
496 7.400000000000000 8.600000000000000
497 7.400000000000000 3.900000000000000
498 7.500000000000000 3.900000000000000
499 7.500000000000000 8.400000000000000
500 7.500000000000000 4.700000000000000
501 7.500000000000000 9.000000000000000
502 7.500000000000000 8.500000000000000
503 7.500000000000000 5.800000000000000
504 7.500000000000000 6.700000000000000
505 7.500000000000000 5.100000000000000
506 7.600000000000000 4.500000000000000
507 7.600000000000000 6.900000000000000
508 7.600000000000000 4.400000000000000
509 7.600000000000000 6.400000000000000
510 7.600000000000000 7.300000000000000
511 7.600000000000000 6.500000000000000
512 7.600000000000000 5.300000000000000
513 7.600000000000000 2.900000000000000
514 7.700000000000000 8.699999999999999
515 7.700000000000000 7.700000000000000
516 7.700000000000000 6.200000000000000
517 7.700000000000000 3.500000000000000
518 7.700000000000000 8.800000000000001
519 7.800000000000000 7.600000000000000
520 7.800000000000000 9.100000000000000
521 7.800000000000000 6.300000000000000
522 7.800000000000000 7.600000000000000
523 7.900000000000000 6.400000000000000
524 7.900000000000000 6.300000000000000
525 7.900000000000000 9.199999999999999
526 7.900000000000000 8.400000000000000
527 8.000000000000000 7.000000000000000
528 8.000000000000000 6.700000000000000
529 8.000000000000000 3.000000000000000
530 8.000000000000000 6.300000000000000
531 8.000000000000000 6.900000000000000
532 8.000000000000000 3.900000000000000
533 8.000000000000000 4.000000000000000
534 8.000000000000000 4.900000000000000
535 8.100000000000000 4.300000000000000
536 8.100000000000000 7.500000000000000
537 8.100000000000000 5.500000000000000
538 8.199999999999999 8.000000000000000
539 8.199999999999999 5.200000000000000
540 8.199999999999999 6.300000000000000
541 8.199999999999999 8.000000000000000
542 8.199999999999999 6.700000000000000
543 8.199999999999999 6.000000000000000
544 8.199999999999999 3.000000000000000
545 8.199999999999999 8.300000000000001
546 8.300000000000001 3.000000000000000
547 8.300000000000001 6.600000000000000
548 8.300000000000001 9.000000000000000
549 8.300000000000001 5.100000000000000
550 8.300000000000001 7.400000000000000
551 8.300000000000001 4.400000000000000
552 8.300000000000001 9.000000000000000
553 8.300000000000001 2.200000000000000
554 8.300000000000001 4.300000000000000
555 8.300000000000001 8.600000000000000
556 8.300000000000001 5.800000000000000
557 8.400000000000000 5.800000000000000
558 8.400000000000000 5.700000000000000
559 8.400000000000000 6.400000000000000
560 8.400000000000000 4.500000000000000
561 8.400000000000000 4.000000000000000
562 8.500000000000000 5.100000000000000
563 8.500000000000000 3.300000000000000
564 8.500000000000000 9.400000000000000
565 8.500000000000000 8.400000000000000
566 8.500000000000000 4.100000000000000
567 8.500000000000000 4.900000000000000
568 8.500000000000000 2.900000000000000
569 8.500000000000000 5.000000000000000
570 8.500000000000000 8.199999999999999
571 8.500000000000000 8.800000000000001
572 8.500000000000000 8.199999999999999
573 8.600000000000000 3.800000000000000
574 8.600000000000000 2.400000000000000
575 8.600000000000000 5.600000000000000
576 8.600000000000000 6.200000000000000
577 8.600000000000000 6.800000000000000
578 8.600000000000000 5.300000000000000
579 8.600000000000000 7.200000000000000
580 8.600000000000000 4.900000000000000
581 8.600000000000000 8.900000000000000
582 8.600000000000000 4.100000000000000
583 8.699999999999999 9.300000000000001
584 8.699999999999999 6.900000000000000
585 8.800000000000001 5.400000000000000
586 8.800000000000001 4.200000000000000
587 8.800000000000001 4.100000000000000
588 8.800000000000001 4.500000000000000
589 8.800000000000001 4.100000000000000
590 8.800000000000001 3.900000000000000
591 8.800000000000001 9.600000000000000
592 8.800000000000001 1.900000000000000
593 8.800000000000001 6.800000000000000
594 8.800000000000001 3.400000000000000
595 8.800000000000001 7.000000000000000
596 8.800000000000001 6.400000000000000
597 8.800000000000001 6.200000000000000
598 8.800000000000001 8.400000000000000
599 8.900000000000000 8.800000000000001
600 8.900000000000000 1.800000000000000
601 8.900000000000000 3.900000000000000
602 8.900000000000000 4.900000000000000
603 8.900000000000000 6.600000000000000
604 8.900000000000000 4.900000000000000
605 8.900000000000000 8.900000000000000
606 8.900000000000000 9.100000000000000
607 8.900000000000000 1.900000000000000
608 9.000000000000000 6.700000000000000
609 9.000000000000000 9.000000000000000
610 9.000000000000000 7.100000000000000
611 9.000000000000000 7.400000000000000
612 9.000000000000000 2.900000000000000
613 9.000000000000000 2.700000000000000
614 9.000000000000000 6.400000000000000
615 9.000000000000000 2.600000000000000
616 9.100000000000000 4.600000000000000
617 9.100000000000000 9.199999999999999
618 9.100000000000000 5.500000000000000
619 9.199999999999999 6.600000000000000
620 9.199999999999999 8.199999999999999
621 9.199999999999999 4.500000000000000
622 9.199999999999999 9.699999999999999
623 9.199999999999999 3.900000000000000
624 9.199999999999999 3.800000000000000
625 9.199999999999999 8.199999999999999
626 9.199999999999999 7.100000000000000
627 9.199999999999999 6.700000000000000
628 9.300000000000001 9.800000000000001
629 9.300000000000001 5.300000000000000
630 9.300000000000001 5.300000000000000
631 9.300000000000001 5.500000000000000
632 9.300000000000001 9.800000000000001
633 9.300000000000001 5.900000000000000
634 9.300000000000001 8.000000000000000
635 9.300000000000001 6.900000000000000
636 9.300000000000001 4.100000000000000
637 9.400000000000000 8.500000000000000
638 9.400000000000000 9.800000000000001
639 9.400000000000000 8.300000000000001
640 9.400000000000000 4.500000000000000
641 9.500000000000000 8.600000000000000
642 9.500000000000000 6.000000000000000
643 9.500000000000000 9.600000000000000
644 9.500000000000000 7.300000000000000
645 9.500000000000000 5.100000000000000
646 9.500000000000000 5.000000000000000
647 9.500000000000000 5.100000000000000
648 9.500000000000000 6.900000000000000
649 9.600000000000000 4.100000000000000
650 9.600000000000000 4.400000000000000
651 9.600000000000000 8.900000000000000
652 9.600000000000000 9.300000000000001
653 9.600000000000000 9.100000000000000
654 9.600000000000000 8.300000000000001
655 9.600000000000000 4.500000000000000
656 9.699999999999999 7.200000000000000
657 9.699999999999999 9.699999999999999
658 9.699999999999999 8.400000000000000
