41
0 5.261000000000000 0.489000000000000
1 7.133000000000000 5.842000000000000
2 6.200980808867795 3.176883156981468
3 6.313173932012426 3.497700351529122
4 6.306129517215046 3.477556787207341
5 6.782178547367298 4.838823057722836
6 6.775516249473839 4.819772159953770
7 5.948479567527627 2.454853699238991
8 6.100893968553731 2.890683981660319
9 5.007000000000000 9.356999999999999
10 6.290733662068200 7.234552294369839
11 5.520713272957188 8.507657500261280
12 7.143000000000000 9.505000000000001
13 5.134000000000000 4.153000000000000
14 5.875215307996633 6.127606435240409
15 5.138771594852551 4.165711585689822
16 5.925377682015469 6.261239598878441
17 5.718378257023560 5.709790657834790
18 4.429000000000000 6.456000000000000
19 3.825000000000000 1.901000000000000
20 7.542000000000000 3.897000000000000
21 6.548813249267383 3.363666463690529
22 6.536657964452470 3.357139170580342
23 7.058623830876636 3.637430768477203
24 4.163259773064111 2.082642859035773
25 2.626000000000000 5.595000000000000
26 6.826000000000000 3.206000000000000
27 1.458000000000000 6.010000000000000
28 3.331448993810214 7.161750964532401
29 1.444000000000000 7.817000000000000
30 7.352000000000000 5.090000000000000
31 8.233000000000001 7.234000000000000
32 9.914999999999999 1.184000000000000
33 6.056000000000000 5.686000000000000
34 7.349524676063742 4.176943744068677
35 8.299937697340031 3.068169600045394
36 9.894000000000000 8.896000000000001
37 7.333758251725905 4.147702885371707
38 4.217807374125448 2.003453454497345
39 4.181572516575299 2.056057358923947
40 8.560000000000000 3.136000000000000
63
0 7
7 8
8 2
2 4
4 3
3 6
6 5
5 1
9 11
11 10
10 1
13 15
15 17
17 14
14 16
16 10
10 12
18 14
14 1
19 24
24 2
2 22
22 21
21 23
23 20
25 15
15 3
3 21
21 26
27 28
28 11
11 12
27 4
4 22
22 26
29 28
28 16
16 1
30 31
33 5
5 34
34 35
35 32
26 23
23 37
37 34
34 36
27 24
24 39
39 38
38 0
33 6
6 37
37 20
27 17
17 33
19 38
38 7
7 35
35 40
19 39
39 8
8 26
31
0 2.200000000000000 5.900000000000000
1 2.300000000000000 5.100000000000000
2 2.300000000000000 4.800000000000000
3 2.500000000000000 4.800000000000000
4 3.800000000000000 5.900000000000000
5 3.900000000000000 3.300000000000000
6 4.100000000000000 6.400000000000000
7 4.300000000000000 3.800000000000000
8 4.300000000000000 2.400000000000000
9 4.300000000000000 6.100000000000000
10 4.500000000000000 6.700000000000000
11 4.500000000000000 3.500000000000000
12 4.900000000000000 3.000000000000000
13 4.900000000000000 6.900000000000000
14 5.300000000000000 2.200000000000000
15 5.300000000000000 2.600000000000000
16 6.000000000000000 3.900000000000000
17 6.100000000000000 8.199999999999999
18 6.100000000000000 6.400000000000000
19 6.200000000000000 8.800000000000001
20 6.300000000000000 6.000000000000000
21 6.400000000000000 3.200000000000000
22 6.400000000000000 8.199999999999999
23 6.500000000000000 8.600000000000000
24 6.500000000000000 2.900000000000000
25 6.600000000000000 6.400000000000000
26 6.600000000000000 3.700000000000000
27 6.700000000000000 8.300000000000001
28 7.000000000000000 3.600000000000000
29 7.100000000000000 4.300000000000000
30 7.200000000000000 3.200000000000000
