46
0 2.110000000000000 1.338000000000000
1 7.961000000000000 3.504000000000000
2 2.560617668357395 1.504815564802960
3 7.510739597588485 3.337316692595566
4 7.082760542614782 3.178881786925930
5 7.345970054744109 3.276320139903562
6 6.525225744582725 2.972486235304424
7 8.260000000000000 0.240000000000000
8 2.348000000000000 1.552000000000000
9 6.433263709761678 0.645392086061008
10 8.483000000000001 9.339000000000000
11 9.686999999999999 2.869000000000000
12 6.607000000000000 4.849000000000000
13 6.711331521938057 5.098706041312299
14 6.609722680384711 4.855516436528439
15 7.130222926507316 6.101276620478597
16 8.826179397360072 1.283087341036883
17 8.373351117117368 0.448829773582033
18 8.010999999999999 1.861000000000000
19 8.030098053972921 1.736670901646160
20 8.225007631661425 0.467801723200113
21 4.859000000000000 5.597000000000000
22 8.502000000000001 4.617000000000000
23 7.110632963013453 4.991290336603573
24 6.868802695044485 5.056344869299041
25 7.520539351211753 4.881021805054209
26 6.864698019073575 5.057449064317293
27 7.057000000000000 5.213000000000000
28 7.715510160860935 2.490829567779359
29 7.916693781016926 1.659170263510247
30 7.715992093349487 2.488837339794680
31 7.059194367127090 5.203928854760583
32 8.204251168252808 0.470456309458670
33 9.756000000000000 0.272000000000000
34 8.262803735629477 1.895702288701866
35 7.714581478649333 2.491839417233471
36 5.985714400934728 4.371810254241899
37 5.524000000000000 0.024000000000000
38 7.527758728107258 1.393371506477336
39 6.341316460184113 0.582555207596398
40 8.289999999999999 6.158000000000000
41 5.751901790750016 4.190568099662500
42 7.346112505896957 5.426336284443182
43 6.737627134430328 4.954662837628088
44 8.199999999999999 0.471000000000000
45 6.259000000000000 8.824999999999999
79
0 2
2 6
6 4
4 5
5 3
3 1
8 2
2 9
9 7
0 8
10 11
12 14
14 13
13 15
15 10
7 17
17 16
16 11
18 19
19 20
20 7
21 13
13 26
26 24
24 23
23 25
25 22
27 31
31 23
23 3
3 28
28 30
30 29
29 32
32 7
21 36
36 4
4 35
35 28
28 34
34 16
16 33
10 22
37 39
39 9
9 38
38 29
29 19
19 34
34 11
12 5
5 35
35 30
30 18
8 41
41 36
36 14
14 43
43 24
24 31
31 42
42 40
21 41
41 6
6 38
38 7
44 32
32 20
20 17
17 33
45 15
15 42
42 25
25 1
12 43
43 26
26 27
0 39
39 7
35
0 3.100000000000000 1.600000000000000
1 3.600000000000000 2.000000000000000
2 3.900000000000000 1.700000000000000
3 4.000000000000000 2.800000000000000
4 4.000000000000000 2.100000000000000
5 4.900000000000000 1.900000000000000
6 5.200000000000000 4.400000000000000
7 5.300000000000000 1.800000000000000
8 5.400000000000000 1.000000000000000
9 5.500000000000000 3.300000000000000
10 5.900000000000000 4.300000000000000
11 6.200000000000000 1.600000000000000
12 6.300000000000000 3.000000000000000
13 6.400000000000000 3.900000000000000
14 6.500000000000000 2.600000000000000
15 6.900000000000000 0.800000000000000
16 7.200000000000000 6.200000000000000
17 7.300000000000000 1.400000000000000
18 7.500000000000000 0.400000000000000
19 7.500000000000000 5.200000000000000
20 7.600000000000000 5.000000000000000
21 8.100000000000000 1.100000000000000
22 8.100000000000000 3.300000000000000
23 8.199999999999999 1.600000000000000
24 8.199999999999999 5.300000000000000
25 8.300000000000001 7.600000000000000
26 8.400000000000000 0.700000000000000
27 8.500000000000000 6.200000000000000
28 8.500000000000000 0.600000000000000
29 8.500000000000000 4.100000000000000
30 8.500000000000000 1.400000000000000
31 8.800000000000001 3.800000000000000
32 9.000000000000000 6.400000000000000
33 9.400000000000000 0.700000000000000
34 9.600000000000000 1.300000000000000
