48
0 1.974000000000000 8.641999999999999
1 3.997000000000000 2.663000000000000
2 3.709785435355108 3.511865982210485
3 3.290680306025453 4.750536060441824
4 8.124000000000001 3.603000000000000
5 5.272000000000000 1.614000000000000
6 8.021724492720004 3.531672516136075
7 7.152629515874740 2.925561047361451
8 7.383679070715996 3.086696238307894
9 5.116000000000000 1.599000000000000
10 4.903000000000000 4.055000000000000
11 5.102612691770837 1.753362577515602
12 9.696999999999999 8.884000000000000
13 9.820000000000000 8.241000000000000
14 4.955000000000000 8.243000000000000
15 4.244400884681312 4.104019766724136
16 4.537653158501947 5.812107123633470
17 4.565183729294531 5.972462640358540
18 9.602000000000000 0.029000000000000
19 6.013000000000000 7.984000000000000
20 7.973271509817577 3.639068302981658
21 6.656710453683239 6.557219097506223
22 6.590907597352722 6.703070789372833
23 8.942591013040214 1.490576620580968
24 6.872517414814002 6.078884080566901
25 8.917248207260920 8.180057732930406
26 8.545000000000000 5.631000000000000
27 4.785000000000000 4.402000000000000
28 5.094322233417286 4.327981292452708
29 6.100206439953308 4.087280040274726
30 6.499814619603740 3.991656519597668
31 5.154609513503185 4.313554956187768
32 9.539999999999999 8.820000000000000
33 7.342000000000000 7.535000000000000
34 5.437965268400937 4.818296077915236
35 5.544284129093286 4.969993345323754
36 9.201000000000001 1.226000000000000
37 1.572000000000000 1.144000000000000
38 5.163150689224127 5.121650616088631
39 5.275078297812394 5.245624506294456
40 7.530000000000000 2.509000000000000
41 4.052025448453773 6.348168092986502
42 5.538161390019762 4.707694419548019
43 2.246000000000000 8.347000000000000
44 9.037954351880767 1.392937176169239
45 4.099971096179935 6.448778838835755
46 5.669076084482963 4.842222890351806
47 7.715010193979964 6.944633076194637
78
0 3
3 2
2 1
5 7
7 8
8 6
6 4
10 11
11 9
12 13
1 15
15 16
16 17
17 14
19 22
22 21
21 24
24 20
20 6
6 23
23 18
19 25
25 13
26 18
27 28
28 31
31 29
29 30
30 20
20 4
32 12
10 28
28 34
34 35
35 21
21 33
4 36
37 2
2 15
15 38
38 39
39 22
22 33
1 11
11 5
0 41
41 16
16 38
38 34
34 42
42 29
29 7
7 40
43 45
45 17
17 39
39 35
35 46
46 30
30 8
8 23
23 44
44 36
4 44
44 18
37 3
3 41
41 45
45 14
10 31
31 42
42 46
46 24
24 47
47 25
25 32
33 47
47 26
34
0 2.100000000000000 4.700000000000000
1 2.200000000000000 6.700000000000000
2 2.300000000000000 4.800000000000000
3 2.300000000000000 4.900000000000000
4 2.400000000000000 7.500000000000000
5 2.500000000000000 4.900000000000000
6 3.600000000000000 4.300000000000000
7 3.800000000000000 5.900000000000000
8 3.800000000000000 4.000000000000000
9 4.400000000000000 3.000000000000000
10 4.800000000000000 3.500000000000000
11 4.800000000000000 7.900000000000000
12 4.900000000000000 2.100000000000000
13 5.000000000000000 3.200000000000000
14 5.100000000000000 4.600000000000000
15 5.200000000000000 4.600000000000000
16 5.200000000000000 3.900000000000000
17 5.500000000000000 5.300000000000000
18 6.000000000000000 5.400000000000000
19 6.100000000000000 6.300000000000000
20 6.200000000000000 5.700000000000000
21 6.200000000000000 6.600000000000000
22 6.800000000000000 7.100000000000000
23 6.900000000000000 3.800000000000000
24 7.000000000000000 6.100000000000000
25 7.100000000000000 7.100000000000000
26 7.200000000000000 7.100000000000000
27 7.900000000000000 6.900000000000000
28 7.900000000000000 2.800000000000000
29 8.100000000000000 5.400000000000000
30 8.300000000000001 4.600000000000000
31 8.500000000000000 5.000000000000000
32 9.000000000000000 4.800000000000000
33 9.199999999999999 7.900000000000000
