335
0 1.690000000000000 8.640000000000001
1 2.160000000000000 1.220000000000000
2 2.033686472809282 3.214141216500273
3 1.929316879327438 4.861848415724269
4 2.107324066029540 2.051607298001737
5 2.074099742783653 2.576127464989997
6 1.993024733475480 3.856077611940298
7 1.751174595714789 7.674222339992051
8 2.006686813998631 3.640391149213099
9 1.899633653249416 5.330464452956037
10 2.046874740754260 3.005934943837004
11 2.077588645953203 2.521047334100499
12 6.380000000000000 6.310000000000000
13 9.609999999999999 7.240000000000000
14 8.053828120934590 6.791938127699433
15 6.546861691553278 6.358043768775402
16 9.013328797733033 7.068203028449449
17 8.185198715765919 6.829763097728268
18 8.204555406257713 6.835336386321880
19 4.420000000000000 1.840000000000000
20 0.860000000000000 3.890000000000000
21 4.137313928517256 2.002782709702142
22 1.523945199214162 3.507672006070496
23 2.305567542412319 3.057580488217625
24 1.723532948274751 3.392740858437292
25 2.511528335803715 2.938979469551231
26 1.307252260676000 3.632453052138820
27 2.500008235294117 2.945613235294118
28 2.808996208056092 2.767684767832868
29 2.464476537176482 2.966073904153992
30 9.920000000000000 6.250000000000000
31 2.857109960418851 8.301070133001087
32 5.038104550501370 7.667707183997780
33 2.401431456161940 8.433399613581162
34 3.157555485795975 8.213820460382458
35 3.757776210594629 8.039515778454295
36 8.269460484357493 6.729318279755236
37 2.651149471151899 8.360881259288817
38 5.471523032139775 7.541842035624051
39 5.139106560411673 7.638376102140474
40 8.796772202559113 6.576186444214303
41 3.806483483053575 8.025371139186143
42 5.273403149365540 7.599376242164807
43 8.185798316104410 6.753613854740032
44 6.441406636024714 7.260186894277149
45 4.171757111165424 7.919295322516967
46 8.150423814969260 6.763886644255586
47 6.010000000000000 5.000000000000000
48 6.370579691968093 6.276647017508654
49 6.223281090371509 5.755130346991022
50 6.284900203665988 5.973295315682281
51 6.307166549232824 6.052130214851349
52 6.096421900294716 5.305980241583995
53 5.280000000000000 1.050000000000000
54 5.610280164589132 2.837132397434346
55 5.640393700458034 3.000075502478406
56 5.614384900674833 2.859342955706286
57 5.726480047743475 3.465885189844834
58 5.670749857882686 3.164331422789880
59 5.980791937768601 4.841956375597225
60 5.766616844435629 3.683063747288677
61 5.487940352560631 2.175156702211630
62 5.391952215642230 1.655768838064121
63 5.782770225724422 3.770469029604747
64 5.729534182379942 3.482410986850372
65 5.376776939917296 1.573656044757967
66 5.568840412552586 2.612903602168102
67 5.750574930062011 3.596261607869784
68 5.040000000000000 3.440000000000000
69 7.140000000000000 1.220000000000000
70 5.954375436147944 2.473374538929316
71 5.638041902673732 2.807784274316341
72 5.933013062409288 2.495957619738752
73 5.791938839093131 2.645093227244404
74 6.576681928359816 1.815507675733908
75 5.052808439623316 3.426459649541066
76 6.743879310344827 1.638756157635468
77 6.274003340757237 2.135482182628064
78 5.368827264936606 3.092382605638445
79 8.170000000000000 2.420000000000000
80 8.060000000000000 2.460000000000000
81 2.740000000000000 7.570000000000000
82 8.270000000000000 5.600000000000000
83 3.026450772576175 7.467955149733262
84 6.828601640586299 6.113481874872511
85 2.963617361010306 7.490338842461067
86 6.385870640481857 6.271199789918759
87 3.592272178285247 7.266387668856793
88 4.137335344683212 7.072215076125510
89 6.737800490596891 6.145828758322626
90 5.409427398282942 6.619046659201194
91 4.977129308549648 6.773047967840361
92 4.706653709730828 6.869401843007282
93 4.271971838763115 7.024252346769741
94 5.225051722115798 6.684728410023848
95 8.194670588571267 5.626835251449295
96 3.907950614068754 7.153930793903175
97 7.481463063951480 5.880907371431389
98 3.350000000000000 5.230000000000000
99 3.620000000000000 7.240000000000000
100 3.402261607588617 5.619058634270815
101 3.526737325001978 6.545711197236943
102 3.616462643281315 7.213666344427565
103 3.519286860923287 6.490246631317800
104 3.417173913043478 5.730072463768116
105 4.270000000000000 1.350000000000000
106 2.650000000000000 9.320000000000000
107 3.052055929186034 7.341984101473646
108 2.873492267499194 8.220473227179893
109 3.602263494250147 4.635098735077980
110 3.178844408557490 6.718216088763459
111 3.800312291330888 3.660747554378283
112 4.239434801103228 1.500373231609424
113 3.561876245302734 4.833794027739016
114 3.906605953031130 3.137808984161660
115 3.393599052880821 5.661676264530776
116 3.765071873363207 3.834121709441503
117 6.840000000000000 1.930000000000000
118 8.220000000000001 2.410000000000000
119 7.032578119387975 1.996983693700165
120 8.480000000000000 4.680000000000000
121 3.630000000000000 8.890000000000001
122 6.775008254068076 6.160003144406886
123 5.368199369742767 7.381171268738752
124 5.117058868717576 7.599171579937940
125 5.266533300911009 7.469421608899928
126 8.200213652859059 4.922866086899663
127 6.391803318967520 6.492640830339534
128 4.304524568464842 8.304484859126395
129 7.328747796994437 5.679334386526478
130 1.360000000000000 2.960000000000000
131 2.600874541433840 7.105240315949276
132 1.562164350549363 3.635346127559829
133 2.029529177718833 5.196615586437551
134 1.496476101803353 3.415909296603954
135 2.320000000000000 8.570000000000000
136 6.940000000000000 0.820000000000000
137 5.247083522469357 3.659849069450755
138 5.917798210735585 2.534732438701131
139 4.154130748898679 5.493265518622347
140 3.586719333513891 6.445092027114145
141 5.236828939138531 3.677051022007877
142 5.823200487943629 2.693419094899758
143 6.363670204914184 1.786786993921013
144 4.040214066738714 5.684359520081163
145 5.281837397561464 3.601549820107935
146 5.079965841610173 3.940187170459125
147 5.220848729379560 3.703857650932557
148 6.459974905897115 1.625236900280814
149 3.635450932329511 6.363345297499198
150 6.075812956142967 2.269664413396540
151 5.490012528234734 3.252338291381129
152 7.250000000000000 0.560000000000000
153 6.486686489364294 5.604888145006107
154 6.422985670660089 6.025899303108606
155 6.430832852099376 5.974035747619062
156 6.672170070739638 4.378990911778254
157 6.775734021078996 3.694516527351464
158 6.717932025628873 4.076541209924111
159 7.050372661291867 1.879376089162948
160 6.716597079252689 4.085364131375906
161 6.883859011329132 2.979897338916655
162 6.590267683003983 4.920299796238039
163 7.084326591021213 1.654967932905772
164 7.095807168322970 1.579090554187263
165 6.617471848920997 4.740502147935940
166 1.530000000000000 3.060000000000000
167 3.030000000000000 0.440000000000000
168 1.952195121951219 2.322565853658537
169 2.553091010430767 1.273001035114261
170 1.877239788706197 2.453487835726508
171 6.830000000000000 0.210000000000000
172 3.269143897996357 7.970621791687364
173 4.301031390134529 5.721699530113502
174 4.138711846375107 6.075462937684875
175 5.239178404951906 3.677077686815344
176 5.745575603422408 2.573422548521977
177 6.121494976479470 1.754134154132063
178 4.193279766035070 5.956536203689118
179 5.274905823053456 3.599212428704071
180 5.083942051446824 4.015403806535750
181 5.228398895730475 3.700570827726165
182 6.186610568315515 1.612219550872167
183 3.794669894954686 6.825276855732730
184 5.798940761832418 2.457117143470497
185 5.455167520087787 3.206345428708195
186 3.820000000000000 6.930000000000000
187 6.170000000000000 2.660000000000000
188 5.120050242397530 4.567781048920232
189 4.400157048146941 5.875842299750027
190 4.378760852667219 5.914719642174882
191 5.607946619864641 3.681262950288501
192 6.000644902830809 2.967721814856359
193 4.275391280429102 6.102544354284142
194 5.593902657509704 3.706781128695133
195 5.113747969009219 4.579232413757718
196 5.713557209338476 3.489366262180726
197 3.826619939429030 6.917971429207678
198 5.695056852139798 3.522981804835346
199 3.530000000000000 8.619999999999999
200 4.201687386400871 6.908214872838991
201 3.954679613842939 7.537710438660871
202 4.528480314042520 6.075388048152243
203 4.667354364273375 5.721469635291187
204 5.468531952594707 3.679680690508641
205 5.843324434647990 2.724527728669819
206 6.218941618343083 1.767273027192326
207 4.418189221048894 6.356463227569333
208 5.473790905538731 3.666278328611898
209 5.113962730288699 4.583294981294557
210 5.508116051516125 3.578801214166482
211 4.270992330508795 6.731592272854857
212 6.278074037018509 1.616574954143739
213 4.000224684391540 7.421639516444589
214 6.002270879061566 2.319455123361281
215 5.586330992843917 3.379471621267472
216 9.090000000000000 4.120000000000000
217 6.018631039531479 5.871859443631040
218 4.832624010733261 6.548338772671340
219 7.377805768693934 5.096608044181888
220 4.600540862782074 6.680715266566715
221 4.370767316926295 6.811774400583174
222 8.246342663075303 4.601208572432369
223 5.206566416236035 6.335048040465004
224 8.202549705742008 4.626187370765071
225 3.885432819519299 7.088601389963398
226 7.035280464216634 5.291978967393803
227 0.850000000000000 0.030000000000000
228 2.588941991173100 3.646999341640048
229 2.219072336184702 2.877670459264181
230 2.041820122764879 2.508985855350947
231 2.978382441371016 4.457035478051715
232 2.945631380977969 4.388913272434175
233 2.670000000000000 5.020000000000000
234 1.866650043393220 3.638801828991852
235 2.494220089322866 4.717781907958612
236 1.664300359111408 3.290902371805579
237 4.990000000000000 5.480000000000000
238 6.376654195617316 6.008249217378026
239 5.014193704210611 5.489216649223090
240 8.983976631748590 7.001514907332797
241 5.164887604367373 5.546623849282809
242 8.186239252336449 6.697614953271028
243 5.583898812222323 5.706247166560885
244 8.065314296310031 6.651548303356203
245 5.031550154351139 6.857673684995790
246 4.786931273662336 7.012148919716479
247 4.065881870745810 7.467486935519286
248 5.227647889273356 6.733839238754325
249 8.200737381652814 4.856352530092622
250 4.024939155495295 7.493341994338198
251 7.189195039047350 5.495134950991202
252 2.390000000000000 2.750000000000000
253 6.570000000000000 9.250000000000000
254 4.411192429937961 5.893002582439413
255 2.969617931239349 3.651319749534873
256 2.390153009865110 2.750237934000769
257 4.635665039442499 6.242062860377091
258 5.252344349263946 7.201013940242978
259 4.723306280219506 6.378347086465739
260 3.292796264068494 4.153869788623257
261 1.190000000000000 8.050000000000001
262 6.820000000000000 4.280000000000000
263 4.226937220063212 6.016384845534937
264 4.972838344011828 5.516909314933466
265 5.156804609862082 5.393720536557719
266 3.649205241890912 6.403249775856352
267 6.454177034625147 4.524964934185293
268 0.210000000000000 3.620000000000000
269 8.140000000000001 3.710000000000000
270 6.468547769512060 3.691030176450957
271 2.896413576973630 3.650488930886208
272 1.207285014988435 3.631318493234421
273 5.515103271385502 3.680209242676507
274 5.065953041361178 3.675111699082283
275 5.281267733575570 3.677555371503380
276 7.241114159488411 3.699798269149301
277 2.699611422968765 3.648255362934072
278 4.017508765835496 3.663212583723228
279 5.816768999846728 3.683632939468626
280 8.789999999999999 9.850000000000000
281 1.790000000000000 9.789999999999999
282 5.090000000000000 1.560000000000000
283 7.380000000000000 5.100000000000000
284 5.129018707837819 1.620317129146672
285 6.725604335587951 4.088401462000588
286 6.200861771659018 3.277227367542762
287 7.037705163071685 4.570863003176317
288 6.835623340414233 4.258474508762614
289 5.709507571237737 2.517666725843489
290 2.560000000000000 4.650000000000000
291 0.260000000000000 7.020000000000000
292 9.279999999999999 2.180000000000000
293 4.094378230579069 1.480815042325268
294 6.718391938162508 1.834614643347754
295 8.350000000000000 9.650000000000000
296 4.557834752395862 9.039397121148486
297 5.230000000000000 7.800000000000000
298 2.390139477206036 2.750248014045944
299 4.508119160743005 6.516373859771893
300 4.519853034287941 6.537238670124683
301 3.210744269254223 4.209422028075290
302 2.504554249519428 2.665024107396086
303 2.390096515703661 2.750280014695806
304 8.640000000000001 6.220000000000000
305 9.890000000000001 9.060000000000000
306 4.486195818121473 6.563524062396283
307 4.037251272094268 7.529062332619175
308 1.600000000000000 2.360000000000000
309 5.058075518931886 3.526095233128194
310 8.202861839101452 4.586546434115606
311 5.379900289634870 3.634617539528038
312 7.375054525376157 4.307402107394285
313 6.913159560042188 4.151646828386319
314 4.498660257825637 3.337455203220273
315 5.916798546366999 3.815664626100499
316 4.970000000000000 1.860000000000000
317 5.330000000000000 8.670000000000000
318 5.070922909733071 3.769125042450588
319 5.189604268064396 6.014180737551479
320 5.029118008430523 2.978315659477409
321 5.010118782736678 2.618913640102159
322 8.170000000000000 8.760000000000000
323 8.185354390163981 6.809992449174396
324 5.000000000000000 3.800000000000000
325 5.680493888815875 3.503759758181102
326 9.640000000000001 3.820000000000000
327 3.870252423727682 7.044559500938337
328 6.692940406403111 4.840115125087836
329 7.190000000000000 1.660000000000000
330 6.990344626168225 1.650492601246106
331 4.820000000000000 9.800000000000001
332 2.953147943693072 4.383824281084839
333 9.310000000000000 0.080000000000000
334 5.196534369324956 2.864968582545919
594
0 7
7 9
9 3
3 6
6 8
8 2
2 10
10 5
5 11
11 4
4 1
12 15
15 14
14 17
17 18
18 16
16 13
20 26
26 22
22 24
24 2
2 23
23 29
29 27
27 25
25 28
28 21
21 19
0 33
33 37
37 31
31 34
34 35
35 41
41 45
45 32
32 39
39 42
42 38
38 44
44 14
14 46
46 43
43 36
36 40
40 30
47 52
52 49
49 50
50 51
51 48
48 12
53 65
65 62
62 61
61 66
66 54
54 56
56 55
55 58
58 57
57 64
64 67
67 60
60 63
63 59
59 47
68 75
75 78
78 54
54 71
71 73
73 72
72 70
70 77
77 74
74 76
76 69
80 79
81 85
85 83
83 87
87 96
96 88
88 93
93 92
92 91
91 94
94 90
90 48
48 86
86 89
89 84
84 97
97 95
95 82
98 100
100 104
104 103
103 101
101 102
102 99
106 31
31 108
108 83
83 107
107 110
110 115
115 100
100 113
113 109
109 116
116 111
111 114
114 21
21 112
112 105
117 119
119 118
121 128
128 32
32 124
124 125
125 123
123 127
127 15
15 122
122 84
84 129
129 126
126 120
130 134
134 22
22 132
132 3
3 133
133 131
131 81
135 33
33 85
85 107
107 101
101 140
140 149
149 144
144 139
139 146
146 147
147 141
141 137
137 145
145 151
151 55
55 142
142 138
138 70
70 150
150 143
143 148
148 136
12 86
86 154
154 155
155 153
153 162
162 165
165 156
156 160
160 158
158 157
157 161
161 119
119 159
159 163
163 164
164 152
166 170
170 168
168 4
4 169
169 167
106 34
34 172
172 87
87 102
102 183
183 174
174 178
178 173
173 180
180 181
181 175
175 137
137 179
179 185
185 56
56 71
71 176
176 184
184 177
177 182
182 171
186 197
197 193
193 190
190 189
189 195
195 188
188 194
194 191
191 198
198 196
196 57
57 192
192 187
199 35
35 201
201 213
213 88
88 200
200 211
211 207
207 202
202 203
203 209
209 188
188 204
204 208
208 210
210 215
215 58
58 205
205 138
138 72
72 214
214 206
206 212
212 171
99 225
225 200
200 221
221 220
220 218
218 223
223 217
217 49
49 153
153 226
226 219
219 224
224 222
222 216
227 168
168 230
230 5
5 229
229 23
23 228
228 232
232 231
231 98
166 236
236 24
24 234
234 6
6 235
235 233
237 239
239 241
241 243
243 217
217 50
50 238
238 154
154 89
89 122
122 244
244 242
242 36
36 240
240 13
135 37
37 108
108 172
172 201
201 250
250 247
247 246
246 245
245 248
248 90
90 51
51 238
238 155
155 251
251 249
249 120
252 256
256 25
25 255
255 260
260 109
109 139
139 173
173 189
189 254
254 202
202 257
257 259
259 218
218 91
91 245
245 258
258 123
123 38
38 253
261 7
7 131
131 110
110 103
103 140
140 266
266 174
174 263
263 190
190 254
254 203
203 264
264 239
239 265
265 59
59 267
267 156
156 262
268 272
272 26
26 132
132 234
234 8
8 228
228 277
277 271
271 255
255 111
111 278
278 274
274 141
141 175
175 275
275 204
204 273
273 191
191 60
60 279
279 270
270 157
157 276
276 269
281 280
282 284
284 61
61 289
289 176
176 73
73 142
142 205
205 192
192 286
286 270
270 158
158 285
285 288
288 287
287 219
219 283
291 9
9 133
133 235
235 290
1 169
169 293
293 112
112 284
284 62
62 177
177 206
206 143
143 74
74 294
294 159
159 292
121 296
296 295
252 298
298 27
27 271
271 301
301 113
113 144
144 178
178 263
263 193
193 207
207 299
299 300
300 220
220 92
92 246
246 124
124 39
39 297
20 272
272 134
134 236
236 10
10 229
229 303
303 298
298 256
256 302
302 293
293 105
304 40
40 240
240 16
16 305
199 41
41 307
307 247
247 93
93 221
221 306
306 299
299 257
257 264
264 237
308 170
170 230
230 11
11 302
302 28
28 114
114 314
314 309
309 179
179 145
145 311
311 208
208 273
273 194
194 63
63 315
315 160
160 285
285 313
313 312
312 310
310 222
222 120
316 321
321 320
320 75
75 309
309 274
274 318
318 146
146 180
180 195
195 209
209 265
265 241
241 319
319 223
223 94
94 248
248 258
258 125
125 42
42 317
322 17
17 323
323 43
43 242
242 95
95 126
126 249
249 224
224 310
310 118
324 318
318 147
147 181
181 275
275 311
311 210
210 325
325 196
196 64
64 286
286 161
161 79
292 326
268 20
99 327
327 211
211 306
306 300
300 259
259 319
319 243
243 52
52 162
162 328
328 287
287 312
312 269
262 288
288 313
313 276
276 79
12 127
127 44
44 253
282 65
65 182
182 212
212 148
148 76
76 330
330 163
163 329
252 303
303 29
29 277
277 332
332 231
231 115
115 104
104 149
149 266
266 183
183 197
197 327
327 225
225 96
96 213
213 250
250 307
307 45
45 128
128 296
296 331
290 232
232 332
332 301
301 260
260 116
116 278
278 314
314 320
320 334
334 66
66 289
289 184
184 214
214 150
150 77
77 294
294 330
330 164
164 333
19 321
321 334
334 78
78 185
185 151
151 215
215 325
325 198
198 67
67 279
279 315
315 267
267 165
165 328
328 226
226 251
251 129
129 97
97 244
244 46
46 323
323 18
18 305
426
0 0.600000000000000 3.700000000000000
1 1.600000000000000 3.700000000000000
2 1.600000000000000 3.500000000000000
3 1.600000000000000 3.100000000000000
4 1.700000000000000 6.100000000000000
5 1.700000000000000 6.100000000000000
6 1.700000000000000 8.500000000000000
7 1.700000000000000 7.300000000000000
8 1.800000000000000 3.100000000000000
9 1.800000000000000 7.500000000000000
10 1.800000000000000 5.600000000000000
11 1.800000000000000 6.600000000000000
12 1.800000000000000 6.700000000000000
13 1.900000000000000 6.500000000000000
14 1.900000000000000 4.200000000000000
15 1.900000000000000 7.600000000000000
16 1.900000000000000 2.500000000000000
17 1.900000000000000 7.000000000000000
18 1.900000000000000 6.100000000000000
19 1.900000000000000 7.100000000000000
20 1.900000000000000 3.100000000000000
21 2.000000000000000 8.199999999999999
22 2.000000000000000 2.900000000000000
23 2.000000000000000 5.800000000000000
24 2.000000000000000 3.700000000000000
25 2.000000000000000 7.400000000000000
26 2.000000000000000 7.500000000000000
27 2.000000000000000 5.900000000000000
28 2.100000000000000 4.800000000000000
29 2.100000000000000 4.300000000000000
30 2.100000000000000 2.900000000000000
31 2.100000000000000 4.400000000000000
32 2.100000000000000 3.200000000000000
33 2.100000000000000 2.500000000000000
34 2.100000000000000 6.100000000000000
35 2.100000000000000 3.900000000000000
36 2.200000000000000 3.200000000000000
37 2.200000000000000 4.500000000000000
38 2.200000000000000 2.100000000000000
39 2.300000000000000 6.400000000000000
40 2.300000000000000 1.900000000000000
41 2.300000000000000 4.000000000000000
42 2.300000000000000 3.600000000000000
43 2.300000000000000 6.000000000000000
44 2.300000000000000 2.300000000000000
45 2.400000000000000 7.300000000000000
46 2.400000000000000 2.700000000000000
47 2.400000000000000 6.400000000000000
48 2.400000000000000 2.900000000000000
49 2.400000000000000 5.400000000000000
50 2.400000000000000 7.100000000000000
51 2.600000000000000 4.700000000000000
52 2.600000000000000 6.400000000000000
53 2.600000000000000 3.300000000000000
54 2.600000000000000 2.500000000000000
55 2.600000000000000 3.000000000000000
56 2.600000000000000 7.100000000000000
57 2.700000000000000 8.900000000000000
58 2.700000000000000 9.000000000000000
59 2.700000000000000 3.600000000000000
60 2.700000000000000 6.700000000000000
61 2.800000000000000 4.200000000000000
62 2.800000000000000 5.800000000000000
63 2.800000000000000 1.700000000000000
64 2.900000000000000 4.100000000000000
65 2.900000000000000 7.200000000000000
66 2.900000000000000 8.300000000000001
67 2.900000000000000 3.400000000000000
68 2.900000000000000 4.400000000000000
69 2.900000000000000 5.000000000000000
70 2.900000000000000 5.500000000000000
71 3.000000000000000 3.400000000000000
72 3.000000000000000 6.600000000000000
73 3.000000000000000 6.800000000000000
74 3.000000000000000 8.300000000000001
75 3.000000000000000 5.700000000000000
76 3.000000000000000 3.400000000000000
77 3.000000000000000 3.400000000000000
78 3.000000000000000 7.900000000000000
79 3.000000000000000 2.100000000000000
80 3.000000000000000 4.200000000000000
81 3.100000000000000 7.000000000000000
82 3.100000000000000 6.200000000000000
83 3.100000000000000 8.199999999999999
84 3.100000000000000 4.200000000000000
85 3.200000000000000 5.000000000000000
86 3.200000000000000 4.600000000000000
87 3.200000000000000 6.000000000000000
88 3.200000000000000 2.700000000000000
89 3.200000000000000 6.300000000000000
90 3.200000000000000 3.500000000000000
91 3.200000000000000 4.000000000000000
92 3.200000000000000 3.900000000000000
93 3.300000000000000 7.700000000000000
94 3.300000000000000 6.100000000000000
95 3.300000000000000 7.700000000000000
96 3.300000000000000 6.100000000000000
97 3.300000000000000 6.100000000000000
98 3.300000000000000 4.200000000000000
99 3.400000000000000 8.000000000000000
100 3.400000000000000 4.500000000000000
101 3.400000000000000 4.500000000000000
102 3.400000000000000 4.800000000000000
103 3.400000000000000 6.700000000000000
104 3.400000000000000 7.900000000000000
105 3.400000000000000 5.400000000000000
106 3.400000000000000 6.600000000000000
107 3.400000000000000 7.100000000000000
108 3.400000000000000 7.500000000000000
109 3.400000000000000 7.400000000000000
110 3.400000000000000 6.300000000000000
111 3.400000000000000 6.100000000000000
112 3.400000000000000 2.500000000000000
113 3.500000000000000 3.200000000000000
114 3.500000000000000 2.600000000000000
115 3.500000000000000 2.800000000000000
116 3.500000000000000 3.200000000000000
117 3.500000000000000 1.900000000000000
118 3.500000000000000 1.700000000000000
119 3.500000000000000 7.300000000000000
120 3.500000000000000 4.300000000000000
121 3.500000000000000 7.600000000000000
122 3.600000000000000 4.900000000000000
123 3.600000000000000 5.200000000000000
124 3.600000000000000 4.700000000000000
125 3.600000000000000 7.800000000000000
126 3.600000000000000 2.400000000000000
127 3.600000000000000 6.100000000000000
128 3.600000000000000 4.900000000000000
129 3.600000000000000 2.600000000000000
130 3.700000000000000 1.700000000000000
131 3.700000000000000 2.500000000000000
132 3.700000000000000 2.800000000000000
133 3.700000000000000 5.600000000000000
134 3.700000000000000 3.000000000000000
135 3.700000000000000 8.600000000000000
136 3.700000000000000 3.700000000000000
137 3.700000000000000 8.100000000000000
138 3.800000000000000 8.699999999999999
139 3.800000000000000 5.600000000000000
140 3.800000000000000 7.700000000000000
141 3.800000000000000 4.100000000000000
142 3.800000000000000 5.700000000000000
143 3.900000000000000 5.700000000000000
144 3.900000000000000 7.600000000000000
145 3.900000000000000 4.500000000000000
146 3.900000000000000 4.000000000000000
147 3.900000000000000 6.800000000000000
148 3.900000000000000 2.700000000000000
149 3.900000000000000 4.700000000000000
150 4.000000000000000 2.300000000000000
151 4.000000000000000 3.800000000000000
152 4.000000000000000 7.600000000000000
153 4.000000000000000 2.100000000000000
154 4.000000000000000 2.200000000000000
155 4.100000000000000 3.600000000000000
156 4.100000000000000 3.300000000000000
157 4.100000000000000 5.000000000000000
158 4.100000000000000 7.300000000000000
159 4.100000000000000 3.400000000000000
160 4.100000000000000 4.400000000000000
161 4.100000000000000 3.200000000000000
162 4.100000000000000 2.200000000000000
163 4.100000000000000 4.300000000000000
164 4.200000000000000 3.900000000000000
165 4.200000000000000 8.000000000000000
166 4.200000000000000 5.100000000000000
167 4.200000000000000 7.300000000000000
168 4.200000000000000 3.700000000000000
169 4.200000000000000 4.200000000000000
170 4.200000000000000 1.500000000000000
171 4.200000000000000 7.400000000000000
172 4.200000000000000 2.100000000000000
173 4.200000000000000 2.200000000000000
174 4.200000000000000 4.100000000000000
175 4.200000000000000 3.100000000000000
176 4.200000000000000 4.500000000000000
177 4.300000000000000 1.800000000000000
178 4.300000000000000 4.900000000000000
179 4.300000000000000 7.300000000000000
180 4.300000000000000 6.000000000000000
181 4.400000000000000 6.000000000000000
182 4.400000000000000 2.300000000000000
183 4.400000000000000 7.900000000000000
184 4.400000000000000 6.200000000000000
185 4.400000000000000 3.800000000000000
186 4.400000000000000 6.900000000000000
187 4.400000000000000 7.400000000000000
188 4.400000000000000 8.900000000000000
189 4.400000000000000 5.200000000000000
190 4.500000000000000 2.700000000000000
191 4.500000000000000 5.800000000000000
192 4.500000000000000 7.300000000000000
193 4.500000000000000 5.500000000000000
194 4.500000000000000 8.900000000000000
195 4.500000000000000 6.100000000000000
196 4.500000000000000 3.700000000000000
197 4.500000000000000 7.600000000000000
198 4.600000000000000 5.600000000000000
199 4.600000000000000 6.400000000000000
200 4.600000000000000 4.300000000000000
201 4.600000000000000 4.200000000000000
202 4.600000000000000 2.500000000000000
203 4.600000000000000 7.400000000000000
204 4.700000000000000 4.300000000000000
205 4.700000000000000 6.800000000000000
206 4.700000000000000 4.800000000000000
207 4.800000000000000 3.400000000000000
208 4.800000000000000 7.400000000000000
209 4.800000000000000 7.300000000000000
210 4.800000000000000 5.500000000000000
211 4.800000000000000 5.600000000000000
212 4.800000000000000 6.500000000000000
213 4.900000000000000 6.600000000000000
214 4.900000000000000 7.200000000000000
215 4.900000000000000 2.000000000000000
216 4.900000000000000 7.500000000000000
217 5.000000000000000 6.100000000000000
218 5.000000000000000 2.800000000000000
219 5.000000000000000 7.700000000000000
220 5.000000000000000 3.900000000000000
221 5.000000000000000 4.500000000000000
222 5.000000000000000 1.700000000000000
223 5.000000000000000 2.400000000000000
224 5.000000000000000 3.600000000000000
225 5.100000000000000 5.500000000000000
226 5.100000000000000 7.600000000000000
227 5.100000000000000 4.300000000000000
228 5.200000000000000 1.800000000000000
229 5.200000000000000 4.600000000000000
230 5.200000000000000 5.600000000000000
231 5.200000000000000 2.200000000000000
232 5.200000000000000 7.500000000000000
233 5.200000000000000 3.100000000000000
234 5.200000000000000 6.500000000000000
235 5.300000000000000 2.100000000000000
236 5.300000000000000 2.300000000000000
237 5.300000000000000 6.600000000000000
238 5.400000000000000 6.100000000000000
239 5.400000000000000 2.100000000000000
240 5.400000000000000 2.100000000000000
241 5.400000000000000 3.500000000000000
242 5.400000000000000 2.600000000000000
243 5.500000000000000 3.600000000000000
244 5.500000000000000 3.500000000000000
245 5.500000000000000 6.000000000000000
246 5.500000000000000 2.400000000000000
247 5.500000000000000 6.600000000000000
248 5.500000000000000 4.200000000000000
249 5.500000000000000 6.500000000000000
250 5.500000000000000 7.100000000000000
251 5.500000000000000 6.400000000000000
252 5.500000000000000 5.100000000000000
253 5.600000000000000 6.500000000000000
254 5.600000000000000 2.500000000000000
255 5.600000000000000 2.600000000000000
256 5.600000000000000 1.800000000000000
257 5.600000000000000 2.500000000000000
258 5.600000000000000 5.300000000000000
259 5.700000000000000 6.500000000000000
260 5.700000000000000 3.000000000000000
261 5.700000000000000 4.800000000000000
262 5.700000000000000 1.800000000000000
263 5.700000000000000 5.800000000000000
264 5.700000000000000 5.000000000000000
265 5.700000000000000 7.800000000000000
266 5.800000000000000 3.300000000000000
267 5.800000000000000 7.500000000000000
268 5.800000000000000 1.900000000000000
269 5.900000000000000 5.500000000000000
270 5.900000000000000 6.600000000000000
271 5.900000000000000 6.600000000000000
272 5.900000000000000 7.800000000000000
273 6.000000000000000 5.400000000000000
274 6.000000000000000 4.500000000000000
275 6.000000000000000 5.200000000000000
276 6.000000000000000 5.900000000000000
277 6.000000000000000 7.600000000000000
278 6.000000000000000 5.900000000000000
279 6.000000000000000 3.100000000000000
280 6.000000000000000 8.100000000000000
281 6.000000000000000 2.700000000000000
282 6.100000000000000 6.400000000000000
283 6.100000000000000 2.700000000000000
284 6.100000000000000 2.600000000000000
285 6.100000000000000 6.200000000000000
286 6.100000000000000 6.500000000000000
287 6.100000000000000 5.700000000000000
288 6.100000000000000 7.400000000000000
289 6.100000000000000 4.200000000000000
290 6.100000000000000 2.800000000000000
291 6.100000000000000 2.800000000000000
292 6.200000000000000 4.400000000000000
293 6.200000000000000 5.000000000000000
294 6.200000000000000 5.400000000000000
295 6.200000000000000 5.200000000000000
296 6.200000000000000 2.700000000000000
297 6.200000000000000 5.300000000000000
298 6.200000000000000 3.700000000000000
299 6.200000000000000 5.200000000000000
300 6.300000000000000 7.400000000000000
301 6.300000000000000 4.600000000000000
302 6.300000000000000 5.800000000000000
303 6.300000000000000 8.600000000000000
304 6.400000000000000 5.600000000000000
305 6.400000000000000 5.100000000000000
306 6.400000000000000 2.800000000000000
307 6.400000000000000 6.100000000000000
308 6.400000000000000 6.600000000000000
309 6.400000000000000 6.600000000000000
310 6.400000000000000 5.600000000000000
311 6.400000000000000 3.200000000000000
312 6.400000000000000 2.200000000000000
313 6.400000000000000 1.200000000000000
314 6.400000000000000 7.200000000000000
315 6.400000000000000 1.500000000000000
316 6.500000000000000 7.900000000000000
317 6.500000000000000 8.699999999999999
318 6.500000000000000 1.200000000000000
319 6.500000000000000 2.100000000000000
320 6.500000000000000 8.500000000000000
321 6.500000000000000 8.600000000000000
322 6.500000000000000 3.400000000000000
323 6.500000000000000 2.700000000000000
324 6.500000000000000 5.300000000000000
325 6.500000000000000 1.100000000000000
326 6.500000000000000 3.700000000000000
327 6.500000000000000 5.600000000000000
328 6.500000000000000 6.100000000000000
329 6.500000000000000 2.100000000000000
330 6.500000000000000 6.100000000000000
331 6.500000000000000 7.300000000000000
332 6.600000000000000 3.200000000000000
333 6.600000000000000 2.200000000000000
334 6.600000000000000 2.700000000000000
335 6.600000000000000 4.100000000000000
336 6.600000000000000 1.700000000000000
337 6.600000000000000 4.000000000000000
338 6.600000000000000 1.100000000000000
339 6.700000000000000 5.700000000000000
340 6.700000000000000 1.200000000000000
341 6.700000000000000 1.000000000000000
342 6.700000000000000 1.100000000000000
343 6.700000000000000 1.400000000000000
344 6.700000000000000 1.200000000000000
345 6.800000000000000 3.300000000000000
346 6.800000000000000 6.400000000000000
347 6.800000000000000 3.200000000000000
348 6.800000000000000 5.300000000000000
349 6.800000000000000 3.000000000000000
350 6.900000000000000 1.700000000000000
351 6.900000000000000 6.100000000000000
352 6.900000000000000 2.500000000000000
353 7.000000000000000 4.200000000000000
354 7.000000000000000 3.700000000000000
355 7.000000000000000 4.100000000000000
356 7.100000000000000 2.400000000000000
357 7.100000000000000 3.400000000000000
358 7.100000000000000 4.200000000000000
359 7.200000000000000 6.500000000000000
360 7.200000000000000 2.200000000000000
361 7.200000000000000 2.300000000000000
362 7.200000000000000 4.900000000000000
363 7.200000000000000 6.000000000000000
364 7.200000000000000 3.700000000000000
365 7.200000000000000 3.500000000000000
366 7.200000000000000 2.500000000000000
367 7.200000000000000 4.300000000000000
368 7.300000000000000 5.300000000000000
369 7.300000000000000 6.600000000000000
370 7.300000000000000 3.900000000000000
371 7.400000000000000 3.100000000000000
372 7.400000000000000 6.800000000000000
373 7.400000000000000 5.300000000000000
374 7.400000000000000 5.500000000000000
375 7.400000000000000 6.500000000000000
376 7.400000000000000 3.800000000000000
377 7.400000000000000 2.200000000000000
378 7.400000000000000 6.800000000000000
379 7.500000000000000 6.300000000000000
380 7.500000000000000 6.500000000000000
381 7.500000000000000 4.900000000000000
382 7.600000000000000 4.700000000000000
383 7.600000000000000 3.000000000000000
384 7.600000000000000 6.200000000000000
385 7.600000000000000 4.500000000000000
386 7.600000000000000 5.500000000000000
387 7.600000000000000 4.200000000000000
388 7.600000000000000 6.500000000000000
389 7.600000000000000 5.000000000000000
390 7.700000000000000 4.000000000000000
391 7.700000000000000 5.600000000000000
392 7.700000000000000 4.700000000000000
393 7.800000000000000 5.200000000000000
394 7.900000000000000 4.600000000000000
395 7.900000000000000 5.100000000000000
396 8.000000000000000 6.000000000000000
397 8.000000000000000 5.800000000000000
398 8.000000000000000 3.200000000000000
399 8.000000000000000 3.900000000000000
400 8.100000000000000 4.800000000000000
401 8.100000000000000 3.200000000000000
402 8.100000000000000 4.100000000000000
403 8.100000000000000 3.300000000000000
404 8.100000000000000 6.700000000000000
405 8.199999999999999 5.000000000000000
406 8.199999999999999 5.600000000000000
407 8.400000000000000 5.200000000000000
408 8.400000000000000 6.200000000000000
409 8.500000000000000 7.200000000000000
410 8.600000000000000 7.300000000000000
411 8.699999999999999 6.900000000000000
412 8.900000000000000 7.400000000000000
413 9.000000000000000 7.200000000000000
414 9.000000000000000 7.100000000000000
415 9.100000000000000 8.000000000000000
416 9.199999999999999 8.000000000000000
417 9.300000000000001 8.199999999999999
418 9.300000000000001 7.800000000000000
419 9.400000000000000 8.400000000000000
420 9.500000000000000 8.400000000000000
421 9.500000000000000 7.300000000000000
422 9.500000000000000 7.500000000000000
423 9.500000000000000 8.000000000000000
424 9.600000000000000 7.700000000000000
425 9.600000000000000 8.500000000000000
