335
0 4.140000000000000 5.200000000000000
1 4.790000000000000 3.360000000000000
2 4.322819420783645 4.682480408858603
3 4.406154447269588 4.446578180036856
4 4.488618647787875 4.213141058569708
5 4.145616189176899 5.184101864483856
6 4.569453485904572 3.984316286054749
7 4.673681947211730 3.689269564816025
8 4.686454282063285 3.653114032313162
9 4.706634382330897 3.595988825401769
10 4.640000000000000 5.030000000000000
11 2.340000000000000 2.510000000000000
12 3.301203127070360 3.563144295746655
13 3.857731054643581 4.172905329435576
14 3.163461739585149 3.412227645110685
15 3.630572975671575 3.924019086387987
16 2.781799917999180 2.994059040590406
17 3.050106644215253 3.288029888444538
18 0.670000000000000 6.290000000000000
19 4.160000000000000 6.290000000000000
20 3.062621951219512 6.290000000000000
21 3.928206521739131 6.290000000000000
22 3.305334821428572 6.290000000000000
23 3.288039215686275 6.290000000000000
24 3.100526315789474 6.290000000000000
25 3.960342465753425 6.290000000000000
26 3.710000000000000 0.510000000000000
27 4.820000000000000 3.100000000000000
28 4.375461035098156 2.062742415229030
29 4.507582547169812 2.371025943396226
30 4.773491401771757 2.991479937467432
31 4.779608192341941 3.005752448797863
32 2.950000000000000 7.570000000000000
33 6.520000000000000 8.350000000000000
34 4.936233280717786 8.003966935282877
35 4.949233393922000 8.006807296151026
36 4.976137416034606 8.012685485856300
37 4.355145810082973 7.877006647581154
38 4.384544314097782 7.883429850139011
39 5.227152038369304 8.067529016786571
40 6.960000000000000 8.190000000000000
41 3.890000000000000 3.690000000000000
42 5.826017461383479 6.527810611148421
43 4.652588313835530 4.807800460019505
44 5.500589574278118 6.050799050244798
45 5.842496967802439 6.551966239449828
46 4.968428270087420 5.270758050616739
47 3.901785879761955 3.707275719520780
48 5.198371826594307 5.607808866343445
49 5.373421366438957 5.864396139731369
50 5.885899900307889 6.615586173089739
51 6.129047364940024 6.971991251540751
52 5.301139617460702 5.758445693346305
53 5.320736525708535 5.787170803155832
54 3.130000000000000 6.420000000000000
55 2.280000000000000 4.780000000000000
56 3.121132156693931 6.402890278797701
57 2.361854918727787 4.937931843192437
58 3.073911869318930 6.311782900803583
59 2.802357688551898 5.787843069676604
60 6.326706061117677 6.780410265068377
61 6.193604959689765 6.484152974793346
62 6.113060391347192 6.304876354934072
63 5.501640524196683 4.943974069986165
64 5.644324525005460 5.261561039528281
65 5.195306879496403 4.262134667266187
66 6.191898428053205 6.480354565666810
67 6.466791102471781 7.092212453888803
68 5.684682659046474 5.351390434651828
69 5.800755482835656 5.609746074698720
70 4.886710311353143 3.575258434947318
71 3.250000000000000 2.220000000000000
72 5.973189422083490 6.602059528258337
73 4.612714201040546 4.412831207604329
74 5.713254934872173 6.183782199780827
75 3.335984970442740 2.358363955132926
76 5.906012647419039 6.493961052585353
77 5.096925748612298 5.192007201944858
78 4.083839630240138 3.561785065372944
79 5.304240204296285 5.525610247883779
80 5.232117877374209 5.409553565478173
81 5.960976612674176 6.582407109882704
82 3.472727545221535 2.578405241232497
83 6.224107744293192 7.005828364806026
84 5.390196995947159 5.663928858707422
85 5.439504001986338 5.743271938506316
86 4.145256438837423 3.660614808587444
87 2.560000000000000 1.550000000000000
88 4.990000000000000 8.150000000000000
89 4.065775497887749 5.639760611546972
90 2.692094524480142 1.908775251674461
91 4.764198974836906 7.536713264989127
92 4.121107869797268 5.790046066116037
93 2.589854274764616 1.631085684545870
94 4.728268028799877 7.439123041184851
95 3.648421709295075 4.506207111665635
96 3.478744324109859 4.045354954372456
97 4.308417898866233 6.298789354945324
98 4.026228317176450 5.532348515787890
99 4.629490396862428 7.170838114934991
100 3.142680431820564 3.132588827166964
101 4.319070742521869 6.327723004380384
102 4.444289417333484 6.667823108806993
103 4.263874865790167 6.177808277454774
104 4.249971830985915 6.140046948356807
105 3.390000000000000 2.530000000000000
106 4.310489685897196 5.763220021713901
107 4.152339014632543 5.207715788896806
108 4.804833825558751 7.499603812275113
109 4.288858035821614 5.687238850823416
110 4.789645876852681 7.446256142445041
111 4.498674531575295 6.424219292158226
112 3.757903540799864 3.822261187059523
113 4.434987323176077 6.200517972655972
114 4.605824885619450 6.800584910738316
115 4.203462990098131 5.387288752719684
116 4.702099520750484 7.138749566636076
117 3.426080066122831 2.656731232256441
118 4.488357679963087 6.387981350870344
119 4.539315713971582 6.566971445325180
120 4.412845730588955 6.122745628693703
121 1.190000000000000 8.720000000000001
122 3.520000000000000 9.630000000000001
123 0.320000000000000 3.750000000000000
124 8.090000000000000 7.670000000000000
125 4.772577862961189 5.996345588520960
126 3.704204622705642 5.457346476319964
127 5.853670786908078 6.541761838440111
128 4.230624613959235 5.722927733168623
129 4.175454001674842 5.695093910754875
130 2.482903281769553 4.841194448460315
131 4.727344540698175 5.973525173685566
132 3.114448203229719 5.159811706133912
133 5.533706345668004 6.380338336553227
134 3.960119012697481 5.586456438838368
135 5.946722142045629 6.588706666257254
136 4.978902189008664 6.100437140400768
137 4.765068360903826 5.992557010906435
138 4.250000000000000 0.820000000000000
139 4.404081197982650 2.346236731368684
140 4.729390319881146 5.568555465849729
141 4.279911872784624 1.116289226366621
142 4.486398856862061 3.161626514593114
143 4.914251370296646 7.399679113884342
144 4.715005738389209 5.426070354585000
145 4.448800467107824 2.789199221486959
146 4.920488680287134 7.461462197979316
147 4.909284335072511 7.350478616326363
148 4.449146401985112 2.792625846690362
149 4.493727320265581 3.234217915603657
150 4.767153642029910 5.942616481188161
151 4.895700954602805 7.215929725998048
152 4.522955738233690 3.523737244936409
153 4.463595897642150 2.935753959076970
154 4.879973290418254 7.060140836169998
155 4.824183449567948 6.507519845044673
156 4.802036485357229 6.288145186038497
157 4.771939008919921 5.990017480247321
158 4.532276278836974 3.616060978209489
159 7.840000000000000 0.560000000000000
160 9.130000000000001 3.270000000000000
161 8.927430683918669 2.844447405751622
162 8.866212326362771 2.715841398793106
163 9.047310972860879 3.096288942986806
164 3.710000000000000 2.180000000000000
165 7.760000000000000 3.150000000000000
166 5.735903384105539 2.665216366069722
167 5.327977779546042 2.567515665718435
168 4.270515671771022 2.314246963362442
169 4.961779356750107 2.479808882974717
170 6.029273665782574 6.381393912527331
171 4.607193727850704 5.492143926023099
172 5.017162333800759 5.748504041642501
173 5.414631649491545 5.997048145378257
174 4.305697752839300 5.303613531522297
175 6.189339250870413 6.481485556873397
176 5.201749059707158 5.863929158854856
177 5.168804071246820 5.843328115437885
178 8.880000000000001 6.010000000000000
179 7.751053071253073 4.808992628992629
180 7.009358226573621 4.019955560184703
181 5.508473742055718 2.423269938357146
182 4.458557046979866 1.306337284021134
183 7.835587811406218 4.898923203623635
184 6.424891624546499 3.398182579304785
185 4.590000000000000 8.750000000000000
186 3.600000000000000 5.070000000000000
187 4.362331161845566 7.903715833930991
188 3.840047198110799 5.962296655603779
189 4.221501709589623 7.380228577060416
190 3.995857068450341 6.541468698886118
191 3.778850439239656 5.734817794345389
192 4.214508433678306 7.354233369632491
193 3.898036908490646 6.177854366914724
194 4.121896639696771 7.009979428367795
195 3.931112981340809 6.300803809428460
196 0.030000000000000 0.050000000000000
197 4.570000000000000 3.220000000000000
198 2.409517216430427 1.711469069622127
199 4.538788320808484 3.198206823119580
200 2.605857448095142 1.848561257810926
201 3.681479666352927 2.599601441043784
202 4.546887588524527 3.203862038683425
203 0.343418468561352 0.268840648753191
204 3.525123212655918 2.490427441435960
205 9.710000000000001 3.020000000000000
206 3.140000000000000 9.020000000000000
207 4.854940359878682 7.453844420202117
208 6.993407988544576 5.500905946534634
209 4.926240994538083 7.388729685353349
210 4.981243899604927 7.338498721821985
211 6.627526725864215 5.835044085968754
212 5.643486665237255 6.733710808002508
213 8.271082400000001 4.334080000000000
214 5.666812513673158 6.712408663312186
215 5.591923927363854 6.780800066334381
216 3.454625763171780 8.732670535916183
217 6.464469618949536 5.983954685890835
218 8.319766646848988 4.289619500594533
219 9.619999999999999 2.420000000000000
220 2.310000000000000 6.900000000000000
221 6.350171438531973 4.423944179942101
222 4.196943252265140 5.743569662086481
223 3.289527216415654 6.299687834535961
224 5.703508256356209 4.820257593915757
225 5.153720553103436 5.157199989342901
226 7.947951866990885 3.444729909149225
227 2.490033779633948 6.789664660361138
228 3.638856620611601 6.085598131280442
229 5.910926565823495 4.693139396047981
230 8.393732733909774 3.171529049532724
231 5.670000000000000 3.550000000000000
232 1.930000000000000 1.220000000000000
233 2.291480635210784 1.445200502684794
234 4.433545933294324 2.779695728496196
235 4.786964466925212 2.999873585009558
236 2.570613181567835 1.619098586377822
237 3.074542771557108 1.933044026130498
238 4.410690665915088 2.765457019139614
239 3.645306660194848 2.288626876538502
240 5.329832486667510 3.338077458271470
241 5.582054224966390 3.495210252452323
242 1.380000000000000 7.050000000000000
243 5.080000000000000 7.480000000000000
244 4.960546987456302 7.466117622866544
245 3.085593983851911 7.248217679204411
246 3.441570697578215 7.289587945934766
247 2.073484585613239 7.130594154544241
248 4.169390815370196 7.374172446110591
249 3.817295647815114 7.333253277989324
250 5.870000000000000 3.620000000000000
251 9.369999999999999 9.480000000000000
252 7.409208252758107 6.197074388903574
253 5.840000000000000 9.449999999999999
254 1.970000000000000 0.720000000000000
255 3.453182252516244 4.065783220792458
256 4.408592673421667 6.221011379579112
257 4.769443272880642 7.035023196963307
258 2.677732294452843 2.316512385161065
259 4.082787980355189 5.486056606847752
260 4.796860487750619 7.096871332832791
261 3.083527984827768 3.231911965774269
262 4.481533470212999 6.385552246759556
263 5.558338103415378 8.814623163518412
264 4.554712581927581 6.550630708069195
265 4.371763056982037 6.137930616912969
266 4.320553359683794 6.022411067193676
267 4.742280210238718 3.035583597675334
268 4.408722362869198 2.759121237693389
269 6.600000000000000 6.300000000000000
270 7.004093859211183 6.248602096854718
271 3.001815225731022 4.426499129227508
272 4.358057230742570 3.342640455766399
273 4.543869259781167 3.194146323773210
274 2.722578206312638 4.649655073616260
275 2.427723378573321 4.885292195366091
276 1.761818304091126 5.417459012211694
277 5.083257988024361 2.763086712499360
278 3.929024687595244 3.685507467235599
279 6.110000000000000 4.900000000000000
280 3.397964820243790 7.005685850948929
281 5.914401426301373 5.051867185270074
282 5.275181698075960 5.548171933607691
283 4.286215279533368 6.316027974020841
284 2.072603787597475 8.034726327515783
285 4.646284752966178 6.036461838144147
286 6.027202784749545 4.964285642735110
287 4.410000000000000 6.520000000000000
288 4.808895965484476 7.091552428156860
289 4.483858993465551 6.625827811532729
290 3.500000000000000 7.670000000000000
291 3.267099113905960 6.153666571387737
292 3.151522935779817 5.401191879757954
293 2.872704589076950 3.585906473564823
294 3.234539040368272 5.941679709631728
295 3.324156593492625 6.525147183164752
296 7.060000000000000 6.310000000000000
297 4.710117761471949 3.729284535683339
298 3.547641779856518 2.452616414420027
299 5.940204258048325 5.080204676324192
300 6.198611139346872 5.363995337711005
301 4.599929863315537 3.608272678965393
302 5.720000000000000 6.980000000000000
303 5.640483632681153 6.724044330073167
304 5.666345318170389 6.807290651026079
305 5.330745110089782 5.727025304617358
306 5.346474723685642 5.777657443903536
307 4.670017076003599 3.600204219772781
308 7.830774346346284 3.122222971595276
309 2.940000000000000 5.050000000000000
310 0.230000000000000 0.060000000000000
311 2.492018288342551 4.225118545693479
312 7.790000000000000 3.010000000000000
313 8.275272437544977 4.345612213426545
314 7.870571183542878 3.231755551035442
315 1.390000000000000 7.690000000000000
316 3.437734622403521 6.014007970586657
317 2.392468760846927 6.869517875737592
318 5.547687871744565 6.765054069583853
319 3.220000000000000 5.450000000000000
320 2.370000000000000 4.430000000000000
321 0.280000000000000 4.890000000000000
322 4.652810605929490 6.446519012097821
323 4.084337684733468 6.244168855769403
324 4.169343743405782 6.274427094323697
325 4.380000000000000 9.199999999999999
326 4.740000000000000 9.210000000000001
327 5.249138117208207 5.813635025031903
328 6.034154081961148 4.980495476232806
329 6.260000000000000 5.440000000000000
330 4.216896551724138 6.195172413793104
331 6.235144155999521 5.449187223352077
332 4.340000000000000 5.990000000000000
333 5.405911748799603 3.515487822732692
334 7.350000000000000 5.510000000000000
596
0 5
5 2
2 3
3 4
4 6
6 7
7 8
8 9
9 1
11 16
16 17
17 14
14 12
12 15
15 13
13 2
2 10
18 20
20 24
24 23
23 22
22 21
21 25
25 19
26 28
28 29
29 30
30 31
31 27
32 37
37 38
38 34
34 35
35 36
36 39
39 33
41 47
47 3
3 43
43 46
46 48
48 52
52 53
53 49
49 44
44 42
42 45
45 50
50 51
51 40
55 57
57 59
59 20
20 58
58 56
56 54
1 70
70 65
65 63
63 64
64 68
68 69
69 62
62 66
66 61
61 60
60 67
67 40
71 75
75 82
82 78
78 86
86 4
4 73
73 77
77 80
80 79
79 84
84 85
85 74
74 76
76 81
81 72
72 83
83 40
87 93
93 90
90 100
100 12
12 96
96 95
95 98
98 89
89 92
92 104
104 103
103 97
97 101
101 102
102 99
99 94
94 91
91 34
34 88
105 117
117 112
112 13
13 5
5 107
107 115
115 109
109 106
106 120
120 113
113 118
118 111
111 119
119 114
114 116
116 110
110 108
108 35
35 88
121 122
123 130
130 132
132 126
126 134
134 89
89 129
129 128
128 106
106 131
131 137
137 125
125 136
136 133
133 42
42 127
127 135
135 72
72 60
60 124
138 141
141 28
28 139
139 145
145 148
148 153
153 142
142 149
149 152
152 158
158 6
6 73
73 43
43 144
144 140
140 150
150 157
157 125
125 156
156 155
155 154
154 151
151 147
147 143
143 146
146 36
36 88
159 162
162 161
161 163
163 160
164 168
168 139
139 29
29 169
169 167
167 166
166 165
0 107
107 174
174 171
171 140
140 172
172 177
177 176
176 173
173 44
44 74
74 170
170 175
175 61
61 124
26 141
141 182
182 181
181 166
166 184
184 180
180 179
179 183
183 178
186 126
126 191
191 188
188 193
193 21
21 195
195 190
190 194
194 192
192 189
189 37
37 187
187 185
196 203
203 198
198 200
200 90
90 75
75 204
204 201
201 142
142 199
199 202
202 197
206 216
216 187
187 38
38 91
91 108
108 207
207 143
143 209
209 210
210 215
215 212
212 214
214 45
45 127
127 76
76 170
170 62
62 217
217 211
211 208
208 179
179 213
213 218
218 205
220 227
227 56
56 223
223 22
22 228
228 188
188 92
92 222
222 128
128 109
109 171
171 144
144 46
46 77
77 225
225 63
63 224
224 229
229 221
221 180
180 226
226 230
230 161
161 219
232 233
233 236
236 93
93 237
237 239
239 238
238 234
234 145
145 30
30 235
235 240
240 241
241 231
242 247
247 245
245 246
246 249
249 248
248 189
189 94
94 110
110 207
207 146
146 244
244 243
250 221
221 208
208 252
252 251
254 233
233 198
198 258
258 261
261 14
14 255
255 95
95 259
259 129
129 222
222 266
266 265
265 256
256 262
262 111
111 264
264 257
257 260
260 147
147 209
209 244
244 39
39 263
263 253
164 268
268 234
234 148
148 267
267 27
269 270
270 252
252 178
18 276
276 57
57 275
275 130
130 274
274 271
271 255
255 96
96 15
15 112
112 47
47 278
278 78
78 272
272 149
149 199
199 273
273 267
267 31
31 235
235 277
277 167
167 181
181 159
121 284
284 245
245 280
280 190
190 283
283 97
97 256
256 113
113 285
285 131
131 150
150 172
172 48
48 282
282 79
79 64
64 281
281 286
286 279
287 289
289 114
114 257
257 288
288 151
151 210
210 243
87 236
236 200
200 258
258 16
16 293
293 271
271 132
132 292
292 294
294 291
291 23
23 223
223 295
295 280
280 246
246 290
254 237
237 298
298 201
201 272
272 152
152 301
301 7
7 297
297 65
65 224
224 281
281 299
299 300
300 211
211 270
270 296
26 168
168 268
268 238
238 153
153 273
273 202
202 307
307 8
8 297
297 225
225 80
80 282
282 305
305 306
306 49
49 173
173 133
133 303
303 212
212 304
304 302
165 308
308 162
162 219
310 203
203 311
311 274
274 309
312 308
308 314
314 226
226 213
213 313
313 178
315 247
247 317
317 227
227 58
58 24
24 291
291 316
316 191
191 134
134 98
98 259
259 115
115 174
174 10
290 248
248 192
192 99
99 116
116 260
260 288
288 154
154 318
318 303
303 214
214 50
50 135
135 81
81 175
175 66
66 269
55 275
275 292
292 319
320 311
311 293
293 17
17 261
261 100
100 117
117 82
82 204
204 298
298 239
239 164
321 276
276 59
59 294
294 316
316 228
228 193
193 323
323 324
324 283
283 101
101 262
262 118
118 322
322 155
155 318
318 215
215 304
304 51
51 83
83 67
67 124
315 284
284 216
216 325
326 263
263 33
290 249
249 194
194 102
102 289
289 119
119 264
264 322
322 156
156 136
136 176
176 327
327 52
52 305
305 84
84 68
68 299
299 328
328 279
220 317
317 295
295 195
195 25
25 323
323 330
330 103
103 265
265 120
120 285
285 137
137 157
157 177
177 327
327 53
53 306
306 85
85 69
69 331
331 329
19 324
324 330
330 104
104 266
266 332
138 182
182 169
169 277
277 240
240 333
333 229
229 286
286 328
328 300
300 331
331 217
217 269
334 183
183 313
313 218
218 160
41 278
278 86
86 158
158 301
301 307
307 9
9 70
70 333
333 241
241 184
184 314
314 230
230 163
163 205
525
0 0.500000000000000 0.500000000000000
1 0.700000000000000 6.000000000000000
2 0.700000000000000 4.200000000000000
3 0.700000000000000 2.700000000000000
4 0.700000000000000 5.300000000000000
5 0.700000000000000 5.900000000000000
6 0.700000000000000 2.400000000000000
7 0.700000000000000 2.000000000000000
8 0.800000000000000 1.600000000000000
9 0.800000000000000 3.500000000000000
10 0.800000000000000 1.600000000000000
11 0.900000000000000 1.100000000000000
12 0.900000000000000 4.400000000000000
13 0.900000000000000 6.200000000000000
14 0.900000000000000 4.400000000000000
15 0.900000000000000 2.000000000000000
16 0.900000000000000 0.800000000000000
17 1.000000000000000 6.200000000000000
18 1.000000000000000 4.900000000000000
19 1.000000000000000 1.000000000000000
20 1.000000000000000 3.400000000000000
21 1.000000000000000 2.400000000000000
22 1.000000000000000 0.900000000000000
23 1.000000000000000 1.300000000000000
24 1.100000000000000 1.900000000000000
25 1.100000000000000 3.100000000000000
26 1.100000000000000 3.700000000000000
27 1.200000000000000 4.900000000000000
28 1.200000000000000 5.300000000000000
29 1.300000000000000 2.500000000000000
30 1.300000000000000 2.100000000000000
31 1.300000000000000 3.000000000000000
32 1.300000000000000 3.700000000000000
33 1.300000000000000 3.100000000000000
34 1.300000000000000 3.900000000000000
35 1.300000000000000 2.200000000000000
36 1.400000000000000 4.100000000000000
37 1.400000000000000 2.000000000000000
38 1.400000000000000 1.600000000000000
39 1.400000000000000 1.100000000000000
40 1.500000000000000 3.300000000000000
41 1.500000000000000 4.100000000000000
42 1.500000000000000 2.000000000000000
43 1.500000000000000 6.800000000000000
44 1.500000000000000 1.900000000000000
45 1.600000000000000 6.200000000000000
46 1.600000000000000 7.000000000000000
47 1.600000000000000 6.000000000000000
48 1.600000000000000 6.500000000000000
49 1.600000000000000 2.400000000000000
50 1.600000000000000 6.900000000000000
51 1.700000000000000 4.000000000000000
52 1.700000000000000 1.600000000000000
53 1.700000000000000 4.500000000000000
54 1.700000000000000 2.000000000000000
55 1.800000000000000 2.700000000000000
56 1.800000000000000 4.200000000000000
57 1.800000000000000 5.400000000000000
58 1.800000000000000 4.700000000000000
59 1.800000000000000 6.700000000000000
60 1.800000000000000 3.100000000000000
61 1.800000000000000 3.700000000000000
62 1.800000000000000 5.200000000000000
63 1.800000000000000 3.700000000000000
64 1.800000000000000 7.600000000000000
65 1.900000000000000 3.500000000000000
66 1.900000000000000 3.800000000000000
67 1.900000000000000 1.500000000000000
68 1.900000000000000 4.700000000000000
69 2.000000000000000 4.200000000000000
70 2.000000000000000 1.500000000000000
71 2.000000000000000 5.900000000000000
72 2.000000000000000 1.000000000000000
73 2.000000000000000 0.800000000000000
74 2.100000000000000 4.200000000000000
75 2.100000000000000 5.100000000000000
76 2.100000000000000 2.800000000000000
77 2.100000000000000 7.700000000000000
78 2.100000000000000 3.300000000000000
79 2.100000000000000 6.000000000000000
80 2.100000000000000 3.900000000000000
81 2.100000000000000 2.300000000000000
82 2.100000000000000 1.200000000000000
83 2.200000000000000 4.100000000000000
84 2.200000000000000 3.200000000000000
85 2.200000000000000 2.800000000000000
86 2.300000000000000 1.900000000000000
87 2.300000000000000 2.000000000000000
88 2.300000000000000 1.800000000000000
89 2.300000000000000 4.700000000000000
90 2.300000000000000 3.900000000000000
91 2.300000000000000 1.500000000000000
92 2.300000000000000 6.000000000000000
93 2.300000000000000 2.700000000000000
94 2.400000000000000 7.500000000000000
95 2.400000000000000 1.700000000000000
96 2.400000000000000 3.200000000000000
97 2.400000000000000 1.500000000000000
98 2.500000000000000 7.400000000000000
99 2.500000000000000 7.600000000000000
100 2.500000000000000 4.000000000000000
101 2.500000000000000 3.700000000000000
102 2.600000000000000 3.900000000000000
103 2.600000000000000 5.600000000000000
104 2.600000000000000 7.200000000000000
105 2.600000000000000 6.200000000000000
106 2.700000000000000 1.800000000000000
107 2.700000000000000 8.300000000000001
108 2.700000000000000 4.800000000000000
109 2.700000000000000 2.200000000000000
110 2.700000000000000 3.500000000000000
111 2.700000000000000 3.200000000000000
112 2.700000000000000 4.200000000000000
113 2.700000000000000 2.400000000000000
114 2.700000000000000 5.700000000000000
115 2.700000000000000 6.300000000000000
116 2.700000000000000 5.400000000000000
117 2.800000000000000 8.400000000000000
118 2.800000000000000 6.200000000000000
119 2.800000000000000 3.700000000000000
120 2.800000000000000 8.000000000000000
121 2.800000000000000 5.800000000000000
122 2.800000000000000 2.500000000000000
123 2.900000000000000 6.000000000000000
124 2.900000000000000 5.700000000000000
125 2.900000000000000 5.600000000000000
126 2.900000000000000 2.200000000000000
127 3.000000000000000 2.200000000000000
128 3.000000000000000 3.100000000000000
129 3.000000000000000 6.800000000000000
130 3.000000000000000 4.900000000000000
131 3.000000000000000 2.800000000000000
132 3.000000000000000 3.800000000000000
133 3.000000000000000 6.500000000000000
134 3.000000000000000 6.400000000000000
135 3.100000000000000 4.400000000000000
136 3.100000000000000 5.300000000000000
137 3.100000000000000 5.900000000000000
138 3.100000000000000 4.000000000000000
139 3.100000000000000 7.900000000000000
140 3.100000000000000 3.700000000000000
141 3.100000000000000 6.800000000000000
142 3.100000000000000 7.100000000000000
143 3.100000000000000 4.400000000000000
144 3.200000000000000 6.800000000000000
145 3.200000000000000 3.000000000000000
146 3.200000000000000 3.800000000000000
147 3.200000000000000 2.300000000000000
148 3.200000000000000 4.700000000000000
149 3.200000000000000 3.500000000000000
150 3.200000000000000 6.900000000000000
151 3.200000000000000 6.600000000000000
152 3.200000000000000 7.400000000000000
153 3.200000000000000 7.900000000000000
154 3.300000000000000 5.700000000000000
155 3.300000000000000 2.900000000000000
156 3.300000000000000 5.700000000000000
157 3.300000000000000 4.700000000000000
158 3.300000000000000 3.600000000000000
159 3.300000000000000 3.700000000000000
160 3.300000000000000 5.000000000000000
161 3.300000000000000 7.100000000000000
162 3.300000000000000 7.300000000000000
163 3.400000000000000 2.500000000000000
164 3.400000000000000 8.699999999999999
165 3.400000000000000 3.800000000000000
166 3.400000000000000 3.200000000000000
167 3.400000000000000 3.900000000000000
168 3.400000000000000 5.500000000000000
169 3.500000000000000 4.100000000000000
170 3.500000000000000 3.300000000000000
171 3.500000000000000 3.000000000000000
172 3.600000000000000 8.000000000000000
173 3.600000000000000 4.200000000000000
174 3.600000000000000 6.100000000000000
175 3.600000000000000 4.000000000000000
176 3.600000000000000 5.800000000000000
177 3.600000000000000 4.800000000000000
178 3.600000000000000 4.500000000000000
179 3.600000000000000 3.500000000000000
180 3.700000000000000 8.199999999999999
181 3.700000000000000 6.200000000000000
182 3.700000000000000 7.600000000000000
183 3.700000000000000 4.200000000000000
184 3.700000000000000 3.600000000000000
185 3.700000000000000 7.700000000000000
186 3.700000000000000 4.300000000000000
187 3.800000000000000 2.300000000000000
188 3.800000000000000 5.200000000000000
189 3.800000000000000 2.100000000000000
190 3.800000000000000 1.100000000000000
191 3.800000000000000 5.200000000000000
192 3.800000000000000 7.100000000000000
193 3.800000000000000 3.600000000000000
194 3.800000000000000 6.100000000000000
195 3.900000000000000 2.100000000000000
196 3.900000000000000 1.100000000000000
197 3.900000000000000 3.800000000000000
198 3.900000000000000 1.300000000000000
199 3.900000000000000 4.100000000000000
200 3.900000000000000 7.400000000000000
201 4.000000000000000 5.000000000000000
202 4.000000000000000 4.900000000000000
203 4.000000000000000 6.900000000000000
204 4.000000000000000 3.000000000000000
205 4.000000000000000 5.800000000000000
206 4.000000000000000 4.600000000000000
207 4.000000000000000 2.900000000000000
208 4.000000000000000 2.100000000000000
209 4.000000000000000 3.500000000000000
210 4.000000000000000 4.900000000000000
211 4.000000000000000 2.800000000000000
212 4.100000000000000 7.700000000000000
213 4.100000000000000 7.700000000000000
214 4.100000000000000 3.700000000000000
215 4.100000000000000 3.000000000000000
216 4.100000000000000 5.300000000000000
217 4.100000000000000 3.900000000000000
218 4.200000000000000 6.400000000000000
219 4.200000000000000 6.800000000000000
220 4.200000000000000 7.200000000000000
221 4.200000000000000 2.500000000000000
222 4.200000000000000 4.400000000000000
223 4.300000000000000 7.800000000000000
224 4.300000000000000 6.400000000000000
225 4.300000000000000 3.500000000000000
226 4.300000000000000 6.700000000000000
227 4.400000000000000 7.100000000000000
228 4.400000000000000 6.100000000000000
229 4.400000000000000 1.300000000000000
230 4.400000000000000 6.800000000000000
231 4.400000000000000 3.700000000000000
232 4.400000000000000 7.600000000000000
233 4.400000000000000 6.500000000000000
234 4.500000000000000 5.900000000000000
235 4.500000000000000 5.900000000000000
236 4.500000000000000 6.400000000000000
237 4.500000000000000 4.700000000000000
238 4.500000000000000 7.400000000000000
239 4.500000000000000 1.900000000000000
240 4.500000000000000 6.100000000000000
241 4.600000000000000 7.400000000000000
242 4.600000000000000 6.800000000000000
243 4.600000000000000 3.300000000000000
244 4.600000000000000 3.800000000000000
245 4.600000000000000 3.500000000000000
246 4.600000000000000 6.800000000000000
247 4.700000000000000 1.800000000000000
248 4.700000000000000 1.600000000000000
249 4.700000000000000 6.600000000000000
250 4.700000000000000 7.100000000000000
251 4.700000000000000 5.100000000000000
252 4.700000000000000 2.400000000000000
253 4.700000000000000 2.200000000000000
254 4.700000000000000 1.800000000000000
255 4.800000000000000 4.900000000000000
256 4.800000000000000 6.800000000000000
257 4.800000000000000 4.900000000000000
258 4.800000000000000 2.900000000000000
259 4.800000000000000 7.800000000000000
260 4.800000000000000 3.800000000000000
261 4.800000000000000 6.100000000000000
262 4.900000000000000 2.100000000000000
263 4.900000000000000 3.800000000000000
264 4.900000000000000 5.400000000000000
265 4.900000000000000 6.000000000000000
266 4.900000000000000 1.900000000000000
267 4.900000000000000 6.600000000000000
268 4.900000000000000 2.900000000000000
269 4.900000000000000 4.900000000000000
270 4.900000000000000 1.800000000000000
271 4.900000000000000 6.700000000000000
272 4.900000000000000 3.600000000000000
273 4.900000000000000 6.500000000000000
274 5.000000000000000 1.900000000000000
275 5.000000000000000 1.900000000000000
276 5.000000000000000 3.300000000000000
277 5.000000000000000 5.200000000000000
278 5.000000000000000 2.000000000000000
279 5.000000000000000 7.000000000000000
280 5.000000000000000 2.900000000000000
281 5.100000000000000 3.200000000000000
282 5.100000000000000 7.200000000000000
283 5.100000000000000 7.800000000000000
284 5.100000000000000 5.100000000000000
285 5.100000000000000 3.900000000000000
286 5.100000000000000 2.100000000000000
287 5.100000000000000 6.200000000000000
288 5.100000000000000 3.500000000000000
289 5.100000000000000 8.000000000000000
290 5.100000000000000 3.800000000000000
291 5.100000000000000 6.900000000000000
292 5.200000000000000 4.800000000000000
293 5.200000000000000 4.400000000000000
294 5.200000000000000 7.200000000000000
295 5.200000000000000 2.100000000000000
296 5.300000000000000 4.000000000000000
297 5.300000000000000 7.700000000000000
298 5.300000000000000 6.200000000000000
299 5.300000000000000 7.000000000000000
300 5.400000000000000 4.800000000000000
301 5.400000000000000 8.000000000000000
302 5.400000000000000 7.900000000000000
303 5.400000000000000 7.100000000000000
304 5.400000000000000 5.100000000000000
305 5.400000000000000 6.200000000000000
306 5.500000000000000 5.200000000000000
307 5.500000000000000 3.900000000000000
308 5.500000000000000 4.500000000000000
309 5.600000000000000 2.500000000000000
310 5.600000000000000 8.300000000000001
311 5.600000000000000 6.700000000000000
312 5.600000000000000 4.900000000000000
313 5.600000000000000 6.300000000000000
314 5.600000000000000 4.100000000000000
315 5.600000000000000 5.400000000000000
316 5.600000000000000 3.100000000000000
317 5.600000000000000 3.100000000000000
318 5.700000000000000 3.100000000000000
319 5.700000000000000 6.200000000000000
320 5.700000000000000 8.500000000000000
321 5.700000000000000 4.900000000000000
322 5.700000000000000 3.400000000000000
323 5.700000000000000 7.500000000000000
324 5.700000000000000 3.500000000000000
325 5.800000000000000 4.900000000000000
326 5.800000000000000 3.700000000000000
327 5.800000000000000 8.199999999999999
328 5.800000000000000 3.000000000000000
329 5.800000000000000 2.800000000000000
330 5.900000000000000 6.300000000000000
331 5.900000000000000 7.600000000000000
332 5.900000000000000 4.700000000000000
333 5.900000000000000 3.100000000000000
334 5.900000000000000 5.800000000000000
335 5.900000000000000 5.900000000000000
336 5.900000000000000 6.400000000000000
337 5.900000000000000 7.900000000000000
338 5.900000000000000 5.500000000000000
339 5.900000000000000 5.100000000000000
340 5.900000000000000 5.300000000000000
341 6.000000000000000 3.700000000000000
342 6.000000000000000 8.400000000000000
343 6.000000000000000 6.900000000000000
344 6.000000000000000 6.100000000000000
345 6.000000000000000 8.300000000000001
346 6.000000000000000 2.300000000000000
347 6.100000000000000 4.600000000000000
348 6.100000000000000 6.500000000000000
349 6.100000000000000 2.400000000000000
350 6.100000000000000 6.300000000000000
351 6.100000000000000 2.000000000000000
352 6.100000000000000 5.000000000000000
353 6.100000000000000 7.200000000000000
354 6.100000000000000 8.500000000000000
355 6.100000000000000 6.500000000000000
356 6.100000000000000 2.700000000000000
357 6.100000000000000 8.400000000000000
358 6.100000000000000 6.500000000000000
359 6.100000000000000 3.700000000000000
360 6.100000000000000 2.800000000000000
361 6.200000000000000 3.400000000000000
362 6.200000000000000 5.600000000000000
363 6.200000000000000 3.800000000000000
364 6.200000000000000 2.300000000000000
365 6.200000000000000 4.300000000000000
366 6.300000000000000 6.100000000000000
367 6.300000000000000 2.700000000000000
368 6.300000000000000 2.300000000000000
369 6.300000000000000 6.800000000000000
370 6.300000000000000 7.700000000000000
371 6.300000000000000 6.300000000000000
372 6.300000000000000 3.800000000000000
373 6.400000000000000 2.400000000000000
374 6.400000000000000 1.900000000000000
375 6.400000000000000 6.300000000000000
376 6.400000000000000 3.800000000000000
377 6.400000000000000 6.600000000000000
378 6.400000000000000 4.500000000000000
379 6.400000000000000 4.800000000000000
380 6.500000000000000 1.800000000000000
381 6.500000000000000 2.300000000000000
382 6.500000000000000 4.600000000000000
383 6.600000000000000 2.400000000000000
384 6.600000000000000 7.200000000000000
385 6.600000000000000 6.100000000000000
386 6.600000000000000 4.400000000000000
387 6.600000000000000 2.100000000000000
388 6.600000000000000 5.300000000000000
389 6.600000000000000 7.600000000000000
390 6.600000000000000 4.000000000000000
391 6.600000000000000 2.500000000000000
392 6.600000000000000 2.300000000000000
393 6.600000000000000 7.600000000000000
394 6.700000000000000 4.200000000000000
395 6.700000000000000 1.500000000000000
396 6.700000000000000 6.200000000000000
397 6.700000000000000 2.900000000000000
398 6.700000000000000 7.100000000000000
399 6.800000000000000 4.100000000000000
400 6.800000000000000 7.800000000000000
401 6.800000000000000 5.800000000000000
402 6.800000000000000 7.200000000000000
403 6.800000000000000 6.800000000000000
404 6.800000000000000 6.400000000000000
405 6.800000000000000 6.400000000000000
406 6.800000000000000 5.700000000000000
407 6.900000000000000 6.400000000000000
408 6.900000000000000 6.800000000000000
409 6.900000000000000 2.800000000000000
410 6.900000000000000 6.100000000000000
411 6.900000000000000 5.200000000000000
412 7.000000000000000 1.600000000000000
413 7.000000000000000 5.200000000000000
414 7.000000000000000 6.200000000000000
415 7.000000000000000 5.100000000000000
416 7.000000000000000 3.000000000000000
417 7.000000000000000 2.700000000000000
418 7.000000000000000 7.100000000000000
419 7.000000000000000 5.000000000000000
420 7.000000000000000 2.900000000000000
421 7.100000000000000 3.000000000000000
422 7.100000000000000 4.800000000000000
423 7.100000000000000 4.900000000000000
424 7.100000000000000 3.700000000000000
425 7.100000000000000 5.500000000000000
426 7.100000000000000 2.400000000000000
427 7.100000000000000 7.300000000000000
428 7.100000000000000 4.400000000000000
429 7.100000000000000 5.600000000000000
430 7.200000000000000 2.500000000000000
431 7.200000000000000 4.800000000000000
432 7.200000000000000 1.100000000000000
433 7.200000000000000 6.900000000000000
434 7.200000000000000 3.300000000000000
435 7.200000000000000 4.200000000000000
436 7.200000000000000 2.400000000000000
437 7.200000000000000 1.600000000000000
438 7.200000000000000 5.600000000000000
439 7.200000000000000 5.600000000000000
440 7.300000000000000 4.400000000000000
441 7.300000000000000 3.600000000000000
442 7.300000000000000 3.800000000000000
443 7.300000000000000 4.200000000000000
444 7.400000000000000 6.500000000000000
445 7.400000000000000 7.400000000000000
446 7.400000000000000 7.200000000000000
447 7.400000000000000 3.200000000000000
448 7.500000000000000 3.600000000000000
449 7.500000000000000 2.600000000000000
450 7.500000000000000 6.800000000000000
451 7.500000000000000 1.000000000000000
452 7.500000000000000 6.000000000000000
453 7.500000000000000 0.900000000000000
454 7.500000000000000 1.600000000000000
455 7.500000000000000 3.500000000000000
456 7.600000000000000 3.100000000000000
457 7.600000000000000 6.100000000000000
458 7.600000000000000 1.500000000000000
459 7.600000000000000 0.800000000000000
460 7.600000000000000 1.200000000000000
461 7.700000000000000 6.600000000000000
462 7.700000000000000 4.100000000000000
463 7.700000000000000 5.100000000000000
464 7.700000000000000 7.400000000000000
465 7.800000000000000 5.700000000000000
466 7.800000000000000 5.500000000000000
467 7.800000000000000 5.000000000000000
468 7.800000000000000 3.800000000000000
469 7.800000000000000 3.100000000000000
470 7.800000000000000 4.200000000000000
471 7.800000000000000 2.400000000000000
472 7.800000000000000 3.000000000000000
473 7.800000000000000 1.400000000000000
474 7.800000000000000 0.900000000000000
475 7.900000000000000 5.300000000000000
476 7.900000000000000 5.500000000000000
477 7.900000000000000 7.500000000000000
478 7.900000000000000 5.500000000000000
479 8.000000000000000 6.800000000000000
480 8.000000000000000 4.400000000000000
481 8.000000000000000 1.900000000000000
482 8.000000000000000 7.200000000000000
483 8.000000000000000 5.500000000000000
484 8.100000000000000 2.900000000000000
485 8.100000000000000 4.600000000000000
486 8.100000000000000 1.800000000000000
487 8.100000000000000 5.800000000000000
488 8.199999999999999 3.500000000000000
489 8.199999999999999 4.300000000000000
490 8.199999999999999 5.400000000000000
491 8.199999999999999 4.900000000000000
492 8.300000000000001 1.800000000000000
493 8.300000000000001 1.700000000000000
494 8.300000000000001 2.100000000000000
495 8.300000000000001 3.900000000000000
496 8.300000000000001 1.600000000000000
497 8.300000000000001 2.500000000000000
498 8.300000000000001 4.800000000000000
499 8.300000000000001 5.200000000000000
500 8.400000000000000 5.300000000000000
501 8.400000000000000 3.300000000000000
502 8.400000000000000 3.000000000000000
503 8.400000000000000 1.800000000000000
504 8.400000000000000 2.100000000000000
505 8.500000000000000 2.200000000000000
506 8.600000000000000 2.700000000000000
507 8.600000000000000 3.100000000000000
508 8.600000000000000 5.200000000000000
509 8.600000000000000 5.000000000000000
510 8.699999999999999 4.000000000000000
511 8.699999999999999 5.300000000000000
512 8.699999999999999 4.900000000000000
513 8.800000000000001 5.100000000000000
514 8.800000000000001 2.600000000000000
515 8.800000000000001 5.800000000000000
516 8.900000000000000 3.000000000000000
517 9.100000000000000 3.200000000000000
518 9.199999999999999 2.700000000000000
519 9.199999999999999 3.100000000000000
520 9.400000000000000 3.100000000000000
521 9.400000000000000 3.000000000000000
522 9.400000000000000 3.300000000000000
523 9.500000000000000 2.700000000000000
524 9.600000000000000 2.700000000000000
