372
0 2.180000000000000 8.859999999999999
1 7.430000000000000 2.880000000000000
2 6.762554896917441 3.640251755511181
3 7.266117801108331 3.066669628451844
4 4.631227186910007 6.067935509005364
5 4.051262429942923 6.728542984560251
6 5.713357067563283 4.835338044946965
7 4.513074755301871 6.202516754913297
8 6.108611738148984 4.385124153498872
9 6.558058386470197 3.873183018839661
10 4.590183607798599 6.114686100069405
11 3.596398143971128 7.246655066486220
12 4.392005770005817 6.340420094355278
13 5.799493265124653 4.737224814200871
14 6.056277529165771 4.444735309635941
15 5.640982658959538 4.917775942747041
16 6.585204074321465 3.842262787725264
17 3.665938444996976 7.167445352174873
18 5.007854212446282 5.638939392299283
19 7.269028614413921 3.063354073486620
20 6.892016135557174 3.492789239879639
21 3.818767422793112 6.993365868894703
22 6.059790565627509 4.440733793818571
23 3.130000000000000 0.790000000000000
24 9.119999999999999 5.490000000000000
25 8.203219249483583 4.770656172382779
26 7.068950651536877 3.880662447783527
27 8.083948074553490 4.677071110250653
28 7.948395037481673 4.570710630411330
29 7.300525081063312 4.062365255592248
30 8.971791410957666 5.373709454340740
31 4.628460161576439 1.965753382205219
32 6.367732356809324 3.330457775793627
33 5.650112575063532 2.767383823505610
34 5.341514650907576 2.525245218575227
35 6.921306427601314 3.764814726164637
36 7.182419903710434 3.969695083044916
37 8.379761816893341 4.909178721101620
38 5.090847447822470 2.328561436521805
39 4.772714607878264 2.078941345079773
40 6.157653481437066 3.165621262563308
41 7.682690173421880 4.362227681983780
42 8.367321287876363 4.899417371121688
43 3.333482193009903 0.949660485333313
44 8.195896365290936 4.764910336705745
45 9.020000000000000 4.300000000000000
46 4.560000000000000 6.870000000000000
47 6.634404790169498 5.674659123153451
48 7.959916074589329 4.910855535494489
49 5.250387973478633 6.472175539946170
50 6.352927328969689 5.836855776804462
51 4.946034085591908 6.647554349782242
52 8.086620676579956 4.837844139280159
53 5.444620017248688 6.360252590957594
54 4.905612780162137 6.670846447305674
55 6.388422077370207 5.816402524923446
56 8.437194936668051 4.635831617211459
57 7.465916241242343 5.195514632288604
58 8.763027070052578 4.448076329588536
59 6.348453249599024 5.839433889805046
60 8.197761803130833 4.773800934070350
61 6.918612683995233 5.510889103617097
62 5.640000000000000 9.779999999999999
63 7.820000000000000 0.780000000000000
64 6.745438036592052 5.216264986546573
65 6.915241183844770 4.515242818989481
66 6.528516101412428 6.111814260223923
67 6.196592347134535 7.482141686141825
68 7.002780302149393 4.153842789291497
69 6.177578902139182 7.560637559975856
70 6.088900893983436 7.926739428508747
71 6.192558293661600 7.498796035342019
72 6.981455855338102 4.241879496310588
73 6.494230210297491 6.253361517120449
74 7.107398311747961 3.721933575352455
75 7.001565740487559 4.158857034684391
76 6.356810820826385 6.820689271817677
77 6.181804698706254 7.543191610845739
78 7.268597439885154 3.056432587630100
79 7.136517283720452 3.601717636016483
80 6.232335936193061 7.334576410212134
81 6.477560332589738 6.322182113161630
82 7.461431665465849 2.260327986608884
83 6.730769581382047 5.276822829156687
84 1.250000000000000 7.430000000000000
85 7.953773706618499 4.729509433498596
86 3.818960229158061 6.395142147070176
87 6.096429072418027 5.477706178034952
88 6.118019831519597 5.469008742257871
89 4.452276537957420 6.140022449960524
90 7.930081155937812 4.739053536925951
91 4.420985324947587 6.152627533193572
92 2.143785848859116 7.069954992673225
93 4.223660608757901 6.232116125429571
94 6.287746038957351 5.400637696018467
95 3.813069620253165 6.397515069318866
96 8.460391970893712 4.525427687400603
97 2.378933149698060 6.975230275604256
98 5.400539329199970 5.758032419511466
99 3.160248431927192 6.660491944410282
100 7.544226271762180 4.894488001207771
101 8.823425022073973 4.379186574119492
102 6.236609880979722 5.421236946272003
103 8.170177474981326 4.642335199910997
104 6.697627018213470 5.235524766150816
105 3.023372050082205 6.715630049323384
106 8.029999999999999 6.980000000000000
107 7.907029961629521 3.349456010014424
108 7.954621541214800 4.754540740627438
109 7.913355730869604 3.536216816150223
110 7.902526916048350 3.216508949998899
111 8.018152642737041 6.630220880807914
112 7.911537333560272 3.482530800350883
113 7.974696964321291 5.347243708533361
114 7.874583335483172 2.391507999979362
115 8.027020948316904 6.892047045546719
116 5.620000000000000 8.980000000000000
117 0.450000000000000 1.560000000000000
118 1.594334498466305 3.202352413659572
119 3.754170487217344 6.302155708927019
120 4.487818864465882 7.355090130432659
121 3.284283981442499 5.627773141644747
122 3.372481355961547 5.754354286505741
123 3.265922824553711 5.601421152454262
124 3.817892987567190 6.393610438636085
125 2.668974773605174 4.744679462311487
126 4.437349306973246 7.282656065327173
127 2.832349324182366 4.979155122907767
128 2.732236997248788 4.835473601467314
129 3.489339231209849 5.922069070711234
130 2.848337129440163 5.002100870492459
131 5.252349369367229 8.452346677118925
132 3.622111420455614 6.112624127617148
133 0.090000000000000 7.130000000000000
134 8.970000000000001 2.100000000000000
135 4.980000000000000 6.790000000000000
136 6.111934834815344 5.459480106445122
137 5.028804271678769 6.732633575395131
138 7.145874135328181 4.244147946193191
139 5.412351931330472 6.281796852646638
140 5.019200342381196 6.743922404569471
141 7.239975938402311 4.133537054860442
142 6.259883989060294 5.285574960227374
143 7.707858809562797 3.583569469461274
144 5.212998991935484 6.516123991935483
145 6.214572404159552 5.338835945987894
146 8.541777546390986 2.603349199856210
147 6.505808898835490 4.996505329438986
148 7.640000000000000 8.430000000000000
149 9.980000000000000 3.060000000000000
150 7.789629200541549 8.086620167987983
151 7.693284393082114 8.307719149208994
152 8.964013622731663 5.391558481167083
153 7.712304968232476 8.264069367774189
154 8.534295537956345 6.377706393664285
155 8.210528311186094 7.120710670483196
156 8.060000000000000 8.510000000000000
157 4.464900641952461 2.880351512347463
158 4.113885398417207 2.330688696912948
159 5.682115584388051 4.786416290360194
160 6.418079262034281 5.938878682130760
161 4.774644800195139 3.365386989352226
162 5.723396901557354 4.851059651120237
163 5.272366014683016 4.144780047333241
164 7.731329371059325 7.995327128717645
165 4.688728019075194 3.230847932507201
166 4.356685867517074 2.710895516679881
167 7.025211289407151 6.889600639801867
168 6.855481958576180 6.623817590305904
169 6.344043097151205 5.822943754565374
170 3.206138898267757 0.909227645968983
171 7.749330367249712 8.023515301251070
172 5.391224992697231 4.330904045359558
173 5.250000000000000 6.960000000000000
174 6.384537775569445 7.585812652004497
175 5.820782879839638 7.274844649021865
176 5.986771695240616 7.366404315880056
177 7.668558199991939 8.294080145903026
178 6.353853622106049 7.568887229275578
179 6.133481431380376 7.447329615174229
180 7.675524257319940 8.297922633041248
181 4.980000000000000 0.000000000000000
182 4.000000000000000 5.480000000000000
183 4.517631522880492 2.585489035321332
184 4.235179836188818 4.164912752740078
185 4.194357323619149 4.393185578129655
186 4.024888624045856 5.340826877784399
187 4.210204127706809 4.304572836904783
188 4.546867398298340 2.422006793188874
189 4.542562757993045 2.446077638977671
190 4.730827428679677 1.393332337587113
191 4.527341865116570 2.531190386899181
192 0.590000000000000 2.170000000000000
193 4.456739512032988 6.144609927604725
194 5.074227135946368 6.779323601112254
195 3.873005199840005 5.544591181809791
196 3.537180437426128 5.199397917440162
197 4.310795283910795 5.994594293976975
198 3.016823578961619 4.664524665928359
199 3.528234294591708 5.190202204097485
200 3.725253675264890 5.392717833587731
201 3.048879114540825 4.697474454646041
202 4.027967253026353 5.703876210728804
203 5.960000000000000 4.990000000000000
204 7.100000000000000 0.350000000000000
205 6.277839059361363 3.696339267160768
206 6.047656464958628 4.633222809291197
207 6.074984849886663 4.521991488180598
208 6.061352805534204 4.577476300281835
209 6.221390099289208 3.926096437980767
210 6.383509283126004 3.266242917802931
211 6.690770710227632 2.015635003985777
212 6.086708248384533 4.474275199557691
213 0.500000000000000 0.050000000000000
214 7.078100803974953 4.201376841487674
215 5.802401277584204 3.396295005807201
216 5.066955215131843 2.932161991916152
217 6.529428712256855 3.855115103790869
218 7.005012759591692 4.155251671946497
219 8.358675788594784 5.009535532477452
220 4.875648686685015 2.811430261666646
221 4.462251703751269 2.550539358283864
222 7.633373193110630 4.551803964097661
223 8.302087312163540 4.973823083314345
224 8.230213467048710 4.928464183381090
225 4.625599494330976 2.653626595030222
226 1.980000000000000 6.700000000000000
227 5.280000000000000 5.960000000000000
228 4.183042187704888 6.205984479120722
229 3.998565088757397 6.247352071005917
230 3.271733585262163 6.410338529365454
231 3.342191309784307 6.394538918412004
232 0.590000000000000 5.600000000000000
233 1.300000000000000 7.030000000000000
234 1.266875793632131 6.963285049146405
235 1.132689388480569 6.693022289474948
236 0.738385551050498 5.898861039439734
237 0.500000000000000 6.870000000000000
238 6.830000000000000 7.640000000000000
239 5.925726413196539 7.530001475222959
240 6.314589058438706 7.577303882306130
241 0.663065220026670 6.889835737665171
242 2.872855065438681 7.158641137502020
243 2.934877344431184 7.166185711723856
244 1.535719261738894 6.995987967067764
245 6.047963816730089 7.544870796031938
246 3.099027304990223 7.186153400449047
247 2.614678616663729 7.127235787493060
248 6.300000000000000 8.440000000000000
249 5.812266032898553 7.254137021165111
250 5.545098333422646 6.604552810674669
251 5.914746973162975 7.503306366121743
252 5.968921904394385 7.635025806762819
253 7.679708151626970 8.241013082858101
254 7.689053137365743 8.247622950819672
255 1.780000000000000 4.660000000000000
256 3.438217177742380 5.726805249161907
257 3.259082077544871 5.611559630092861
258 4.108726438838861 6.158173835225684
259 2.111350758915018 4.873172757868535
260 6.285680125616868 7.558705473306414
261 2.360730929130813 5.033610171130233
262 3.545579291095827 5.795876096831275
263 2.688692985507041 5.244602825147021
264 6.125936549618630 7.455935288747821
265 3.784193368551087 5.949387201269214
266 7.320000000000000 4.100000000000000
267 6.096919860558456 4.612577153873842
268 3.080040123792788 5.876912645215470
269 5.933274291497977 4.681158906882590
270 0.570996964432310 6.928420359304301
271 6.882566369611489 4.283322807756180
272 4.218851170017420 5.399651584349545
273 2.285895049659810 6.209728630640495
274 3.608089526469824 5.655613932890240
275 1.964720149883536 6.344328899841339
276 6.172334537958747 4.580971832639695
277 4.409281631832124 5.319844627323466
278 6.083984053363906 4.559155766324457
279 5.946054047700082 3.989542121312771
280 6.192073203135379 5.005534741596918
281 6.650545818811004 6.898902732819498
282 5.384371373003761 1.669944480945261
283 5.292294406398315 1.289691494531417
284 5.696831175671164 2.960319017366320
285 6.642702760188254 6.866513020453116
286 5.366244123801390 1.595083840996010
287 6.053371837399651 4.432735587963963
288 2.970000000000000 6.040000000000000
289 5.480000000000000 2.320000000000000
290 4.060316622506098 4.424072575409290
291 3.540811399096413 5.194016571857109
292 4.344951169510402 4.002223764709683
293 5.197927831841699 2.738051181493578
294 4.967464102760150 3.079614955271810
295 6.120000000000000 4.530000000000000
296 1.500000000000000 8.270000000000000
297 1.853558926487747 7.983785630938490
298 2.987200902934537 7.066075459529184
299 4.820371799368643 5.582079971939670
300 2.975142944973869 7.075836663592582
301 2.710219780219779 7.290298273155416
302 2.250000000000000 8.310000000000000
303 1.804374592060760 7.943313950038569
304 8.859999999999999 9.750000000000000
305 1.100000000000000 9.890000000000001
306 0.910000000000000 5.150000000000000
307 7.507431123850472 3.629754018870178
308 8.706643280484101 3.353419574838835
309 2.322479299659651 4.824522410552517
310 1.605029420451189 4.989844378308381
311 4.168006212891242 4.399257664284157
312 3.080181919108780 4.649925004306797
313 7.896564749812458 3.540085961730095
314 7.936949401617909 3.530780126859820
315 5.736459096506831 4.037839083605372
316 5.666123663509555 4.054046476655461
317 6.140000000000000 5.060000000000000
318 8.501104346471072 2.590435029839444
319 6.366578174186779 4.823013641133262
320 6.880000000000000 6.960000000000000
321 5.190000000000000 6.510000000000000
322 6.621164643791671 6.891079343021451
323 6.630362249055485 6.893528409511815
324 8.386380303804865 4.877678704447528
325 8.844074098953785 2.699331544077099
326 8.302911509329393 5.274939959357105
327 7.976394790144012 6.828963141645417
328 2.210000000000000 6.950000000000000
329 2.979974206515366 7.064996147726321
330 6.064761706758204 7.525711163996355
331 3.346809338521401 7.119783212896054
332 2.715672254898038 7.025522479627629
333 5.440000000000000 5.770000000000000
334 2.596786414108426 4.907713912475506
335 3.781303112770902 5.266952583381339
336 2.858268009700434 4.987015707859968
337 4.304306069385633 5.425568234157938
338 7.290000000000000 3.400000000000000
339 7.214112221747859 2.181801454373529
340 0.740000000000000 3.440000000000000
341 2.420000000000000 6.450000000000000
342 1.797204301075269 5.334157706093190
343 2.179189120702762 6.018547174592449
344 2.930000000000000 4.730000000000000
345 0.530000000000000 6.010000000000000
346 5.420000000000000 1.590000000000000
347 4.956322224674465 2.630412785992791
348 5.411351433801098 1.609405887736425
349 2.902520361486109 7.238789188887649
350 4.831585551630095 2.910300320879384
351 3.227130907991535 6.510419228056032
352 5.720000000000000 0.640000000000000
353 4.533638463981079 2.442101751581314
354 5.138791271061974 1.522865160959551
355 4.498581848988668 2.495353298739808
356 7.200000000000000 3.630000000000000
357 4.080000000000000 2.240000000000000
358 4.412554970968621 2.388157503091790
359 7.920000000000000 3.450000000000000
360 7.195134072881254 6.236411224428938
361 7.269976503005539 5.948714176519991
362 4.290000000000000 9.550000000000001
363 6.627710496234008 6.883613159831509
364 8.251772232034895 5.031212339910990
365 7.354752314163335 6.054351051156407
366 3.232365448781619 0.917554852408510
367 8.859999999999999 7.930000000000000
368 2.450000000000000 7.360000000000000
369 4.130000000000000 6.910000000000000
370 5.690000000000000 4.030000000000000
371 1.480000000000000 8.270000000000000
668
0 11
11 17
17 21
21 5
5 12
12 7
7 10
10 4
4 18
18 15
15 6
6 13
13 14
14 22
22 8
8 9
9 16
16 2
2 20
20 3
3 19
19 1
23 43
43 31
31 39
39 38
38 34
34 33
33 40
40 32
32 2
2 35
35 26
26 36
36 29
29 41
41 28
28 27
27 44
44 25
25 42
42 37
37 30
30 24
46 54
54 51
51 49
49 53
53 59
59 50
50 55
55 47
47 61
61 57
57 48
48 52
52 60
60 25
25 56
56 58
58 45
62 70
70 69
69 77
77 71
71 67
67 80
80 76
76 81
81 73
73 66
66 47
47 83
83 64
64 65
65 72
72 75
75 68
68 26
26 74
74 79
79 3
3 78
78 82
82 63
84 92
92 97
97 105
105 99
99 95
95 86
86 93
93 91
91 89
89 4
4 98
98 87
87 88
88 102
102 94
94 104
104 64
64 100
100 90
90 85
85 27
27 103
103 96
96 101
101 45
63 114
114 110
110 107
107 112
112 109
109 28
28 85
85 108
108 48
48 113
113 111
111 115
115 106
117 118
118 125
125 128
128 127
127 130
130 123
123 121
121 122
122 129
129 132
132 119
119 124
124 86
86 5
5 126
126 120
120 131
131 116
133 117
135 140
140 137
137 144
144 49
49 139
139 87
87 136
136 145
145 142
142 147
147 65
65 138
138 141
141 29
29 143
143 107
107 146
146 134
148 151
151 153
153 150
150 155
155 154
154 152
152 30
30 149
23 170
170 158
158 166
166 157
157 165
165 161
161 163
163 172
172 159
159 6
6 162
162 136
136 88
88 169
169 50
50 160
160 66
66 168
168 167
167 164
164 171
171 150
150 156
173 175
175 176
176 179
179 67
67 178
178 174
174 177
177 180
180 151
151 156
182 186
186 185
185 187
187 184
184 157
157 183
183 191
191 189
189 188
188 31
31 190
190 181
192 118
118 198
198 201
201 199
199 196
196 200
200 195
195 202
202 197
197 89
89 193
193 7
7 51
51 137
137 194
194 173
203 206
206 208
208 207
207 212
212 8
8 209
209 205
205 32
32 210
210 211
211 204
213 158
158 221
221 183
183 225
225 220
220 216
216 215
215 205
205 217
217 9
9 68
68 218
218 214
214 138
138 222
222 90
90 108
108 52
52 224
224 223
223 219
219 152
152 24
226 230
230 231
231 119
119 229
229 228
228 91
91 193
193 10
10 227
232 236
236 235
235 234
234 233
237 241
241 234
234 244
244 92
92 247
247 242
242 243
243 246
246 11
11 120
120 239
239 245
245 69
69 240
240 174
174 238
227 139
139 53
53 250
250 249
249 175
175 251
251 239
239 252
252 70
70 248
238 253
253 254
254 153
153 156
255 259
259 261
261 263
263 257
257 121
121 256
256 262
262 265
265 258
258 228
228 93
93 12
12 54
54 140
140 194
194 249
249 176
176 264
264 71
71 260
260 240
240 148
133 270
270 241
241 235
235 275
275 273
273 268
268 122
122 256
256 274
274 195
195 272
272 277
277 159
159 13
13 269
269 206
206 267
267 276
276 271
271 72
72 214
214 141
141 266
181 283
283 286
286 282
282 33
33 284
284 215
215 279
279 287
287 14
14 207
207 278
278 267
267 280
280 142
142 94
94 55
55 160
160 73
73 285
285 281
281 238
288 268
268 257
257 123
123 196
196 291
291 290
290 184
184 292
292 161
161 294
294 216
216 293
293 34
34 289
296 297
297 301
301 242
242 300
300 298
298 95
95 124
124 229
229 258
258 197
197 299
299 15
15 162
162 269
269 208
208 278
278 295
237 270
270 303
303 297
297 302
305 304
306 310
310 259
259 309
309 125
125 198
198 312
312 290
290 311
311 185
185 163
163 316
316 315
315 279
279 209
209 217
217 16
16 35
35 74
74 307
307 143
143 313
313 109
109 314
314 308
308 149
317 280
280 319
319 271
271 75
75 218
218 36
36 307
307 110
110 318
318 134
321 144
144 250
250 76
76 322
322 323
323 281
281 320
148 177
177 253
253 164
164 327
327 111
111 326
326 219
219 37
37 324
324 56
56 96
96 308
308 325
325 134
328 97
97 332
332 329
329 298
298 331
331 17
17 126
126 251
251 330
330 77
77 260
260 178
178 238
133 213
255 309
309 334
334 127
127 336
336 199
199 291
291 335
335 186
186 272
272 337
337 299
299 18
18 98
98 333
204 339
339 78
78 19
19 338
340 310
310 342
342 343
343 273
273 341
345 236
236 342
342 261
261 334
334 128
128 344
0 349
349 243
243 300
300 329
329 99
99 351
351 230
230 129
129 262
262 274
274 200
200 335
335 311
311 187
187 292
292 165
165 350
350 220
220 347
347 38
38 282
282 348
348 346
84 244
244 275
275 343
343 263
263 130
130 336
336 201
201 312
312 166
166 221
221 355
355 353
353 188
188 39
39 354
354 283
283 352
357 358
358 353
353 189
189 347
347 293
293 284
284 40
40 210
210 20
20 79
79 356
238 167
167 360
360 361
361 57
57 100
100 222
222 41
41 313
313 112
112 359
362 131
131 252
252 245
245 330
330 264
264 179
179 80
80 322
322 363
363 285
285 168
168 360
360 365
365 113
113 364
364 223
223 42
42 324
324 58
58 101
101 149
317 145
145 102
102 169
169 59
59 81
81 363
363 323
323 238
213 170
170 366
366 43
43 190
190 354
354 286
286 348
348 211
211 339
339 82
82 114
114 318
318 146
146 325
325 149
359 314
314 103
103 44
44 60
60 224
224 364
364 326
326 154
154 367
368 301
301 349
349 246
246 331
331 21
21 369
148 180
180 254
254 171
171 106
23 366
366 358
358 355
355 191
191 225
225 350
350 294
294 315
315 287
287 22
22 212
212 276
276 319
319 147
147 104
104 83
83 61
61 361
361 365
365 327
327 115
115 155
155 367
371 303
303 247
247 332
332 105
105 351
351 231
231 132
132 265
265 202
202 337
337 277
277 172
172 316
316 370
592
0 0.200000000000000 5.500000000000000
1 0.300000000000000 6.600000000000000
2 0.300000000000000 6.400000000000000
3 0.400000000000000 5.500000000000000
4 0.400000000000000 5.400000000000000
5 0.400000000000000 2.400000000000000
6 0.400000000000000 5.700000000000000
7 0.400000000000000 6.200000000000000
8 0.400000000000000 4.900000000000000
9 0.400000000000000 2.700000000000000
10 0.500000000000000 4.900000000000000
11 0.500000000000000 0.500000000000000
12 0.500000000000000 0.700000000000000
13 0.500000000000000 6.200000000000000
14 0.500000000000000 3.300000000000000
15 0.500000000000000 5.800000000000000
16 0.500000000000000 4.800000000000000
17 0.500000000000000 5.600000000000000
18 0.500000000000000 5.400000000000000
19 0.500000000000000 2.300000000000000
20 0.600000000000000 3.500000000000000
21 0.600000000000000 3.200000000000000
22 0.600000000000000 1.000000000000000
23 0.600000000000000 1.500000000000000
24 0.700000000000000 6.500000000000000
25 0.700000000000000 4.900000000000000
26 0.700000000000000 6.000000000000000
27 0.700000000000000 2.600000000000000
28 0.800000000000000 3.100000000000000
29 0.800000000000000 3.000000000000000
30 0.800000000000000 3.100000000000000
31 0.800000000000000 6.300000000000000
32 0.800000000000000 7.000000000000000
33 0.900000000000000 1.000000000000000
34 0.900000000000000 3.000000000000000
35 0.900000000000000 6.700000000000000
36 0.900000000000000 1.400000000000000
37 0.900000000000000 6.100000000000000
38 0.900000000000000 0.300000000000000
39 0.900000000000000 4.400000000000000
40 0.900000000000000 4.500000000000000
41 1.000000000000000 6.900000000000000
42 1.000000000000000 5.300000000000000
43 1.000000000000000 0.400000000000000
44 1.000000000000000 5.700000000000000
45 1.000000000000000 4.900000000000000
46 1.000000000000000 6.300000000000000
47 1.000000000000000 4.400000000000000
48 1.000000000000000 6.400000000000000
49 1.100000000000000 3.400000000000000
50 1.100000000000000 6.400000000000000
51 1.100000000000000 3.300000000000000
52 1.100000000000000 3.200000000000000
53 1.100000000000000 7.200000000000000
54 1.100000000000000 3.600000000000000
55 1.200000000000000 0.700000000000000
56 1.200000000000000 2.700000000000000
57 1.200000000000000 5.500000000000000
58 1.200000000000000 5.200000000000000
59 1.200000000000000 6.800000000000000
60 1.200000000000000 4.500000000000000
61 1.200000000000000 3.700000000000000
62 1.300000000000000 4.700000000000000
63 1.300000000000000 7.200000000000000
64 1.300000000000000 7.000000000000000
65 1.300000000000000 6.400000000000000
66 1.300000000000000 4.100000000000000
67 1.300000000000000 5.700000000000000
68 1.400000000000000 4.300000000000000
69 1.400000000000000 2.000000000000000
70 1.400000000000000 5.000000000000000
71 1.400000000000000 6.400000000000000
72 1.400000000000000 4.600000000000000
73 1.400000000000000 1.900000000000000
74 1.500000000000000 2.400000000000000
75 1.500000000000000 6.300000000000000
76 1.500000000000000 5.500000000000000
77 1.500000000000000 1.100000000000000
78 1.500000000000000 4.000000000000000
79 1.600000000000000 4.100000000000000
80 1.600000000000000 2.400000000000000
81 1.600000000000000 4.800000000000000
82 1.600000000000000 3.200000000000000
83 1.600000000000000 0.900000000000000
84 1.700000000000000 1.600000000000000
85 1.700000000000000 5.700000000000000
86 1.700000000000000 0.600000000000000
87 1.700000000000000 2.900000000000000
88 1.700000000000000 5.800000000000000
89 1.700000000000000 5.800000000000000
90 1.700000000000000 3.000000000000000
91 1.800000000000000 3.200000000000000
92 1.800000000000000 4.300000000000000
93 1.800000000000000 2.200000000000000
94 1.800000000000000 4.600000000000000
95 1.800000000000000 5.500000000000000
96 1.800000000000000 0.600000000000000
97 1.800000000000000 2.600000000000000
98 1.800000000000000 2.600000000000000
99 1.800000000000000 2.200000000000000
100 1.900000000000000 7.500000000000000
101 1.900000000000000 1.000000000000000
102 1.900000000000000 4.200000000000000
103 1.900000000000000 5.600000000000000
104 1.900000000000000 7.800000000000000
105 1.900000000000000 4.500000000000000
106 1.900000000000000 2.900000000000000
107 1.900000000000000 1.000000000000000
108 1.900000000000000 2.900000000000000
109 1.900000000000000 5.400000000000000
110 1.900000000000000 4.800000000000000
111 1.900000000000000 0.700000000000000
112 2.000000000000000 2.800000000000000
113 2.000000000000000 7.800000000000000
114 2.000000000000000 1.100000000000000
115 2.000000000000000 2.900000000000000
116 2.000000000000000 5.700000000000000
117 2.000000000000000 3.700000000000000
118 2.100000000000000 4.600000000000000
119 2.100000000000000 6.900000000000000
120 2.100000000000000 6.800000000000000
121 2.100000000000000 5.000000000000000
122 2.200000000000000 7.000000000000000
123 2.200000000000000 3.400000000000000
124 2.200000000000000 6.700000000000000
125 2.200000000000000 1.400000000000000
126 2.200000000000000 6.000000000000000
127 2.200000000000000 6.700000000000000
128 2.200000000000000 2.200000000000000
129 2.200000000000000 3.500000000000000
130 2.300000000000000 2.300000000000000
131 2.300000000000000 1.700000000000000
132 2.300000000000000 6.000000000000000
133 2.300000000000000 2.800000000000000
134 2.300000000000000 6.700000000000000
135 2.300000000000000 7.500000000000000
136 2.300000000000000 1.200000000000000
137 2.400000000000000 2.200000000000000
138 2.400000000000000 5.600000000000000
139 2.400000000000000 4.900000000000000
140 2.400000000000000 1.700000000000000
141 2.400000000000000 4.600000000000000
142 2.400000000000000 5.000000000000000
143 2.400000000000000 3.900000000000000
144 2.400000000000000 3.200000000000000
145 2.400000000000000 6.100000000000000
146 2.400000000000000 7.100000000000000
147 2.400000000000000 3.700000000000000
148 2.500000000000000 1.100000000000000
149 2.500000000000000 7.500000000000000
150 2.500000000000000 4.900000000000000
151 2.500000000000000 1.200000000000000
152 2.600000000000000 3.800000000000000
153 2.600000000000000 2.500000000000000
154 2.600000000000000 7.900000000000000
155 2.600000000000000 2.900000000000000
156 2.700000000000000 3.800000000000000
157 2.700000000000000 3.600000000000000
158 2.700000000000000 7.900000000000000
159 2.700000000000000 3.300000000000000
160 2.700000000000000 1.000000000000000
161 2.700000000000000 1.400000000000000
162 2.700000000000000 1.300000000000000
163 2.700000000000000 4.300000000000000
164 2.700000000000000 5.700000000000000
165 2.800000000000000 1.300000000000000
166 2.800000000000000 7.000000000000000
167 2.800000000000000 5.400000000000000
168 2.800000000000000 0.900000000000000
169 2.800000000000000 5.500000000000000
170 2.900000000000000 1.700000000000000
171 2.900000000000000 2.000000000000000
172 2.900000000000000 2.800000000000000
173 2.900000000000000 1.200000000000000
174 2.900000000000000 6.400000000000000
175 2.900000000000000 4.800000000000000
176 2.900000000000000 7.900000000000000
177 2.900000000000000 5.500000000000000
178 2.900000000000000 4.000000000000000
179 2.900000000000000 5.800000000000000
180 2.900000000000000 7.600000000000000
181 3.000000000000000 6.500000000000000
182 3.000000000000000 2.000000000000000
183 3.000000000000000 1.000000000000000
184 3.000000000000000 6.300000000000000
185 3.000000000000000 6.300000000000000
186 3.000000000000000 2.100000000000000
187 3.000000000000000 4.900000000000000
188 3.100000000000000 4.000000000000000
189 3.100000000000000 3.800000000000000
190 3.100000000000000 6.500000000000000
191 3.100000000000000 4.700000000000000
192 3.100000000000000 5.200000000000000
193 3.100000000000000 1.800000000000000
194 3.100000000000000 2.400000000000000
195 3.200000000000000 3.700000000000000
196 3.200000000000000 3.000000000000000
197 3.200000000000000 6.400000000000000
198 3.200000000000000 3.700000000000000
199 3.200000000000000 6.600000000000000
200 3.200000000000000 6.000000000000000
201 3.200000000000000 6.000000000000000
202 3.200000000000000 6.100000000000000
203 3.200000000000000 6.600000000000000
204 3.200000000000000 5.200000000000000
205 3.200000000000000 5.600000000000000
206 3.300000000000000 2.400000000000000
207 3.300000000000000 3.800000000000000
208 3.300000000000000 1.900000000000000
209 3.300000000000000 2.300000000000000
210 3.300000000000000 3.500000000000000
211 3.300000000000000 5.600000000000000
212 3.300000000000000 7.300000000000000
213 3.400000000000000 2.300000000000000
214 3.400000000000000 4.700000000000000
215 3.400000000000000 5.600000000000000
216 3.400000000000000 6.700000000000000
217 3.400000000000000 3.200000000000000
218 3.400000000000000 4.300000000000000
219 3.400000000000000 3.300000000000000
220 3.400000000000000 4.900000000000000
221 3.500000000000000 2.800000000000000
222 3.500000000000000 3.200000000000000
223 3.500000000000000 4.400000000000000
224 3.500000000000000 3.100000000000000
225 3.500000000000000 1.800000000000000
226 3.500000000000000 6.700000000000000
227 3.500000000000000 1.500000000000000
228 3.600000000000000 2.300000000000000
229 3.600000000000000 4.400000000000000
230 3.600000000000000 6.300000000000000
231 3.600000000000000 4.400000000000000
232 3.600000000000000 4.100000000000000
233 3.600000000000000 7.000000000000000
234 3.700000000000000 3.700000000000000
235 3.700000000000000 4.600000000000000
236 3.700000000000000 6.900000000000000
237 3.700000000000000 3.400000000000000
238 3.700000000000000 2.400000000000000
239 3.700000000000000 6.800000000000000
240 3.700000000000000 5.900000000000000
241 3.700000000000000 7.000000000000000
242 3.700000000000000 3.700000000000000
243 3.800000000000000 5.600000000000000
244 3.800000000000000 1.700000000000000
245 3.800000000000000 7.200000000000000
246 3.800000000000000 1.800000000000000
247 3.800000000000000 5.700000000000000
248 3.800000000000000 1.600000000000000
249 3.800000000000000 7.200000000000000
250 3.800000000000000 4.500000000000000
251 3.800000000000000 4.000000000000000
252 3.800000000000000 4.800000000000000
253 3.900000000000000 6.900000000000000
254 3.900000000000000 3.700000000000000
255 3.900000000000000 5.200000000000000
256 3.900000000000000 7.200000000000000
257 3.900000000000000 3.800000000000000
258 4.000000000000000 6.800000000000000
259 4.000000000000000 1.400000000000000
260 4.000000000000000 3.700000000000000
261 4.000000000000000 4.800000000000000
262 4.000000000000000 4.600000000000000
263 4.000000000000000 5.300000000000000
264 4.000000000000000 5.300000000000000
265 4.000000000000000 4.200000000000000
266 4.000000000000000 6.800000000000000
267 4.100000000000000 3.700000000000000
268 4.100000000000000 1.400000000000000
269 4.100000000000000 5.900000000000000
270 4.100000000000000 5.600000000000000
271 4.100000000000000 5.400000000000000
272 4.100000000000000 1.700000000000000
273 4.200000000000000 3.700000000000000
274 4.200000000000000 5.800000000000000
275 4.200000000000000 1.700000000000000
276 4.200000000000000 1.800000000000000
277 4.300000000000000 1.800000000000000
278 4.300000000000000 1.600000000000000
279 4.300000000000000 4.800000000000000
280 4.300000000000000 4.900000000000000
281 4.300000000000000 2.000000000000000
282 4.300000000000000 1.500000000000000
283 4.300000000000000 3.900000000000000
284 4.400000000000000 1.400000000000000
285 4.400000000000000 1.900000000000000
286 4.400000000000000 2.100000000000000
287 4.400000000000000 5.800000000000000
288 4.400000000000000 1.800000000000000
289 4.500000000000000 6.900000000000000
290 4.500000000000000 5.100000000000000
291 4.500000000000000 1.900000000000000
292 4.500000000000000 2.600000000000000
293 4.500000000000000 1.600000000000000
294 4.500000000000000 3.900000000000000
295 4.500000000000000 4.800000000000000
296 4.500000000000000 5.400000000000000
297 4.500000000000000 2.200000000000000
298 4.500000000000000 5.200000000000000
299 4.600000000000000 4.400000000000000
300 4.600000000000000 7.200000000000000
301 4.600000000000000 6.200000000000000
302 4.600000000000000 3.600000000000000
303 4.600000000000000 5.400000000000000
304 4.600000000000000 3.000000000000000
305 4.700000000000000 2.700000000000000
306 4.700000000000000 3.300000000000000
307 4.700000000000000 1.500000000000000
308 4.700000000000000 2.100000000000000
309 4.800000000000000 5.300000000000000
310 4.800000000000000 6.300000000000000
311 4.800000000000000 4.400000000000000
312 4.800000000000000 4.400000000000000
313 4.800000000000000 5.600000000000000
314 4.800000000000000 2.300000000000000
315 4.800000000000000 6.600000000000000
316 4.800000000000000 5.200000000000000
317 4.800000000000000 5.800000000000000
318 4.800000000000000 4.800000000000000
319 4.900000000000000 6.100000000000000
320 4.900000000000000 6.800000000000000
321 4.900000000000000 2.000000000000000
322 4.900000000000000 4.700000000000000
323 4.900000000000000 4.700000000000000
324 4.900000000000000 6.600000000000000
325 4.900000000000000 3.100000000000000
326 4.900000000000000 7.600000000000000
327 5.000000000000000 5.300000000000000
328 5.000000000000000 7.900000000000000
329 5.000000000000000 1.000000000000000
330 5.000000000000000 5.200000000000000
331 5.000000000000000 3.400000000000000
332 5.000000000000000 6.200000000000000
333 5.000000000000000 1.400000000000000
334 5.000000000000000 7.800000000000000
335 5.100000000000000 1.400000000000000
336 5.100000000000000 6.700000000000000
337 5.100000000000000 6.100000000000000
338 5.100000000000000 1.000000000000000
339 5.100000000000000 1.300000000000000
340 5.100000000000000 2.700000000000000
341 5.100000000000000 3.400000000000000
342 5.200000000000000 3.700000000000000
343 5.200000000000000 6.900000000000000
344 5.200000000000000 3.500000000000000
345 5.200000000000000 7.600000000000000
346 5.200000000000000 1.300000000000000
347 5.300000000000000 5.800000000000000
348 5.300000000000000 5.400000000000000
349 5.300000000000000 3.900000000000000
350 5.300000000000000 6.300000000000000
351 5.300000000000000 7.200000000000000
352 5.300000000000000 7.100000000000000
353 5.400000000000000 7.300000000000000
354 5.400000000000000 6.500000000000000
355 5.400000000000000 3.100000000000000
356 5.400000000000000 3.400000000000000
357 5.400000000000000 3.300000000000000
358 5.400000000000000 2.600000000000000
359 5.400000000000000 3.900000000000000
360 5.500000000000000 2.900000000000000
361 5.500000000000000 3.500000000000000
362 5.500000000000000 5.300000000000000
363 5.500000000000000 5.900000000000000
364 5.500000000000000 3.700000000000000
365 5.500000000000000 5.800000000000000
366 5.500000000000000 3.300000000000000
367 5.500000000000000 7.100000000000000
368 5.500000000000000 7.700000000000000
369 5.500000000000000 4.800000000000000
370 5.600000000000000 6.000000000000000
371 5.600000000000000 2.800000000000000
372 5.600000000000000 3.300000000000000
373 5.600000000000000 3.700000000000000
374 5.600000000000000 4.600000000000000
375 5.600000000000000 2.300000000000000
376 5.600000000000000 5.800000000000000
377 5.700000000000000 3.800000000000000
378 5.700000000000000 4.200000000000000
379 5.700000000000000 7.700000000000000
380 5.700000000000000 7.700000000000000
381 5.700000000000000 7.700000000000000
382 5.700000000000000 4.000000000000000
383 5.700000000000000 2.400000000000000
384 5.700000000000000 4.500000000000000
385 5.700000000000000 5.300000000000000
386 5.800000000000000 2.900000000000000
387 5.800000000000000 3.800000000000000
388 5.800000000000000 2.500000000000000
389 5.800000000000000 7.300000000000000
390 5.800000000000000 2.400000000000000
391 5.800000000000000 3.700000000000000
392 5.900000000000000 4.700000000000000
393 5.900000000000000 6.000000000000000
394 5.900000000000000 2.800000000000000
395 5.900000000000000 7.500000000000000
396 6.000000000000000 2.300000000000000
397 6.000000000000000 6.900000000000000
398 6.000000000000000 2.700000000000000
399 6.000000000000000 7.200000000000000
400 6.000000000000000 4.100000000000000
401 6.100000000000000 3.900000000000000
402 6.100000000000000 2.800000000000000
403 6.100000000000000 7.600000000000000
404 6.100000000000000 6.800000000000000
405 6.100000000000000 3.800000000000000
406 6.100000000000000 3.600000000000000
407 6.200000000000000 5.500000000000000
408 6.200000000000000 4.000000000000000
409 6.200000000000000 3.400000000000000
410 6.200000000000000 6.700000000000000
411 6.200000000000000 3.600000000000000
412 6.300000000000000 2.200000000000000
413 6.300000000000000 2.400000000000000
414 6.300000000000000 6.300000000000000
415 6.300000000000000 4.100000000000000
416 6.300000000000000 7.000000000000000
417 6.300000000000000 4.000000000000000
418 6.400000000000000 6.400000000000000
419 6.400000000000000 5.400000000000000
420 6.400000000000000 4.000000000000000
421 6.400000000000000 4.300000000000000
422 6.400000000000000 6.600000000000000
423 6.400000000000000 5.200000000000000
424 6.400000000000000 2.400000000000000
425 6.400000000000000 6.200000000000000
426 6.400000000000000 2.000000000000000
427 6.500000000000000 6.100000000000000
428 6.500000000000000 6.600000000000000
429 6.500000000000000 2.700000000000000
430 6.500000000000000 4.600000000000000
431 6.500000000000000 3.300000000000000
432 6.500000000000000 3.800000000000000
433 6.500000000000000 4.800000000000000
434 6.500000000000000 4.200000000000000
435 6.600000000000000 2.300000000000000
436 6.600000000000000 2.000000000000000
437 6.600000000000000 5.800000000000000
438 6.600000000000000 3.300000000000000
439 6.600000000000000 7.600000000000000
440 6.600000000000000 3.200000000000000
441 6.700000000000000 5.700000000000000
442 6.700000000000000 3.700000000000000
443 6.700000000000000 7.200000000000000
444 6.700000000000000 5.000000000000000
445 6.700000000000000 5.700000000000000
446 6.700000000000000 4.600000000000000
447 6.800000000000000 3.600000000000000
448 6.800000000000000 7.000000000000000
449 6.800000000000000 4.000000000000000
450 6.800000000000000 6.600000000000000
451 6.800000000000000 3.500000000000000
452 6.900000000000000 3.400000000000000
453 6.900000000000000 5.100000000000000
454 6.900000000000000 6.600000000000000
455 6.900000000000000 4.100000000000000
456 6.900000000000000 2.900000000000000
457 7.000000000000000 7.300000000000000
458 7.000000000000000 3.800000000000000
459 7.000000000000000 7.800000000000000
460 7.000000000000000 5.200000000000000
461 7.000000000000000 1.800000000000000
462 7.000000000000000 7.300000000000000
463 7.100000000000000 2.400000000000000
464 7.100000000000000 1.000000000000000
465 7.100000000000000 6.900000000000000
466 7.100000000000000 2.200000000000000
467 7.100000000000000 2.200000000000000
468 7.100000000000000 7.700000000000000
469 7.100000000000000 2.000000000000000
470 7.100000000000000 7.300000000000000
471 7.100000000000000 3.900000000000000
472 7.200000000000000 7.100000000000000
473 7.200000000000000 5.200000000000000
474 7.200000000000000 4.300000000000000
475 7.200000000000000 7.000000000000000
476 7.200000000000000 2.500000000000000
477 7.200000000000000 7.600000000000000
478 7.200000000000000 6.700000000000000
479 7.300000000000000 7.300000000000000
480 7.300000000000000 7.500000000000000
481 7.300000000000000 6.000000000000000
482 7.300000000000000 5.900000000000000
483 7.400000000000000 6.900000000000000
484 7.400000000000000 2.700000000000000
485 7.400000000000000 3.700000000000000
486 7.400000000000000 6.400000000000000
487 7.400000000000000 8.000000000000000
488 7.400000000000000 3.800000000000000
489 7.500000000000000 4.000000000000000
490 7.500000000000000 6.400000000000000
491 7.500000000000000 4.600000000000000
492 7.600000000000000 8.300000000000001
493 7.600000000000000 4.700000000000000
494 7.600000000000000 4.800000000000000
495 7.600000000000000 6.000000000000000
496 7.600000000000000 2.800000000000000
497 7.600000000000000 6.900000000000000
498 7.600000000000000 1.700000000000000
499 7.600000000000000 4.700000000000000
500 7.600000000000000 6.200000000000000
501 7.700000000000000 7.900000000000000
502 7.700000000000000 5.700000000000000
503 7.700000000000000 2.400000000000000
504 7.700000000000000 3.500000000000000
505 7.700000000000000 1.600000000000000
506 7.700000000000000 4.900000000000000
507 7.700000000000000 4.100000000000000
508 7.700000000000000 3.000000000000000
509 7.700000000000000 4.000000000000000
510 7.700000000000000 3.600000000000000
511 7.700000000000000 4.900000000000000
512 7.700000000000000 3.800000000000000
513 7.800000000000000 6.600000000000000
514 7.800000000000000 3.400000000000000
515 7.800000000000000 1.400000000000000
516 7.800000000000000 1.600000000000000
517 7.800000000000000 4.500000000000000
518 7.800000000000000 3.300000000000000
519 7.800000000000000 1.400000000000000
520 7.800000000000000 1.300000000000000
521 7.900000000000000 4.700000000000000
522 7.900000000000000 4.100000000000000
523 7.900000000000000 4.600000000000000
524 7.900000000000000 7.100000000000000
525 7.900000000000000 4.600000000000000
526 8.000000000000000 3.400000000000000
527 8.000000000000000 8.199999999999999
528 8.000000000000000 3.800000000000000
529 8.000000000000000 5.100000000000000
530 8.000000000000000 3.400000000000000
531 8.000000000000000 3.600000000000000
532 8.000000000000000 7.600000000000000
533 8.000000000000000 7.700000000000000
534 8.000000000000000 6.800000000000000
535 8.000000000000000 3.700000000000000
536 8.100000000000000 5.500000000000000
537 8.100000000000000 3.300000000000000
538 8.100000000000000 5.400000000000000
539 8.100000000000000 3.100000000000000
540 8.100000000000000 7.000000000000000
541 8.100000000000000 6.700000000000000
542 8.100000000000000 3.300000000000000
543 8.199999999999999 3.900000000000000
544 8.199999999999999 4.000000000000000
545 8.199999999999999 3.600000000000000
546 8.199999999999999 2.500000000000000
547 8.300000000000001 3.200000000000000
548 8.300000000000001 6.600000000000000
549 8.300000000000001 3.300000000000000
550 8.300000000000001 3.400000000000000
551 8.400000000000000 4.700000000000000
552 8.400000000000000 2.700000000000000
553 8.400000000000000 4.700000000000000
554 8.400000000000000 4.000000000000000
555 8.400000000000000 7.000000000000000
556 8.400000000000000 4.900000000000000
557 8.400000000000000 5.200000000000000
558 8.400000000000000 3.800000000000000
559 8.500000000000000 7.000000000000000
560 8.500000000000000 2.800000000000000
561 8.500000000000000 4.400000000000000
562 8.500000000000000 5.700000000000000
563 8.500000000000000 3.900000000000000
564 8.500000000000000 7.300000000000000
565 8.500000000000000 6.100000000000000
566 8.600000000000000 6.900000000000000
567 8.600000000000000 5.300000000000000
568 8.600000000000000 7.100000000000000
569 8.699999999999999 5.000000000000000
570 8.699999999999999 5.800000000000000
571 8.699999999999999 5.000000000000000
572 8.699999999999999 5.700000000000000
573 8.800000000000001 5.700000000000000
574 8.800000000000001 7.300000000000000
575 8.800000000000001 6.700000000000000
576 8.800000000000001 5.400000000000000
577 8.800000000000001 2.400000000000000
578 8.800000000000001 5.600000000000000
579 8.800000000000001 2.900000000000000
580 8.900000000000000 2.300000000000000
581 8.900000000000000 5.300000000000000
582 9.000000000000000 3.400000000000000
583 9.000000000000000 5.100000000000000
584 9.100000000000000 5.400000000000000
585 9.300000000000001 4.000000000000000
586 9.300000000000001 3.700000000000000
587 9.300000000000001 3.100000000000000
588 9.300000000000001 3.700000000000000
589 9.400000000000000 4.100000000000000
590 9.400000000000000 3.100000000000000
591 9.400000000000000 3.100000000000000
