313
0 6.590000000000000 8.910000000000000
1 8.150000000000000 7.190000000000000
2 7.718910752707946 7.665303529065598
3 9.160000000000000 1.630000000000000
4 5.360000000000000 0.080000000000000
5 8.648124230254350 1.421208567603748
6 8.406811098850822 1.322778211373361
7 8.416176803586794 1.326598433041982
8 8.604361265394832 1.403357884568944
9 8.257964728609709 1.262064560353960
10 8.484609714561676 1.354511857255420
11 8.481706077902528 1.353327479144452
12 8.446700086159630 1.339048719354586
13 9.490000000000000 5.860000000000000
14 9.029999999999999 3.320000000000000
15 9.271375124812781 4.652810471792312
16 7.020000000000000 2.830000000000000
17 8.949999999999999 1.160000000000000
18 7.455787132809268 2.452919942076955
19 7.053830595734247 2.800726893846532
20 8.745693876799587 1.336783018520564
21 7.771225662543269 2.179975722048052
22 8.701239643361108 1.375248598749715
23 8.428380133586822 1.611349832595858
24 7.629805213108431 2.302344711973534
25 7.496022660499314 2.418104744542044
26 3.300000000000000 0.390000000000000
27 2.500000000000000 1.410000000000000
28 3.221214552672143 0.490451445343018
29 2.975661531067261 0.803531547889242
30 8.810000000000000 1.520000000000000
31 4.450000000000000 7.840000000000000
32 8.533350507875756 6.235826586191668
33 5.618193598011952 7.381066800781019
34 8.579783374239675 6.217585102977271
35 8.481425705049606 6.256225615873370
36 5.402260406033798 7.465897697629579
37 7.127825549789968 6.787997105439656
38 2.690000000000000 4.480000000000000
39 2.950000000000000 8.480000000000000
40 2.763190233584279 5.606003593604294
41 2.837636414775924 6.751329458091131
42 2.789431037116236 6.009708263326715
43 2.757597209347709 5.519957066887838
44 2.879556180462159 7.396248930187064
45 2.769297223840031 5.699957289846632
46 2.869670131576731 7.244155870411241
47 2.726703165565930 5.044664085629697
48 2.750001669608357 5.403102609359347
49 2.766409964347955 5.655537913045459
50 4.880000000000000 3.690000000000000
51 5.131654632643008 3.808457820571655
52 8.369878035374976 5.332740853961757
53 4.927834410562652 3.712516414516476
54 5.822139397933889 4.133479933517687
55 5.865882843310143 4.154070665939916
56 5.165676683937823 3.824472538860104
57 5.240360287448546 3.859627293657992
58 8.867363443701562 5.566915113412666
59 5.484405059109464 3.974503032162156
60 7.111439220474074 4.740373776231831
61 5.576700854493740 4.017948124566468
62 5.115115729618760 3.800672697022280
63 6.130000000000000 1.310000000000000
64 7.400000000000000 1.160000000000000
65 7.008577794281471 1.206230969179354
66 3.050000000000000 5.970000000000000
67 3.020000000000000 5.970000000000000
68 6.330000000000000 5.980000000000000
69 2.680000000000000 3.420000000000000
70 4.220170103969838 4.500228894839120
71 4.591697704949917 4.760807157444326
72 4.986485996770000 5.037699767597589
73 4.715740716047737 4.847807187145809
74 4.213024685218706 4.495217313468462
75 3.576663440002268 4.048892714083783
76 6.064362721338187 5.793690018253632
77 3.761327008045451 4.178410175505851
78 6.241202123432996 5.917719845476293
79 4.414269320255586 4.636364235576520
80 3.644258703872735 4.096301995044987
81 3.859870898416208 4.247525890396026
82 4.603994210680874 4.769431555984394
83 0.070000000000000 7.650000000000000
84 8.449999999999999 1.290000000000000
85 4.821621181472214 4.043757671340898
86 7.203870132507489 2.235750114230593
87 4.403200177541066 4.361318242343534
88 5.187880063208214 3.765785536753670
89 1.265272230089361 6.742848283607597
90 2.738023010475104 5.625104254579755
91 3.928029619703803 4.721948880511194
92 4.786901149861224 4.070108435188856
93 8.448373380466172 1.291234522701090
94 8.052260321462336 1.591864481563190
95 7.447904861241728 2.050539985978832
96 8.379947235258109 1.343166537441339
97 3.325697970814942 5.179088413558111
98 2.278989856909979 5.973487411700780
99 2.396371945081941 5.884400289890078
100 4.158396628713807 4.547111866513149
101 7.728644892748381 1.837472372568055
102 4.044773446219481 4.633346167308366
103 7.078720818281947 2.330732171327782
104 5.124182020599998 3.814129158589978
105 0.450000000000000 9.310000000000000
106 3.940000000000000 5.570000000000000
107 2.412308580934338 7.207124901806756
108 3.093851941221126 6.476760383906301
109 2.181290936443239 7.454691088166845
110 3.215877164972859 6.345994098281235
111 9.050000000000001 9.090000000000000
112 8.230000000000000 4.560000000000000
113 8.544499418182456 6.297417517520145
114 8.538607076938490 6.264865925038244
115 3.630000000000000 7.760000000000000
116 5.990000000000000 0.400000000000000
117 4.527367914438503 4.961428877005348
118 4.812113029152639 4.073410214168040
119 5.011744386873921 3.450831064664383
120 3.647028977207651 7.706892681250716
121 4.377439783491204 5.429001353179974
122 4.807368387988441 4.088207061188592
123 5.832712383380512 0.890524092508233
124 3.896063818772907 6.930241649928560
125 3.752877692277948 7.376788213912842
126 5.085596127820924 3.220513770863559
127 5.686817028971014 1.345519774056503
128 5.771101951807974 1.082665099446317
129 4.381593075011605 5.416048715218045
130 5.424106037977385 2.164821847663751
131 4.314102370035291 5.626528201923839
132 4.685363459653971 4.468697007180838
133 4.550091926742002 4.890560770838499
134 4.396941004538112 5.368183985847242
135 3.645037252876955 7.713104160519327
136 4.583972331272185 4.784899848235899
137 4.969072183964585 3.583910477127398
138 8.160000000000000 3.060000000000000
139 7.410969619792613 2.414284154993632
140 7.962297347777363 2.889566679118416
141 7.301988317232082 2.320334756234554
142 7.077628512060710 2.126921131086819
143 6.591172311127651 1.707562337179010
144 7.659978475633313 2.628946961752856
145 7.575794239803908 2.556374344658542
146 7.389539375928678 2.395809806835067
147 7.525101263504853 2.512673503021424
148 4.550000000000000 5.510000000000000
149 5.724043855175928 4.239624341322457
150 7.862543264571507 1.925658313720060
151 5.555101979013672 4.422428115015974
152 5.388812230588854 4.602362150491034
153 8.448798852186455 1.291299703531580
154 8.293337008322069 1.459517390995093
155 7.666322255871552 2.137979507749243
156 8.399097807596000 1.345078782549968
157 4.592984595002184 5.463488463869431
158 6.615680132120480 3.274828164731172
159 4.866262590930703 5.167787658018572
160 7.664282824195833 2.140186277408612
161 7.421800583235093 2.402564497114847
162 6.808142746181064 3.066573746439977
163 5.542911032925639 4.435619343859948
164 6.310000000000000 9.359999999999999
165 3.657080603649977 7.776167524567150
166 3.748067652420498 7.830488150698804
167 8.890000000000001 2.330000000000000
168 5.521270180570400 4.361932272036903
169 1.450000000000001 6.817619047619048
170 2.876716741924279 5.957059742966308
171 4.204158926238271 5.156380330205488
172 5.280886003799873 4.506925902469918
173 8.593183741033659 2.509032029217793
174 3.938509348851624 5.316613408629180
175 1.712842680523204 6.659079018097115
176 8.358460409815329 2.650611181381230
177 4.588714567193588 4.924426134073709
178 7.437671232876712 3.206007827788651
179 4.274966776636774 5.113670833139724
180 8.422374702399122 2.612059703314816
181 3.743411420204971 5.434291524320812
182 5.501356903021923 4.373943455320109
183 1.110000000000000 6.680000000000000
184 5.205155447605829 3.796676266481610
185 2.708526759194254 5.554506669546903
186 3.916581432345256 4.703937562940585
187 4.800155746611511 4.081829117181691
188 8.707275977429035 1.330897526095883
189 7.599168457241083 2.111095678064951
190 8.651358731105436 1.370267832180866
191 3.262024544719137 5.164799045044689
192 2.508921998549773 5.695044715306793
193 8.434318658280922 1.523081761006289
194 4.149900284324426 4.539662044710353
195 7.683020608439646 2.052056918547595
196 4.037726369734834 4.618641637635678
197 7.239430286951057 2.364380716330377
198 5.142259431962696 3.840960195863000
199 5.660000000000000 4.610000000000000
200 3.368822819555689 0.513064533273309
201 4.930544447944664 3.305634563697662
202 3.564125100429729 0.862291493141295
203 4.749450710300939 2.981814405707611
204 5.350811248331108 4.057128588117489
205 5.403661905473266 4.151632729278466
206 5.658046458689017 4.606506803249005
207 4.050000000000000 7.870000000000000
208 3.599829244357213 7.687788027477920
209 2.661267702936096 7.307894070236039
210 1.548875211687688 6.857639966635492
211 3.643584804229012 7.705498611235552
212 3.795408895265423 7.766951219512195
213 2.410000000000000 4.840000000000000
214 3.352746947719921 7.096410727329646
215 2.471590159707993 4.987412513399460
216 2.680455985146352 5.487320882481432
217 2.753956508841397 5.663240168702359
218 3.520000000000000 4.080000000000000
219 4.367146226415095 5.412806603773585
220 3.660306844246093 4.300743341273169
221 4.523058787388592 5.658102261591825
222 4.026190566748722 4.876384507295222
223 4.575187868492056 5.740116418507045
224 4.170888282472283 5.104035962326101
225 6.370000000000000 5.470000000000000
226 3.000000000000000 2.490000000000000
227 4.308538653767408 3.647105397099963
228 4.245846240550362 3.591668188973318
229 5.010350002105628 4.267698221446519
230 3.030517888027362 2.516986144309062
231 5.123695279730608 4.367926389791458
232 6.047960872836718 5.185229495861549
233 1.260000000000000 0.190000000000000
234 9.550000000000001 1.460000000000000
235 8.566819477962659 1.309380064778356
236 3.755301090525802 0.572271699031094
237 8.449901196522525 1.291468578960628
238 1.510000000000000 7.660000000000000
239 4.420000000000000 6.770000000000000
240 3.571895633652822 7.029385871494497
241 3.517635254726446 7.045980970203939
242 3.890000000000000 7.640000000000000
243 3.481229916199357 6.855349379371179
244 8.930000000000000 1.110000000000000
245 7.314235497695481 1.997027832133905
246 8.485988244891130 1.353755067037587
247 4.110113508465241 3.756037500898010
248 8.444165977003399 1.376714796358578
249 3.584981555308363 4.044326207159734
250 7.745001002342057 1.760544736237355
251 3.725514512601886 3.967175951492125
252 6.809177146252104 2.274296464996534
253 4.821804318895971 3.365331085559883
254 9.320000000000000 2.800000000000000
255 4.784022730040184 0.984102122823396
256 5.997846529269782 1.470034906235909
257 8.144371387506569 2.329357980712762
258 8.373891944834682 2.421242456320861
259 7.664875190906587 2.137400201010776
260 7.892761503395573 2.228630435744739
261 9.940000000000000 3.140000000000000
262 8.557616867602446 6.267738372184411
263 2.740000000000000 0.780000000000000
264 8.445979445363831 1.349760062092130
265 9.830000000000000 6.460000000000000
266 9.710000000000001 5.430000000000000
267 1.280000000000000 4.720000000000000
268 6.850000000000000 5.970000000000000
269 2.996073410753094 5.105115217853028
270 3.480567060521786 5.213843595269701
271 5.413508631832936 5.647627610375435
272 4.424493964928263 5.425676383511728
273 3.905360855360855 5.309174339174339
274 6.528015784255404 5.897741423755701
275 0.300000000000000 8.369999999999999
276 2.306818390741517 5.939787677764132
277 3.751488712493611 4.190324132040327
278 3.802723083917315 4.128280450693611
279 4.646999506455048 3.105880529061297
280 3.850000000000000 9.140000000000001
281 3.610000000000000 9.920000000000000
282 5.613343508393204 5.822848170198633
283 4.536884143056457 5.660191322125679
284 6.575510893629691 5.968235092585811
285 8.390307292139248 2.177250703202977
286 4.323917732805310 4.692245193691503
287 7.545281420329582 2.699885187900424
288 4.130369299957924 4.811951688888582
289 7.873196057033472 2.497075424441383
290 6.229118919207560 3.513909862764993
291 5.306406490772123 4.084592194095914
292 8.361905874813878 2.599399042539155
293 8.413939920027778 1.825983915950763
294 1.550000000000000 2.260000000000000
295 6.340000000000000 6.460000000000000
296 3.891141381887356 4.312775324410625
297 4.501900983354392 4.848305663901554
298 9.109999999999999 9.730000000000000
299 9.340000000000000 6.890000000000000
300 7.760000000000000 1.690000000000000
301 7.600539924645421 2.439988046722635
302 7.596875500526615 2.457222920600099
303 4.243474313308312 5.047958212808682
304 3.950000000000000 9.310000000000000
305 3.400000000000000 6.430000000000000
306 3.683900647319805 7.916607025965525
307 6.120000000000000 2.130000000000000
308 7.615208628005658 2.443059306488685
309 1.280000000000000 1.630000000000000
310 5.369405927310874 4.178097851296287
311 3.720000000000000 1.730000000000000
312 2.750000000000000 9.170000000000000
542
0 2
2 1
4 9
9 6
6 7
7 12
12 11
11 10
10 8
8 5
5 3
14 15
15 13
16 19
19 18
18 25
25 24
24 21
21 23
23 5
5 22
22 20
20 17
27 29
29 28
28 26
30 3
31 36
36 33
33 37
37 35
35 32
32 34
34 13
38 47
47 48
48 43
43 40
40 49
49 45
45 42
42 41
41 46
46 44
44 39
50 53
53 62
62 51
51 56
56 57
57 59
59 61
61 54
54 55
55 60
60 52
52 58
58 13
63 65
65 64
67 66
69 75
75 80
80 77
77 81
81 74
74 70
70 79
79 71
71 82
82 73
73 72
72 76
76 78
78 68
83 89
89 98
98 99
99 90
90 40
40 97
97 91
91 102
102 100
100 70
70 87
87 92
92 85
85 104
104 51
51 88
88 103
103 86
86 95
95 101
101 94
94 96
96 6
6 93
93 84
105 109
109 107
107 41
41 108
108 110
110 106
112 52
52 32
32 114
114 113
113 111
115 135
135 120
120 125
125 124
124 131
131 121
121 129
129 134
134 117
117 133
133 136
136 71
71 132
132 122
122 118
118 85
85 53
53 137
137 119
119 126
126 130
130 127
127 128
128 123
123 116
63 143
143 142
142 86
86 141
141 146
146 139
139 18
18 147
147 145
145 144
144 140
140 138
148 157
157 159
159 72
72 152
152 163
163 151
151 149
149 54
54 158
158 162
162 19
19 139
139 161
161 160
160 155
155 150
150 154
154 156
156 7
7 153
153 84
115 165
165 166
166 164
83 169
169 175
175 42
42 170
170 181
181 174
174 171
171 179
179 117
117 177
177 73
73 172
172 182
182 168
168 149
149 55
55 178
178 140
140 176
176 180
180 173
173 167
183 192
192 185
185 43
43 191
191 186
186 196
196 194
194 74
74 87
87 187
187 118
118 198
198 56
56 184
184 197
197 141
141 189
189 195
195 150
150 193
193 8
8 190
190 188
188 17
26 200
200 202
202 203
203 201
201 119
119 88
88 184
184 57
57 204
204 205
205 168
168 151
151 206
206 199
183 89
89 169
169 210
210 107
107 209
209 44
44 208
208 211
211 120
120 212
212 207
213 215
215 216
216 185
185 90
90 217
217 45
45 170
170 108
108 214
214 208
208 115
218 220
220 186
186 91
91 222
222 224
224 171
171 219
219 121
121 221
221 223
223 33
33 0
226 230
230 228
228 227
227 92
92 187
187 122
122 229
229 231
231 172
172 152
152 232
232 225
233 28
28 200
200 236
236 123
123 9
9 93
93 153
153 237
237 235
235 188
188 20
20 234
238 109
109 209
209 46
46 214
214 241
241 240
240 124
124 239
67 110
110 243
243 240
240 125
125 242
218 75
75 249
249 251
251 247
247 227
227 253
253 201
201 126
126 252
252 142
142 245
245 250
250 94
94 154
154 248
248 10
10 246
246 235
235 244
26 236
236 255
255 127
127 256
256 143
143 245
245 95
95 189
189 259
259 155
155 21
21 260
260 257
257 258
258 173
173 254
1 113
113 262
262 34
34 58
58 15
15 261
263 29
29 202
202 255
255 128
128 65
65 96
96 156
156 264
264 11
11 246
246 190
190 22
22 234
266 265
267 215
215 47
47 269
269 191
191 97
97 270
270 273
273 174
174 219
219 129
129 272
272 157
157 271
271 76
76 274
274 268
275 210
210 175
175 98
98 276
276 192
192 216
216 48
48 269
269 220
220 277
277 77
77 278
278 247
247 228
228 279
279 203
203 130
130 256
256 63
281 280
106 131
131 221
221 283
283 282
282 78
78 284
284 35
35 114
114 262
262 265
183 276
276 99
99 217
217 49
49 270
270 222
222 288
288 286
286 79
79 132
132 229
229 291
291 204
204 59
59 290
290 158
158 287
287 144
144 289
289 257
257 285
285 234
112 176
176 292
292 258
258 285
285 293
293 23
23 193
193 248
248 264
264 12
12 237
237 84
294 249
249 80
80 277
277 296
296 194
194 100
100 286
286 297
297 133
133 177
177 159
159 271
271 282
282 295
298 299
268 60
60 178
178 287
287 145
145 302
302 301
301 24
24 160
160 259
259 195
195 101
101 250
250 300
27 230
230 251
251 278
278 81
81 296
296 196
196 102
102 288
288 303
303 179
179 134
134 272
272 283
283 223
223 36
36 164
305 243
243 241
241 211
211 135
135 165
165 306
306 304
307 252
252 103
103 197
197 146
146 161
161 25
25 301
301 308
308 289
289 292
292 180
180 254
309 27
66 181
181 273
273 224
224 303
303 297
297 136
136 82
82 231
231 310
310 205
205 61
61 290
290 162
162 147
147 302
302 308
308 260
260 293
293 30
311 279
279 253
253 137
137 62
62 104
104 198
198 291
291 310
310 182
182 163
163 206
206 232
232 274
274 284
284 37
37 2
2 298
312 306
306 166
166 212
212 242
520
0 0.800000000000000 7.100000000000000
1 1.200000000000000 6.800000000000000
2 1.900000000000000 6.900000000000000
3 2.000000000000000 6.700000000000000
4 2.200000000000000 6.800000000000000
5 2.200000000000000 7.200000000000000
6 2.300000000000000 6.400000000000000
7 2.300000000000000 6.600000000000000
8 2.300000000000000 7.200000000000000
9 2.400000000000000 6.600000000000000
10 2.400000000000000 6.800000000000000
11 2.400000000000000 6.400000000000000
12 2.600000000000000 5.800000000000000
13 2.600000000000000 2.600000000000000
14 2.600000000000000 6.900000000000000
15 2.600000000000000 6.200000000000000
16 2.600000000000000 5.600000000000000
17 2.600000000000000 3.700000000000000
18 2.600000000000000 7.000000000000000
19 2.700000000000000 5.900000000000000
20 2.700000000000000 4.700000000000000
21 2.700000000000000 1.300000000000000
22 2.800000000000000 4.100000000000000
23 2.800000000000000 5.900000000000000
24 2.800000000000000 4.100000000000000
25 2.900000000000000 3.900000000000000
26 2.900000000000000 3.600000000000000
27 2.900000000000000 7.000000000000000
28 2.900000000000000 5.600000000000000
29 2.900000000000000 5.000000000000000
30 2.900000000000000 6.600000000000000
31 2.900000000000000 6.000000000000000
32 3.000000000000000 4.500000000000000
33 3.000000000000000 4.900000000000000
34 3.000000000000000 2.700000000000000
35 3.000000000000000 6.200000000000000
36 3.000000000000000 5.800000000000000
37 3.000000000000000 4.300000000000000
38 3.000000000000000 5.500000000000000
39 3.000000000000000 2.700000000000000
40 3.000000000000000 1.800000000000000
41 3.000000000000000 3.700000000000000
42 3.100000000000000 6.800000000000000
43 3.100000000000000 2.300000000000000
44 3.100000000000000 5.400000000000000
45 3.100000000000000 6.600000000000000
46 3.100000000000000 2.000000000000000
47 3.200000000000000 4.100000000000000
48 3.200000000000000 0.600000000000000
49 3.200000000000000 3.000000000000000
50 3.200000000000000 6.600000000000000
51 3.200000000000000 3.900000000000000
52 3.300000000000000 5.600000000000000
53 3.300000000000000 2.200000000000000
54 3.300000000000000 7.400000000000000
55 3.300000000000000 3.700000000000000
56 3.300000000000000 7.200000000000000
57 3.300000000000000 0.500000000000000
58 3.300000000000000 0.900000000000000
59 3.400000000000000 4.300000000000000
60 3.400000000000000 4.200000000000000
61 3.400000000000000 5.600000000000000
62 3.400000000000000 4.400000000000000
63 3.400000000000000 1.800000000000000
64 3.400000000000000 4.400000000000000
65 3.400000000000000 1.000000000000000
66 3.400000000000000 6.400000000000000
67 3.500000000000000 4.500000000000000
68 3.500000000000000 0.600000000000000
69 3.500000000000000 6.600000000000000
70 3.500000000000000 6.300000000000000
71 3.500000000000000 5.600000000000000
72 3.500000000000000 2.300000000000000
73 3.600000000000000 7.200000000000000
74 3.600000000000000 4.800000000000000
75 3.600000000000000 5.500000000000000
76 3.600000000000000 7.100000000000000
77 3.600000000000000 6.100000000000000
78 3.600000000000000 5.100000000000000
79 3.600000000000000 1.300000000000000
80 3.600000000000000 3.300000000000000
81 3.600000000000000 3.400000000000000
82 3.600000000000000 1.600000000000000
83 3.700000000000000 5.000000000000000
84 3.700000000000000 7.800000000000000
85 3.700000000000000 2.500000000000000
86 3.700000000000000 2.300000000000000
87 3.700000000000000 1.400000000000000
88 3.700000000000000 5.100000000000000
89 3.700000000000000 1.200000000000000
90 3.700000000000000 3.900000000000000
91 3.700000000000000 2.500000000000000
92 3.700000000000000 1.000000000000000
93 3.700000000000000 2.700000000000000
94 3.800000000000000 3.400000000000000
95 3.800000000000000 2.200000000000000
96 3.800000000000000 4.900000000000000
97 3.900000000000000 7.000000000000000
98 3.900000000000000 3.800000000000000
99 3.900000000000000 5.700000000000000
100 3.900000000000000 7.900000000000000
101 3.900000000000000 7.800000000000000
102 3.900000000000000 1.100000000000000
103 3.900000000000000 2.500000000000000
104 3.900000000000000 4.200000000000000
105 4.000000000000000 1.400000000000000
106 4.000000000000000 3.100000000000000
107 4.000000000000000 7.100000000000000
108 4.000000000000000 5.500000000000000
109 4.000000000000000 7.200000000000000
110 4.000000000000000 7.400000000000000
111 4.000000000000000 2.500000000000000
112 4.000000000000000 1.800000000000000
113 4.000000000000000 2.400000000000000
114 4.000000000000000 3.900000000000000
115 4.000000000000000 4.000000000000000
116 4.000000000000000 4.000000000000000
117 4.100000000000000 4.900000000000000
118 4.100000000000000 2.700000000000000
119 4.100000000000000 5.800000000000000
120 4.100000000000000 7.100000000000000
121 4.100000000000000 4.800000000000000
122 4.200000000000000 3.100000000000000
123 4.200000000000000 3.500000000000000
124 4.200000000000000 4.000000000000000
125 4.200000000000000 2.800000000000000
126 4.200000000000000 3.800000000000000
127 4.200000000000000 7.100000000000000
128 4.200000000000000 1.800000000000000
129 4.200000000000000 4.500000000000000
130 4.300000000000000 3.700000000000000
131 4.300000000000000 4.800000000000000
132 4.300000000000000 6.100000000000000
133 4.300000000000000 5.000000000000000
134 4.300000000000000 5.400000000000000
135 4.400000000000000 8.000000000000000
136 4.400000000000000 4.900000000000000
137 4.400000000000000 7.900000000000000
138 4.400000000000000 5.900000000000000
139 4.400000000000000 6.200000000000000
140 4.400000000000000 6.200000000000000
141 4.400000000000000 6.900000000000000
142 4.400000000000000 7.000000000000000
143 4.400000000000000 7.300000000000000
144 4.400000000000000 7.300000000000000
145 4.500000000000000 4.600000000000000
146 4.500000000000000 4.800000000000000
147 4.500000000000000 7.600000000000000
148 4.500000000000000 7.000000000000000
149 4.500000000000000 2.300000000000000
150 4.500000000000000 5.700000000000000
151 4.500000000000000 5.500000000000000
152 4.500000000000000 7.500000000000000
153 4.600000000000000 4.400000000000000
154 4.600000000000000 3.600000000000000
155 4.600000000000000 4.200000000000000
156 4.600000000000000 2.100000000000000
157 4.600000000000000 5.500000000000000
158 4.600000000000000 0.900000000000000
159 4.700000000000000 3.900000000000000
160 4.700000000000000 1.300000000000000
161 4.700000000000000 6.400000000000000
162 4.700000000000000 0.900000000000000
163 4.700000000000000 2.700000000000000
164 4.700000000000000 7.900000000000000
165 4.700000000000000 5.100000000000000
166 4.700000000000000 5.100000000000000
167 4.700000000000000 1.200000000000000
168 4.700000000000000 2.100000000000000
169 4.700000000000000 3.000000000000000
170 4.800000000000000 5.400000000000000
171 4.800000000000000 1.000000000000000
172 4.800000000000000 1.200000000000000
173 4.800000000000000 5.900000000000000
174 4.800000000000000 6.300000000000000
175 4.800000000000000 8.400000000000000
176 4.800000000000000 3.000000000000000
177 4.800000000000000 6.000000000000000
178 4.800000000000000 6.700000000000000
179 4.900000000000000 6.700000000000000
180 4.900000000000000 1.100000000000000
181 4.900000000000000 1.600000000000000
182 4.900000000000000 3.100000000000000
183 5.000000000000000 5.900000000000000
184 5.000000000000000 5.300000000000000
185 5.000000000000000 4.200000000000000
186 5.000000000000000 4.700000000000000
187 5.000000000000000 4.000000000000000
188 5.000000000000000 4.800000000000000
189 5.100000000000000 8.000000000000000
190 5.100000000000000 7.500000000000000
191 5.100000000000000 8.199999999999999
192 5.100000000000000 8.000000000000000
193 5.100000000000000 3.400000000000000
194 5.100000000000000 5.600000000000000
195 5.100000000000000 8.100000000000000
196 5.100000000000000 8.000000000000000
197 5.200000000000000 2.400000000000000
198 5.200000000000000 7.100000000000000
199 5.200000000000000 7.600000000000000
200 5.200000000000000 8.000000000000000
201 5.200000000000000 5.500000000000000
202 5.200000000000000 7.800000000000000
203 5.200000000000000 2.900000000000000
204 5.300000000000000 1.200000000000000
205 5.300000000000000 2.400000000000000
206 5.300000000000000 4.900000000000000
207 5.300000000000000 3.200000000000000
208 5.300000000000000 4.700000000000000
209 5.300000000000000 5.500000000000000
210 5.400000000000000 1.000000000000000
211 5.400000000000000 4.300000000000000
212 5.400000000000000 3.700000000000000
213 5.400000000000000 1.100000000000000
214 5.400000000000000 8.300000000000001
215 5.400000000000000 5.500000000000000
216 5.400000000000000 5.900000000000000
217 5.400000000000000 6.000000000000000
218 5.500000000000000 1.900000000000000
219 5.500000000000000 7.400000000000000
220 5.500000000000000 1.200000000000000
221 5.500000000000000 6.300000000000000
222 5.500000000000000 8.800000000000001
223 5.500000000000000 4.200000000000000
224 5.500000000000000 6.900000000000000
225 5.500000000000000 4.100000000000000
226 5.500000000000000 6.300000000000000
227 5.500000000000000 5.100000000000000
228 5.600000000000000 5.600000000000000
229 5.600000000000000 5.800000000000000
230 5.600000000000000 4.900000000000000
231 5.600000000000000 2.500000000000000
232 5.600000000000000 1.600000000000000
233 5.600000000000000 1.600000000000000
234 5.600000000000000 7.300000000000000
235 5.600000000000000 7.800000000000000
236 5.600000000000000 2.300000000000000
237 5.600000000000000 7.200000000000000
238 5.700000000000000 6.800000000000000
239 5.700000000000000 4.500000000000000
240 5.700000000000000 3.700000000000000
241 5.700000000000000 3.400000000000000
242 5.700000000000000 8.000000000000000
243 5.700000000000000 2.800000000000000
244 5.700000000000000 4.000000000000000
245 5.700000000000000 5.900000000000000
246 5.700000000000000 6.700000000000000
247 5.700000000000000 2.200000000000000
248 5.700000000000000 5.400000000000000
249 5.700000000000000 3.700000000000000
250 5.700000000000000 5.000000000000000
251 5.700000000000000 6.400000000000000
252 5.800000000000000 2.600000000000000
253 5.800000000000000 6.100000000000000
254 5.800000000000000 5.700000000000000
255 5.800000000000000 8.400000000000000
256 5.800000000000000 7.900000000000000
257 5.800000000000000 3.600000000000000
258 5.800000000000000 7.900000000000000
259 5.800000000000000 7.100000000000000
260 5.800000000000000 5.700000000000000
261 5.800000000000000 3.600000000000000
262 5.800000000000000 2.700000000000000
263 5.800000000000000 2.500000000000000
264 5.800000000000000 5.800000000000000
265 5.800000000000000 5.800000000000000
266 5.800000000000000 2.700000000000000
267 5.800000000000000 5.600000000000000
268 5.900000000000000 1.700000000000000
269 5.900000000000000 7.400000000000000
270 5.900000000000000 8.900000000000000
271 5.900000000000000 6.600000000000000
272 5.900000000000000 4.700000000000000
273 5.900000000000000 9.100000000000000
274 5.900000000000000 8.400000000000000
275 5.900000000000000 8.699999999999999
276 6.000000000000000 4.500000000000000
277 6.000000000000000 7.000000000000000
278 6.000000000000000 4.400000000000000
279 6.000000000000000 5.300000000000000
280 6.000000000000000 7.800000000000000
281 6.000000000000000 7.000000000000000
282 6.000000000000000 3.300000000000000
283 6.100000000000000 4.100000000000000
284 6.100000000000000 8.199999999999999
285 6.100000000000000 1.400000000000000
286 6.100000000000000 3.300000000000000
287 6.100000000000000 7.000000000000000
288 6.100000000000000 1.200000000000000
289 6.100000000000000 3.200000000000000
290 6.100000000000000 5.400000000000000
291 6.100000000000000 8.199999999999999
292 6.100000000000000 6.300000000000000
293 6.200000000000000 9.000000000000000
294 6.200000000000000 4.800000000000000
295 6.200000000000000 7.700000000000000
296 6.200000000000000 4.000000000000000
297 6.200000000000000 4.700000000000000
298 6.300000000000000 4.500000000000000
299 6.300000000000000 7.400000000000000
300 6.300000000000000 6.300000000000000
301 6.300000000000000 4.700000000000000
302 6.400000000000000 5.600000000000000
303 6.400000000000000 1.300000000000000
304 6.400000000000000 3.400000000000000
305 6.400000000000000 8.400000000000000
306 6.400000000000000 3.400000000000000
307 6.400000000000000 2.500000000000000
308 6.400000000000000 3.600000000000000
309 6.500000000000000 8.100000000000000
310 6.500000000000000 2.800000000000000
311 6.600000000000000 3.600000000000000
312 6.600000000000000 3.100000000000000
313 6.600000000000000 4.200000000000000
314 6.600000000000000 5.000000000000000
315 6.600000000000000 2.600000000000000
316 6.600000000000000 3.600000000000000
317 6.600000000000000 3.600000000000000
318 6.600000000000000 2.400000000000000
319 6.600000000000000 7.000000000000000
320 6.700000000000000 5.800000000000000
321 6.700000000000000 1.900000000000000
322 6.700000000000000 1.900000000000000
323 6.700000000000000 2.000000000000000
324 6.700000000000000 4.300000000000000
325 6.700000000000000 6.300000000000000
326 6.700000000000000 1.500000000000000
327 6.800000000000000 3.500000000000000
328 6.800000000000000 4.700000000000000
329 6.900000000000000 5.900000000000000
330 6.900000000000000 4.600000000000000
331 7.000000000000000 5.000000000000000
332 7.000000000000000 5.600000000000000
333 7.000000000000000 3.600000000000000
334 7.000000000000000 1.500000000000000
335 7.000000000000000 2.900000000000000
336 7.000000000000000 8.100000000000000
337 7.000000000000000 8.300000000000001
338 7.000000000000000 7.500000000000000
339 7.000000000000000 4.400000000000000
340 7.100000000000000 3.500000000000000
341 7.100000000000000 6.300000000000000
342 7.100000000000000 2.200000000000000
343 7.100000000000000 4.500000000000000
344 7.100000000000000 8.000000000000000
345 7.100000000000000 4.000000000000000
346 7.100000000000000 4.100000000000000
347 7.100000000000000 1.500000000000000
348 7.100000000000000 7.100000000000000
349 7.100000000000000 4.800000000000000
350 7.100000000000000 4.400000000000000
351 7.100000000000000 6.200000000000000
352 7.100000000000000 3.300000000000000
353 7.100000000000000 2.700000000000000
354 7.200000000000000 4.500000000000000
355 7.200000000000000 5.700000000000000
356 7.200000000000000 7.400000000000000
357 7.200000000000000 3.600000000000000
358 7.200000000000000 2.900000000000000
359 7.200000000000000 5.100000000000000
360 7.200000000000000 6.200000000000000
361 7.200000000000000 7.200000000000000
362 7.200000000000000 7.300000000000000
363 7.200000000000000 3.300000000000000
364 7.200000000000000 2.400000000000000
365 7.200000000000000 6.500000000000000
366 7.200000000000000 6.500000000000000
367 7.300000000000000 5.200000000000000
368 7.300000000000000 7.400000000000000
369 7.300000000000000 5.200000000000000
370 7.300000000000000 7.600000000000000
371 7.300000000000000 7.500000000000000
372 7.300000000000000 2.400000000000000
373 7.300000000000000 4.600000000000000
374 7.300000000000000 4.300000000000000
375 7.300000000000000 8.000000000000000
376 7.300000000000000 3.400000000000000
377 7.300000000000000 6.700000000000000
378 7.400000000000000 5.500000000000000
379 7.400000000000000 5.300000000000000
380 7.500000000000000 7.700000000000000
381 7.500000000000000 5.000000000000000
382 7.500000000000000 6.200000000000000
383 7.500000000000000 6.500000000000000
384 7.500000000000000 5.000000000000000
385 7.500000000000000 4.600000000000000
386 7.500000000000000 3.200000000000000
387 7.500000000000000 7.400000000000000
388 7.500000000000000 2.200000000000000
389 7.500000000000000 4.200000000000000
390 7.600000000000000 3.400000000000000
391 7.600000000000000 3.700000000000000
392 7.600000000000000 3.700000000000000
393 7.600000000000000 5.700000000000000
394 7.600000000000000 2.500000000000000
395 7.600000000000000 5.400000000000000
396 7.600000000000000 4.000000000000000
397 7.700000000000000 3.000000000000000
398 7.700000000000000 2.400000000000000
399 7.700000000000000 2.100000000000000
400 7.700000000000000 3.600000000000000
401 7.700000000000000 1.200000000000000
402 7.700000000000000 4.900000000000000
403 7.800000000000000 1.700000000000000
404 7.800000000000000 6.200000000000000
405 7.800000000000000 6.600000000000000
406 7.800000000000000 5.400000000000000
407 7.900000000000000 3.400000000000000
408 7.900000000000000 1.900000000000000
409 7.900000000000000 6.200000000000000
410 7.900000000000000 3.600000000000000
411 7.900000000000000 7.000000000000000
412 7.900000000000000 4.300000000000000
413 7.900000000000000 2.400000000000000
414 7.900000000000000 1.400000000000000
415 7.900000000000000 1.400000000000000
416 7.900000000000000 3.200000000000000
417 7.900000000000000 4.400000000000000
418 7.900000000000000 3.100000000000000
419 7.900000000000000 2.200000000000000
420 8.000000000000000 3.800000000000000
421 8.000000000000000 5.600000000000000
422 8.000000000000000 6.500000000000000
423 8.000000000000000 4.500000000000000
424 8.000000000000000 4.800000000000000
425 8.000000000000000 6.900000000000000
426 8.000000000000000 4.800000000000000
427 8.000000000000000 3.000000000000000
428 8.100000000000000 5.700000000000000
429 8.100000000000000 5.200000000000000
430 8.100000000000000 6.600000000000000
431 8.100000000000000 4.100000000000000
432 8.100000000000000 1.300000000000000
433 8.100000000000000 6.000000000000000
434 8.100000000000000 2.000000000000000
435 8.100000000000000 3.100000000000000
436 8.199999999999999 1.600000000000000
437 8.199999999999999 4.300000000000000
438 8.199999999999999 2.900000000000000
439 8.199999999999999 3.600000000000000
440 8.300000000000001 6.300000000000000
441 8.300000000000001 6.100000000000000
442 8.300000000000001 3.200000000000000
443 8.300000000000001 6.800000000000000
444 8.300000000000001 5.300000000000000
445 8.300000000000001 3.700000000000000
446 8.300000000000001 6.300000000000000
447 8.300000000000001 5.700000000000000
448 8.300000000000001 5.200000000000000
449 8.300000000000001 2.400000000000000
450 8.300000000000001 5.900000000000000
451 8.300000000000001 6.700000000000000
452 8.300000000000001 3.700000000000000
453 8.300000000000001 5.700000000000000
454 8.400000000000000 5.500000000000000
455 8.400000000000000 6.400000000000000
456 8.400000000000000 4.900000000000000
457 8.400000000000000 4.800000000000000
458 8.400000000000000 6.000000000000000
459 8.400000000000000 3.900000000000000
460 8.400000000000000 4.100000000000000
461 8.500000000000000 4.700000000000000
462 8.500000000000000 4.200000000000000
463 8.500000000000000 3.400000000000000
464 8.500000000000000 5.400000000000000
465 8.500000000000000 2.900000000000000
466 8.600000000000000 4.000000000000000
467 8.600000000000000 2.100000000000000
468 8.600000000000000 1.600000000000000
469 8.600000000000000 1.500000000000000
470 8.600000000000000 1.500000000000000
471 8.699999999999999 1.500000000000000
472 8.699999999999999 4.000000000000000
473 8.699999999999999 1.700000000000000
474 8.699999999999999 5.600000000000000
475 8.699999999999999 2.600000000000000
476 8.699999999999999 2.200000000000000
477 8.699999999999999 1.800000000000000
478 8.699999999999999 2.900000000000000
479 8.800000000000001 3.300000000000000
480 8.800000000000001 2.100000000000000
481 8.800000000000001 4.300000000000000
482 8.800000000000001 2.100000000000000
483 8.800000000000001 6.000000000000000
484 8.800000000000001 1.400000000000000
485 8.900000000000000 4.800000000000000
486 8.900000000000000 5.200000000000000
487 8.900000000000000 5.500000000000000
488 8.900000000000000 2.400000000000000
489 8.900000000000000 2.000000000000000
490 8.900000000000000 2.900000000000000
491 8.900000000000000 1.400000000000000
492 8.900000000000000 2.500000000000000
493 9.000000000000000 3.800000000000000
494 9.000000000000000 4.800000000000000
495 9.000000000000000 5.900000000000000
496 9.000000000000000 4.400000000000000
497 9.000000000000000 5.200000000000000
498 9.000000000000000 2.300000000000000
499 9.000000000000000 2.300000000000000
500 9.100000000000000 3.200000000000000
501 9.100000000000000 4.200000000000000
502 9.100000000000000 3.400000000000000
503 9.100000000000000 1.700000000000000
504 9.100000000000000 5.900000000000000
505 9.100000000000000 2.900000000000000
506 9.100000000000000 1.400000000000000
507 9.100000000000000 5.000000000000000
508 9.199999999999999 2.300000000000000
509 9.300000000000001 4.000000000000000
510 9.300000000000001 4.200000000000000
511 9.300000000000001 1.800000000000000
512 9.300000000000001 3.900000000000000
513 9.300000000000001 3.400000000000000
514 9.300000000000001 5.900000000000000
515 9.400000000000000 2.100000000000000
516 9.400000000000000 2.700000000000000
517 9.400000000000000 5.200000000000000
518 9.400000000000000 3.500000000000000
519 9.400000000000000 4.700000000000000
