389
0 9.640000000000001 3.940000000000000
1 3.510000000000000 3.460000000000000
2 8.315677099799768 3.836300980082200
3 8.943021477876799 3.885424194026242
4 7.099602638767196 3.741078183786012
5 8.033032603605326 3.814168947753761
6 6.747918153904905 3.713540083829422
7 5.477688658476342 3.614076762817071
8 5.642646523731663 3.626993528775073
9 5.582307112653616 3.622268746178424
10 7.890150867741086 3.802980818354930
11 9.168352151508813 3.903068357703789
12 7.288119433842239 3.755839694656488
13 3.911041922982688 3.491402956448889
14 5.469236101649654 3.613414898660984
15 5.314320211981315 3.601284453792990
16 3.606371961902893 3.467546254765642
17 6.213560443940011 3.671698044549952
18 7.882736163369575 3.802400221601533
19 3.905075132285212 3.490935736296395
20 1.120000000000000 3.360000000000000
21 9.330000000000000 6.160000000000000
22 8.633794753100482 5.922560938938044
23 5.053498885523231 4.701509973138251
24 6.590634759731628 5.225746324878021
25 6.002487646359235 5.025160220439203
26 6.541982896995485 5.209153728573368
27 7.677376631730597 5.596376926777792
28 5.705183258508205 4.923765301318267
29 4.896071994994690 4.647819925211343
30 4.944993280165125 4.664504407364476
31 5.714245500738154 4.926855956402781
32 7.022262559062175 5.372951908084541
33 3.885579069896346 4.303193836261848
34 9.303965536643283 6.151121011279074
35 8.344373783257625 5.823854639844257
36 4.526970562790275 4.521938803387670
37 7.855122148100127 5.656996591313076
38 3.375351451418664 4.129181980995403
39 4.983201849549099 4.677535344547804
40 5.425066074429629 4.828232035128253
41 3.743993158842189 4.254906314830467
42 4.646079056791805 4.562560457858350
43 3.691296457612242 4.236934236457281
44 7.367418606618634 5.490666516264577
45 7.810000000000000 0.520000000000000
46 9.100000000000000 8.980000000000000
47 8.115833784389837 2.525700632510091
48 8.323064408867545 3.884747983735991
49 8.276039823300586 3.576354190017802
50 8.420285873260367 4.522339913009846
51 8.628058039998464 5.884938773943420
52 8.268871913720108 3.529346038815594
53 8.066581737271497 2.202698835129357
54 8.603384787055980 5.723128138367120
55 8.498873422625635 5.037728027451850
56 8.255915284274135 3.444374655007117
57 8.664104286406758 6.121335087597812
58 8.295718150603536 3.705407406283659
59 8.191361689645056 3.021023173951305
60 8.484227913705665 4.941680736395289
61 9.980000000000000 5.590000000000000
62 6.920000000000000 0.560000000000000
63 8.990274151332383 3.963097706275126
64 8.576261503067485 3.282547503408316
65 9.164860581330021 4.250081282382355
66 8.730493571405084 3.536072766067833
67 9.191974277826409 4.294650528583933
68 9.782122186495178 5.264730260807431
69 9.221269453820062 4.342805670821865
70 8.710227880992594 3.502760209605474
71 8.766276398114007 3.594892249187405
72 8.561791364455045 3.258761621963686
73 2.730000000000000 3.430000000000000
74 5.230000000000000 4.370000000000000
75 4.124640682095007 3.954384896467722
76 5.127452706499344 4.331442217643754
77 4.051250408897610 3.926790153745502
78 3.460389942788316 3.704626618488407
79 5.164010331894417 4.345187884792301
80 3.666770753759379 3.782225803413526
81 5.139252521911692 4.335878948238796
82 3.660994602929838 3.780053970701619
83 3.806540841183952 3.834779356285166
84 6.220000000000000 7.990000000000000
85 2.280000000000000 5.190000000000000
86 6.128415890663173 7.924914846156570
87 4.798376073863855 6.979708884979390
88 3.740485069046314 6.227908170895858
89 5.757313840343512 7.661187500751735
90 5.001318286740189 7.123931777378815
91 5.765585240002716 7.667065652793808
92 2.407958331737582 5.280934855041936
93 4.138260063364196 6.510590907974557
94 4.707285424113117 6.914974413075312
95 4.599968462595581 6.838708552098383
96 4.491524520255863 6.761641791044776
97 4.534424192488837 6.792128867758565
98 3.030000000000000 0.170000000000000
99 1.470000000000000 3.080000000000000
100 1.724632219080451 2.605012975946082
101 9.560000000000000 4.030000000000000
102 7.999712469456506 3.846777113224188
103 6.740707660286864 3.698933532419348
104 5.466436368627082 3.549297224993292
105 5.681038941180469 3.574497774304258
106 3.283337023015059 3.292938216546886
107 5.599809781819942 3.564959121474530
108 4.875439660267494 3.479897117089508
109 7.874094571894291 3.832025938603162
110 3.157448195684523 3.278155226934524
111 9.173269730134107 3.984586680300050
112 7.269441076953696 3.761022128937702
113 9.547916866281527 4.028581090601663
114 4.006419424116315 3.377849005304141
115 5.496888378304869 3.552873171741610
116 5.307947913668210 3.530686096166230
117 3.581982297288445 3.328007809941165
118 6.221226383781849 3.637931404770427
119 7.795760627325779 3.822827267732941
120 3.939726381923001 3.370017313081193
121 5.900000000000000 3.200000000000000
122 6.160972111553785 2.524542770096087
123 5.921493913043479 3.144368695652174
124 5.810000000000000 5.310000000000000
125 4.526725224621162 4.277800724151804
126 5.766145547032038 5.274725766090987
127 4.929656792645557 4.601897854954035
128 4.752464862353351 4.459373911023348
129 3.765084185610289 3.665176410164798
130 4.994080756958962 4.653717130597426
131 5.441820712694877 5.013855790645880
132 3.620602642085800 3.548962994721188
133 4.827715292154621 4.519901430646108
134 3.838273388883029 3.724045986710262
135 4.510000000000000 1.380000000000000
136 5.730000000000000 2.720000000000000
137 5.226284079323840 2.166738251060611
138 5.120895255147717 2.050983313031099
139 5.180274908147828 2.116203587637778
140 4.680000000000000 9.609999999999999
141 6.210000000000000 7.830000000000000
142 5.574925525326393 8.568844813672561
143 4.420000000000000 7.350000000000000
144 9.100000000000000 2.770000000000000
145 5.649490282131661 6.146780877742946
146 6.646725820763087 5.170853790791679
147 7.200021127276150 4.629381033563083
148 6.692194901335364 5.126356271770092
149 5.878665259387953 5.922502801710080
150 6.148793490602656 5.658146541247827
151 5.954476090237005 5.848311860409084
152 8.323264442406714 3.530138643969497
153 7.708273594616601 4.131988661678625
154 5.381476085331293 6.409068275466383
155 8.721258307487815 3.140648921304659
156 8.392910756638608 3.461980498845123
157 4.975465814498879 6.806403113161354
158 5.842881306348235 5.957522140368607
159 8.096314427083774 3.752239299990664
160 4.448977069684336 7.321642098471312
161 8.585209210785278 3.273790986026373
162 5.262764117634621 6.525243662656717
163 6.130000000000000 4.620000000000000
164 5.510000000000000 6.590000000000000
165 5.866891752517585 5.456005237968317
166 6.049856040658166 4.874650967586152
167 5.822264682559767 5.597804153802028
168 5.874522920664696 5.431757816597659
169 5.858855669086966 5.481539244997864
170 5.528217969598263 6.532113870792617
171 5.711455633100698 5.949890972244557
172 5.579359399192557 6.369616102565587
173 9.630000000000001 4.080000000000000
174 4.680000000000000 5.890000000000000
175 5.253235242752357 5.680392769821865
176 7.341845100737009 4.916678862154750
177 6.728988212780684 5.140774007043831
178 5.801770222056388 5.479817353147058
179 5.892537727468714 5.446627618844773
180 5.853477529151139 5.460910236815442
181 7.257429126538115 4.947546117366871
182 4.944148178460042 5.793412484239863
183 9.188758501451495 4.241342850984403
184 9.411355585366408 4.159948765754910
185 5.494035666339949 5.592342513924180
186 0.970000000000000 4.050000000000000
187 5.620000000000000 5.820000000000000
188 4.383128954504369 5.349191021391986
189 4.719567020368338 5.477254543236980
190 3.186745055816854 4.893793279310931
191 2.843023719572223 4.762957415837168
192 5.510833637503371 5.778446352339992
193 3.903339678588424 5.166561555075594
194 3.205438471542702 4.900908837554963
195 6.060000000000000 2.320000000000000
196 8.779999999999999 7.830000000000000
197 7.625983682116171 5.492268414875039
198 6.277008159564823 2.759601087941977
199 6.645312213849754 3.505687609673585
200 7.310072663894429 4.852316315462613
201 7.879008627981729 6.004829978007105
202 6.831359765268179 3.882570700966054
203 7.754896120377584 5.753410890911944
204 6.503895871434686 3.219215533678353
205 6.375387002804171 2.958890582886391
206 7.915050688911122 6.077841652904517
207 6.905125938382079 4.032001441354874
208 7.574856010670308 5.388697286321102
209 5.670854882319047 4.726136518771331
210 5.024134368450571 4.472714230894117
211 4.431107446187033 4.240332179930797
212 5.660899351386155 4.722235369245466
213 7.075541125391720 5.276573367201844
214 3.613280159521436 3.919860418743769
215 9.303883806287375 6.149766173456122
216 8.408517110266160 5.798910012674272
217 4.891585505208105 4.420773963872896
218 7.910475301478379 5.603748591419008
219 3.566548198428258 3.901548149002422
220 5.068765318696091 4.490203203763863
221 5.406500711148426 4.622547352460198
222 3.690736236262305 3.950212163827977
223 5.025819784701190 4.473374673903265
224 3.765109909245489 3.979356045862100
225 7.480296220207937 5.435179689343569
226 5.140000000000000 1.670000000000000
227 5.511161352501807 3.806779375150591
228 5.779848044692737 5.353611173184357
229 5.516525394237989 3.837660213557025
230 5.688699836697821 4.828870087905216
231 5.455850596452118 3.488354835649576
232 6.079454650039454 7.078449200227136
233 6.018634789220242 6.728308693081017
234 5.584422043973358 4.228541860631669
235 6.122122435135455 7.324088037789160
236 5.191562924677831 1.966848239266763
237 5.475276518020225 3.600190047667840
238 5.384103560949587 3.075306481728461
239 5.938327513153606 6.265978954230107
240 5.885174730471767 5.959977887575779
241 5.603387690216452 4.337727263302192
242 5.926673742557700 6.198888087995734
243 2.620000000000000 7.760000000000000
244 6.540000000000000 2.400000000000000
245 4.906878509734614 4.633043670362875
246 5.536565015626479 3.772043754143385
247 5.741000134498991 3.492510020174849
248 4.507651006711409 5.178926174496644
249 5.105534148717394 4.361412490529277
250 5.164276847846529 4.281090840699644
251 5.352455663430421 4.023785113268609
252 5.989243329132650 3.153075447920662
253 4.021652562335328 5.843454659663939
254 6.485285554311309 2.474813629819230
255 5.023201660988075 4.473989565587734
256 2.250000000000000 2.440000000000000
257 5.838022645266550 5.401629717915269
258 6.177942062323940 5.682206388350083
259 6.640322272216949 6.063864785183668
260 3.004397722630718 3.062695823120914
261 6.988401877671127 6.351177047572340
262 4.710562239648129 4.471000072236357
263 7.066491893207698 6.415634196690581
264 3.752481923959995 3.680180332334514
265 4.977063090450812 4.690975506512998
266 5.447744575150040 5.079485951004397
267 2.583660150906765 2.715410139875568
268 6.468426612448756 5.921978474900275
269 3.625170114711553 3.575094474470945
270 6.562080135963331 5.999282072410774
271 4.782633605700510 4.530489300876837
272 3.832028103615910 3.745839430090315
273 6.476476938724618 5.928623384337778
274 6.600000000000000 0.290000000000000
275 5.470000000000000 3.990000000000000
276 5.622463658017781 3.490782712685141
277 5.818643020453562 2.848425508249397
278 5.735558143421135 3.120473335700708
279 6.870000000000000 9.359999999999999
280 6.212457174155287 6.837853589438494
281 6.168684952094683 6.669955851963179
282 5.535713052468857 4.242056494112687
283 6.295692198548489 7.157119361575278
284 6.045271950930225 6.196578840353791
285 5.985100945410186 5.965780054894784
286 5.563120689252972 4.347184358063186
287 6.747411809488082 8.889786726393574
288 6.032333194121273 6.146949466022314
289 6.170000000000000 5.640000000000000
290 6.348943366858237 6.590956178160918
291 6.350503757305873 6.599248538825494
292 6.430988675248493 7.026968388463419
293 6.249761965441664 6.063877873489984
294 6.234022444327547 5.980233561283535
295 6.783371200012475 8.899629805780581
296 6.245661093323847 6.042084667378157
297 9.000000000000000 3.540000000000000
298 3.932250141696580 3.466153007529276
299 5.525890794342493 3.489375457841057
300 5.303927217589083 3.486141015921152
301 3.605295684572171 3.461388643855332
302 6.252548650160450 3.499964279055161
303 3.912260522083787 3.465861719811786
304 8.029999999999999 3.550000000000000
305 6.342676632021488 6.602292420880532
306 5.740979484672637 7.690735618771289
307 6.858797667606558 5.668652577404256
308 6.672480272319357 6.005692402908865
309 7.891626008061692 3.800312355566012
310 5.297530908252123 8.492914237609591
311 6.804117663117662 5.767566257166258
312 2.420000000000000 2.240000000000000
313 4.120980052615804 4.634583569216424
314 3.584819644265446 3.879794644839706
315 2.775189734524063 2.740024383553293
316 5.487603073369155 6.558470346005122
317 3.708978815119975 4.054581827110644
318 5.027073974382773 5.910152682383515
319 4.152211415899845 4.678550051509490
320 5.207524445846357 6.164184899492445
321 3.733614248838410 4.089262777490966
322 5.411918656927834 6.451924322859572
323 9.359999999999999 7.080000000000000
324 9.262680100755667 5.466735516372796
325 9.196326672782664 4.366799844974172
326 9.304411530546334 6.158514217902691
327 9.209499318560669 4.585161780755720
328 9.820000000000000 5.250000000000000
329 7.231958360442421 6.256460637605725
330 7.720336808340017 6.066535685645549
331 4.446034782608695 7.339875362318841
332 2.840000000000000 4.990000000000000
333 5.130790865990242 4.354404846430453
334 5.376153073388966 4.286327470967223
335 3.824723532984488 4.716781909923379
336 6.120937010237086 4.079682216812831
337 2.916634596111449 4.968737221888153
338 5.170000000000000 8.240000000000000
339 7.445953758861235 6.050603766643555
340 8.718358964956108 4.826589809997479
341 1.720000000000000 6.100000000000000
342 5.169197366454823 1.993476086249483
343 4.369999688055652 2.944979879589481
344 3.662303782138474 3.787544062658907
345 2.609619154697620 5.040842768689924
346 3.901781920820026 3.502427672138453
347 4.740000000000000 5.210000000000000
348 5.340796946840159 3.894618805781771
349 5.696668635558180 3.115475487300650
350 5.082535711218618 4.460054389831964
351 9.890000000000001 9.750000000000000
352 5.520000000000000 5.880000000000000
353 5.265468618802659 3.060060224103153
354 5.385413266725990 4.388920665569524
355 1.530000000000000 2.580000000000000
356 3.495387377271777 2.832579903906413
357 6.321604758590141 3.195788563352950
358 4.072484997745327 2.906745059951207
359 6.980000000000000 5.590000000000000
360 5.100000000000000 6.810000000000000
361 5.321284874076308 6.666400241290907
362 6.366777982720125 5.987941947383749
363 6.401055546505943 5.965697996416356
364 4.241874873768062 7.103393217194244
365 4.226024031348715 7.012707185413251
366 3.831218054989832 4.753938447941827
367 4.221520748894902 6.986942951253260
368 3.722077396006827 4.129521586851178
369 4.367871853546911 7.824248665141114
370 4.443905514245095 8.259253366347695
371 3.931267936203127 7.229140662506000
372 4.501132884982666 6.998434091546810
373 5.070000000000000 6.620000000000000
374 4.146047158758055 7.049920913884007
375 4.520976467668670 6.875464010962333
376 6.080000000000000 4.260000000000000
377 6.088203969063905 4.223863469599467
378 5.480414093542056 5.936475657044377
379 6.356963654362891 5.987372083156555
380 2.230000000000000 5.130000000000000
381 2.600000000000000 8.340000000000000
382 4.546784798757554 6.715530565275154
383 3.128328086082318 7.899143451348530
384 3.550000000000000 4.730000000000000
385 4.020000000000000 9.980000000000000
386 4.303861413244781 8.220919423983096
387 6.990000000000000 2.250000000000000
388 9.220000000000001 4.580000000000000
706
1 16
16 19
19 13
13 15
15 14
14 7
7 9
9 8
8 17
17 6
6 4
4 12
12 18
18 10
10 5
5 2
2 3
3 11
11 0
20 38
38 43
43 41
41 33
33 36
36 42
42 29
29 30
30 39
39 23
23 40
40 28
28 31
31 25
25 26
26 24
24 32
32 44
44 27
27 37
37 35
35 22
22 34
34 21
45 53
53 47
47 59
59 56
56 52
52 49
49 58
58 2
2 48
48 50
50 60
60 55
55 54
54 51
51 22
22 57
57 46
62 47
47 72
72 64
64 70
70 66
66 71
71 3
3 63
63 65
65 67
67 69
69 68
68 61
73 78
78 82
82 80
80 83
83 77
77 75
75 76
76 81
81 79
79 74
85 92
92 88
88 93
93 96
96 97
97 95
95 94
94 87
87 90
90 89
89 91
91 86
86 84
99 100
100 98
99 110
110 106
106 117
117 120
120 114
114 108
108 116
116 104
104 115
115 107
107 105
105 118
118 103
103 4
4 112
112 119
119 109
109 102
102 48
48 63
63 111
111 113
113 101
121 123
123 122
122 62
1 132
132 129
129 134
134 75
75 125
125 128
128 133
133 127
127 130
130 23
23 131
131 126
126 124
135 138
138 139
139 137
137 136
140 142
142 86
86 141
143 160
160 87
87 157
157 162
162 154
154 145
145 158
158 149
149 151
151 150
150 24
24 146
146 148
148 147
147 153
153 102
102 5
5 159
159 49
49 152
152 156
156 64
64 161
161 155
155 144
164 170
170 172
172 145
145 171
171 167
167 169
169 165
165 168
168 25
25 166
166 163
174 182
182 175
175 185
185 178
178 180
180 165
165 179
179 26
26 146
146 177
177 181
181 176
176 50
50 65
65 183
183 184
184 173
186 191
191 190
190 194
194 193
193 188
188 189
189 175
175 192
192 187
195 122
122 198
198 205
205 204
204 199
199 103
103 6
6 202
202 207
207 147
147 200
200 176
176 208
208 197
197 27
27 203
203 201
201 206
206 196
99 219
219 214
214 222
222 224
224 211
211 125
125 217
217 210
210 223
223 220
220 221
221 212
212 209
209 166
166 148
148 177
177 213
213 225
225 197
197 218
218 216
216 51
51 215
215 21
226 236
236 137
137 238
238 231
231 104
104 237
237 7
7 227
227 229
229 234
234 241
241 209
209 230
230 28
28 126
126 228
228 178
178 167
167 149
149 240
240 242
242 239
239 233
233 232
232 235
235 141
243 88
88 253
253 188
188 248
248 29
29 245
245 127
127 255
255 210
210 249
249 76
76 250
250 251
251 227
227 246
246 8
8 105
105 247
247 252
252 198
198 254
254 244
256 267
267 260
260 106
106 269
269 264
264 272
272 77
77 211
211 262
262 271
271 245
245 30
30 265
265 266
266 228
228 257
257 168
168 179
179 150
150 258
258 268
268 273
273 270
270 259
259 261
261 263
263 196
275 229
229 246
246 9
9 107
107 276
276 278
278 277
277 274
275 282
282 286
286 212
212 230
230 31
31 257
257 180
180 169
169 151
151 285
285 288
288 284
284 281
281 280
280 283
283 287
287 279
289 258
258 294
294 296
296 293
293 290
290 291
291 292
292 295
295 279
1 301
301 303
303 298
298 108
108 300
300 231
231 299
299 276
276 247
247 302
302 199
199 52
52 152
152 66
66 297
140 310
310 306
306 89
89 232
232 280
280 305
305 290
290 259
259 308
308 311
311 307
307 32
32 213
213 181
181 200
200 153
153 109
109 10
10 309
309 304
312 315
315 260
260 110
110 78
78 314
314 214
214 317
317 321
321 33
33 313
313 319
319 248
248 189
189 182
182 318
318 320
320 154
154 322
322 316
316 164
62 53
53 155
155 297
144 11
11 111
111 183
183 67
67 325
325 327
327 324
324 215
215 34
34 326
326 323
143 331
331 90
90 233
233 281
281 305
305 291
291 261
261 329
329 330
330 201
201 35
35 216
216 54
54 324
324 68
68 328
332 337
337 190
190 335
335 313
313 36
36 262
262 128
128 217
217 249
249 333
333 79
79 334
334 282
282 234
234 336
336 202
202 112
112 12
12 304
338 306
306 91
91 235
235 283
283 292
292 263
263 329
329 339
339 203
203 37
37 218
218 55
55 340
340 325
325 69
69 184
184 113
113 0
341 92
92 345
345 191
191 38
38 219
219 314
314 344
344 80
80 264
264 129
129 346
346 13
13 298
298 114
114 343
343 138
138 342
342 236
236 274
347 265
265 39
39 130
130 220
220 350
350 333
333 81
81 250
250 348
348 14
14 237
237 115
115 299
299 349
349 277
277 195
323 351
226 342
342 139
139 353
353 300
300 116
116 15
15 348
348 251
251 334
334 354
354 221
221 40
40 131
131 266
266 185
185 192
192 352
355 100
100 267
267 315
315 356
356 358
358 343
343 353
353 238
238 349
349 278
278 123
123 252
252 357
357 204
204 56
56 156
156 70
70 297
360 361
361 316
316 170
170 239
239 284
284 293
293 362
362 363
363 268
268 307
307 359
98 356
356 117
117 301
301 16
16 132
132 269
269 82
82 344
344 222
222 317
317 368
368 41
41 335
335 366
366 193
193 253
253 93
93 367
367 365
365 364
364 369
369 370
370 140
243 371
371 364
364 372
372 94
94 157
157 361
361 164
243 374
374 365
365 375
375 95
95 373
376 377
377 336
336 17
17 118
118 302
302 357
357 205
205 254
254 62
174 318
318 378
378 171
171 158
158 240
240 285
285 294
294 379
379 362
362 270
270 308
308 339
339 330
330 206
206 57
57 326
326 21
380 345
345 337
337 194
194 366
366 319
319 42
42 271
271 133
133 255
255 223
223 350
350 354
354 286
286 241
241 377
377 207
207 119
119 18
18 309
309 159
159 58
58 71
71 297
381 383
383 371
371 374
374 367
367 96
96 382
382 320
320 378
378 187
384 43
43 368
368 321
321 224
224 83
83 272
272 134
134 346
346 19
19 303
303 120
120 358
358 135
385 386
386 369
369 331
331 160
160 372
372 375
375 97
97 382
382 174
387 59
59 72
72 161
161 297
243 383
383 386
386 370
370 310
310 142
142 287
287 295
295 351
373 162
162 322
322 172
172 242
242 288
288 296
296 379
379 363
363 273
273 311
311 44
44 225
225 208
208 60
60 340
340 327
327 388
516
0 1.600000000000000 3.000000000000000
1 1.800000000000000 2.900000000000000
2 1.800000000000000 2.900000000000000
3 1.900000000000000 2.800000000000000
4 2.000000000000000 2.800000000000000
5 2.000000000000000 2.400000000000000
6 2.000000000000000 2.500000000000000
7 2.000000000000000 2.100000000000000
8 2.100000000000000 2.900000000000000
9 2.200000000000000 2.700000000000000
10 2.200000000000000 2.300000000000000
11 2.300000000000000 2.800000000000000
12 2.300000000000000 3.000000000000000
13 2.300000000000000 3.000000000000000
14 2.300000000000000 2.300000000000000
15 2.400000000000000 3.000000000000000
16 2.400000000000000 3.300000000000000
17 2.500000000000000 1.500000000000000
18 2.500000000000000 4.600000000000000
19 2.600000000000000 1.900000000000000
20 2.600000000000000 3.500000000000000
21 2.600000000000000 2.100000000000000
22 2.600000000000000 2.200000000000000
23 2.600000000000000 5.400000000000000
24 2.700000000000000 3.300000000000000
25 2.700000000000000 2.000000000000000
26 2.700000000000000 7.600000000000000
27 2.700000000000000 3.600000000000000
28 2.800000000000000 4.500000000000000
29 2.800000000000000 5.600000000000000
30 2.800000000000000 1.700000000000000
31 2.800000000000000 7.100000000000000
32 2.800000000000000 5.300000000000000
33 2.800000000000000 3.900000000000000
34 2.800000000000000 7.400000000000000
35 2.800000000000000 4.200000000000000
36 2.800000000000000 5.000000000000000
37 2.800000000000000 1.700000000000000
38 2.900000000000000 0.600000000000000
39 2.900000000000000 3.500000000000000
40 2.900000000000000 1.800000000000000
41 2.900000000000000 3.900000000000000
42 2.900000000000000 3.300000000000000
43 2.900000000000000 5.000000000000000
44 2.900000000000000 0.800000000000000
45 2.900000000000000 2.700000000000000
46 3.000000000000000 7.500000000000000
47 3.000000000000000 6.900000000000000
48 3.000000000000000 5.500000000000000
49 3.000000000000000 4.300000000000000
50 3.000000000000000 0.300000000000000
51 3.000000000000000 1.400000000000000
52 3.000000000000000 1.000000000000000
53 3.000000000000000 5.200000000000000
54 3.100000000000000 5.400000000000000
55 3.100000000000000 2.800000000000000
56 3.100000000000000 7.800000000000000
57 3.100000000000000 3.200000000000000
58 3.200000000000000 4.400000000000000
59 3.200000000000000 6.000000000000000
60 3.200000000000000 3.300000000000000
61 3.200000000000000 7.300000000000000
62 3.200000000000000 1.400000000000000
63 3.200000000000000 4.400000000000000
64 3.300000000000000 5.900000000000000
65 3.300000000000000 5.200000000000000
66 3.300000000000000 7.200000000000000
67 3.300000000000000 5.300000000000000
68 3.300000000000000 7.500000000000000
69 3.400000000000000 7.200000000000000
70 3.500000000000000 7.000000000000000
71 3.500000000000000 5.200000000000000
72 3.500000000000000 5.300000000000000
73 3.600000000000000 3.300000000000000
74 3.600000000000000 7.800000000000000
75 3.600000000000000 5.000000000000000
76 3.600000000000000 6.800000000000000
77 3.600000000000000 6.900000000000000
78 3.600000000000000 7.600000000000000
79 3.600000000000000 3.400000000000000
80 3.700000000000000 3.400000000000000
81 3.700000000000000 3.300000000000000
82 3.700000000000000 4.000000000000000
83 3.700000000000000 6.700000000000000
84 3.700000000000000 5.700000000000000
85 3.700000000000000 7.300000000000000
86 3.800000000000000 3.900000000000000
87 3.800000000000000 4.700000000000000
88 3.800000000000000 3.300000000000000
89 3.900000000000000 3.000000000000000
90 3.900000000000000 3.400000000000000
91 3.900000000000000 6.900000000000000
92 4.000000000000000 4.500000000000000
93 4.000000000000000 8.000000000000000
94 4.100000000000000 5.700000000000000
95 4.100000000000000 6.900000000000000
96 4.100000000000000 3.600000000000000
97 4.100000000000000 6.200000000000000
98 4.100000000000000 3.600000000000000
99 4.200000000000000 5.900000000000000
100 4.200000000000000 6.000000000000000
101 4.200000000000000 4.800000000000000
102 4.200000000000000 8.000000000000000
103 4.200000000000000 4.200000000000000
104 4.200000000000000 3.800000000000000
105 4.200000000000000 6.100000000000000
106 4.300000000000000 5.400000000000000
107 4.300000000000000 6.000000000000000
108 4.300000000000000 3.700000000000000
109 4.400000000000000 3.700000000000000
110 4.400000000000000 4.500000000000000
111 4.400000000000000 3.100000000000000
112 4.400000000000000 4.400000000000000
113 4.400000000000000 4.400000000000000
114 4.400000000000000 5.000000000000000
115 4.500000000000000 7.500000000000000
116 4.500000000000000 3.300000000000000
117 4.500000000000000 2.400000000000000
118 4.500000000000000 8.400000000000000
119 4.500000000000000 8.100000000000000
120 4.500000000000000 5.000000000000000
121 4.500000000000000 7.100000000000000
122 4.500000000000000 6.100000000000000
123 4.500000000000000 8.199999999999999
124 4.500000000000000 3.600000000000000
125 4.500000000000000 4.200000000000000
126 4.500000000000000 5.700000000000000
127 4.500000000000000 5.100000000000000
128 4.600000000000000 7.300000000000000
129 4.600000000000000 2.100000000000000
130 4.600000000000000 2.100000000000000
131 4.600000000000000 6.300000000000000
132 4.600000000000000 5.000000000000000
133 4.600000000000000 3.900000000000000
134 4.600000000000000 4.400000000000000
135 4.600000000000000 7.500000000000000
136 4.600000000000000 2.800000000000000
137 4.600000000000000 7.500000000000000
138 4.700000000000000 4.300000000000000
139 4.700000000000000 4.600000000000000
140 4.700000000000000 2.900000000000000
141 4.700000000000000 4.000000000000000
142 4.700000000000000 9.199999999999999
143 4.700000000000000 4.000000000000000
144 4.800000000000000 3.000000000000000
145 4.800000000000000 6.600000000000000
146 4.800000000000000 4.800000000000000
147 4.800000000000000 6.300000000000000
148 4.800000000000000 4.300000000000000
149 4.800000000000000 8.300000000000001
150 4.800000000000000 8.699999999999999
151 4.800000000000000 5.000000000000000
152 4.900000000000000 8.400000000000000
153 4.900000000000000 9.100000000000000
154 4.900000000000000 8.900000000000000
155 4.900000000000000 2.200000000000000
156 4.900000000000000 5.500000000000000
157 4.900000000000000 7.700000000000000
158 4.900000000000000 7.700000000000000
159 4.900000000000000 5.100000000000000
160 4.900000000000000 7.700000000000000
161 5.000000000000000 2.800000000000000
162 5.000000000000000 4.100000000000000
163 5.000000000000000 8.300000000000001
164 5.000000000000000 6.100000000000000
165 5.000000000000000 3.600000000000000
166 5.100000000000000 4.600000000000000
167 5.100000000000000 5.400000000000000
168 5.100000000000000 2.800000000000000
169 5.100000000000000 4.500000000000000
170 5.100000000000000 5.100000000000000
171 5.100000000000000 6.900000000000000
172 5.100000000000000 5.500000000000000
173 5.100000000000000 4.600000000000000
174 5.100000000000000 8.300000000000001
175 5.100000000000000 4.000000000000000
176 5.100000000000000 6.600000000000000
177 5.200000000000000 6.100000000000000
178 5.200000000000000 6.500000000000000
179 5.200000000000000 2.300000000000000
180 5.200000000000000 6.800000000000000
181 5.200000000000000 3.300000000000000
182 5.300000000000000 3.000000000000000
183 5.300000000000000 6.300000000000000
184 5.300000000000000 2.200000000000000
185 5.300000000000000 6.200000000000000
186 5.300000000000000 7.500000000000000
187 5.300000000000000 2.100000000000000
188 5.300000000000000 4.100000000000000
189 5.300000000000000 6.600000000000000
190 5.400000000000000 7.400000000000000
191 5.400000000000000 7.300000000000000
192 5.400000000000000 7.500000000000000
193 5.400000000000000 2.500000000000000
194 5.400000000000000 5.100000000000000
195 5.400000000000000 4.400000000000000
196 5.500000000000000 4.900000000000000
197 5.500000000000000 5.400000000000000
198 5.500000000000000 6.600000000000000
199 5.500000000000000 8.400000000000000
200 5.500000000000000 6.600000000000000
201 5.600000000000000 6.300000000000000
202 5.600000000000000 2.500000000000000
203 5.600000000000000 7.600000000000000
204 5.600000000000000 8.400000000000000
205 5.600000000000000 5.900000000000000
206 5.600000000000000 3.300000000000000
207 5.600000000000000 5.300000000000000
208 5.700000000000000 2.800000000000000
209 5.700000000000000 7.200000000000000
210 5.700000000000000 7.300000000000000
211 5.700000000000000 6.900000000000000
212 5.700000000000000 6.800000000000000
213 5.700000000000000 1.800000000000000
214 5.700000000000000 6.400000000000000
215 5.700000000000000 3.400000000000000
216 5.800000000000000 2.200000000000000
217 5.800000000000000 6.500000000000000
218 5.800000000000000 7.100000000000000
219 5.800000000000000 8.500000000000000
220 5.800000000000000 1.800000000000000
221 5.800000000000000 1.500000000000000
222 5.800000000000000 8.500000000000000
223 5.800000000000000 3.500000000000000
224 5.900000000000000 8.500000000000000
225 5.900000000000000 6.400000000000000
226 5.900000000000000 4.300000000000000
227 5.900000000000000 5.800000000000000
228 5.900000000000000 5.100000000000000
229 5.900000000000000 2.600000000000000
230 5.900000000000000 1.400000000000000
231 5.900000000000000 3.900000000000000
232 6.000000000000000 2.500000000000000
233 6.000000000000000 8.000000000000000
234 6.000000000000000 8.400000000000000
235 6.000000000000000 1.800000000000000
236 6.000000000000000 6.300000000000000
237 6.000000000000000 7.100000000000000
238 6.000000000000000 6.100000000000000
239 6.100000000000000 8.600000000000000
240 6.100000000000000 6.300000000000000
241 6.100000000000000 0.900000000000000
242 6.100000000000000 4.600000000000000
243 6.100000000000000 4.500000000000000
244 6.100000000000000 3.400000000000000
245 6.100000000000000 7.000000000000000
246 6.100000000000000 8.699999999999999
247 6.200000000000000 6.800000000000000
248 6.200000000000000 5.100000000000000
249 6.200000000000000 3.800000000000000
250 6.200000000000000 8.100000000000000
251 6.300000000000000 3.800000000000000
252 6.300000000000000 6.600000000000000
253 6.300000000000000 2.100000000000000
254 6.400000000000000 5.700000000000000
255 6.400000000000000 3.400000000000000
256 6.400000000000000 7.900000000000000
257 6.400000000000000 7.100000000000000
258 6.400000000000000 3.500000000000000
259 6.400000000000000 0.800000000000000
260 6.400000000000000 1.700000000000000
261 6.400000000000000 2.300000000000000
262 6.400000000000000 8.100000000000000
263 6.400000000000000 1.400000000000000
264 6.400000000000000 3.500000000000000
265 6.400000000000000 7.300000000000000
266 6.400000000000000 6.400000000000000
267 6.400000000000000 6.700000000000000
268 6.500000000000000 0.600000000000000
269 6.500000000000000 5.600000000000000
270 6.500000000000000 8.600000000000000
271 6.500000000000000 7.700000000000000
272 6.500000000000000 0.800000000000000
273 6.500000000000000 3.400000000000000
274 6.500000000000000 6.000000000000000
275 6.500000000000000 4.800000000000000
276 6.500000000000000 0.500000000000000
277 6.500000000000000 6.600000000000000
278 6.600000000000000 3.100000000000000
279 6.600000000000000 4.500000000000000
280 6.600000000000000 4.700000000000000
281 6.600000000000000 5.500000000000000
282 6.600000000000000 6.500000000000000
283 6.600000000000000 3.100000000000000
284 6.600000000000000 8.400000000000000
285 6.600000000000000 2.900000000000000
286 6.600000000000000 3.800000000000000
287 6.600000000000000 7.800000000000000
288 6.700000000000000 4.600000000000000
289 6.700000000000000 3.500000000000000
290 6.700000000000000 3.200000000000000
291 6.700000000000000 1.800000000000000
292 6.700000000000000 1.800000000000000
293 6.700000000000000 1.700000000000000
294 6.700000000000000 2.400000000000000
295 6.700000000000000 6.400000000000000
296 6.700000000000000 6.300000000000000
297 6.700000000000000 7.800000000000000
298 6.700000000000000 8.800000000000001
299 6.700000000000000 3.400000000000000
300 6.800000000000000 7.100000000000000
301 6.800000000000000 6.400000000000000
302 6.800000000000000 1.800000000000000
303 6.800000000000000 4.300000000000000
304 6.800000000000000 6.700000000000000
305 6.800000000000000 8.000000000000000
306 6.800000000000000 2.700000000000000
307 6.800000000000000 6.000000000000000
308 6.800000000000000 6.100000000000000
309 6.800000000000000 1.400000000000000
310 6.800000000000000 3.100000000000000
311 6.800000000000000 8.300000000000001
312 6.800000000000000 5.100000000000000
313 6.800000000000000 7.600000000000000
314 6.900000000000000 1.500000000000000
315 6.900000000000000 5.400000000000000
316 6.900000000000000 3.800000000000000
317 6.900000000000000 8.300000000000001
318 6.900000000000000 5.700000000000000
319 6.900000000000000 7.800000000000000
320 6.900000000000000 3.300000000000000
321 6.900000000000000 2.500000000000000
322 6.900000000000000 1.500000000000000
323 6.900000000000000 2.900000000000000
324 6.900000000000000 7.700000000000000
325 6.900000000000000 5.000000000000000
326 7.000000000000000 6.000000000000000
327 7.000000000000000 3.300000000000000
328 7.000000000000000 8.300000000000001
329 7.000000000000000 6.000000000000000
330 7.000000000000000 3.400000000000000
331 7.000000000000000 5.500000000000000
332 7.000000000000000 2.100000000000000
333 7.100000000000000 0.900000000000000
334 7.100000000000000 1.600000000000000
335 7.100000000000000 4.300000000000000
336 7.100000000000000 6.100000000000000
337 7.100000000000000 1.800000000000000
338 7.100000000000000 2.600000000000000
339 7.200000000000000 5.900000000000000
340 7.200000000000000 2.100000000000000
341 7.200000000000000 5.300000000000000
342 7.200000000000000 1.800000000000000
343 7.200000000000000 2.400000000000000
344 7.200000000000000 8.400000000000000
345 7.200000000000000 8.400000000000000
346 7.200000000000000 8.500000000000000
347 7.300000000000000 6.400000000000000
348 7.300000000000000 5.600000000000000
349 7.300000000000000 7.600000000000000
350 7.300000000000000 9.000000000000000
351 7.300000000000000 1.900000000000000
352 7.300000000000000 6.200000000000000
353 7.400000000000000 7.500000000000000
354 7.400000000000000 5.500000000000000
355 7.400000000000000 7.700000000000000
356 7.400000000000000 9.000000000000000
357 7.400000000000000 1.900000000000000
358 7.400000000000000 8.500000000000000
359 7.400000000000000 4.100000000000000
360 7.400000000000000 5.200000000000000
361 7.400000000000000 3.600000000000000
362 7.500000000000000 2.800000000000000
363 7.500000000000000 8.900000000000000
364 7.500000000000000 2.700000000000000
365 7.500000000000000 6.800000000000000
366 7.500000000000000 6.900000000000000
367 7.500000000000000 8.100000000000000
368 7.600000000000000 7.600000000000000
369 7.600000000000000 8.900000000000000
370 7.600000000000000 3.800000000000000
371 7.600000000000000 4.700000000000000
372 7.600000000000000 3.600000000000000
373 7.600000000000000 5.900000000000000
374 7.600000000000000 4.100000000000000
375 7.600000000000000 2.400000000000000
376 7.600000000000000 4.200000000000000
377 7.600000000000000 8.199999999999999
378 7.600000000000000 2.000000000000000
379 7.600000000000000 3.100000000000000
380 7.700000000000000 2.200000000000000
381 7.700000000000000 4.700000000000000
382 7.700000000000000 3.600000000000000
383 7.700000000000000 8.199999999999999
384 7.800000000000000 2.200000000000000
385 7.800000000000000 4.000000000000000
386 7.800000000000000 2.700000000000000
387 7.800000000000000 8.600000000000000
388 7.800000000000000 2.400000000000000
389 7.800000000000000 5.400000000000000
390 7.800000000000000 4.800000000000000
391 7.900000000000000 3.200000000000000
392 7.900000000000000 3.200000000000000
393 7.900000000000000 5.500000000000000
394 7.900000000000000 5.900000000000000
395 7.900000000000000 3.700000000000000
396 7.900000000000000 8.900000000000000
397 7.900000000000000 5.600000000000000
398 7.900000000000000 7.700000000000000
399 8.000000000000000 8.800000000000001
400 8.000000000000000 8.699999999999999
401 8.000000000000000 2.500000000000000
402 8.000000000000000 7.300000000000000
403 8.000000000000000 4.300000000000000
404 8.000000000000000 6.300000000000000
405 8.000000000000000 3.700000000000000
406 8.000000000000000 2.700000000000000
407 8.000000000000000 7.800000000000000
408 8.100000000000000 2.600000000000000
409 8.100000000000000 3.200000000000000
410 8.100000000000000 3.500000000000000
411 8.100000000000000 2.900000000000000
412 8.199999999999999 5.200000000000000
413 8.300000000000001 7.500000000000000
414 8.300000000000001 3.800000000000000
415 8.300000000000001 7.200000000000000
416 8.300000000000001 3.600000000000000
417 8.300000000000001 4.100000000000000
418 8.400000000000000 7.000000000000000
419 8.400000000000000 9.100000000000000
420 8.400000000000000 3.100000000000000
421 8.400000000000000 2.700000000000000
422 8.400000000000000 8.600000000000000
423 8.400000000000000 7.600000000000000
424 8.400000000000000 6.200000000000000
425 8.500000000000000 3.600000000000000
426 8.500000000000000 7.200000000000000
427 8.500000000000000 3.200000000000000
428 8.500000000000000 2.900000000000000
429 8.600000000000000 7.000000000000000
430 8.600000000000000 3.700000000000000
431 8.600000000000000 3.500000000000000
432 8.600000000000000 3.000000000000000
433 8.600000000000000 5.200000000000000
434 8.600000000000000 4.100000000000000
435 8.600000000000000 9.100000000000000
436 8.600000000000000 4.700000000000000
437 8.600000000000000 4.000000000000000
438 8.699999999999999 8.300000000000001
439 8.699999999999999 7.700000000000000
440 8.699999999999999 5.100000000000000
441 8.699999999999999 5.200000000000000
442 8.699999999999999 8.000000000000000
443 8.699999999999999 9.199999999999999
444 8.699999999999999 8.800000000000001
445 8.699999999999999 6.200000000000000
446 8.699999999999999 4.300000000000000
447 8.800000000000001 4.700000000000000
448 8.800000000000001 8.300000000000001
449 8.800000000000001 9.100000000000000
450 8.800000000000001 8.800000000000001
451 8.800000000000001 3.400000000000000
452 8.800000000000001 5.300000000000000
453 8.800000000000001 7.700000000000000
454 8.800000000000001 7.900000000000000
455 8.900000000000000 6.100000000000000
456 8.900000000000000 5.300000000000000
457 8.900000000000000 8.000000000000000
458 8.900000000000000 7.400000000000000
459 8.900000000000000 9.300000000000001
460 8.900000000000000 9.400000000000000
461 8.900000000000000 6.500000000000000
462 9.000000000000000 8.699999999999999
463 9.000000000000000 5.900000000000000
464 9.100000000000000 9.199999999999999
465 9.100000000000000 5.500000000000000
466 9.100000000000000 4.700000000000000
467 9.100000000000000 9.500000000000000
468 9.199999999999999 5.200000000000000
469 9.199999999999999 6.900000000000000
470 9.199999999999999 6.100000000000000
471 9.199999999999999 6.500000000000000
472 9.199999999999999 7.500000000000000
473 9.199999999999999 6.900000000000000
474 9.199999999999999 8.100000000000000
475 9.199999999999999 4.200000000000000
476 9.199999999999999 5.100000000000000
477 9.199999999999999 7.400000000000000
478 9.199999999999999 7.200000000000000
479 9.199999999999999 9.300000000000001
480 9.300000000000001 4.800000000000000
481 9.300000000000001 8.100000000000000
482 9.300000000000001 7.900000000000000
483 9.300000000000001 4.400000000000000
484 9.300000000000001 9.300000000000001
485 9.300000000000001 7.500000000000000
486 9.400000000000000 8.699999999999999
487 9.400000000000000 8.600000000000000
488 9.400000000000000 7.800000000000000
489 9.400000000000000 9.000000000000000
490 9.400000000000000 7.600000000000000
491 9.400000000000000 9.199999999999999
492 9.400000000000000 5.300000000000000
493 9.400000000000000 9.600000000000000
494 9.500000000000000 4.800000000000000
495 9.500000000000000 9.000000000000000
496 9.500000000000000 8.600000000000000
497 9.500000000000000 4.900000000000000
498 9.500000000000000 8.900000000000000
499 9.600000000000000 6.400000000000000
500 9.600000000000000 8.500000000000000
501 9.600000000000000 8.100000000000000
502 9.600000000000000 8.900000000000000
503 9.600000000000000 4.200000000000000
504 9.600000000000000 4.400000000000000
505 9.600000000000000 4.400000000000000
506 9.600000000000000 5.300000000000000
507 9.699999999999999 8.000000000000000
508 9.699999999999999 8.199999999999999
509 9.699999999999999 7.400000000000000
510 9.699999999999999 8.500000000000000
511 9.699999999999999 5.800000000000000
512 9.699999999999999 7.000000000000000
513 9.699999999999999 7.900000000000000
514 9.800000000000001 9.400000000000000
515 9.800000000000001 9.600000000000000
