46
0 1.646000000000000 8.089000000000000
1 4.689000000000000 2.161000000000000
2 3.074793466348455 5.305599517412540
3 2.237887613521695 6.935957024989612
4 4.639708289676983 2.257024074530017
5 2.410401351943294 6.599886883233701
6 2.781760611718353 5.876450244408019
7 4.131303934632598 3.247435187478789
8 8.266999999999999 0.476000000000000
9 9.994000000000000 3.081000000000000
10 8.738381454613222 1.187029930091167
11 9.427000000000000 5.666000000000000
12 8.167000000000000 7.143000000000000
13 1.895000000000000 6.403000000000000
14 2.224230846272459 6.096761577863015
15 8.102534533300572 0.628979727107268
16 8.093125824135138 0.637731362264757
17 3.675356450374200 4.746977921944776
18 0.286000000000000 9.031000000000001
19 2.443000000000000 1.840000000000000
20 2.218000000000000 6.218000000000000
21 2.308742391656240 4.452354708128818
22 2.749000000000000 0.011000000000000
23 1.417000000000000 0.443000000000000
24 8.098000000000001 0.625000000000000
25 9.561000000000000 1.909000000000000
26 8.120353245753655 0.644618296341553
27 7.281000000000000 9.558999999999999
28 0.175000000000000 5.863000000000000
29 4.065839447591505 7.886718350450071
30 2.520815235345293 7.083114425814271
31 1.093039488370691 6.340494223053486
32 2.029337659923629 6.827485222498978
33 5.482000000000000 7.458000000000000
34 5.021593248005273 7.597380258061530
35 5.514000000000000 2.423000000000000
36 5.408608299238924 2.402992392854540
37 8.067004673002923 0.705959888903299
38 2.808737357799013 6.752053994121147
39 2.128000000000000 3.205000000000000
40 2.301998581593641 2.310070097246236
41 2.403776597200055 1.786593475914695
42 2.023374765831996 4.641015016606337
43 6.230000000000000 8.058999999999999
44 2.256053373153995 6.540924887184087
45 1.498782319097760 4.987830015469638
72
0 3
3 5
5 6
6 2
2 7
7 4
4 1
8 10
10 9
12 11
13 14
14 2
2 17
17 16
16 15
15 8
18 0
20 14
14 21
21 19
23 22
24 15
15 26
26 10
10 25
28 31
31 32
32 3
3 30
30 29
29 27
18 29
29 34
34 33
19 4
4 36
36 35
0 30
30 38
38 37
37 26
26 8
33 37
37 16
16 24
39 40
40 41
41 22
13 42
42 39
13 44
44 5
5 38
38 34
34 43
18 31
31 45
45 40
40 19
23 41
41 19
18 32
32 44
44 6
6 17
17 35
28 45
45 42
42 21
21 7
7 36
36 24
37
0 0.700000000000000 5.900000000000000
1 0.800000000000000 6.100000000000000
2 0.900000000000000 6.800000000000000
3 1.000000000000000 7.800000000000000
4 1.600000000000000 6.800000000000000
5 1.600000000000000 7.500000000000000
6 1.800000000000000 1.400000000000000
7 1.800000000000000 4.100000000000000
8 2.000000000000000 2.100000000000000
9 2.100000000000000 5.600000000000000
10 2.200000000000000 7.500000000000000
11 2.200000000000000 7.800000000000000
12 2.300000000000000 0.200000000000000
13 2.300000000000000 0.600000000000000
14 2.500000000000000 2.600000000000000
15 2.800000000000000 2.000000000000000
16 2.800000000000000 6.400000000000000
17 2.900000000000000 5.900000000000000
18 3.000000000000000 5.900000000000000
19 3.300000000000000 3.500000000000000
20 3.300000000000000 6.600000000000000
21 3.400000000000000 5.600000000000000
22 3.600000000000000 7.500000000000000
23 4.100000000000000 7.500000000000000
24 4.100000000000000 7.000000000000000
25 4.200000000000000 5.000000000000000
26 4.200000000000000 2.500000000000000
27 4.300000000000000 3.900000000000000
28 4.400000000000000 2.600000000000000
29 4.500000000000000 4.200000000000000
30 4.700000000000000 4.200000000000000
31 5.000000000000000 6.300000000000000
32 5.200000000000000 2.800000000000000
33 5.500000000000000 2.900000000000000
34 6.000000000000000 3.900000000000000
35 6.000000000000000 3.900000000000000
36 7.200000000000000 2.600000000000000
