325
0 3.950000000000000 8.390000000000001
1 3.140000000000000 1.900000000000000
2 3.308942598936359 3.253626502588854
3 3.732976898404825 6.651135889688046
4 3.719637381422079 6.544255068431228
5 3.349967332429413 3.582330848724560
6 3.784492380215133 7.063895737773105
7 3.556151176075085 5.234347077441114
8 3.703766718730843 6.417093832794034
9 3.491887440275447 4.719443811589692
10 3.529609557399036 5.021686453728082
11 3.588571981424149 5.494113777089782
12 3.740186830188351 6.708904355459753
13 3.172020025721110 2.156555514728399
14 3.728859158083296 6.618143130815545
15 3.568037295917892 5.329582778403853
16 3.598947998182784 5.577250010131193
17 3.633422859870974 5.853474519213113
18 3.602538773282772 5.606020541487894
19 3.305767441860465 3.228186046511627
20 3.422717942004320 4.165233880997577
21 3.413064964668338 4.087890889750019
22 4.260000000000000 9.279999999999999
23 1.590000000000000 4.720000000000000
24 2.157501793257352 5.689216545787837
25 3.054219546369549 7.220689562339006
26 2.926242774132521 7.002122490653294
27 3.177410179054187 7.431082552991420
28 2.966340696179280 7.070604335047758
29 2.523337377659144 6.314014397799887
30 2.780240227573692 6.752769826867429
31 2.192204221440474 5.748483614145528
32 2.539728596101653 6.342008388847766
33 2.584267145544724 6.418074226098854
34 3.180850623676447 7.436958368526067
35 2.735729061553986 6.676750756811302
36 2.923175184091010 6.996883460470039
37 2.426281842380218 6.148256629683068
38 2.219653788258906 5.795363773206221
39 2.154556994987305 5.684187227394050
40 3.033431165540541 7.185185810810811
41 4.450000000000000 0.840000000000000
42 1.500000000000000 7.080000000000000
43 2.817398941456537 4.293366306885155
44 2.752657906228909 4.430310055976816
45 3.821112879215646 2.170256147015041
46 2.091960695823419 5.827852629851480
47 2.816241180243746 4.295815266196280
48 4.203976306609083 1.360402659918415
49 3.015597802436901 3.874125326370757
50 3.656370734621169 2.518727666428442
51 1.805114609162829 6.434605030109812
52 3.176302729528535 3.534193548387099
53 4.356378648487656 1.038032960487129
54 2.152512395594157 5.699770390336428
55 2.640000000000000 7.130000000000000
56 2.670000000000000 7.150000000000000
57 2.120000000000000 4.420000000000000
58 1.810000000000000 4.370000000000000
59 4.620000000000000 7.180000000000000
60 4.840000000000000 9.520000000000000
61 2.340000000000000 7.820000000000000
62 9.550000000000001 1.770000000000000
63 4.170279625334378 6.284189773471153
64 2.867920758764274 7.377015174684625
65 7.333610814458173 3.629799524622476
66 4.247355307839953 6.219514616861066
67 4.548167903996745 5.967099054205228
68 5.018723539672811 5.572250011786338
69 7.469298610523261 3.515942220018623
70 3.878164523360075 6.529307161396886
71 6.301020645994424 4.496258681239075
72 3.827627047863797 6.571713780918728
73 4.455951781929673 6.044478740544450
74 5.201827635510519 5.418605104738054
75 5.139708894459668 5.470729707145495
76 6.655916838763369 4.198460905059863
77 5.846895177682421 4.877320967409342
78 5.054549160383946 5.542188291217355
79 3.040601191797429 7.232116891764987
80 9.220000000000001 3.370000000000000
81 3.002466506141281 6.958133833097093
82 6.869282528624999 4.726597258289695
83 4.341888367644970 6.185154499282751
84 4.565240881036651 6.056257934302513
85 5.467319150061485 5.535669253857647
86 8.167944978990072 3.977140149529394
87 3.983801167570554 6.391806349096688
88 6.722414272811270 4.811354816606626
89 2.988674551883919 6.966093159370807
90 7.459733965232283 4.385848184949920
91 4.465933126986197 6.113568363357584
92 5.285569109179464 5.640557063710173
93 5.926094300879472 5.270910464530626
94 7.465660188935234 4.382428165774781
95 6.230616686723464 5.095170828119894
96 8.762985059032495 3.633742973565981
97 5.212908729759169 5.682489313207686
98 2.999044389882692 6.960108733777622
99 2.760000000000000 4.370000000000000
100 4.640000000000000 1.860000000000000
101 3.940528165840468 2.793869310500225
102 2.816390106998772 4.294713208209086
103 3.058938316979300 3.970885544884019
104 3.970613597147129 2.753702059128035
105 4.410848167082702 2.165942074799158
106 2.904071462153267 4.177649271274095
107 3.760321975120104 3.034463745983265
108 2.840000000000000 0.460000000000000
109 2.030000000000000 3.920000000000000
110 2.375360201288955 2.444757658691622
111 2.551459150435418 1.692532517893151
112 7.460000000000000 4.350000000000000
113 8.699999999999999 3.430000000000000
114 8.059255639097744 3.905390977443608
115 5.560000000000000 5.990000000000000
116 3.080000000000000 7.490000000000000
117 4.657124404121174 6.536094110410580
118 3.192269570826850 7.422095017645050
119 4.537433871291770 6.608487577847720
120 5.443905465547103 6.060218468419091
121 2.610000000000000 8.180000000000000
122 3.106522823646794 6.634175248547910
123 4.089744566288003 3.573110512837350
124 3.799862342555815 4.475600982781894
125 3.584847205554603 5.145007714726556
126 3.424115533195580 5.645413709460066
127 4.278897483936966 2.984220641142056
128 3.001908122142755 6.959872250274773
129 3.505762015604629 5.391223675556030
130 3.406453691906502 5.700400328645765
131 4.096069552144933 3.553418931253211
132 3.332745477397579 5.929876149185861
133 4.397598351202427 2.614669172611165
134 3.407957141965289 5.695719636837130
135 3.811119706972372 4.440553424598329
136 2.999942971068249 6.965990356083085
137 8.430000000000000 1.040000000000000
138 6.599139357586602 5.364707032775936
139 7.400921308651048 3.470804262573568
140 6.806714545087754 4.874390155335889
141 7.590143426969008 3.023839481699948
142 5.849543779153112 7.135339485454487
143 6.724762637148396 5.067970149577047
144 6.140675903515147 6.447651347685668
145 7.198820093293558 3.948190977401289
146 6.619725820106020 5.316079399860988
147 2.455556835195209 6.870783139467926
148 2.634850586862214 5.398013036488956
149 2.501386603995300 6.494324324324324
150 2.550486955175350 6.091000011059623
151 2.734672586015538 4.578046614872365
152 7.520000000000000 5.030000000000000
153 1.990000000000000 7.040000000000000
154 4.573783093525179 6.100867266187050
155 2.468929379111842 6.865922594572369
156 4.065340124876766 6.285672034176800
157 2.722243030206846 6.773850182510713
158 7.180060255094560 5.153558569124762
159 5.700182661641058 5.691452594955059
160 6.124972928446326 5.537053239389310
161 7.454777688444239 5.053706482138712
162 4.469570475056527 6.138745632031895
163 5.352457516201055 5.817840938957664
164 6.663910725821738 5.341164455894812
165 5.361834778524001 5.814432566937931
166 2.957523020915126 6.688332500535370
167 4.970000000000000 8.170000000000000
168 3.800000000000000 2.060000000000000
169 4.201645880015220 4.157484040079483
170 4.480955763351915 5.616102319726668
171 4.327431259044863 4.814363241678727
172 4.500666182711637 5.719034509716328
173 3.926523489932886 2.720733780760626
174 4.594879879879880 6.211039372706040
175 4.289369875493470 4.615598238688127
176 4.378067998300042 5.078799546678001
177 4.127088866189990 3.768130745658841
178 4.484975885581241 5.637096291368701
179 4.331949971574758 4.837960962668184
180 4.407930387025606 5.234747576689277
181 3.898180540371700 2.572720599718881
182 4.346716115981119 4.915073050123624
183 4.590000000000000 3.850000000000000
184 0.220000000000000 7.310000000000000
185 2.671182907403560 5.369246485213657
186 3.419796586310047 4.776522611296850
187 4.185217697638306 4.170491250840151
188 4.355643063383854 4.035554920066788
189 0.657399219333939 6.963683913296240
190 2.263304658549496 5.692188988883007
191 3.184616893756468 4.962728958261469
192 2.140778669226311 5.789200412923790
193 3.826696976585588 4.454354338904775
194 3.820000000000000 5.670000000000000
195 6.150000000000000 5.480000000000000
196 4.586347657601550 5.607508130925195
197 4.395076171781491 5.623105376550007
198 5.252601538985549 5.553178415275857
199 4.608542303771659 5.605698267074414
200 4.308558253372742 5.630160485776472
201 5.082600879411650 5.567041130005059
202 2.906224046354418 3.629942056977306
203 2.521666666666667 6.475666666666665
204 3.111450685537373 2.111264927023441
205 2.575187363759039 6.079613508183108
206 2.798483754512636 4.427220216606498
207 8.960000000000001 4.500000000000000
208 6.461725678358703 2.850812375909993
209 6.622616061870536 2.957021060450484
210 6.228117332938772 2.696600330894221
211 7.150202024757053 3.305296761440930
212 4.430223753454738 1.509755549666199
213 7.743634741225462 3.697039927214193
214 4.250886148044858 1.391369287271442
215 2.100000000000000 1.830000000000000
216 3.696671584538212 5.394662142224846
217 3.636962983838359 5.261359219732150
218 3.738473398847848 5.487987123009150
219 3.759029850746269 5.533880597014926
220 3.024282428702852 3.893514259429622
221 3.312037947997189 4.535945186226282
222 2.533318663094783 2.797409108304631
223 2.430000000000000 6.560000000000000
224 7.288762886597942 2.089938144329894
225 2.799108280254776 6.220420382165606
226 5.403044511668107 3.824799049265342
227 3.268222743759334 5.788835075741412
228 4.284008926436599 4.854311787678329
229 4.807286472017053 4.372896445744312
230 3.031797144263909 6.006346627277203
231 4.332792391744233 4.809430999595305
232 3.330747986191023 5.731311852704258
233 4.864952600289218 4.319843607733919
234 4.281126870021371 4.856963279580338
235 2.875323916220164 6.150301997077448
236 8.710000000000001 0.240000000000000
237 5.754205269378225 4.087378714940476
238 3.855737008829278 6.558499696704186
239 5.586467386877745 4.305712942326346
240 4.423454458239629 5.819536328127434
241 5.046914362906867 5.008016386642537
242 4.582691705790298 5.612266861643448
243 5.127601987068139 4.902990200439177
244 5.359783557345949 4.600773533552978
245 4.805825171239630 5.321827563993006
246 2.820000000000000 6.070000000000000
247 2.675067310134620 7.113515367030734
248 0.970000000000000 0.510000000000000
249 9.850000000000000 7.150000000000000
250 7.950687515291710 5.729793367290199
251 5.223752552816902 3.690733890845071
252 5.834220701703305 4.147210074246616
253 7.452524725320390 5.357293263077410
254 3.981736394519049 2.762019105811541
255 6.979152354978993 5.003330139308617
256 7.663332203006668 5.514924079725708
257 4.384357919941701 3.063078444641092
258 6.189998389449102 4.413242038957438
259 3.618046854435378 2.490071071334563
260 3.867227329324184 2.676395210215381
261 2.131600406759963 1.378584087937631
262 2.666953713670613 1.778893317429378
263 4.487319470289607 6.261601958410870
264 5.364337619526620 5.849328469453298
265 5.388435893182949 5.838000221153315
266 2.999202569498284 6.961144091261491
267 7.445189493774425 6.345715713896210
268 6.147971907617144 7.926306073728624
269 7.744654575096801 5.980833503158753
270 7.759266425570619 5.963029743600849
271 4.254507358192591 4.650105619989338
272 4.733132639520894 4.176355978199183
273 4.339995421166604 4.565488403157675
274 3.015226294307860 5.876762428554360
275 2.868303381793278 6.022188673029744
276 4.156801930909639 4.746815745805909
277 5.652711977851471 6.613648118287748
278 5.832182320441989 6.204516574585636
279 2.860000000000000 6.050000000000000
280 4.321654625817352 5.114890613079482
281 4.938374398694164 4.720337454946036
282 4.323813701144461 5.113509321240913
283 3.428758782671536 5.686130405106999
284 5.235528147740808 4.530230123717391
285 4.467173021888777 5.021793642199706
286 7.420000000000000 9.740000000000000
287 7.456050827315111 4.882151019288783
288 7.449335266710340 5.787072810781767
289 3.980000000000000 2.750000000000000
290 4.400209173656970 5.658635373906835
291 4.323413438210282 5.127064892611792
292 4.343276159504059 5.264552166567157
293 4.284871247558926 4.860280666696944
294 6.870000000000000 9.840000000000000
295 4.610000000000000 3.850000000000000
296 5.214339193846461 5.451766270416063
297 5.025113930663371 4.950235594988314
298 5.345817421909372 5.800241750989882
299 7.548772190193504 4.858590672983618
300 4.307018256897139 5.682315033083514
301 6.350302392116348 5.163119883970436
302 5.010850151362259 5.503472502522705
303 0.280000000000000 3.920000000000000
304 7.940000000000000 7.100000000000000
305 7.739597973787891 5.951863391493125
306 4.300000000000000 5.920000000000000
307 4.319023655738804 5.275732192312484
308 4.330107526881720 4.900358422939068
309 2.100000000000000 9.650000000000000
310 6.740000000000000 6.920000000000000
311 0.340000000000000 7.110000000000000
312 8.670000000000000 3.270000000000000
313 1.984116668578639 6.352087874268671
314 5.549520146545692 4.708492513477136
315 2.895202952399074 5.932091316060931
316 4.604998553659242 5.143902227364768
317 1.490000000000000 7.520000000000000
318 2.104149532710281 6.068373831775700
319 4.830000000000000 4.300000000000000
320 4.520000000000000 0.490000000000000
321 3.438959950093574 4.110832938240798
322 0.110000000000000 4.000000000000000
323 2.100000000000000 6.100000000000000
324 3.280000000000000 3.970000000000000
583
1 13
13 19
19 2
2 5
5 21
21 20
20 9
9 10
10 7
7 15
15 11
11 16
16 18
18 17
17 8
8 4
4 14
14 3
3 12
12 6
6 0
23 39
39 24
24 31
31 38
38 37
37 29
29 32
32 33
33 35
35 30
30 36
36 26
26 28
28 40
40 25
25 27
27 34
34 22
42 51
51 46
46 54
54 24
24 44
44 47
47 43
43 49
49 52
52 2
2 50
50 45
45 48
48 53
53 41
55 56
58 57
59 60
61 64
64 79
79 25
25 3
3 72
72 70
70 63
63 66
66 73
73 67
67 68
68 78
78 75
75 74
74 77
77 71
71 76
76 65
65 69
69 62
56 26
26 89
89 98
98 81
81 4
4 87
87 63
63 83
83 91
91 84
84 97
97 92
92 85
85 93
93 95
95 88
88 82
82 90
90 94
94 86
86 96
96 80
99 102
102 43
43 106
106 103
103 5
5 107
107 101
101 104
104 105
105 100
109 110
110 111
111 108
112 114
114 113
116 27
27 118
118 6
6 119
119 117
117 120
120 115
121 64
64 28
28 136
136 128
128 81
81 122
122 132
132 130
130 134
134 126
126 129
129 7
7 125
125 124
124 135
135 123
123 131
131 127
127 133
133 100
60 142
142 144
144 138
138 146
146 143
143 140
140 82
82 145
145 65
65 139
139 141
141 137
61 147
147 149
149 29
29 150
150 148
148 151
151 44
44 99
153 147
147 155
155 157
157 30
30 166
166 122
122 8
8 156
156 66
66 83
83 162
162 154
154 163
163 165
165 159
159 160
160 138
138 164
164 158
158 161
161 152
168 45
45 181
181 173
173 101
101 123
123 177
177 169
169 175
175 171
171 179
179 182
182 176
176 180
180 170
170 178
178 172
172 67
67 84
84 154
154 174
174 117
117 167
184 189
189 46
46 192
192 31
31 190
190 148
148 185
185 191
191 186
186 9
9 124
124 193
193 187
187 169
169 188
188 183
194 200
200 197
197 170
170 196
196 199
199 68
68 201
201 198
198 85
85 195
61 155
155 203
203 32
32 205
205 185
185 206
206 47
47 102
102 202
202 204
204 1
108 48
48 214
214 212
212 210
210 208
208 209
209 211
211 139
139 69
69 213
213 114
114 86
86 207
215 110
110 222
222 202
202 49
49 220
220 103
103 221
221 186
186 10
10 125
125 217
217 216
216 218
218 219
219 194
223 149
149 203
203 33
33 225
225 235
235 230
230 227
227 232
232 126
126 11
11 216
216 234
234 228
228 171
171 231
231 229
229 233
233 226
226 208
208 224
224 137
121 34
34 118
118 12
12 238
238 70
70 87
87 156
156 240
240 172
172 242
242 196
196 245
245 241
241 243
243 244
244 239
239 237
237 209
209 224
224 236
56 247
247 157
157 35
35 225
225 246
248 261
261 111
111 262
262 204
204 13
13 259
259 50
50 260
260 173
173 104
104 254
254 127
127 257
257 251
251 226
226 237
237 252
252 258
258 71
71 88
88 140
140 255
255 158
158 253
253 256
256 250
250 249
55 247
247 36
36 89
89 266
266 128
128 14
14 72
72 238
238 263
263 174
174 264
264 265
265 159
159 195
60 268
268 267
267 269
269 270
270 250
250 207
246 275
275 274
274 129
129 15
15 217
217 276
276 271
271 175
175 273
273 272
272 251
251 210
210 236
167 277
277 278
278 160
160 195
279 227
227 130
130 283
283 16
16 218
218 280
280 282
282 176
176 285
285 281
281 284
284 239
239 252
252 211
211 141
141 62
286 267
267 288
288 253
253 161
161 287
287 90
90 112
289 254
254 131
131 177
177 187
187 271
271 228
228 293
293 280
280 291
291 292
292 197
197 290
290 240
240 73
73 91
91 162
162 263
263 119
119 59
295 272
272 229
229 281
281 297
297 241
241 74
74 296
296 198
198 92
92 298
298 163
163 264
264 120
120 277
277 142
142 268
268 294
279 230
230 132
132 17
17 300
300 290
290 178
178 242
242 199
199 302
302 75
75 296
296 93
93 301
301 143
143 255
255 287
287 299
299 207
303 57
112 94
94 299
299 256
256 305
305 269
269 304
306 300
300 200
200 307
307 291
291 282
282 308
308 179
179 231
231 273
273 188
188 257
257 133
133 105
105 212
212 41
309 121
115 278
278 144
144 310
311 189
189 51
51 313
313 37
37 150
150 205
205 315
315 274
274 232
232 134
134 283
283 18
18 219
219 307
307 292
292 180
180 316
316 297
297 243
243 314
314 258
258 76
76 145
145 213
213 312
317 313
313 318
318 38
38 190
190 151
151 206
206 106
106 220
220 52
52 19
19 259
259 168
319 233
233 284
284 244
244 314
314 77
77 95
95 301
301 146
146 164
164 288
288 305
305 270
270 249
279 275
275 315
315 191
191 221
221 20
20 321
321 107
107 260
260 181
181 214
214 53
53 320
322 261
261 108
323 318
318 192
192 54
54 39
39 222
222 262
262 108
113 96
96 249
324 21
21 321
321 135
135 193
193 276
276 234
234 293
293 308
308 182
182 285
285 316
316 245
245 302
302 78
78 201
201 97
97 298
298 165
165 265
265 115
279 235
235 166
166 98
98 266
266 136
136 40
40 79
79 116
449
0 1.600000000000000 6.500000000000000
1 1.700000000000000 6.200000000000000
2 1.900000000000000 6.200000000000000
3 1.900000000000000 6.200000000000000
4 2.000000000000000 6.300000000000000
5 2.200000000000000 2.200000000000000
6 2.200000000000000 5.400000000000000
7 2.200000000000000 1.300000000000000
8 2.200000000000000 3.200000000000000
9 2.200000000000000 1.700000000000000
10 2.200000000000000 3.800000000000000
11 2.200000000000000 5.600000000000000
12 2.200000000000000 4.700000000000000
13 2.300000000000000 3.500000000000000
14 2.400000000000000 1.500000000000000
15 2.400000000000000 7.000000000000000
16 2.400000000000000 6.900000000000000
17 2.400000000000000 7.600000000000000
18 2.400000000000000 5.100000000000000
19 2.500000000000000 6.500000000000000
20 2.500000000000000 5.100000000000000
21 2.500000000000000 2.900000000000000
22 2.500000000000000 3.000000000000000
23 2.500000000000000 3.400000000000000
24 2.600000000000000 6.100000000000000
25 2.600000000000000 7.000000000000000
26 2.600000000000000 2.800000000000000
27 2.600000000000000 0.800000000000000
28 2.600000000000000 6.300000000000000
29 2.700000000000000 2.100000000000000
30 2.700000000000000 1.700000000000000
31 2.700000000000000 3.400000000000000
32 2.700000000000000 6.900000000000000
33 2.700000000000000 2.600000000000000
34 2.700000000000000 5.200000000000000
35 2.700000000000000 2.400000000000000
36 2.800000000000000 2.400000000000000
37 2.800000000000000 5.600000000000000
38 2.800000000000000 1.000000000000000
39 2.800000000000000 6.700000000000000
40 2.800000000000000 3.900000000000000
41 2.800000000000000 2.700000000000000
42 2.800000000000000 5.200000000000000
43 2.800000000000000 0.700000000000000
44 2.800000000000000 6.800000000000000
45 2.900000000000000 5.100000000000000
46 2.900000000000000 4.100000000000000
47 2.900000000000000 1.200000000000000
48 2.900000000000000 5.600000000000000
49 2.900000000000000 1.400000000000000
50 2.900000000000000 3.400000000000000
51 2.900000000000000 4.600000000000000
52 2.900000000000000 2.600000000000000
53 3.000000000000000 3.500000000000000
54 3.000000000000000 2.600000000000000
55 3.000000000000000 4.500000000000000
56 3.000000000000000 1.300000000000000
57 3.000000000000000 2.700000000000000
58 3.000000000000000 2.200000000000000
59 3.100000000000000 1.400000000000000
60 3.100000000000000 4.900000000000000
61 3.100000000000000 1.700000000000000
62 3.100000000000000 7.100000000000000
63 3.100000000000000 4.200000000000000
64 3.100000000000000 5.400000000000000
65 3.100000000000000 5.600000000000000
66 3.100000000000000 5.100000000000000
67 3.200000000000000 7.300000000000000
68 3.200000000000000 3.700000000000000
69 3.200000000000000 3.000000000000000
70 3.200000000000000 1.900000000000000
71 3.200000000000000 5.900000000000000
72 3.200000000000000 5.600000000000000
73 3.200000000000000 2.900000000000000
74 3.200000000000000 1.100000000000000
75 3.200000000000000 6.100000000000000
76 3.300000000000000 7.200000000000000
77 3.300000000000000 4.300000000000000
78 3.300000000000000 3.300000000000000
79 3.300000000000000 5.500000000000000
80 3.300000000000000 5.100000000000000
81 3.300000000000000 0.900000000000000
82 3.300000000000000 3.800000000000000
83 3.400000000000000 5.800000000000000
84 3.400000000000000 3.200000000000000
85 3.400000000000000 1.000000000000000
86 3.400000000000000 4.000000000000000
87 3.400000000000000 4.300000000000000
88 3.400000000000000 6.500000000000000
89 3.400000000000000 1.100000000000000
90 3.500000000000000 2.000000000000000
91 3.500000000000000 4.400000000000000
92 3.500000000000000 1.700000000000000
93 3.500000000000000 4.600000000000000
94 3.500000000000000 5.700000000000000
95 3.500000000000000 5.800000000000000
96 3.500000000000000 3.200000000000000
97 3.500000000000000 4.800000000000000
98 3.600000000000000 6.800000000000000
99 3.600000000000000 5.200000000000000
100 3.600000000000000 2.300000000000000
101 3.600000000000000 1.300000000000000
102 3.600000000000000 5.700000000000000
103 3.600000000000000 1.100000000000000
104 3.600000000000000 6.400000000000000
105 3.600000000000000 3.700000000000000
106 3.700000000000000 6.900000000000000
107 3.700000000000000 5.500000000000000
108 3.700000000000000 3.300000000000000
109 3.700000000000000 2.200000000000000
110 3.700000000000000 3.200000000000000
111 3.700000000000000 5.400000000000000
112 3.700000000000000 4.600000000000000
113 3.700000000000000 6.700000000000000
114 3.700000000000000 5.200000000000000
115 3.700000000000000 2.400000000000000
116 3.700000000000000 7.000000000000000
117 3.800000000000000 5.200000000000000
118 3.800000000000000 2.600000000000000
119 3.800000000000000 6.000000000000000
120 3.800000000000000 1.300000000000000
121 3.800000000000000 3.900000000000000
122 3.800000000000000 4.300000000000000
123 3.900000000000000 2.300000000000000
124 3.900000000000000 5.900000000000000
125 3.900000000000000 3.300000000000000
126 3.900000000000000 2.900000000000000
127 3.900000000000000 1.800000000000000
128 3.900000000000000 5.300000000000000
129 3.900000000000000 3.400000000000000
130 3.900000000000000 2.000000000000000
131 3.900000000000000 4.400000000000000
132 4.000000000000000 5.400000000000000
133 4.000000000000000 4.700000000000000
134 4.000000000000000 3.400000000000000
135 4.000000000000000 1.500000000000000
136 4.000000000000000 4.300000000000000
137 4.000000000000000 4.100000000000000
138 4.000000000000000 5.800000000000000
139 4.100000000000000 1.800000000000000
140 4.100000000000000 4.100000000000000
141 4.100000000000000 5.800000000000000
142 4.100000000000000 5.700000000000000
143 4.100000000000000 5.800000000000000
144 4.100000000000000 6.600000000000000
145 4.200000000000000 3.700000000000000
146 4.200000000000000 3.200000000000000
147 4.200000000000000 6.000000000000000
148 4.200000000000000 3.100000000000000
149 4.200000000000000 5.900000000000000
150 4.200000000000000 1.900000000000000
151 4.300000000000000 1.500000000000000
152 4.300000000000000 3.900000000000000
153 4.300000000000000 3.500000000000000
154 4.300000000000000 5.400000000000000
155 4.300000000000000 1.200000000000000
156 4.300000000000000 5.600000000000000
157 4.400000000000000 4.900000000000000
158 4.400000000000000 6.200000000000000
159 4.400000000000000 6.400000000000000
160 4.500000000000000 4.700000000000000
161 4.500000000000000 4.000000000000000
162 4.500000000000000 1.900000000000000
163 4.500000000000000 5.000000000000000
164 4.500000000000000 5.200000000000000
165 4.500000000000000 5.600000000000000
166 4.600000000000000 5.800000000000000
167 4.600000000000000 3.300000000000000
168 4.600000000000000 2.800000000000000
169 4.600000000000000 1.700000000000000
170 4.600000000000000 4.200000000000000
171 4.600000000000000 3.500000000000000
172 4.600000000000000 4.500000000000000
173 4.600000000000000 6.500000000000000
174 4.700000000000000 6.800000000000000
175 4.700000000000000 7.100000000000000
176 4.700000000000000 7.700000000000000
177 4.700000000000000 5.400000000000000
178 4.700000000000000 5.200000000000000
179 4.700000000000000 5.900000000000000
180 4.800000000000000 8.300000000000001
181 4.800000000000000 6.000000000000000
182 4.800000000000000 6.800000000000000
183 4.800000000000000 7.900000000000000
184 4.800000000000000 6.100000000000000
185 4.800000000000000 4.200000000000000
186 4.800000000000000 4.700000000000000
187 4.800000000000000 6.800000000000000
188 4.800000000000000 4.000000000000000
189 4.800000000000000 4.000000000000000
190 4.900000000000000 3.900000000000000
191 4.900000000000000 3.700000000000000
192 4.900000000000000 7.900000000000000
193 4.900000000000000 8.300000000000001
194 4.900000000000000 3.300000000000000
195 5.000000000000000 7.600000000000000
196 5.000000000000000 6.400000000000000
197 5.000000000000000 5.500000000000000
198 5.000000000000000 7.400000000000000
199 5.000000000000000 5.600000000000000
200 5.000000000000000 2.600000000000000
201 5.000000000000000 4.700000000000000
202 5.000000000000000 2.200000000000000
203 5.100000000000000 3.100000000000000
204 5.100000000000000 4.700000000000000
205 5.100000000000000 4.300000000000000
206 5.100000000000000 4.000000000000000
207 5.100000000000000 3.500000000000000
208 5.100000000000000 3.200000000000000
209 5.100000000000000 3.800000000000000
210 5.200000000000000 7.000000000000000
211 5.200000000000000 4.700000000000000
212 5.200000000000000 4.400000000000000
213 5.200000000000000 6.100000000000000
214 5.200000000000000 7.300000000000000
215 5.300000000000000 2.500000000000000
216 5.300000000000000 4.000000000000000
217 5.300000000000000 4.800000000000000
218 5.300000000000000 6.900000000000000
219 5.300000000000000 4.000000000000000
220 5.300000000000000 5.800000000000000
221 5.300000000000000 6.800000000000000
222 5.300000000000000 4.100000000000000
223 5.300000000000000 2.100000000000000
224 5.300000000000000 6.300000000000000
225 5.400000000000000 5.100000000000000
226 5.400000000000000 8.600000000000000
227 5.400000000000000 7.700000000000000
228 5.400000000000000 8.800000000000001
229 5.400000000000000 4.800000000000000
230 5.400000000000000 4.500000000000000
231 5.400000000000000 3.600000000000000
232 5.400000000000000 7.700000000000000
233 5.500000000000000 4.200000000000000
234 5.500000000000000 7.500000000000000
235 5.500000000000000 2.800000000000000
236 5.500000000000000 3.800000000000000
237 5.500000000000000 4.500000000000000
238 5.500000000000000 3.300000000000000
239 5.500000000000000 3.100000000000000
240 5.500000000000000 7.800000000000000
241 5.500000000000000 5.100000000000000
242 5.600000000000000 4.300000000000000
243 5.600000000000000 7.600000000000000
244 5.600000000000000 5.100000000000000
245 5.600000000000000 6.500000000000000
246 5.600000000000000 6.500000000000000
247 5.600000000000000 7.600000000000000
248 5.600000000000000 2.300000000000000
249 5.600000000000000 3.800000000000000
250 5.600000000000000 7.600000000000000
251 5.600000000000000 4.200000000000000
252 5.600000000000000 3.600000000000000
253 5.700000000000000 3.400000000000000
254 5.700000000000000 8.100000000000000
255 5.700000000000000 2.500000000000000
256 5.700000000000000 6.700000000000000
257 5.800000000000000 7.600000000000000
258 5.800000000000000 7.800000000000000
259 5.800000000000000 8.199999999999999
260 5.800000000000000 3.300000000000000
261 5.800000000000000 4.300000000000000
262 5.800000000000000 5.000000000000000
263 5.900000000000000 2.800000000000000
264 5.900000000000000 3.900000000000000
265 5.900000000000000 5.800000000000000
266 5.900000000000000 6.500000000000000
267 5.900000000000000 7.300000000000000
268 5.900000000000000 6.700000000000000
269 5.900000000000000 5.700000000000000
270 5.900000000000000 7.900000000000000
271 6.100000000000000 4.500000000000000
272 6.100000000000000 5.200000000000000
273 6.100000000000000 7.800000000000000
274 6.100000000000000 6.700000000000000
275 6.100000000000000 3.900000000000000
276 6.100000000000000 6.000000000000000
277 6.200000000000000 4.200000000000000
278 6.200000000000000 7.400000000000000
279 6.200000000000000 3.000000000000000
280 6.200000000000000 5.000000000000000
281 6.300000000000000 3.800000000000000
282 6.300000000000000 3.800000000000000
283 6.300000000000000 5.700000000000000
284 6.300000000000000 6.800000000000000
285 6.400000000000000 7.100000000000000
286 6.400000000000000 4.000000000000000
287 6.400000000000000 3.300000000000000
288 6.400000000000000 5.000000000000000
289 6.400000000000000 3.900000000000000
290 6.400000000000000 4.100000000000000
291 6.400000000000000 5.100000000000000
292 6.400000000000000 6.800000000000000
293 6.500000000000000 5.200000000000000
294 6.500000000000000 7.000000000000000
295 6.500000000000000 2.600000000000000
296 6.500000000000000 6.300000000000000
297 6.500000000000000 6.300000000000000
298 6.500000000000000 7.000000000000000
299 6.600000000000000 2.400000000000000
300 6.700000000000000 5.500000000000000
301 6.700000000000000 6.200000000000000
302 6.700000000000000 6.600000000000000
303 6.700000000000000 6.500000000000000
304 6.700000000000000 6.200000000000000
305 6.700000000000000 7.100000000000000
306 6.700000000000000 3.300000000000000
307 6.800000000000000 5.600000000000000
308 6.800000000000000 5.700000000000000
309 6.800000000000000 5.600000000000000
310 6.800000000000000 2.300000000000000
311 6.900000000000000 3.600000000000000
312 6.900000000000000 3.700000000000000
313 6.900000000000000 6.100000000000000
314 6.900000000000000 4.100000000000000
315 6.900000000000000 4.400000000000000
316 6.900000000000000 2.300000000000000
317 7.000000000000000 2.300000000000000
318 7.000000000000000 2.500000000000000
319 7.000000000000000 3.600000000000000
320 7.000000000000000 4.500000000000000
321 7.100000000000000 6.100000000000000
322 7.100000000000000 5.600000000000000
323 7.100000000000000 2.900000000000000
324 7.100000000000000 3.600000000000000
325 7.100000000000000 4.000000000000000
326 7.100000000000000 6.100000000000000
327 7.100000000000000 2.400000000000000
328 7.200000000000000 3.000000000000000
329 7.200000000000000 5.700000000000000
330 7.200000000000000 2.300000000000000
331 7.200000000000000 2.700000000000000
332 7.200000000000000 5.000000000000000
333 7.200000000000000 6.600000000000000
334 7.200000000000000 5.500000000000000
335 7.200000000000000 3.600000000000000
336 7.200000000000000 5.300000000000000
337 7.200000000000000 3.000000000000000
338 7.300000000000000 5.200000000000000
339 7.300000000000000 2.000000000000000
340 7.300000000000000 1.700000000000000
341 7.300000000000000 2.700000000000000
342 7.300000000000000 3.400000000000000
343 7.300000000000000 1.900000000000000
344 7.300000000000000 5.800000000000000
345 7.300000000000000 3.500000000000000
346 7.400000000000000 5.200000000000000
347 7.400000000000000 4.600000000000000
348 7.400000000000000 3.100000000000000
349 7.500000000000000 3.900000000000000
350 7.500000000000000 4.200000000000000
351 7.500000000000000 6.000000000000000
352 7.600000000000000 5.800000000000000
353 7.600000000000000 2.800000000000000
354 7.600000000000000 2.400000000000000
355 7.600000000000000 3.400000000000000
356 7.600000000000000 2.000000000000000
357 7.700000000000000 5.200000000000000
358 7.700000000000000 3.700000000000000
359 7.700000000000000 2.000000000000000
360 7.700000000000000 5.800000000000000
361 7.700000000000000 5.800000000000000
362 7.700000000000000 2.200000000000000
363 7.700000000000000 2.800000000000000
364 7.800000000000000 5.000000000000000
365 7.800000000000000 3.200000000000000
366 7.800000000000000 3.000000000000000
367 7.800000000000000 5.800000000000000
368 7.800000000000000 3.500000000000000
369 7.900000000000000 5.300000000000000
370 7.900000000000000 4.700000000000000
371 7.900000000000000 4.800000000000000
372 8.000000000000000 4.700000000000000
373 8.000000000000000 4.200000000000000
374 8.000000000000000 4.800000000000000
375 8.100000000000000 4.800000000000000
376 8.100000000000000 3.900000000000000
377 8.199999999999999 2.600000000000000
378 8.199999999999999 1.300000000000000
379 8.199999999999999 5.000000000000000
380 8.300000000000001 6.000000000000000
381 8.300000000000001 5.800000000000000
382 8.300000000000001 3.800000000000000
383 8.400000000000000 5.800000000000000
384 8.400000000000000 2.000000000000000
385 8.400000000000000 1.900000000000000
386 8.400000000000000 1.200000000000000
387 8.400000000000000 2.900000000000000
388 8.400000000000000 4.900000000000000
389 8.400000000000000 3.700000000000000
390 8.500000000000000 4.200000000000000
391 8.500000000000000 3.400000000000000
392 8.500000000000000 4.700000000000000
393 8.500000000000000 6.100000000000000
394 8.500000000000000 2.300000000000000
395 8.600000000000000 2.800000000000000
396 8.600000000000000 4.300000000000000
397 8.699999999999999 3.300000000000000
398 8.699999999999999 5.900000000000000
399 8.699999999999999 1.800000000000000
400 8.699999999999999 3.700000000000000
401 8.699999999999999 3.700000000000000
402 8.699999999999999 5.900000000000000
403 8.699999999999999 5.600000000000000
404 8.800000000000001 4.000000000000000
405 8.800000000000001 4.400000000000000
406 8.800000000000001 4.600000000000000
407 8.900000000000000 5.100000000000000
408 8.900000000000000 6.600000000000000
409 8.900000000000000 3.600000000000000
410 8.900000000000000 5.000000000000000
411 8.900000000000000 3.800000000000000
412 9.000000000000000 3.800000000000000
413 9.000000000000000 5.000000000000000
414 9.100000000000000 4.700000000000000
415 9.100000000000000 4.800000000000000
416 9.100000000000000 2.900000000000000
417 9.100000000000000 4.000000000000000
418 9.100000000000000 4.600000000000000
419 9.100000000000000 6.700000000000000
420 9.100000000000000 2.100000000000000
421 9.100000000000000 3.900000000000000
422 9.199999999999999 2.100000000000000
423 9.199999999999999 2.000000000000000
424 9.199999999999999 6.600000000000000
425 9.199999999999999 6.700000000000000
426 9.199999999999999 5.100000000000000
427 9.199999999999999 5.700000000000000
428 9.199999999999999 3.200000000000000
429 9.199999999999999 4.900000000000000
430 9.300000000000001 2.200000000000000
431 9.300000000000001 5.400000000000000
432 9.400000000000000 6.600000000000000
433 9.400000000000000 3.400000000000000
434 9.400000000000000 4.400000000000000
435 9.400000000000000 3.700000000000000
436 9.400000000000000 6.300000000000000
437 9.400000000000000 6.800000000000000
438 9.400000000000000 3.000000000000000
439 9.400000000000000 5.300000000000000
440 9.500000000000000 6.300000000000000
441 9.500000000000000 4.900000000000000
442 9.500000000000000 4.400000000000000
443 9.500000000000000 3.100000000000000
444 9.500000000000000 4.300000000000000
445 9.500000000000000 5.300000000000000
446 9.600000000000000 6.800000000000000
447 9.800000000000001 7.000000000000000
448 9.800000000000001 7.000000000000000
