313
0 6.210000000000000 1.250000000000000
1 8.490000000000000 7.540000000000000
2 6.723839632073585 2.667566353395987
3 7.733307781423905 5.452458747875597
4 6.370555688622755 1.692936526946108
5 7.654700843370570 5.235600133684597
6 7.334693423929740 4.352772647595642
7 6.504474048123905 2.062386738026037
8 7.335481818785368 4.354947649192965
9 7.314349846723092 4.296649357845722
10 8.447963554987211 7.424031035469107
11 6.376140333349261 1.708343288055637
12 6.788051311617181 2.844711732487749
13 1.580000000000000 0.480000000000000
14 4.790000000000000 0.330000000000000
15 2.717051881993896 0.426866734486267
16 2.540000000000000 8.600000000000000
17 3.050000000000000 1.600000000000000
18 2.976711412861977 2.605921784247365
19 2.677419443051821 6.713850781641675
20 2.983875683233761 2.507588661497394
21 2.884875683343162 3.866412189407583
22 2.741242106211744 5.837853444152532
23 2.866094529897117 4.124192726902312
24 3.018088417573337 2.038002111738511
25 2.848274475878778 4.368781703624610
26 2.780824029923193 5.294572138309110
27 2.970576306542160 2.690129125891911
28 2.883651387350502 3.883216252051934
29 2.663577338036947 6.903840458316419
30 3.016835650659870 2.055196951727271
31 2.912973635090994 3.480754028162829
32 2.978226340172071 2.585128664304901
33 8.090000000000000 1.270000000000000
34 2.870000000000000 6.610000000000000
35 4.447419513336452 4.996317969115583
36 4.649803133231665 4.789281852211285
37 3.696916423555626 5.764074003489071
38 4.562597100692177 4.878492621130992
39 4.678943396226415 4.759471698113208
40 5.034142294129849 4.396107308303948
41 5.266775291656324 4.158126425776864
42 7.516535211267605 1.856647887323944
43 4.041586368977674 5.411480611045828
44 4.719859428844383 4.717615067044252
45 4.960140640065267 4.471810149818291
46 6.567006341109577 2.828005007370662
47 5.849191021902760 3.562321828168441
48 6.384883303411131 3.014314781567923
49 4.869081982377288 4.564962109981855
50 6.122209326141872 3.283027241073257
51 6.711223444718630 2.680472568046459
52 6.640000000000000 8.560000000000000
53 2.930000000000000 2.530000000000000
54 4.626873936982905 5.287991870621811
55 5.087159708416170 6.036111332007952
56 4.134406391117617 4.487566182867717
57 4.864335877745970 5.673947531754232
58 3.926370266479664 4.149437387297136
59 4.539802255029601 5.146471050627626
60 3.632388886294455 3.671618594165920
61 4.182986972179924 4.566525995214269
62 4.760806233707748 5.505676978236583
63 3.066090485558480 2.751192891622003
64 4.496879134902777 5.076706518453840
65 3.948238134143863 4.184980040131401
66 3.316995905499122 3.158998735892102
67 4.019528075908738 4.300850215021480
68 2.934928413284134 2.538010332103322
69 4.750000000000000 2.610000000000000
70 4.470000000000000 8.699999999999999
71 4.585997088791848 6.177063318777293
72 4.608219767069726 5.693720066233459
73 4.743459426479561 2.752257474069547
74 4.651797752808989 4.745898876404494
75 4.746743159543416 2.680836279930705
76 4.583836226366393 6.224062076530942
77 4.695610505621194 3.792971502739020
78 4.641476557032890 4.970384884534640
79 4.657835779621357 4.614571793235482
80 4.668204187041930 4.389058931838018
81 4.517088807757598 7.675818431272237
82 4.733510036026763 2.968656716417911
83 4.700461672896743 3.687458614495850
84 4.667520006668889 4.403939854951650
85 0.700000000000000 7.270000000000000
86 6.460000000000000 5.650000000000000
87 0.751371477216721 7.255551772032796
88 1.693010526315790 6.990715789473684
89 4.448856858186649 6.215634008635005
90 4.596115118782339 6.174217622842467
91 5.451763122476447 5.933566621803499
92 2.396865823252377 6.792756487210268
93 6.287887752882315 5.698406569501850
94 6.500000000000000 7.590000000000000
95 6.463897229774993 5.839015644087166
96 5.110000000000000 7.080000000000000
97 7.300000000000000 9.630000000000001
98 6.236855999093621 8.392092601684354
99 9.109999999999999 9.300000000000001
100 2.942063492063492 2.436507936507937
101 2.985707547169811 2.098266509433962
102 2.992907781777901 2.042464691221269
103 6.290000000000000 1.780000000000000
104 1.060000000000000 1.400000000000000
105 2.389161085653860 1.496573845611561
106 2.063143941402374 1.472886175474742
107 5.689355989933842 1.736358561410107
108 3.267257767928709 1.560374369371493
109 5.806105401218864 1.744841310222403
110 1.900250458155161 1.461050702504581
111 1.948512099230301 1.464557284456504
112 3.950000000000000 4.150000000000000
113 2.150000000000000 1.090000000000000
114 2.869890795631825 2.313814352574103
115 3.656164435946462 3.650479541108986
116 3.163988718775181 2.813780821917808
117 2.581500392772977 1.823550667714062
118 3.351087547580207 3.131848830886351
119 3.120673076923077 2.740144230769231
120 0.460000000000000 8.539999999999999
121 1.043233249119546 5.968942185833956
122 1.143546492869587 5.526732916048267
123 1.041892663079669 5.974851869855899
124 0.984648155192088 6.227201919419493
125 1.936924219136687 2.029298560610463
126 1.598976711240109 3.519067160509578
127 2.047994989396420 1.539667058577911
128 1.319864122578780 4.749474725910112
129 2.041963714656619 1.566254630655733
130 4.260000000000000 4.550000000000000
131 2.530000000000000 3.690000000000000
132 3.430465251526607 4.137630125036348
133 3.223802752937485 4.034896166200137
134 4.236915673192605 4.538524554303838
135 2.965150953616329 3.906317815092510
136 2.604021919359405 3.726797023496583
137 3.926812562254644 4.384369250600574
138 1.790000000000000 6.540000000000000
139 1.620000000000000 7.330000000000000
140 0.900000000000000 5.980000000000000
141 9.190000000000000 5.340000000000000
142 4.492492051975796 5.702654413357719
143 6.288066875653082 5.564033437826541
144 1.049043956916866 5.968493590780845
145 1.558675413277353 5.929149304644451
146 4.716543013838844 5.685357354782044
147 3.546239150358508 5.775706507089331
148 5.276347824644721 5.642139613055172
149 8.272813732435319 5.410808107508009
150 6.530782414742474 5.545295446871510
151 6.525858429147274 5.545675585687063
152 6.134522443338433 5.575887290260965
153 8.898887988272074 5.362474268697934
154 7.998333375012154 5.431998388418845
155 1.850000000000000 4.100000000000000
156 1.909389473684211 4.101414035087719
157 3.116659092082838 4.130158549811497
158 3.813354913518217 4.146746545559957
159 2.127112833311442 4.106597924602653
160 3.060000000000000 1.960000000000000
161 2.745134165099983 2.546000303841698
162 2.139906096878540 3.672396986364939
163 3.010625066553083 2.051892237248430
164 1.741671585409043 4.413555660488726
165 2.817872576177285 2.410626038781163
166 4.400000000000000 6.790000000000000
167 4.810000000000000 1.970000000000000
168 4.577054726368159 4.708527363184080
169 4.749763067719699 2.678151252661099
170 4.657031926916557 3.768307590883405
171 4.548996289787151 5.038385081038859
172 4.594059560106896 4.508616878743328
173 4.605735632846406 4.371351828488602
174 4.789800091174633 2.207472098873825
175 4.725418275183917 2.964351008813461
176 4.660875863605972 3.723117896144418
177 4.607071342236050 4.355649098590829
178 4.798537144860939 2.104758443342124
179 5.210000000000000 0.230000000000000
180 5.990965825944736 0.512015437146710
181 7.005834136933462 0.878495660559306
182 6.018464548442635 0.521945531382063
183 7.586109081187060 1.088039390428661
184 6.137902735562310 0.565075987841945
185 6.863107161465872 0.826955363862676
186 4.915493239859789 4.877746619929895
187 4.827380952380953 4.833690476190476
188 4.773516295025729 4.806758147512864
189 5.837987421383649 5.338993710691825
190 0.440000000000000 6.510000000000000
191 5.490000000000000 2.020000000000000
192 3.997720442490615 3.346799052122205
193 3.930639654297769 3.406441178654062
194 3.270931797717218 3.992993312524691
195 5.141162520603751 2.330154511383991
196 4.539272027712800 2.865300711993966
197 3.821838532002003 3.503177226002180
198 5.096429086340852 2.369927406401895
199 4.600000000000000 4.350000000000000
200 4.522733565229612 4.390119110361547
201 4.575425008204792 4.362760091893666
202 3.900000000000000 9.000000000000000
203 6.090000000000000 0.110000000000000
204 5.116443532994114 4.062016891179144
205 5.722846941943495 1.600406705991928
206 5.831160174895483 1.160724221542993
207 5.848694444444444 1.089546296296296
208 4.948237646963759 4.744825259585471
209 4.886670694710331 4.994747727865369
210 5.011880459398252 4.486476126004352
211 4.253272318432993 7.565940223347350
212 5.511245468511762 2.459373417776454
213 5.310193516600823 3.275515816172915
214 5.591657344715926 2.132952605239916
215 5.353665846285312 3.099045948184284
216 4.972243884082449 4.647375283336543
217 5.454713954731777 2.688855224855937
218 5.149198578107633 3.929052347316501
219 0.280000000000000 0.970000000000000
220 6.130000000000000 4.710000000000000
221 5.523197030101313 4.322061007278447
222 3.830322514010036 3.239778838016673
223 3.489315030116262 3.021767215835012
224 4.629938662850133 3.750986427189658
225 3.223017135177511 2.851518647104939
226 9.990000000000000 2.210000000000000
227 4.222734806629834 1.386104972375691
228 5.828564273789649 1.615509181969950
229 6.840135771681906 1.760019395954558
230 8.891588567630443 2.053084081090063
231 8.743989751098097 2.031998535871157
232 6.383621317444554 1.694803045349222
233 1.330000000000000 0.100000000000000
234 5.668546721336745 1.122403428183864
235 5.904536195494572 1.178015701807122
236 9.410000000000000 0.440000000000000
237 8.852146127082953 0.541746932796191
238 5.922228142501555 1.076134489732421
239 8.025100391642596 0.692591752467703
240 6.186622279961027 1.027911659629750
241 6.815445612071830 0.913220611634698
242 8.250000000000000 0.490000000000000
243 9.529999999999999 0.600000000000000
244 6.750000000000000 3.420000000000000
245 3.010000000000000 6.170000000000000
246 4.801279518896983 4.852882706693395
247 5.219539715858964 4.545338444221350
248 6.259508196721312 3.780655737704918
249 5.024258018018018 4.688927927927928
250 6.490467443454421 3.610832762165867
251 5.570000000000000 6.130000000000000
252 4.492038456616720 4.339123651032557
253 3.164640880401360 2.133845606085127
254 3.631121518634520 2.908835351675676
255 4.310974588675231 4.038312364452475
256 4.306019218973626 4.030079738294829
257 5.510000000000000 3.450000000000000
258 5.672262068095440 2.515594297519357
259 5.520835805883832 3.387600704048277
260 5.714924707194646 2.269916341327384
261 5.611235181699309 2.867024988145360
262 5.617077186020470 2.833383101192464
263 5.554060931758011 3.196269806772831
264 9.539999999999999 5.770000000000000
265 0.050000000000000 3.080000000000000
266 2.532569886918088 3.783699999558446
267 4.100306038822676 4.228084641141518
268 6.887210896630445 5.018050296305153
269 6.863231270098069 5.011253120818104
270 4.638272057551966 4.380574482066891
271 8.977096575429226 5.610441495037367
272 7.944947449602356 5.317872353996874
273 6.630000000000000 2.850000000000000
274 6.056908350305500 2.649898167006111
275 4.596541988017609 2.139993710900003
276 5.909433095087307 2.598405410295848
277 4.994038724819090 2.278784470956386
278 5.888432313771403 2.591072735255378
279 7.198357162741893 0.220168031236393
280 1.560000000000000 1.280000000000000
281 4.027639835010311 2.593056058996313
282 5.214368495405472 3.224526355353370
283 7.336354607731764 4.353656580260938
284 7.292944178016496 4.330557452522540
285 8.831660632836307 5.149324006463356
286 1.988384279475983 1.507947598253275
287 5.464819029387783 3.357793611967812
288 7.546118706818646 4.465274174270472
289 5.965284516489660 2.548093907210732
290 5.932378657487091 2.511531841652324
291 0.390000000000000 5.490000000000000
292 3.425882352941177 3.072283737024221
293 4.724047195601581 2.038451102145347
294 3.310000000000000 4.940000000000000
295 4.312402418582375 4.037026161398468
296 5.632923063749626 2.847488333261977
297 5.859558611656844 2.643332829580373
298 6.446516998293712 2.114595011658498
299 9.109999999999999 1.730000000000000
300 7.429472286245057 4.215912693554483
301 9.850000000000000 0.280000000000000
302 7.402167024541738 4.157540731035654
303 9.920000000000000 8.600000000000000
304 8.220000000000001 3.210000000000000
305 1.880000000000000 1.390000000000000
306 7.040000000000000 4.100000000000000
307 4.400000000000000 1.750000000000000
308 5.709232868886279 2.915415621925287
309 7.320000000000000 0.000000000000000
310 5.110000000000000 4.000000000000000
311 6.311342347031269 1.825624711255622
312 8.250000000000000 5.970000000000000
544
0 4
4 11
11 7
7 2
2 12
12 9
9 6
6 8
8 5
5 3
3 10
10 1
13 15
15 14
16 29
29 19
19 22
22 26
26 25
25 23
23 28
28 21
21 31
31 27
27 18
18 32
32 20
20 30
30 24
24 17
34 37
37 43
43 35
35 38
38 36
36 39
39 44
44 49
49 45
45 40
40 41
41 47
47 50
50 48
48 46
46 51
51 2
2 42
42 33
53 68
68 18
18 63
63 66
66 60
60 58
58 65
65 67
67 56
56 61
61 35
35 64
64 59
59 54
54 62
62 57
57 55
55 52
70 81
81 76
76 71
71 72
72 54
54 78
78 36
36 74
74 79
79 84
84 80
80 77
77 83
83 82
82 73
73 75
75 69
85 87
87 88
88 92
92 19
19 89
89 71
71 90
90 55
55 91
91 93
93 86
86 95
95 94
96 98
98 97
94 99
53 100
100 101
101 102
102 17
104 110
110 111
111 106
106 105
105 108
108 107
107 109
109 103
113 105
105 117
117 114
114 100
100 20
20 119
119 116
116 118
118 115
115 112
120 87
87 124
124 123
123 121
121 122
122 128
128 126
126 125
125 129
129 127
127 106
106 113
131 136
136 21
21 135
135 133
133 132
132 137
137 56
56 134
134 130
139 88
88 138
140 121
121 144
144 145
145 22
22 147
147 37
37 142
142 72
72 146
146 57
57 148
148 152
152 143
143 151
151 150
150 3
3 154
154 149
149 153
153 141
155 156
156 159
159 23
23 157
157 132
132 158
158 58
58 112
140 122
122 164
164 156
156 162
162 161
161 165
165 114
114 101
101 163
163 24
24 160
166 89
89 142
142 59
59 171
171 38
38 168
168 172
172 173
173 177
177 170
170 176
176 175
175 73
73 169
169 174
174 178
178 167
179 180
180 182
182 184
184 185
185 181
181 183
183 33
130 168
168 74
74 39
39 188
188 187
187 186
186 189
189 143
143 86
190 123
123 144
144 25
25 157
157 133
133 194
194 60
60 115
115 197
197 193
193 192
192 196
196 75
75 169
169 198
198 195
195 191
190 124
124 145
145 26
26 61
61 134
134 200
200 201
201 199
202 211
211 76
76 90
90 146
146 62
62 209
209 186
186 208
208 216
216 210
210 40
40 204
204 218
218 213
213 215
215 217
217 212
212 214
214 107
107 205
205 206
206 207
207 180
180 203
219 125
125 161
161 27
27 63
63 116
116 225
225 223
223 222
222 192
192 224
224 170
170 77
77 204
204 41
41 221
221 220
113 227
227 205
205 228
228 4
4 232
232 229
229 42
42 231
231 230
230 226
233 15
15 234
234 206
206 235
235 0
17 108
108 227
227 234
234 207
207 238
238 240
240 241
241 181
181 239
239 237
237 236
242 237
237 243
245 147
147 43
43 64
64 171
171 78
78 246
246 187
187 208
208 249
249 247
247 221
221 248
248 250
250 244
160 253
253 254
254 222
222 193
193 256
256 255
255 252
252 200
200 172
172 79
79 44
44 188
188 246
246 209
209 148
148 91
91 251
257 259
259 263
263 261
261 262
262 258
258 260
260 109
109 228
228 235
235 238
238 182
182 203
265 126
126 162
162 266
266 28
28 135
135 194
194 158
158 65
65 267
267 252
252 201
201 173
173 270
270 80
80 45
45 210
210 247
247 269
269 268
268 5
5 272
272 149
149 271
271 264
138 92
92 29
29 211
211 81
81 98
98 52
17 275
275 174
174 277
277 195
195 212
212 258
258 278
278 276
276 274
274 46
46 273
203 279
279 236
280 110
110 286
286 127
127 117
117 102
102 163
163 30
30 253
253 281
281 196
196 175
175 82
82 282
282 213
213 287
287 259
259 47
47 248
248 284
284 6
6 283
283 288
288 285
285 141
191 214
214 260
260 290
290 289
289 274
274 48
48 244
291 128
128 164
164 159
159 266
266 136
136 31
31 66
66 118
118 292
292 223
223 254
254 281
281 275
275 293
293 167
294 137
137 67
67 267
267 255
255 295
295 224
224 176
176 83
83 282
282 215
215 261
261 296
296 297
297 276
276 289
289 298
298 7
7 229
229 183
183 239
239 242
86 150
150 268
268 8
8 283
283 300
300 230
230 299
86 151
151 269
269 284
284 9
9 302
302 231
231 301
199 177
177 270
270 84
84 49
49 216
216 249
249 189
189 152
152 93
93 95
95 10
10 303
304 285
285 153
153 271
271 303
305 111
111 286
286 129
129 165
165 68
68 32
32 119
119 225
225 292
292 197
197 256
256 295
295 199
307 293
293 178
178 277
277 198
198 217
217 262
262 296
296 308
308 50
50 250
250 306
203 184
184 240
240 0
310 218
218 287
287 263
263 308
308 297
297 278
278 290
290 311
311 11
11 232
232 241
241 185
185 279
279 309
103 311
311 298
298 51
51 12
12 302
302 300
300 288
288 272
272 154
154 312
506
0 0.800000000000000 6.600000000000000
1 0.800000000000000 6.900000000000000
2 0.800000000000000 6.900000000000000
3 1.000000000000000 6.800000000000000
4 1.000000000000000 7.000000000000000
5 1.100000000000000 6.300000000000000
6 1.100000000000000 6.600000000000000
7 1.100000000000000 6.000000000000000
8 1.100000000000000 6.500000000000000
9 1.100000000000000 6.000000000000000
10 1.100000000000000 5.800000000000000
11 1.100000000000000 5.900000000000000
12 1.200000000000000 6.700000000000000
13 1.200000000000000 5.400000000000000
14 1.200000000000000 5.300000000000000
15 1.300000000000000 5.200000000000000
16 1.300000000000000 4.900000000000000
17 1.400000000000000 5.300000000000000
18 1.500000000000000 4.800000000000000
19 1.500000000000000 6.900000000000000
20 1.600000000000000 5.400000000000000
21 1.600000000000000 3.600000000000000
22 1.600000000000000 5.900000000000000
23 1.600000000000000 4.700000000000000
24 1.700000000000000 6.600000000000000
25 1.700000000000000 6.500000000000000
26 1.700000000000000 4.700000000000000
27 1.700000000000000 6.700000000000000
28 1.700000000000000 4.500000000000000
29 1.800000000000000 4.200000000000000
30 1.800000000000000 5.800000000000000
31 1.900000000000000 4.500000000000000
32 1.900000000000000 6.800000000000000
33 1.900000000000000 4.700000000000000
34 1.900000000000000 3.500000000000000
35 2.000000000000000 6.300000000000000
36 2.000000000000000 3.000000000000000
37 2.000000000000000 6.600000000000000
38 2.000000000000000 2.400000000000000
39 2.000000000000000 5.600000000000000
40 2.100000000000000 5.000000000000000
41 2.100000000000000 3.800000000000000
42 2.100000000000000 6.000000000000000
43 2.200000000000000 5.400000000000000
44 2.200000000000000 4.200000000000000
45 2.200000000000000 1.500000000000000
46 2.300000000000000 3.000000000000000
47 2.300000000000000 3.400000000000000
48 2.300000000000000 1.600000000000000
49 2.300000000000000 2.900000000000000
50 2.300000000000000 2.900000000000000
51 2.300000000000000 4.800000000000000
52 2.300000000000000 2.600000000000000
53 2.400000000000000 6.100000000000000
54 2.400000000000000 6.400000000000000
55 2.400000000000000 3.400000000000000
56 2.400000000000000 1.900000000000000
57 2.400000000000000 6.300000000000000
58 2.400000000000000 4.000000000000000
59 2.400000000000000 2.500000000000000
60 2.400000000000000 3.800000000000000
61 2.400000000000000 6.200000000000000
62 2.400000000000000 6.700000000000000
63 2.500000000000000 3.600000000000000
64 2.500000000000000 4.600000000000000
65 2.500000000000000 2.000000000000000
66 2.500000000000000 3.800000000000000
67 2.500000000000000 2.600000000000000
68 2.500000000000000 2.600000000000000
69 2.500000000000000 2.700000000000000
70 2.600000000000000 6.800000000000000
71 2.600000000000000 3.900000000000000
72 2.600000000000000 3.000000000000000
73 2.600000000000000 2.900000000000000
74 2.600000000000000 2.600000000000000
75 2.600000000000000 3.800000000000000
76 2.700000000000000 2.500000000000000
77 2.700000000000000 6.700000000000000
78 2.700000000000000 4.500000000000000
79 2.700000000000000 2.200000000000000
80 2.700000000000000 2.200000000000000
81 2.700000000000000 5.600000000000000
82 2.800000000000000 5.700000000000000
83 2.800000000000000 3.900000000000000
84 2.800000000000000 6.700000000000000
85 2.800000000000000 6.500000000000000
86 2.800000000000000 2.900000000000000
87 2.800000000000000 4.600000000000000
88 2.800000000000000 5.600000000000000
89 2.900000000000000 5.000000000000000
90 2.900000000000000 3.500000000000000
91 3.000000000000000 3.200000000000000
92 3.000000000000000 2.400000000000000
93 3.000000000000000 5.200000000000000
94 3.100000000000000 2.100000000000000
95 3.100000000000000 1.700000000000000
96 3.100000000000000 5.000000000000000
97 3.100000000000000 4.500000000000000
98 3.100000000000000 2.900000000000000
99 3.100000000000000 2.900000000000000
100 3.100000000000000 4.800000000000000
101 3.100000000000000 5.800000000000000
102 3.200000000000000 2.400000000000000
103 3.200000000000000 7.100000000000000
104 3.200000000000000 2.200000000000000
105 3.200000000000000 1.400000000000000
106 3.200000000000000 6.400000000000000
107 3.200000000000000 4.900000000000000
108 3.200000000000000 3.000000000000000
109 3.200000000000000 1.600000000000000
110 3.200000000000000 3.800000000000000
111 3.300000000000000 4.900000000000000
112 3.300000000000000 4.000000000000000
113 3.300000000000000 6.500000000000000
114 3.300000000000000 3.100000000000000
115 3.300000000000000 2.400000000000000
116 3.300000000000000 5.900000000000000
117 3.400000000000000 3.400000000000000
118 3.400000000000000 1.800000000000000
119 3.400000000000000 4.400000000000000
120 3.500000000000000 2.600000000000000
121 3.500000000000000 1.500000000000000
122 3.500000000000000 3.700000000000000
123 3.500000000000000 2.200000000000000
124 3.500000000000000 2.100000000000000
125 3.500000000000000 7.100000000000000
126 3.600000000000000 3.600000000000000
127 3.600000000000000 1.600000000000000
128 3.600000000000000 1.300000000000000
129 3.600000000000000 7.100000000000000
130 3.700000000000000 1.700000000000000
131 3.700000000000000 2.000000000000000
132 3.700000000000000 5.500000000000000
133 3.700000000000000 2.400000000000000
134 3.700000000000000 6.400000000000000
135 3.700000000000000 2.500000000000000
136 3.800000000000000 4.100000000000000
137 3.800000000000000 6.000000000000000
138 3.800000000000000 5.500000000000000
139 3.800000000000000 4.100000000000000
140 3.800000000000000 2.000000000000000
141 3.800000000000000 7.000000000000000
142 3.900000000000000 5.700000000000000
143 3.900000000000000 3.300000000000000
144 3.900000000000000 5.500000000000000
145 4.000000000000000 5.700000000000000
146 4.000000000000000 4.800000000000000
147 4.000000000000000 3.800000000000000
148 4.000000000000000 3.200000000000000
149 4.100000000000000 2.200000000000000
150 4.100000000000000 4.000000000000000
151 4.100000000000000 4.700000000000000
152 4.100000000000000 6.200000000000000
153 4.200000000000000 1.400000000000000
154 4.200000000000000 5.500000000000000
155 4.200000000000000 7.400000000000000
156 4.200000000000000 6.100000000000000
157 4.200000000000000 2.700000000000000
158 4.200000000000000 7.200000000000000
159 4.200000000000000 3.900000000000000
160 4.300000000000000 4.000000000000000
161 4.300000000000000 3.700000000000000
162 4.300000000000000 2.500000000000000
163 4.300000000000000 5.900000000000000
164 4.300000000000000 5.700000000000000
165 4.400000000000000 3.900000000000000
166 4.400000000000000 2.900000000000000
167 4.400000000000000 5.100000000000000
168 4.400000000000000 5.800000000000000
169 4.500000000000000 7.000000000000000
170 4.500000000000000 3.400000000000000
171 4.500000000000000 2.100000000000000
172 4.500000000000000 4.700000000000000
173 4.500000000000000 3.000000000000000
174 4.500000000000000 2.700000000000000
175 4.600000000000000 5.900000000000000
176 4.600000000000000 3.800000000000000
177 4.600000000000000 4.600000000000000
178 4.600000000000000 6.600000000000000
179 4.600000000000000 5.400000000000000
180 4.700000000000000 2.700000000000000
181 4.700000000000000 3.500000000000000
182 4.700000000000000 1.800000000000000
183 4.700000000000000 1.500000000000000
184 4.700000000000000 7.200000000000000
185 4.700000000000000 6.300000000000000
186 4.700000000000000 3.800000000000000
187 4.700000000000000 1.700000000000000
188 4.700000000000000 2.600000000000000
189 4.800000000000000 3.100000000000000
190 4.800000000000000 2.800000000000000
191 4.800000000000000 3.000000000000000
192 4.800000000000000 4.200000000000000
193 4.800000000000000 7.000000000000000
194 4.900000000000000 2.900000000000000
195 4.900000000000000 4.200000000000000
196 4.900000000000000 5.100000000000000
197 4.900000000000000 7.200000000000000
198 4.900000000000000 3.000000000000000
199 5.000000000000000 5.800000000000000
200 5.100000000000000 5.900000000000000
201 5.100000000000000 4.900000000000000
202 5.100000000000000 6.000000000000000
203 5.200000000000000 4.000000000000000
204 5.200000000000000 4.300000000000000
205 5.200000000000000 4.700000000000000
206 5.200000000000000 3.600000000000000
207 5.200000000000000 4.900000000000000
208 5.200000000000000 7.100000000000000
209 5.200000000000000 3.100000000000000
210 5.300000000000000 4.500000000000000
211 5.300000000000000 5.400000000000000
212 5.300000000000000 5.400000000000000
213 5.300000000000000 3.400000000000000
214 5.300000000000000 3.200000000000000
215 5.300000000000000 2.300000000000000
216 5.300000000000000 2.100000000000000
217 5.300000000000000 6.300000000000000
218 5.300000000000000 5.000000000000000
219 5.400000000000000 4.100000000000000
220 5.400000000000000 2.200000000000000
221 5.400000000000000 7.400000000000000
222 5.400000000000000 2.300000000000000
223 5.400000000000000 7.600000000000000
224 5.400000000000000 4.600000000000000
225 5.400000000000000 6.900000000000000
226 5.400000000000000 4.200000000000000
227 5.400000000000000 7.500000000000000
228 5.400000000000000 7.700000000000000
229 5.500000000000000 1.400000000000000
230 5.500000000000000 3.500000000000000
231 5.500000000000000 2.000000000000000
232 5.500000000000000 7.400000000000000
233 5.600000000000000 6.700000000000000
234 5.600000000000000 6.200000000000000
235 5.600000000000000 8.000000000000000
236 5.600000000000000 4.800000000000000
237 5.600000000000000 2.600000000000000
238 5.600000000000000 3.100000000000000
239 5.600000000000000 3.100000000000000
240 5.700000000000000 4.100000000000000
241 5.700000000000000 5.900000000000000
242 5.700000000000000 4.300000000000000
243 5.700000000000000 7.100000000000000
244 5.700000000000000 6.300000000000000
245 5.800000000000000 1.400000000000000
246 5.800000000000000 6.600000000000000
247 5.800000000000000 5.400000000000000
248 5.800000000000000 4.700000000000000
249 5.800000000000000 2.900000000000000
250 5.800000000000000 1.700000000000000
251 5.800000000000000 1.300000000000000
252 5.800000000000000 2.800000000000000
253 5.900000000000000 6.800000000000000
254 5.900000000000000 4.200000000000000
255 5.900000000000000 3.100000000000000
256 5.900000000000000 4.000000000000000
257 6.000000000000000 5.200000000000000
258 6.000000000000000 5.600000000000000
259 6.000000000000000 6.800000000000000
260 6.000000000000000 0.900000000000000
261 6.000000000000000 4.100000000000000
262 6.000000000000000 4.900000000000000
263 6.000000000000000 8.100000000000000
264 6.100000000000000 5.200000000000000
265 6.100000000000000 3.700000000000000
266 6.100000000000000 7.500000000000000
267 6.200000000000000 0.800000000000000
268 6.200000000000000 5.300000000000000
269 6.200000000000000 5.000000000000000
270 6.200000000000000 6.100000000000000
271 6.200000000000000 3.500000000000000
272 6.200000000000000 8.100000000000000
273 6.200000000000000 7.500000000000000
274 6.300000000000000 0.300000000000000
275 6.300000000000000 4.300000000000000
276 6.300000000000000 7.800000000000000
277 6.300000000000000 5.400000000000000
278 6.400000000000000 8.000000000000000
279 6.400000000000000 6.500000000000000
280 6.400000000000000 8.300000000000001
281 6.400000000000000 1.300000000000000
282 6.400000000000000 1.500000000000000
283 6.500000000000000 2.500000000000000
284 6.500000000000000 2.900000000000000
285 6.500000000000000 4.500000000000000
286 6.500000000000000 4.800000000000000
287 6.500000000000000 2.400000000000000
288 6.500000000000000 4.800000000000000
289 6.500000000000000 0.700000000000000
290 6.500000000000000 1.600000000000000
291 6.500000000000000 5.500000000000000
292 6.500000000000000 1.600000000000000
293 6.500000000000000 0.900000000000000
294 6.500000000000000 6.500000000000000
295 6.600000000000000 1.600000000000000
296 6.600000000000000 6.700000000000000
297 6.600000000000000 0.700000000000000
298 6.600000000000000 3.800000000000000
299 6.600000000000000 4.000000000000000
300 6.600000000000000 3.900000000000000
301 6.600000000000000 0.700000000000000
302 6.600000000000000 1.600000000000000
303 6.600000000000000 0.700000000000000
304 6.600000000000000 5.400000000000000
305 6.600000000000000 7.500000000000000
306 6.700000000000000 2.300000000000000
307 6.700000000000000 1.500000000000000
308 6.700000000000000 4.800000000000000
309 6.700000000000000 4.800000000000000
310 6.700000000000000 5.400000000000000
311 6.700000000000000 0.900000000000000
312 6.700000000000000 1.300000000000000
313 6.700000000000000 1.300000000000000
314 6.700000000000000 2.200000000000000
315 6.800000000000000 0.900000000000000
316 6.800000000000000 0.800000000000000
317 6.800000000000000 3.300000000000000
318 6.800000000000000 0.500000000000000
319 6.800000000000000 4.800000000000000
320 6.800000000000000 0.600000000000000
321 6.900000000000000 2.200000000000000
322 6.900000000000000 3.900000000000000
323 6.900000000000000 3.400000000000000
324 6.900000000000000 2.800000000000000
325 6.900000000000000 5.900000000000000
326 6.900000000000000 1.500000000000000
327 6.900000000000000 5.100000000000000
328 6.900000000000000 4.600000000000000
329 7.000000000000000 3.600000000000000
330 7.000000000000000 1.200000000000000
331 7.000000000000000 4.700000000000000
332 7.000000000000000 5.300000000000000
333 7.000000000000000 5.700000000000000
334 7.000000000000000 4.300000000000000
335 7.000000000000000 2.100000000000000
336 7.000000000000000 0.900000000000000
337 7.000000000000000 5.300000000000000
338 7.100000000000000 0.900000000000000
339 7.100000000000000 4.500000000000000
340 7.100000000000000 2.800000000000000
341 7.200000000000000 2.700000000000000
342 7.200000000000000 6.100000000000000
343 7.200000000000000 4.400000000000000
344 7.300000000000000 4.200000000000000
345 7.300000000000000 0.600000000000000
346 7.300000000000000 2.800000000000000
347 7.300000000000000 3.500000000000000
348 7.300000000000000 1.800000000000000
349 7.300000000000000 3.800000000000000
350 7.300000000000000 6.000000000000000
351 7.300000000000000 3.900000000000000
352 7.300000000000000 4.400000000000000
353 7.300000000000000 3.400000000000000
354 7.400000000000000 3.600000000000000
355 7.400000000000000 4.300000000000000
356 7.400000000000000 4.200000000000000
357 7.400000000000000 6.000000000000000
358 7.400000000000000 3.400000000000000
359 7.400000000000000 3.800000000000000
360 7.400000000000000 6.400000000000000
361 7.500000000000000 3.600000000000000
362 7.500000000000000 5.700000000000000
363 7.500000000000000 4.000000000000000
364 7.500000000000000 2.400000000000000
365 7.500000000000000 4.500000000000000
366 7.600000000000000 6.100000000000000
367 7.600000000000000 1.500000000000000
368 7.600000000000000 2.100000000000000
369 7.600000000000000 4.300000000000000
370 7.700000000000000 5.400000000000000
371 7.700000000000000 6.600000000000000
372 7.700000000000000 5.900000000000000
373 7.700000000000000 5.500000000000000
374 7.700000000000000 1.700000000000000
375 7.800000000000000 1.000000000000000
376 7.800000000000000 1.300000000000000
377 7.800000000000000 5.800000000000000
378 7.800000000000000 4.800000000000000
379 7.800000000000000 2.300000000000000
380 7.800000000000000 1.600000000000000
381 7.800000000000000 3.700000000000000
382 7.900000000000000 3.300000000000000
383 7.900000000000000 6.500000000000000
384 7.900000000000000 5.600000000000000
385 7.900000000000000 2.500000000000000
386 7.900000000000000 6.800000000000000
387 7.900000000000000 5.600000000000000
388 7.900000000000000 2.500000000000000
389 7.900000000000000 5.300000000000000
390 7.900000000000000 6.800000000000000
391 7.900000000000000 6.700000000000000
392 7.900000000000000 5.200000000000000
393 7.900000000000000 2.200000000000000
394 8.000000000000000 3.800000000000000
395 8.000000000000000 1.800000000000000
396 8.000000000000000 0.800000000000000
397 8.000000000000000 4.600000000000000
398 8.000000000000000 4.100000000000000
399 8.000000000000000 4.100000000000000
400 8.000000000000000 5.600000000000000
401 8.000000000000000 4.800000000000000
402 8.100000000000000 1.700000000000000
403 8.100000000000000 6.700000000000000
404 8.100000000000000 4.900000000000000
405 8.100000000000000 3.100000000000000
406 8.199999999999999 6.800000000000000
407 8.199999999999999 3.200000000000000
408 8.199999999999999 3.500000000000000
409 8.199999999999999 3.500000000000000
410 8.199999999999999 7.100000000000000
411 8.199999999999999 0.800000000000000
412 8.199999999999999 1.400000000000000
413 8.300000000000001 7.200000000000000
414 8.300000000000001 2.000000000000000
415 8.300000000000001 4.200000000000000
416 8.300000000000001 1.200000000000000
417 8.300000000000001 1.500000000000000
418 8.400000000000000 6.900000000000000
419 8.400000000000000 0.500000000000000
420 8.400000000000000 4.700000000000000
421 8.400000000000000 2.600000000000000
422 8.400000000000000 2.700000000000000
423 8.400000000000000 5.500000000000000
424 8.400000000000000 2.900000000000000
425 8.500000000000000 2.300000000000000
426 8.500000000000000 2.600000000000000
427 8.500000000000000 1.500000000000000
428 8.500000000000000 4.200000000000000
429 8.500000000000000 4.500000000000000
430 8.500000000000000 7.300000000000000
431 8.500000000000000 4.700000000000000
432 8.500000000000000 0.900000000000000
433 8.500000000000000 2.400000000000000
434 8.500000000000000 7.400000000000000
435 8.500000000000000 3.300000000000000
436 8.500000000000000 0.700000000000000
437 8.500000000000000 2.000000000000000
438 8.600000000000000 1.600000000000000
439 8.600000000000000 4.000000000000000
440 8.600000000000000 4.800000000000000
441 8.600000000000000 0.800000000000000
442 8.600000000000000 6.100000000000000
443 8.600000000000000 6.400000000000000
444 8.699999999999999 2.300000000000000
445 8.699999999999999 2.800000000000000
446 8.699999999999999 7.200000000000000
447 8.800000000000001 6.200000000000000
448 8.800000000000001 0.800000000000000
449 8.800000000000001 2.800000000000000
450 8.800000000000001 3.300000000000000
451 8.800000000000001 2.400000000000000
452 8.800000000000001 0.800000000000000
453 8.800000000000001 5.000000000000000
454 8.900000000000000 5.400000000000000
455 8.900000000000000 0.600000000000000
456 8.900000000000000 2.200000000000000
457 8.900000000000000 2.400000000000000
458 8.900000000000000 3.300000000000000
459 8.900000000000000 3.700000000000000
460 8.900000000000000 2.400000000000000
461 8.900000000000000 5.300000000000000
462 9.000000000000000 0.700000000000000
463 9.000000000000000 1.100000000000000
464 9.000000000000000 4.900000000000000
465 9.000000000000000 7.500000000000000
466 9.000000000000000 3.200000000000000
467 9.000000000000000 2.600000000000000
468 9.000000000000000 1.600000000000000
469 9.100000000000000 6.800000000000000
470 9.100000000000000 5.800000000000000
471 9.100000000000000 0.900000000000000
472 9.100000000000000 6.300000000000000
473 9.100000000000000 4.900000000000000
474 9.100000000000000 5.200000000000000
475 9.100000000000000 6.100000000000000
476 9.199999999999999 4.300000000000000
477 9.199999999999999 2.400000000000000
478 9.199999999999999 6.300000000000000
479 9.199999999999999 1.500000000000000
480 9.199999999999999 2.300000000000000
481 9.199999999999999 4.500000000000000
482 9.199999999999999 2.900000000000000
483 9.300000000000001 1.800000000000000
484 9.300000000000001 3.400000000000000
485 9.300000000000001 1.200000000000000
486 9.300000000000001 2.500000000000000
487 9.300000000000001 3.700000000000000
488 9.300000000000001 2.700000000000000
489 9.300000000000001 6.000000000000000
490 9.300000000000001 6.600000000000000
491 9.300000000000001 1.200000000000000
492 9.300000000000001 1.700000000000000
493 9.300000000000001 3.800000000000000
494 9.300000000000001 2.800000000000000
495 9.400000000000000 7.600000000000000
496 9.400000000000000 3.600000000000000
497 9.400000000000000 1.900000000000000
498 9.400000000000000 2.800000000000000
499 9.400000000000000 1.400000000000000
500 9.400000000000000 2.500000000000000
501 9.400000000000000 1.300000000000000
502 9.400000000000000 5.600000000000000
503 9.500000000000000 7.600000000000000
504 9.600000000000000 7.800000000000000
505 9.600000000000000 7.700000000000000
