52
0 9.234999999999999 7.081000000000000
1 7.100000000000000 9.826000000000001
2 7.819168493256092 8.901354794385025
3 6.696000000000000 8.494999999999999
4 5.416000000000000 7.506000000000000
5 5.499241904464048 7.570317377746050
6 6.255000000000000 3.096000000000000
7 3.437000000000000 7.870000000000000
8 5.882782364644615 3.726577356702132
9 5.081545104120745 5.083960849158113
10 4.223969610742976 6.536787465689507
11 4.298540390528794 6.410456414341922
12 5.305226766427912 4.705019665391466
13 5.711078064572659 4.017463207853132
14 7.574000000000000 9.016999999999999
15 7.728347889438815 8.837097824230254
16 5.492340993589348 7.611172865277486
17 7.904000000000000 3.487000000000000
18 2.648000000000000 4.110000000000000
19 6.153917449342733 3.694439389090464
20 6.170431967206848 3.692481903430391
21 5.269406613863887 3.799281521986834
22 5.613915791837030 3.758446434871676
23 5.201000000000000 9.336000000000000
24 5.961924557799777 4.831095597086708
25 5.502716974058023 7.549743910700129
26 5.734508358500613 6.177468541704150
27 5.546066693932334 7.293100407838935
28 5.978803161090455 4.731169141172258
29 1.182000000000000 6.204000000000000
30 6.011000000000000 4.817000000000000
31 2.104023323129996 5.939173669666327
32 3.106178057384025 5.651331752828403
33 3.191114941220010 5.626935923903053
34 5.317532535439046 5.016179824673026
35 0.456000000000000 3.552000000000000
36 1.587000000000000 4.492000000000000
37 4.716808810399899 6.927188774007483
38 2.107857343664699 4.860514559252341
39 5.414981417524785 7.480244414555290
40 8.673999999999999 4.012000000000000
41 4.869697295800059 6.814558684896576
42 5.373963428044300 6.443075251977294
43 6.348862924432909 5.724885017670008
44 7.751188228835856 4.691818180857603
45 8.106999999999999 9.105000000000000
46 5.403593729969895 7.192298600667351
47 7.427959357299669 8.624568330555734
48 7.266840551989323 8.510574304651342
49 5.227000000000000 2.727000000000000
50 7.297011836135475 8.272693993454252
51 8.771000000000001 1.121000000000000
87
1 2
2 0
4 5
5 3
7 10
10 11
11 9
9 12
12 13
13 8
8 6
14 15
15 0
4 16
16 1
18 21
21 22
22 8
8 19
19 20
20 17
23 16
16 5
5 25
25 27
27 26
26 24
24 28
28 19
19 6
29 31
31 32
32 33
33 9
9 34
34 24
24 30
35 36
35 31
31 7
35 38
38 32
32 10
10 37
37 39
39 25
25 3
7 37
37 41
41 42
42 26
26 43
43 44
44 40
30 20
20 6
36 38
38 33
33 11
11 41
41 46
46 27
27 48
48 47
47 15
15 2
2 45
49 21
21 12
12 34
34 42
42 46
46 39
39 4
30 43
43 50
50 47
47 14
1 48
48 50
50 44
44 17
6 51
49 22
22 13
13 28
28 30
22
0 2.900000000000000 5.700000000000000
1 3.000000000000000 6.000000000000000
2 3.700000000000000 7.500000000000000
3 4.100000000000000 5.900000000000000
4 4.200000000000000 6.400000000000000
5 5.100000000000000 5.900000000000000
6 5.500000000000000 5.300000000000000
7 5.600000000000000 6.100000000000000
8 5.700000000000000 5.400000000000000
9 5.800000000000000 5.600000000000000
10 5.800000000000000 5.900000000000000
11 6.000000000000000 8.000000000000000
12 6.000000000000000 7.400000000000000
13 6.300000000000000 3.700000000000000
14 6.700000000000000 5.200000000000000
15 6.700000000000000 6.800000000000000
16 6.800000000000000 8.900000000000000
17 6.800000000000000 3.700000000000000
18 7.000000000000000 7.800000000000000
19 7.500000000000000 4.700000000000000
20 7.500000000000000 5.800000000000000
21 7.800000000000000 5.200000000000000
