325
0 8.010000000000000 5.100000000000000
1 9.490000000000000 9.199999999999999
2 8.747213551285938 7.142280783967802
3 9.480544518692435 9.173805761242555
4 9.406384180790965 8.968361581920917
5 6.410000000000000 0.630000000000000
6 8.960000000000001 1.780000000000000
7 7.132895639392455 0.956011758941695
8 7.643801965928827 1.186420494438491
9 7.190454397300459 0.981969630155109
10 7.738719312845509 1.229226356773465
11 8.279999999999999 1.700000000000000
12 4.050000000000000 2.580000000000000
13 5.543403441682599 2.269315596056575
14 6.371610766284717 2.097017145548333
15 6.766021794787632 2.014964732999263
16 6.607047383934731 2.048037423673153
17 4.907545045368920 2.401598193871242
18 5.820777417499084 2.211611317399718
19 6.297909523551999 2.112349791790601
20 7.348324456750214 1.893823753678442
21 5.132451875666444 2.354809066055208
22 5.846164062639982 2.206329934959058
23 7.545968145222875 1.852706390591931
24 3.720000000000000 5.140000000000000
25 2.370000000000000 5.690000000000000
26 3.649444444444445 5.168744855967078
27 2.659629420084866 5.572002828854314
28 2.703068417415341 5.554305459571528
29 3.037134815648748 5.418204334365325
30 2.407145999622903 5.674866444598077
31 3.571308170515097 5.200578152753108
32 3.711900506218361 5.143299793762890
33 2.593184046765982 5.599073166132378
34 0.900000000000000 1.390000000000000
35 6.940000000000000 4.570000000000000
36 4.386196312628034 3.225447727509462
37 6.315501111138246 4.241207538645633
38 5.921529259334285 4.033785272298514
39 6.610757081171472 4.396656873861802
40 3.494160771135479 2.755799876193845
41 6.824517248125204 4.509199478317575
42 5.430574727226592 3.775302588175590
43 4.921829943631555 3.507453513368931
44 5.544202658447313 3.835126565209016
45 5.474162678285126 3.798251211415017
46 6.358403552659175 4.263795247923208
47 6.345309803420986 4.256901519019658
48 4.602299487387148 3.339223902299856
49 6.738675578770305 4.464004692134036
50 3.134776972931757 2.566587876477316
51 5.910000000000000 2.760000000000000
52 6.359522867106638 2.558947578424879
53 6.579653039740329 2.460492733280697
54 6.659404713791438 2.424823208177669
55 6.599120518055378 2.451785759857088
56 7.233844325781654 2.167900850072340
57 7.482971779888202 2.056476756674475
58 2.420000000000000 4.850000000000000
59 8.060000000000000 0.190000000000000
60 6.385304997019132 1.573701899626037
61 3.878974151857835 3.644535541195476
62 6.525086112996670 1.458208991743887
63 5.021395735939935 2.700619835198564
64 5.669674481724194 2.164985268646323
65 4.047881432549392 3.504977397929048
66 5.238549227420333 2.521198687982491
67 3.543325993309068 3.921861856592153
68 3.274735740991994 4.143782171449877
69 5.120000000000000 5.550000000000000
70 4.360000000000000 5.352962962962962
71 4.848050084411931 5.479494466329019
72 4.651419354838710 5.428516129032258
73 3.164836152593956 5.043105669191025
74 3.357778522590160 5.093127765115967
75 4.776226692115696 5.460873586844810
76 2.827532139093783 4.955656480505795
77 3.732440827173823 5.190262436674694
78 6.270000000000000 5.980000000000000
79 6.292234456743357 5.130326117307400
80 6.347581551475278 3.015276425766171
81 6.298359463530087 4.896263357957399
82 6.364223837424905 2.379303355548257
83 6.373207184886962 2.036011148962527
84 6.321638790235643 4.006660515995053
85 6.312003068648992 4.374882733770643
86 6.316281709234075 4.211377539983560
87 6.381509475815190 1.718745031348083
88 3.310000000000000 7.710000000000000
89 3.934809600394995 7.169531089465487
90 4.992554173354735 6.254567464370835
91 5.986797660592853 5.394533153095990
92 5.004585012087027 6.244160623153371
93 6.837444979764888 4.658711505106957
94 6.032150212899101 5.355302570660282
95 3.515885123637534 7.531906532170288
96 4.129753115760853 7.000902263501631
97 5.829137980167795 5.530910948284607
98 6.685390417732311 4.790240795680591
99 4.319488599361236 6.836778456750887
100 6.620452682648031 4.846412830987655
101 5.550273631345038 5.772132451123025
102 5.469550744680456 5.841958859973380
103 4.416053149176101 6.753248791070812
104 1.280000000000000 3.590000000000000
105 2.700000000000000 5.630000000000000
106 1.531560649215606 3.951396989013970
107 2.671577417955761 5.589167558189966
108 2.462210184874487 5.288386462777432
109 2.106634026426303 4.777558742189901
110 2.550767784761793 5.415610056981730
111 9.150000000000000 7.140000000000000
112 0.320000000000000 7.190000000000000
113 4.611418541998097 7.165699781755390
114 7.103739602713098 7.151586978467083
115 0.646429395181958 7.188151588928755
116 4.880261453448119 7.164177454963488
117 3.681693229255049 7.170964364500255
118 5.540684927540428 7.160437797692296
119 5.401664434376492 7.161225003202851
120 1.230198079344494 7.184845990490689
121 7.053019196316486 7.151874183486316
122 5.649190594864015 7.159823382815039
123 1.294945360424486 7.184479358094991
124 3.301670671044891 7.173116247615828
125 4.059261894663306 7.168826376587410
126 5.147565943858417 7.162663839502501
127 8.187176819392208 7.145451999890192
128 4.941742669984599 7.163829316704504
129 7.037962401380671 7.151959442800789
130 4.596486190872973 7.165784336405022
131 2.957549809080942 7.175064836868171
132 4.070000000000000 8.460000000000001
133 7.040000000000000 1.360000000000000
134 4.255907951648783 8.015573583600553
135 5.000680038888605 6.235141994576063
136 6.643238800634678 2.308486368853127
137 5.716032653344596 4.525039784933796
138 6.585104428033759 2.447460794936132
139 5.965725252840440 3.928131550448780
140 6.033048483699578 3.767190493512793
141 4.671595462510711 7.021842497028268
142 5.232725737458331 5.680419954224193
143 5.243968448080254 5.653543440616229
144 4.604100644325259 7.183193745889113
145 6.780000000000000 8.130000000000001
146 8.580000000000000 2.690000000000000
147 8.374015160085982 3.312531960629030
148 7.063507749370777 7.273176579679428
149 8.468006099885628 3.028470453678993
150 6.896730067541340 7.777215795875062
151 7.475215945875011 6.028902919133301
152 7.089400582675298 7.194922683470214
153 1.730000000000000 3.570000000000000
154 1.575043085417887 3.576886973981427
155 4.360000000000000 3.720000000000000
156 4.360000000000000 6.270000000000000
157 4.360000000000000 6.187272727272727
158 4.360000000000000 4.755476190476191
159 4.360000000000000 4.077050691244239
160 4.360000000000000 5.428363939899834
161 4.360000000000000 4.765192878338279
162 9.510000000000000 9.220000000000001
163 0.480000000000000 7.150000000000000
164 4.336362063552500 8.034016552774494
165 4.918508619091752 8.167465430954588
166 5.938607931860528 8.401308795011218
167 1.127580541508980 7.298448695561859
168 7.185773264185324 8.687203837969394
169 4.846789431545236 8.151024819855886
170 1.172396758341236 7.308722180483540
171 3.733103445475733 7.895728032351580
172 5.520921535504164 8.305560086211919
173 4.744526058466031 8.127582385495536
174 5.047533529580173 8.197042569903761
175 3.090086385490365 7.748325450494470
176 8.170000000000000 1.820000000000000
177 8.550000000000001 4.600000000000000
178 8.329337739817159 2.985681359715009
179 6.790000000000000 4.110000000000000
180 5.189089891163166 6.670279034353026
181 6.024269828094843 5.334605238157145
182 5.683495864386601 5.879593010999370
183 6.523453160615482 4.536278952692152
184 4.895632893284833 7.139594453754037
185 5.720032475026088 5.821161299131074
186 5.625553313174946 5.972258488120950
187 4.712870168074455 7.431880429733868
188 5.620000000000000 4.360000000000000
189 4.740823258491653 5.634996573183102
190 3.477331656053138 7.467332879749779
191 4.644485651750972 5.774706955252920
192 4.020494097655020 6.679629771798997
193 4.796397468291304 5.554401939923866
194 4.932759373561048 5.356647661718826
195 4.242829172218038 6.357195789207607
196 4.330000000000000 9.119999999999999
197 5.458747109916890 7.293058801474723
198 5.192563291139239 7.723892405063294
199 4.619256769757687 8.651821516990136
200 5.392285646680232 7.400630448156737
201 6.053793720076143 6.329942123175726
202 4.986479461424920 8.057450768621521
203 1.750000000000000 2.070000000000000
204 1.440000000000000 4.740000000000000
205 1.644949122145837 2.974793044743921
206 1.506585341532325 4.166506897124813
207 1.457409556190107 4.590053177330365
208 2.630000000000000 0.760000000000000
209 5.990000000000000 8.520000000000000
210 4.056925526301425 4.055518477410434
211 5.487526669300672 7.359525879099170
212 4.155860873584469 4.284012017564132
213 3.794323206100677 3.449032166470612
214 5.843510122611919 8.181678140318004
215 4.721686372452639 5.590799479235858
216 5.272636557330330 6.863232049072428
217 3.988740831897613 3.898044302239724
218 5.538628553412853 7.477546897167780
219 4.692995849479710 5.524538033322187
220 4.367609694018702 4.773050959995574
221 6.970000000000000 4.660000000000000
222 6.666019910816136 2.472429001051836
223 6.576707359854066 1.829697607521223
224 6.776013967163688 3.263993370838679
225 6.541092659778212 1.573398962332494
226 6.879477529862950 4.008561509549450
227 0.530000000000000 7.960000000000000
228 2.481568247693461 5.799517135712723
229 2.437916405637598 5.847841890364643
230 3.136124627226880 5.074890752103924
231 3.871521479367931 4.260769954955607
232 3.503902996897831 4.667741851998224
233 2.607336251874758 5.660285715940216
234 7.250000000000000 9.430000000000000
235 7.100329540119386 7.699028594424199
236 6.874455525959565 5.086746517619319
237 6.802702072836487 4.256902233674156
238 7.054199189592664 7.165521062245588
239 4.530000000000000 1.410000000000000
240 4.704002465322547 1.867006475013814
241 5.215308005151002 3.209918151459815
242 5.445020275612306 3.813242907786345
243 5.455887766810648 3.841785686393483
244 5.970319479012899 5.192908056947671
245 5.094022560538961 2.891369598656926
246 9.320000000000000 6.750000000000000
247 9.063748044830710 3.212299396690619
248 9.510000000000000 3.350000000000000
249 4.260000000000000 1.730000000000000
250 6.111512405910232 2.301323828109443
251 7.056337654534428 2.592869904827766
252 4.850166510297588 1.912108523177541
253 5.835408414142550 2.216126024935416
254 7.294430719607895 2.666338622050437
255 3.690000000000000 9.580000000000000
256 6.240000000000000 6.430000000000000
257 4.361140006368751 8.750944698015074
258 4.615283070223190 8.437003266194884
259 5.435755901887289 7.423478003550997
260 6.213210245741776 6.463093225848394
261 4.964051324880419 8.006171892794775
262 4.767631718787364 3.663783510906820
263 2.549233638973341 5.912850688598457
264 5.496152517408086 2.925190996176134
265 2.553457003282283 5.908568936764507
266 3.322634581652601 5.128757566988147
267 4.023741179772278 4.417958250922115
268 3.587910708278589 4.859814028473319
269 2.643607936524443 5.817171677256325
270 3.400000000000000 8.020000000000000
271 3.590869713067294 9.046747422017168
272 2.260000000000000 0.060000000000000
273 1.170000000000000 2.870000000000000
274 5.465932554027646 3.817857004803253
275 6.453641588125184 4.035785688483137
276 6.163495983243630 3.971767797014609
277 4.347682249566521 3.571125620900799
278 1.737663339168283 2.995249562378767
279 2.346563349646546 3.129597607395323
280 2.892821546544595 3.250124326995604
281 1.240000000000000 3.720000000000000
282 2.277073420605372 5.457006365254228
283 2.543576810646912 5.903376000871507
284 1.822399443326084 4.695467618857116
285 2.739347682917035 6.231274917677295
286 8.529999999999999 7.150000000000000
287 2.020000000000000 9.650000000000000
288 4.507653254605167 8.694680009752240
289 8.256941040966550 7.254861351395334
290 6.441442538154425 7.952057397022110
291 7.506293514767994 7.543128450549926
292 5.156248114147360 8.445603642800553
293 4.000000000000000 7.310000000000000
294 5.703893778226053 3.250986025691862
295 4.220491108929350 6.784746311189245
296 4.743391690773198 5.539093092660707
297 4.854083338261989 5.275403565920392
298 4.323011627492060 6.540522039220484
299 6.354960959312634 4.272037167114794
300 5.110115339774237 7.252324401023074
301 5.709208189031022 5.818035086314469
302 5.639814698719190 5.984170171699095
303 4.877701931113130 7.808745778863202
304 5.334770466465983 2.672099868092234
305 6.653351933124835 4.739995702350393
306 8.740000000000000 7.350000000000000
307 0.550000000000000 7.030000000000000
308 2.063829857898608 5.651225535549071
309 2.802433589862853 4.978515878207469
310 3.739813929280115 4.124763345369377
311 3.401275876365164 4.433098935507627
312 2.511066269176208 5.243889043786250
313 1.700000000000000 5.460000000000000
314 4.492316855028864 6.927615354906903
315 2.680131701318885 5.975147961126265
316 0.280000000000000 4.250000000000000
317 5.299096858089686 5.699588908930744
318 3.760902304767187 5.255335724081341
319 2.424475040113213 4.869355896393299
320 3.340000000000000 2.420000000000000
321 2.600473186119874 2.948233438485804
322 3.120000000000000 3.790000000000000
323 5.320000000000000 8.820000000000000
324 3.250000000000000 8.440000000000000
576
0 2
2 4
4 3
3 1
5 7
7 9
9 8
8 10
10 6
12 17
17 21
21 13
13 18
18 22
22 19
19 14
14 16
16 15
15 20
20 23
23 11
25 30
30 33
33 27
27 28
28 29
29 31
31 26
26 32
32 24
34 50
50 40
40 36
36 48
48 43
43 42
42 45
45 44
44 38
38 37
37 47
47 46
46 39
39 49
49 41
41 35
51 52
52 53
53 55
55 54
54 56
56 57
57 11
58 68
68 67
67 61
61 65
65 36
36 63
63 66
66 13
13 64
64 60
60 62
62 7
7 59
58 76
76 73
73 74
74 26
26 77
77 70
70 72
72 75
75 71
71 69
78 79
79 81
81 85
85 37
37 86
86 84
84 80
80 52
52 82
82 14
14 83
83 87
87 60
60 5
88 95
95 89
89 96
96 99
99 103
103 90
90 92
92 102
102 101
101 97
97 91
91 94
94 79
79 100
100 98
98 93
93 35
104 106
106 109
109 108
108 110
110 27
27 107
107 105
112 115
115 120
120 123
123 131
131 124
124 117
117 89
89 125
125 130
130 113
113 116
116 128
128 126
126 119
119 118
118 122
122 129
129 121
121 114
114 127
127 2
2 111
132 134
134 144
144 113
113 141
141 90
90 135
135 142
142 143
143 137
137 38
38 139
139 140
140 80
80 53
53 138
138 136
136 15
15 133
145 150
150 148
148 152
152 114
114 151
151 147
147 149
149 146
104 154
154 153
155 159
159 158
158 161
161 70
70 160
160 157
157 156
163 115
115 167
167 170
170 175
175 171
171 134
134 164
164 173
173 169
169 165
165 174
174 172
172 166
166 168
168 162
176 178
178 147
147 177
132 164
164 187
187 116
116 184
184 180
180 186
186 182
182 185
185 91
91 181
181 81
81 183
183 39
39 179
88 190
190 117
117 192
192 195
195 157
157 191
191 189
189 193
193 71
71 194
194 188
196 199
199 165
165 202
202 198
198 200
200 197
197 118
118 201
201 78
204 207
207 206
206 106
106 154
154 205
205 203
208 40
40 213
213 61
61 217
217 210
210 212
212 158
158 220
220 72
72 219
219 215
215 189
189 135
135 92
92 180
180 216
216 119
119 197
197 211
211 218
218 214
214 166
166 209
5 62
62 225
225 223
223 16
16 136
136 54
54 222
222 224
224 226
226 221
227 167
167 120
120 229
229 228
228 233
233 107
107 28
28 230
230 73
73 232
232 231
231 210
210 155
179 237
237 41
41 93
93 236
236 121
121 238
238 148
148 235
235 168
168 234
239 240
240 17
17 63
63 245
245 241
241 42
42 242
242 243
243 137
137 244
244 181
181 94
94 78
6 247
247 246
249 240
240 252
252 64
64 18
18 253
253 250
250 82
82 138
138 55
55 222
222 251
251 254
254 178
178 149
149 247
247 248
255 257
257 258
258 169
169 261
261 198
198 259
259 211
211 122
122 260
260 256
227 170
170 123
123 263
263 265
265 269
269 29
29 266
266 74
74 268
268 267
267 212
212 159
159 262
262 43
43 241
241 264
264 250
250 19
19 83
83 223
223 133
270 271
271 255
272 59
273 205
205 278
278 279
279 280
280 213
213 65
65 277
277 262
262 242
242 274
274 44
44 139
139 276
276 84
84 275
275 179
281 206
206 284
284 282
282 30
30 228
228 283
283 263
263 285
285 124
124 190
190 95
95 171
171 132
287 271
271 257
257 288
288 199
199 292
292 172
172 214
214 290
290 150
150 235
235 291
291 289
289 286
293 125
125 96
96 295
295 298
298 191
191 215
215 296
296 75
75 297
297 243
243 274
274 45
45 294
294 51
196 288
288 258
258 173
173 303
303 300
300 126
126 216
216 302
302 182
182 301
301 97
97 244
244 85
85 299
299 46
46 275
275 224
224 251
251 56
56 20
20 8
8 59
239 252
252 21
21 66
66 304
304 264
264 294
294 140
140 276
276 86
86 47
47 299
299 183
183 305
305 98
98 236
236 151
151 127
127 289
289 3
3 162
306 4
4 162
307 308
308 282
282 108
108 312
312 309
309 76
76 311
311 310
310 217
217 277
277 48
48 245
245 304
304 253
253 22
22 87
87 225
225 9
9 59
313 308
308 229
229 283
283 265
265 315
315 192
192 295
295 99
99 314
314 141
141 184
184 128
128 300
300 200
200 259
259 218
218 290
290 145
78 100
100 305
305 49
49 237
237 226
226 254
254 57
57 23
23 10
10 59
153 278
278 203
316 207
207 284
284 109
109 319
319 309
309 230
230 266
266 31
31 318
318 160
160 219
219 296
296 193
193 142
142 317
317 101
101 301
301 185
185 78
153 279
279 321
321 50
50 320
69 143
143 317
317 102
102 186
186 302
302 201
201 260
260 129
129 238
238 152
152 291
291 1
203 321
321 280
280 67
67 310
310 231
231 267
267 161
161 220
220 297
297 194
194 69
322 68
68 311
311 232
232 268
268 32
32 77
77 318
318 195
195 298
298 103
103 314
314 130
130 144
144 187
187 303
303 261
261 202
202 174
174 292
292 323
58 319
319 312
312 110
110 33
33 233
233 269
269 315
315 285
285 131
131 175
175 324
498
0 0.900000000000000 7.500000000000000
1 1.300000000000000 5.400000000000000
2 1.300000000000000 3.900000000000000
3 1.300000000000000 6.100000000000000
4 1.300000000000000 3.800000000000000
5 1.400000000000000 4.200000000000000
6 1.400000000000000 5.700000000000000
7 1.500000000000000 6.700000000000000
8 1.500000000000000 6.000000000000000
9 1.500000000000000 6.200000000000000
10 1.500000000000000 5.400000000000000
11 1.500000000000000 3.600000000000000
12 1.700000000000000 7.100000000000000
13 1.700000000000000 3.800000000000000
14 1.700000000000000 3.900000000000000
15 1.800000000000000 6.800000000000000
16 1.800000000000000 7.200000000000000
17 1.800000000000000 5.500000000000000
18 1.900000000000000 5.800000000000000
19 1.900000000000000 5.300000000000000
20 1.900000000000000 7.300000000000000
21 1.900000000000000 5.400000000000000
22 1.900000000000000 3.600000000000000
23 1.900000000000000 6.200000000000000
24 1.900000000000000 6.600000000000000
25 2.000000000000000 3.300000000000000
26 2.100000000000000 7.000000000000000
27 2.100000000000000 5.300000000000000
28 2.100000000000000 4.100000000000000
29 2.100000000000000 5.300000000000000
30 2.100000000000000 6.700000000000000
31 2.100000000000000 3.600000000000000
32 2.100000000000000 6.900000000000000
33 2.200000000000000 4.900000000000000
34 2.200000000000000 5.200000000000000
35 2.200000000000000 5.800000000000000
36 2.300000000000000 3.800000000000000
37 2.300000000000000 2.700000000000000
38 2.300000000000000 4.200000000000000
39 2.300000000000000 4.300000000000000
40 2.300000000000000 4.000000000000000
41 2.300000000000000 7.200000000000000
42 2.300000000000000 3.400000000000000
43 2.300000000000000 3.100000000000000
44 2.400000000000000 5.500000000000000
45 2.400000000000000 4.100000000000000
46 2.400000000000000 7.100000000000000
47 2.400000000000000 6.400000000000000
48 2.400000000000000 5.800000000000000
49 2.500000000000000 4.900000000000000
50 2.500000000000000 6.200000000000000
51 2.500000000000000 3.400000000000000
52 2.500000000000000 7.100000000000000
53 2.600000000000000 7.100000000000000
54 2.600000000000000 6.200000000000000
55 2.600000000000000 5.700000000000000
56 2.600000000000000 4.400000000000000
57 2.700000000000000 4.100000000000000
58 2.700000000000000 5.700000000000000
59 2.700000000000000 7.600000000000000
60 2.700000000000000 6.000000000000000
61 2.800000000000000 5.000000000000000
62 2.800000000000000 5.000000000000000
63 2.800000000000000 3.700000000000000
64 2.800000000000000 5.000000000000000
65 2.800000000000000 4.400000000000000
66 2.800000000000000 5.200000000000000
67 2.800000000000000 5.900000000000000
68 2.900000000000000 4.900000000000000
69 2.900000000000000 3.000000000000000
70 2.900000000000000 7.400000000000000
71 2.900000000000000 5.000000000000000
72 2.900000000000000 4.200000000000000
73 3.000000000000000 5.700000000000000
74 3.000000000000000 5.800000000000000
75 3.000000000000000 4.400000000000000
76 3.000000000000000 3.100000000000000
77 3.100000000000000 2.900000000000000
78 3.100000000000000 4.300000000000000
79 3.200000000000000 3.600000000000000
80 3.200000000000000 6.500000000000000
81 3.200000000000000 4.800000000000000
82 3.200000000000000 6.500000000000000
83 3.200000000000000 6.400000000000000
84 3.300000000000000 5.600000000000000
85 3.300000000000000 7.700000000000000
86 3.300000000000000 4.000000000000000
87 3.300000000000000 7.700000000000000
88 3.300000000000000 4.300000000000000
89 3.400000000000000 3.800000000000000
90 3.400000000000000 7.300000000000000
91 3.400000000000000 3.900000000000000
92 3.400000000000000 5.400000000000000
93 3.400000000000000 5.700000000000000
94 3.500000000000000 2.900000000000000
95 3.500000000000000 5.800000000000000
96 3.500000000000000 5.800000000000000
97 3.500000000000000 7.100000000000000
98 3.600000000000000 8.000000000000000
99 3.600000000000000 8.400000000000000
100 3.600000000000000 7.100000000000000
101 3.700000000000000 3.100000000000000
102 3.700000000000000 3.700000000000000
103 3.700000000000000 5.600000000000000
104 3.700000000000000 3.200000000000000
105 3.700000000000000 7.900000000000000
106 3.800000000000000 3.200000000000000
107 3.800000000000000 4.300000000000000
108 3.900000000000000 6.000000000000000
109 3.900000000000000 5.600000000000000
110 3.900000000000000 3.200000000000000
111 3.900000000000000 5.800000000000000
112 3.900000000000000 5.900000000000000
113 3.900000000000000 6.700000000000000
114 3.900000000000000 4.200000000000000
115 3.900000000000000 3.700000000000000
116 4.000000000000000 8.199999999999999
117 4.000000000000000 6.400000000000000
118 4.000000000000000 5.500000000000000
119 4.000000000000000 8.000000000000000
120 4.000000000000000 6.600000000000000
121 4.000000000000000 4.400000000000000
122 4.000000000000000 3.500000000000000
123 4.000000000000000 4.600000000000000
124 4.000000000000000 8.800000000000001
125 4.000000000000000 4.600000000000000
126 4.000000000000000 5.700000000000000
127 4.100000000000000 7.100000000000000
128 4.100000000000000 5.400000000000000
129 4.100000000000000 4.600000000000000
130 4.100000000000000 5.300000000000000
131 4.100000000000000 4.900000000000000
132 4.100000000000000 6.300000000000000
133 4.200000000000000 7.100000000000000
134 4.200000000000000 8.400000000000000
135 4.200000000000000 3.600000000000000
136 4.200000000000000 5.000000000000000
137 4.300000000000000 8.800000000000001
138 4.300000000000000 3.200000000000000
139 4.300000000000000 7.900000000000000
140 4.300000000000000 7.800000000000000
141 4.400000000000000 3.400000000000000
142 4.400000000000000 7.300000000000000
143 4.400000000000000 3.900000000000000
144 4.400000000000000 3.700000000000000
145 4.400000000000000 8.000000000000000
146 4.400000000000000 5.000000000000000
147 4.400000000000000 3.600000000000000
148 4.500000000000000 8.199999999999999
149 4.500000000000000 6.500000000000000
150 4.500000000000000 6.100000000000000
151 4.500000000000000 4.400000000000000
152 4.500000000000000 5.000000000000000
153 4.500000000000000 6.900000000000000
154 4.600000000000000 3.100000000000000
155 4.600000000000000 5.900000000000000
156 4.600000000000000 3.300000000000000
157 4.600000000000000 7.300000000000000
158 4.600000000000000 7.000000000000000
159 4.600000000000000 7.500000000000000
160 4.600000000000000 7.900000000000000
161 4.600000000000000 5.400000000000000
162 4.700000000000000 5.200000000000000
163 4.700000000000000 4.600000000000000
164 4.700000000000000 4.000000000000000
165 4.700000000000000 4.300000000000000
166 4.700000000000000 5.800000000000000
167 4.800000000000000 8.500000000000000
168 4.800000000000000 7.000000000000000
169 4.800000000000000 2.500000000000000
170 4.800000000000000 5.700000000000000
171 4.800000000000000 2.100000000000000
172 4.800000000000000 8.400000000000000
173 4.900000000000000 6.900000000000000
174 4.900000000000000 2.900000000000000
175 4.900000000000000 2.200000000000000
176 4.900000000000000 3.800000000000000
177 5.000000000000000 2.500000000000000
178 5.000000000000000 7.300000000000000
179 5.000000000000000 4.500000000000000
180 5.100000000000000 2.700000000000000
181 5.100000000000000 8.199999999999999
182 5.100000000000000 5.900000000000000
183 5.100000000000000 7.200000000000000
184 5.100000000000000 8.400000000000000
185 5.200000000000000 6.000000000000000
186 5.200000000000000 8.300000000000001
187 5.200000000000000 5.000000000000000
188 5.200000000000000 8.100000000000000
189 5.200000000000000 4.400000000000000
190 5.200000000000000 6.900000000000000
191 5.200000000000000 7.300000000000000
192 5.200000000000000 7.400000000000000
193 5.200000000000000 3.900000000000000
194 5.200000000000000 5.400000000000000
195 5.300000000000000 6.900000000000000
196 5.300000000000000 3.400000000000000
197 5.300000000000000 5.700000000000000
198 5.300000000000000 7.400000000000000
199 5.300000000000000 5.600000000000000
200 5.300000000000000 4.000000000000000
201 5.300000000000000 5.100000000000000
202 5.400000000000000 7.500000000000000
203 5.400000000000000 8.199999999999999
204 5.400000000000000 3.600000000000000
205 5.400000000000000 5.800000000000000
206 5.400000000000000 3.200000000000000
207 5.400000000000000 7.200000000000000
208 5.400000000000000 5.500000000000000
209 5.400000000000000 5.600000000000000
210 5.400000000000000 7.600000000000000
211 5.500000000000000 8.300000000000001
212 5.500000000000000 8.000000000000000
213 5.500000000000000 7.700000000000000
214 5.600000000000000 5.800000000000000
215 5.600000000000000 4.100000000000000
216 5.600000000000000 2.200000000000000
217 5.600000000000000 6.900000000000000
218 5.600000000000000 6.900000000000000
219 5.600000000000000 7.900000000000000
220 5.600000000000000 4.200000000000000
221 5.600000000000000 8.199999999999999
222 5.600000000000000 7.700000000000000
223 5.600000000000000 4.500000000000000
224 5.700000000000000 4.000000000000000
225 5.700000000000000 7.800000000000000
226 5.700000000000000 3.400000000000000
227 5.700000000000000 3.400000000000000
228 5.700000000000000 8.000000000000000
229 5.700000000000000 4.100000000000000
230 5.800000000000000 4.400000000000000
231 5.800000000000000 6.100000000000000
232 5.800000000000000 3.600000000000000
233 5.800000000000000 3.700000000000000
234 5.800000000000000 5.400000000000000
235 5.800000000000000 5.400000000000000
236 5.800000000000000 5.600000000000000
237 5.900000000000000 5.700000000000000
238 5.900000000000000 4.600000000000000
239 5.900000000000000 3.900000000000000
240 5.900000000000000 8.199999999999999
241 6.000000000000000 2.100000000000000
242 6.000000000000000 4.800000000000000
243 6.000000000000000 6.100000000000000
244 6.000000000000000 7.500000000000000
245 6.000000000000000 5.900000000000000
246 6.000000000000000 8.300000000000001
247 6.000000000000000 6.000000000000000
248 6.100000000000000 4.800000000000000
249 6.100000000000000 2.100000000000000
250 6.100000000000000 2.100000000000000
251 6.100000000000000 7.700000000000000
252 6.100000000000000 2.400000000000000
253 6.200000000000000 6.900000000000000
254 6.200000000000000 6.000000000000000
255 6.200000000000000 2.700000000000000
256 6.200000000000000 5.400000000000000
257 6.200000000000000 2.500000000000000
258 6.200000000000000 6.600000000000000
259 6.200000000000000 7.400000000000000
260 6.200000000000000 3.800000000000000
261 6.200000000000000 3.100000000000000
262 6.300000000000000 7.200000000000000
263 6.300000000000000 2.500000000000000
264 6.300000000000000 7.900000000000000
265 6.300000000000000 3.100000000000000
266 6.300000000000000 4.800000000000000
267 6.300000000000000 3.500000000000000
268 6.300000000000000 1.900000000000000
269 6.300000000000000 3.400000000000000
270 6.300000000000000 6.000000000000000
271 6.400000000000000 8.100000000000000
272 6.400000000000000 6.600000000000000
273 6.400000000000000 1.500000000000000
274 6.500000000000000 3.700000000000000
275 6.500000000000000 8.500000000000000
276 6.500000000000000 3.500000000000000
277 6.500000000000000 2.200000000000000
278 6.500000000000000 6.100000000000000
279 6.500000000000000 1.800000000000000
280 6.500000000000000 2.800000000000000
281 6.500000000000000 2.300000000000000
282 6.500000000000000 0.800000000000000
283 6.600000000000000 6.000000000000000
284 6.600000000000000 8.300000000000001
285 6.600000000000000 3.200000000000000
286 6.600000000000000 2.100000000000000
287 6.600000000000000 6.600000000000000
288 6.600000000000000 2.700000000000000
289 6.600000000000000 1.900000000000000
290 6.600000000000000 1.100000000000000
291 6.600000000000000 2.300000000000000
292 6.600000000000000 5.400000000000000
293 6.700000000000000 3.600000000000000
294 6.700000000000000 4.700000000000000
295 6.700000000000000 7.900000000000000
296 6.700000000000000 5.300000000000000
297 6.700000000000000 4.600000000000000
298 6.700000000000000 6.500000000000000
299 6.700000000000000 1.200000000000000
300 6.800000000000000 2.300000000000000
301 6.800000000000000 7.300000000000000
302 6.800000000000000 7.100000000000000
303 6.800000000000000 0.900000000000000
304 6.800000000000000 7.800000000000000
305 6.800000000000000 4.200000000000000
306 6.800000000000000 3.600000000000000
307 6.900000000000000 5.100000000000000
308 6.900000000000000 6.100000000000000
309 6.900000000000000 3.400000000000000
310 6.900000000000000 4.100000000000000
311 6.900000000000000 4.800000000000000
312 6.900000000000000 7.100000000000000
313 6.900000000000000 2.900000000000000
314 6.900000000000000 5.900000000000000
315 6.900000000000000 3.400000000000000
316 6.900000000000000 6.100000000000000
317 6.900000000000000 7.900000000000000
318 7.000000000000000 8.199999999999999
319 7.000000000000000 3.700000000000000
320 7.000000000000000 3.500000000000000
321 7.100000000000000 1.000000000000000
322 7.100000000000000 4.900000000000000
323 7.100000000000000 6.000000000000000
324 7.100000000000000 2.100000000000000
325 7.100000000000000 5.600000000000000
326 7.100000000000000 8.400000000000000
327 7.100000000000000 6.400000000000000
328 7.100000000000000 4.700000000000000
329 7.100000000000000 4.400000000000000
330 7.200000000000000 7.100000000000000
331 7.200000000000000 6.000000000000000
332 7.200000000000000 2.700000000000000
333 7.200000000000000 3.100000000000000
334 7.200000000000000 4.200000000000000
335 7.200000000000000 1.700000000000000
336 7.300000000000000 5.100000000000000
337 7.300000000000000 2.100000000000000
338 7.300000000000000 3.400000000000000
339 7.300000000000000 7.500000000000000
340 7.300000000000000 2.900000000000000
341 7.300000000000000 4.600000000000000
342 7.300000000000000 1.700000000000000
343 7.300000000000000 7.000000000000000
344 7.300000000000000 5.200000000000000
345 7.400000000000000 7.800000000000000
346 7.400000000000000 7.900000000000000
347 7.400000000000000 8.400000000000000
348 7.400000000000000 7.400000000000000
349 7.400000000000000 8.000000000000000
350 7.400000000000000 1.400000000000000
351 7.400000000000000 0.900000000000000
352 7.400000000000000 5.400000000000000
353 7.400000000000000 2.400000000000000
354 7.400000000000000 4.900000000000000
355 7.400000000000000 1.700000000000000
356 7.400000000000000 2.300000000000000
357 7.400000000000000 3.500000000000000
358 7.400000000000000 6.500000000000000
359 7.500000000000000 4.700000000000000
360 7.500000000000000 5.200000000000000
361 7.500000000000000 2.200000000000000
362 7.500000000000000 3.200000000000000
363 7.500000000000000 3.900000000000000
364 7.500000000000000 3.900000000000000
365 7.500000000000000 8.199999999999999
366 7.500000000000000 4.800000000000000
367 7.600000000000000 2.600000000000000
368 7.600000000000000 4.600000000000000
369 7.600000000000000 8.100000000000000
370 7.600000000000000 2.900000000000000
371 7.700000000000000 5.100000000000000
372 7.700000000000000 1.300000000000000
373 7.700000000000000 3.400000000000000
374 7.700000000000000 1.900000000000000
375 7.700000000000000 1.600000000000000
376 7.700000000000000 1.100000000000000
377 7.700000000000000 8.500000000000000
378 7.700000000000000 8.199999999999999
379 7.700000000000000 1.200000000000000
380 7.800000000000000 1.600000000000000
381 7.800000000000000 3.300000000000000
382 7.800000000000000 4.700000000000000
383 7.800000000000000 2.700000000000000
384 7.800000000000000 1.100000000000000
385 7.800000000000000 7.400000000000000
386 7.800000000000000 7.000000000000000
387 7.800000000000000 6.000000000000000
388 7.800000000000000 8.300000000000001
389 7.900000000000000 1.700000000000000
390 7.900000000000000 8.000000000000000
391 7.900000000000000 2.900000000000000
392 7.900000000000000 3.800000000000000
393 7.900000000000000 8.400000000000000
394 7.900000000000000 8.000000000000000
395 7.900000000000000 8.300000000000001
396 7.900000000000000 6.000000000000000
397 7.900000000000000 7.200000000000000
398 7.900000000000000 4.900000000000000
399 7.900000000000000 4.400000000000000
400 7.900000000000000 7.500000000000000
401 7.900000000000000 8.400000000000000
402 7.900000000000000 3.000000000000000
403 7.900000000000000 0.800000000000000
404 7.900000000000000 0.500000000000000
405 7.900000000000000 2.900000000000000
406 8.000000000000000 0.600000000000000
407 8.000000000000000 7.300000000000000
408 8.000000000000000 3.000000000000000
409 8.000000000000000 6.100000000000000
410 8.000000000000000 7.600000000000000
411 8.000000000000000 4.100000000000000
412 8.000000000000000 6.900000000000000
413 8.100000000000000 3.100000000000000
414 8.100000000000000 3.800000000000000
415 8.100000000000000 1.800000000000000
416 8.100000000000000 3.500000000000000
417 8.100000000000000 3.800000000000000
418 8.100000000000000 1.600000000000000
419 8.100000000000000 3.300000000000000
420 8.100000000000000 5.300000000000000
421 8.100000000000000 6.600000000000000
422 8.100000000000000 7.000000000000000
423 8.199999999999999 6.100000000000000
424 8.199999999999999 1.900000000000000
425 8.199999999999999 3.600000000000000
426 8.199999999999999 3.600000000000000
427 8.199999999999999 8.000000000000000
428 8.199999999999999 1.700000000000000
429 8.199999999999999 6.300000000000000
430 8.199999999999999 1.500000000000000
431 8.300000000000001 1.900000000000000
432 8.300000000000001 2.400000000000000
433 8.300000000000001 5.100000000000000
434 8.300000000000001 6.400000000000000
435 8.300000000000001 2.400000000000000
436 8.300000000000001 5.200000000000000
437 8.300000000000001 7.200000000000000
438 8.300000000000001 6.800000000000000
439 8.400000000000000 6.100000000000000
440 8.400000000000000 6.500000000000000
441 8.400000000000000 4.100000000000000
442 8.400000000000000 2.800000000000000
443 8.400000000000000 4.400000000000000
444 8.400000000000000 3.400000000000000
445 8.400000000000000 5.100000000000000
446 8.400000000000000 3.100000000000000
447 8.400000000000000 3.400000000000000
448 8.400000000000000 8.500000000000000
449 8.400000000000000 7.000000000000000
450 8.400000000000000 6.600000000000000
451 8.400000000000000 5.100000000000000
452 8.400000000000000 3.200000000000000
453 8.500000000000000 6.200000000000000
454 8.500000000000000 3.100000000000000
455 8.500000000000000 2.500000000000000
456 8.500000000000000 6.500000000000000
457 8.500000000000000 7.500000000000000
458 8.500000000000000 5.900000000000000
459 8.500000000000000 6.600000000000000
460 8.500000000000000 5.800000000000000
461 8.600000000000000 8.300000000000001
462 8.600000000000000 3.600000000000000
463 8.600000000000000 4.900000000000000
464 8.600000000000000 2.700000000000000
465 8.600000000000000 3.100000000000000
466 8.600000000000000 2.200000000000000
467 8.699999999999999 4.200000000000000
468 8.699999999999999 8.300000000000001
469 8.699999999999999 3.200000000000000
470 8.699999999999999 4.000000000000000
471 8.699999999999999 4.100000000000000
472 8.699999999999999 2.800000000000000
473 8.699999999999999 2.200000000000000
474 8.699999999999999 9.000000000000000
475 8.699999999999999 7.400000000000000
476 8.800000000000001 7.200000000000000
477 8.800000000000001 5.300000000000000
478 8.800000000000001 3.100000000000000
479 8.800000000000001 6.900000000000000
480 8.800000000000001 5.200000000000000
481 8.800000000000001 7.300000000000000
482 8.800000000000001 7.200000000000000
483 8.800000000000001 2.200000000000000
484 8.800000000000001 5.900000000000000
485 8.800000000000001 4.300000000000000
486 8.900000000000000 5.800000000000000
487 8.900000000000000 2.300000000000000
488 8.900000000000000 8.100000000000000
489 8.900000000000000 4.600000000000000
490 8.900000000000000 8.000000000000000
491 8.900000000000000 7.700000000000000
492 8.900000000000000 5.300000000000000
493 9.000000000000000 3.700000000000000
494 9.000000000000000 7.300000000000000
495 9.000000000000000 4.300000000000000
496 9.100000000000000 8.800000000000001
497 9.100000000000000 8.500000000000000
