374
0 1.100000000000000 0.810000000000000
1 4.730000000000000 7.750000000000000
2 4.335590717888585 6.995950298112060
3 2.528780660971532 3.541608205824362
4 3.399365457618666 5.206032031921085
5 1.456566648419324 1.491700424250719
6 4.381579500723044 7.083873756203285
7 2.463931157309543 3.417625959153781
8 4.686156988325475 7.666178925338510
9 2.666023085555497 3.803994549243842
10 1.196984018339764 0.995418481343791
11 1.878787222273440 2.298921025503490
12 1.321157252299354 1.232818548473144
13 4.121092945311862 6.585863647510832
14 2.512073934486178 3.509667522130599
15 3.792488249542762 5.957622163037676
16 2.376834086956522 3.251109797101449
17 4.320000000000000 4.310000000000000
18 2.660000000000000 2.440000000000000
19 3.867932011806535 3.800742687998927
20 3.495518819008113 3.381216982858537
21 3.527501259177180 3.417245394374293
22 8.680000000000000 6.340000000000000
23 0.070000000000000 7.640000000000000
24 5.529133665946832 6.815740561471443
25 7.095330053350588 6.579264916451130
26 4.207431048567564 7.015300770831843
27 6.255179761071339 6.706116876957870
28 4.432745251571623 6.981281204756898
29 6.110158478178982 6.728013237905612
30 6.389625975909399 6.685817216180927
31 5.978948988799830 6.747824194490153
32 5.449427960438385 6.827775104695714
33 8.199829229942480 6.412499651692773
34 5.194566358324662 6.866255950543314
35 0.341747027799226 7.598969670599420
36 7.523246980615041 6.514654927433269
37 5.009099405700084 6.894259090893135
38 4.023958712192851 7.043002749610835
39 7.083965664334746 6.580980794002883
40 5.434182220198998 6.830077016694692
41 7.739780561555076 6.481961123110151
42 5.237331425238399 6.859798971799080
43 7.521485474407289 6.514920892365915
44 0.350000000000000 3.120000000000000
45 8.050000000000001 4.610000000000000
46 7.117889933214543 4.429630649414243
47 2.461377006680626 3.528565161033004
48 5.810248723073506 4.176593584075263
49 4.724451591114931 3.966484788410552
50 3.551031060152306 3.739420296055446
51 1.976898163606009 3.434815358931552
52 5.429691003470835 4.102953194178123
53 6.311313785872173 4.273552927396044
54 5.786063176686518 4.171913523800378
55 7.266355557892524 4.458359711851930
56 2.453232583778837 3.526989162315645
57 6.534767589281898 4.316792689354549
58 0.907845539717935 3.227946734309055
59 6.173368862484711 4.246859688974315
60 1.490812714717007 3.340754668172512
61 5.890405586378420 4.192104457623876
62 6.408575725550769 4.292373744294889
63 2.411176374121955 3.518851012654768
64 5.318100011262531 4.081359612568983
65 7.376986598320897 4.479767536558199
66 2.092140583998660 3.457115515604936
67 2.969019415323219 3.626797263484623
68 1.420000000000000 3.710000000000000
69 8.300000000000001 8.910000000000000
70 7.080542401023919 7.988316931006451
71 3.241745221828245 5.086900458358557
72 4.809918258766626 6.272147521160822
73 6.891945193852496 7.845772530237352
74 4.792845416648760 6.259243628862434
75 5.737713954163041 6.973388453727880
76 5.929207499606114 7.118121947376714
77 5.396287944492629 6.715333911535126
78 5.308702232502011 6.649135408286403
79 5.132485290372734 6.515948184584043
80 7.619496756934103 8.395666153496705
81 5.585283537759199 6.858179418073814
82 5.244858106767216 6.600881127207780
83 4.181548009654206 5.797216518924690
84 2.490043211633504 4.518753590188113
85 7.000000000000000 0.790000000000000
86 0.680000000000000 1.590000000000000
87 1.442280955961923 1.493508739751655
88 5.541812589706787 0.974580684847242
89 0.939991609858417 1.557089669638175
90 1.127311948413891 1.533378234377988
91 3.850739657944745 1.188640549627247
92 2.215151525634816 1.395677022071542
93 4.717745203547704 1.078893012209151
94 3.793214890016921 1.195922165820643
95 3.560768055024838 1.225345815819641
96 1.360079409440472 1.503913998805004
97 7.080000000000000 8.039999999999999
98 7.150000000000000 1.370000000000000
99 7.085824431384645 7.485014895205936
100 7.133353997619519 2.956126226825847
101 7.130336581045173 3.243642920409972
102 7.120786548552728 4.153624587904337
103 7.130976956418530 3.182624295548660
104 7.103410336495964 5.809329365313219
105 7.146371834867943 1.715712306154592
106 7.094922399814687 6.618108474800623
107 7.089466967814794 7.137933209647495
108 7.131957682512810 3.089175109136558
109 7.116235518572232 4.587272730331673
110 7.098819422202293 6.246777913010057
111 7.141231967564749 2.205468233473248
112 4.510000000000000 4.840000000000000
113 4.400680147058824 4.535055147058824
114 4.350000000000000 7.300000000000000
115 4.311817800250266 7.223753084192070
116 2.406831136444603 3.419641254007838
117 2.474361593462717 3.554494382022471
118 1.196134981107004 1.001974162272141
119 1.864636477686839 2.336920227750027
120 1.311804921475530 1.232958135500366
121 3.979162964727003 6.559466966485615
122 2.454536148884163 3.514904494233297
123 3.697407531607637 5.996823040041098
124 2.297106745665582 3.200530085959885
125 4.620000000000000 6.670000000000000
126 5.364077647536353 5.111260264054281
127 5.335061783868801 5.172044484385518
128 5.612048867343177 4.591794862877929
129 5.241565366646965 5.367906544178296
130 5.832475705042120 4.130031131729946
131 4.999321026282853 5.875374925178212
132 6.618561155617233 2.483290859774176
133 6.470774112925389 2.792884269365787
134 5.953240911375440 3.877044731110739
135 6.130891995641606 3.504890285810075
136 6.079269963067875 3.613031302664135
137 7.015173031258516 1.652443847561213
138 6.292880785784817 3.165546179976472
139 5.283238144178535 5.280607840258405
140 5.246156622300147 5.358288498738823
141 5.351260102465080 5.138111247800427
142 6.741187740988043 2.226405127574457
143 4.380000000000000 3.350000000000000
144 8.090000000000000 9.990000000000000
145 5.364763958296339 5.112488593824176
146 6.225102310401989 6.652285536676337
147 5.983080622705986 6.219125427161117
148 6.037004183829014 6.315635520384005
149 5.156604375099107 4.739933436835059
150 5.752082177756706 5.805694248060520
151 5.507123518134512 5.367277671270394
152 6.427680672268907 7.014851661419284
153 5.291915479949949 4.982107489721743
154 5.454180371701048 5.272522282505379
155 5.394356420741038 5.165451922835712
156 4.100000000000000 4.540000000000000
157 3.309898260584181 3.387768296685264
158 3.341706979290798 3.434156011465748
159 3.862479608482871 4.193616095704187
160 5.760000000000000 4.320000000000000
161 3.800000000000000 8.250000000000000
162 5.617354768462179 4.606018244869202
163 5.238903750072041 5.364851154192286
164 4.992008325408644 5.859901674053074
165 4.295296215914219 7.256880546661796
166 4.586758051052239 6.672469826206481
167 5.283381736857026 5.275668252118310
168 5.241146554716886 5.360354102021753
169 5.351810945066822 5.138460707085403
170 0.130000000000000 3.500000000000000
171 2.371721768105378 3.420880408184516
172 0.876021529659741 3.473669828364951
173 1.448844494116917 3.453452547266462
174 4.194310998735776 3.356553729456385
175 2.082387037037037 3.431092222222222
176 2.630066112580280 3.411762372497167
177 5.160000000000000 3.380000000000000
178 5.560000000000000 0.860000000000000
179 5.277740830237675 2.638232769502651
180 5.510748040845405 1.170287342673949
181 5.177932298196548 3.267026521361752
182 5.489669063604942 1.303084899288864
183 5.331398653702318 2.300188481675392
184 6.350000000000000 6.570000000000000
185 6.094749170047953 5.885756178531907
186 5.538689396916990 4.395142164844705
187 5.935045576690026 5.457643184572423
188 5.691010583817002 4.803465346534654
189 5.325584915922586 3.823878892263065
190 5.811094178789130 5.125370109527164
191 5.959884306279254 5.524227678177160
192 6.311074837213452 6.595644813129962
193 5.969129262184550 6.820926603737238
194 5.570354553275163 7.083648764901069
195 4.820637811973248 7.577579794464683
196 4.776819238718568 7.606448501550120
197 5.840529634773469 6.905651064149243
198 5.224194560669456 7.311707112970711
199 7.970000000000000 8.500000000000000
200 6.041032027208956 6.285650464111103
201 4.897894735546932 4.973391490942916
202 5.703477010752578 5.898155801384465
203 5.434633412859119 5.589538082158825
204 7.486487213527110 7.944953814980437
205 6.724313931707917 7.070020650371553
206 5.279436608863199 5.411380655105972
207 5.236614118385686 5.362222782475623
208 4.658575608077101 4.698666245984398
209 6.340000000000000 4.060000000000000
210 5.710000000000000 8.750000000000000
211 5.853390601313794 7.682536634663972
212 6.226812996889042 4.902614356492686
213 6.288840720896249 4.440852411105698
214 5.954891278750294 6.926920480414475
215 6.219509568533296 4.956984323141022
216 6.128908606921029 5.631458148476781
217 4.270000000000000 5.540000000000000
218 9.699999999999999 0.640000000000000
219 4.670162882003395 5.178895373514431
220 7.011081611069493 3.066464107874675
221 4.690558182724881 5.160490774336663
222 6.724846468488126 3.324761013703164
223 7.355351370232768 2.755797106051461
224 7.560331807861250 2.570823967123364
225 6.009006446827932 3.970730830670926
226 6.316402923258140 3.693338061884919
227 5.943254730069217 4.030064792386894
228 8.033734395571008 2.143628261823583
229 6.969531344289744 3.103958823753269
230 5.302790227167770 4.608016185428715
231 4.977865398739804 4.901226435759661
232 5.890000000000000 7.760000000000000
233 5.338348983272184 6.592738428373029
234 5.201725722593205 6.303651528965331
235 5.452089869446412 6.833407549843133
236 5.250498491824099 6.406851881250993
237 4.835048773145628 5.527784360569010
238 5.600000000000000 0.970000000000000
239 7.112685988465080 3.217419182862405
240 5.804592202822291 1.273965558478833
241 6.503492423404491 2.312331600486672
242 5.732580278488206 1.166976413753907
243 7.032463107638889 3.098230902777778
244 7.835190480195106 4.290854427718443
245 5.833519219279028 1.316942840071699
246 6.455713541666666 2.241345833333333
247 4.910000000000000 5.550000000000000
248 4.885715471553541 5.506894962007535
249 9.240000000000000 8.590000000000000
250 6.882627078459885 3.655059982929761
251 5.844373145808153 1.481572354686299
252 6.397077674412058 2.638607659071397
253 5.694366175269360 1.167546773503442
254 8.688416761780532 7.435312012298805
255 6.633961447975251 3.134501712519618
256 8.238096641131408 6.492608902588278
257 7.293102586530051 4.514352117955768
258 5.764400552765512 1.314157201119013
259 8.564989674023082 7.176928932982385
260 7.993994288045696 5.981603427172582
261 6.213368336915058 2.254029320684819
262 0.320000000000000 0.750000000000000
263 3.700000000000000 5.150000000000000
264 1.097659080402928 1.762337264429848
265 1.758331084727469 2.622383660591971
266 2.444641199934875 3.515805112341257
267 1.799244420691816 2.675643624569227
268 2.112473067022595 3.083396891982077
269 8.210000000000001 1.130000000000000
270 7.517886022333462 2.446607624181749
271 6.384803311300777 4.602069562985305
272 7.749268385186635 2.006449221282895
273 6.458562508146760 4.461757527605878
274 5.233231434569422 6.792703420445525
275 7.182520548257531 3.084572980038836
276 5.239636048526863 6.780519930675911
277 6.192344174901634 4.968184356939997
278 5.915009135423519 5.495758483763307
279 7.658890037337484 2.178375848513179
280 1.300000000000000 0.200000000000000
281 0.080000000000000 9.619999999999999
282 1.165937896875794 1.235135255270511
283 0.371660702292525 7.367996872462635
284 1.189924596460129 1.049926476512771
285 7.830000000000000 3.360000000000000
286 7.292155575237456 1.786014109886083
287 7.719192858351865 3.035726159000309
288 7.430316695734020 2.190338565456911
289 5.330000000000000 2.830000000000000
290 8.080000000000000 7.450000000000000
291 5.979030964580085 3.920372020494542
292 6.613210702341138 4.985793979933111
293 7.994429530201343 7.306241610738255
294 5.568950500405735 3.231436840681634
295 7.500746160981140 6.476853550448315
296 5.353337028824834 2.869206208425721
297 6.521861582826017 4.832327459147709
298 7.524570135746606 6.516877828054298
299 7.413333333333333 6.330000000000000
300 2.720000000000000 0.040000000000000
301 6.510000000000000 3.890000000000000
302 4.954289089960321 2.309660421199799
303 6.118609455576786 3.492413299200693
304 3.856971039963322 1.194970581493084
305 5.837626891706325 3.206982462551281
306 5.357690462354537 2.719448095003949
307 3.900345344424687 1.239031550405025
308 4.963898664278096 2.319422125981707
309 1.290000000000000 3.880000000000000
310 2.281135040062537 1.218490521790111
311 1.389873616724559 3.611807910334052
312 1.768773102984419 2.594343555622259
313 1.687137647511835 2.813560443045143
314 4.520000000000000 0.050000000000000
315 4.737528491620111 1.181827932960894
316 5.138968962848024 3.270572884818623
317 4.755143660855180 1.273481860387111
318 4.956242226877914 2.319822836724147
319 5.800000000000000 1.250000000000000
320 6.120000000000000 2.920000000000000
321 5.812666332254093 1.316102421451047
322 5.994582950100287 2.265479770835873
323 6.882647775024243 1.149811227238444
324 6.759004644655495 1.528910869250112
325 5.053145476652098 6.759210344714272
326 6.223146896302234 3.171893216623988
327 5.258564559667079 6.129379147452481
328 5.551054423850567 5.232582030837029
329 6.815233689595062 1.356508158774612
330 5.542331127353721 5.259328349611500
331 6.527876170752233 2.237569097605490
332 0.840000000000000 1.240000000000000
333 6.000184395001524 1.162982322462664
334 5.652844400396432 1.168166501486620
335 1.258821371082284 1.233748934759966
336 2.650000000000000 5.960000000000000
337 3.234912068239258 6.421048336141533
338 3.040378298478047 6.267709952917990
339 3.189653794940081 6.385374167776299
340 9.539999999999999 2.870000000000000
341 6.363764719497729 1.338312935798397
342 7.257553191489362 7.169194528875380
343 6.562925030656297 4.815397389595337
344 6.959199535962877 6.158201856148492
345 1.670000000000000 6.130000000000000
346 9.090000000000000 7.510000000000000
347 5.239249341459233 6.793822653802390
348 2.844551330453956 6.348447552025129
349 3.200635160488351 6.414673385643386
350 1.190000000000000 3.630000000000000
351 5.342207134878524 3.252074560178721
352 2.125040219429078 3.544894542902263
353 2.750224024994230 3.487991585749028
354 9.520000000000000 6.520000000000000
355 7.180000000000000 6.470000000000000
356 7.460112435349674 6.475985308447642
357 5.690986250212188 1.311198438295705
358 5.946137397075089 2.268015239031584
359 5.360000000000000 2.640000000000000
360 5.210000000000000 7.800000000000000
361 5.281402412965581 5.343756993984023
362 5.288537229144927 5.098319317414524
363 0.100000000000000 7.480000000000000
364 9.050000000000001 3.790000000000000
365 3.131476122121382 6.230151185404704
366 5.520214182410873 5.245297169486467
367 3.180000000000000 1.210000000000000
368 3.450000000000000 7.080000000000000
369 1.902032803851865 2.949891778787742
370 9.529999999999999 5.060000000000000
371 1.650000000000000 2.790000000000000
372 7.319111498257838 6.386533101045295
373 8.010000000000000 2.160000000000000
666
0 10
10 12
12 5
5 11
11 16
16 7
7 14
14 3
3 9
9 4
4 15
15 13
13 2
2 6
6 8
8 1
18 20
20 21
21 19
19 17
23 35
35 38
38 26
26 2
2 28
28 37
37 34
34 42
42 40
40 32
32 24
24 31
31 29
29 27
27 30
30 39
39 25
25 43
43 36
36 41
41 33
33 22
44 58
58 60
60 51
51 66
66 63
63 56
56 47
47 3
3 67
67 50
50 19
19 49
49 64
64 52
52 54
54 48
48 61
61 59
59 53
53 62
62 57
57 46
46 55
55 65
65 45
68 84
84 71
71 4
4 83
83 74
74 72
72 79
79 82
82 78
78 77
77 24
24 81
81 75
75 76
76 73
73 70
70 80
80 69
86 89
89 90
90 96
96 87
87 5
5 92
92 95
95 94
94 91
91 93
93 88
88 85
97 70
70 99
99 107
107 106
106 25
25 110
110 104
104 109
109 46
46 102
102 101
101 103
103 108
108 100
100 111
111 105
105 98
17 113
113 112
0 118
118 120
120 87
87 119
119 124
124 116
116 122
122 47
47 117
117 71
71 123
123 121
121 26
26 115
115 114
125 72
72 131
131 129
129 140
140 139
139 127
127 141
141 126
126 128
128 48
48 130
130 134
134 136
136 135
135 138
138 133
133 132
132 142
142 137
137 98
143 49
49 149
149 153
153 126
126 145
145 155
155 154
154 151
151 150
150 147
147 148
148 146
146 27
27 152
152 73
73 144
18 157
157 158
158 50
50 159
159 156
161 165
165 115
115 6
6 28
28 166
166 74
74 164
164 163
163 168
168 167
167 127
127 169
169 145
145 162
162 160
170 172
172 173
173 51
51 175
175 171
171 116
116 7
7 176
176 157
157 20
20 174
174 143
177 181
181 179
179 183
183 182
182 180
180 88
88 178
177 189
189 52
52 186
186 128
128 162
162 188
188 190
190 187
187 191
191 185
185 184
161 8
8 196
196 195
195 198
198 194
194 75
75 197
197 193
193 29
29 146
146 192
192 184
17 208
208 201
201 207
207 163
163 129
129 206
206 203
203 202
202 147
147 200
200 192
192 30
30 205
205 99
99 204
204 199
210 211
211 76
76 214
214 193
193 31
31 148
148 200
200 185
185 216
216 215
215 212
212 213
213 53
53 209
217 219
219 221
221 201
201 231
231 149
149 230
230 186
186 54
54 130
130 227
227 225
225 226
226 222
222 229
229 220
220 100
100 223
223 224
224 228
228 218
112 219
219 237
237 164
164 131
131 234
234 236
236 233
233 77
77 32
32 235
235 194
194 211
211 232
238 242
242 240
240 245
245 246
246 241
241 132
132 220
220 243
243 239
239 101
101 244
244 45
112 221
221 248
248 247
238 253
253 258
258 251
251 261
261 252
252 133
133 255
255 222
222 250
250 102
102 55
55 257
257 260
260 33
33 256
256 259
259 254
254 249
262 89
89 264
264 265
265 267
267 268
268 171
171 266
266 56
56 117
117 9
9 263
1 195
195 34
34 274
274 276
276 78
78 233
233 202
202 150
150 278
278 187
187 277
277 212
212 271
271 273
273 57
57 250
250 239
239 103
103 275
275 223
223 270
270 279
279 272
272 269
281 35
35 283
283 172
172 58
58 264
264 90
90 282
282 284
284 118
118 10
10 280
98 286
286 288
288 270
270 224
224 287
287 285
289 296
296 294
294 134
134 291
291 225
225 59
59 213
213 271
271 297
297 292
292 104
104 299
299 295
295 36
36 298
298 293
293 290
300 91
91 304
304 307
307 302
302 308
308 179
179 306
306 305
305 303
303 135
135 226
226 301
309 311
311 173
173 60
60 313
313 265
265 312
312 119
119 11
11 92
92 310
310 300
314 93
93 315
315 317
317 302
302 318
318 316
316 177
319 240
240 321
321 251
251 322
322 320
1 196
196 37
37 325
325 79
79 234
234 327
327 203
203 151
151 330
330 328
328 188
188 61
61 227
227 291
291 136
136 303
303 326
326 252
252 241
241 331
331 324
324 329
329 323
323 85
332 282
282 335
335 120
120 12
12 310
310 94
94 304
304 315
315 180
180 334
334 253
253 242
242 333
333 323
323 269
336 338
338 339
339 337
337 38
38 165
165 114
238 333
333 341
341 324
324 137
137 105
105 286
286 272
272 228
228 340
209 62
62 273
273 343
343 292
292 344
344 39
39 106
106 342
342 204
204 80
80 144
345 348
348 349
349 337
337 121
121 13
13 166
166 325
325 274
274 347
347 40
40 235
235 81
81 197
197 214
214 152
152 205
205 107
107 342
342 293
293 254
254 346
350 311
311 352
352 63
63 266
266 122
122 14
14 353
353 158
158 21
21 174
174 316
316 181
181 351
351 294
294 305
305 326
326 138
138 255
255 229
229 243
243 108
108 275
275 287
287 340
355 356
356 295
295 41
41 256
256 354
238 334
334 357
357 358
358 320
360 198
198 42
42 347
347 276
276 82
82 236
236 327
327 206
206 361
361 139
139 167
167 362
362 153
153 230
230 64
64 189
189 351
351 296
296 306
306 359
363 283
283 348
348 338
338 365
365 123
123 15
15 83
83 237
237 248
248 207
207 168
168 140
140 361
361 154
154 366
366 328
328 190
190 277
277 215
215 297
297 343
343 109
109 257
257 65
65 244
244 364
367 95
95 307
307 317
317 182
182 357
357 258
258 321
321 245
245 341
341 329
329 98
0 284
284 335
335 96
96 312
312 267
267 369
369 175
175 66
66 352
352 84
84 365
365 339
339 349
349 368
45 370
371 313
313 369
369 268
268 124
124 16
16 176
176 353
353 67
67 159
159 113
113 208
208 231
231 362
362 141
141 169
169 155
155 366
366 330
330 278
278 191
191 216
216 344
344 110
110 372
372 356
356 43
43 298
298 259
259 346
355 372
372 299
299 260
260 370
18 318
318 308
308 183
183 358
358 322
322 261
261 246
246 331
331 142
142 111
111 288
288 279
279 373
531
0 0.700000000000000 6.400000000000000
1 0.700000000000000 6.200000000000000
2 0.700000000000000 6.900000000000000
3 0.700000000000000 5.500000000000000
4 0.700000000000000 6.900000000000000
5 0.800000000000000 7.300000000000000
6 0.800000000000000 5.900000000000000
7 0.800000000000000 5.700000000000000
8 0.800000000000000 7.100000000000000
9 0.900000000000000 6.200000000000000
10 0.900000000000000 6.200000000000000
11 0.900000000000000 6.300000000000000
12 0.900000000000000 5.500000000000000
13 0.900000000000000 6.300000000000000
14 0.900000000000000 5.800000000000000
15 0.900000000000000 7.500000000000000
16 0.900000000000000 4.600000000000000
17 0.900000000000000 5.800000000000000
18 1.000000000000000 2.200000000000000
19 1.000000000000000 2.900000000000000
20 1.000000000000000 2.800000000000000
21 1.000000000000000 3.200000000000000
22 1.000000000000000 4.500000000000000
23 1.000000000000000 1.900000000000000
24 1.100000000000000 1.700000000000000
25 1.100000000000000 1.600000000000000
26 1.100000000000000 1.800000000000000
27 1.100000000000000 4.100000000000000
28 1.100000000000000 6.600000000000000
29 1.200000000000000 2.400000000000000
30 1.200000000000000 7.000000000000000
31 1.200000000000000 2.400000000000000
32 1.200000000000000 5.800000000000000
33 1.300000000000000 2.900000000000000
34 1.300000000000000 7.200000000000000
35 1.300000000000000 3.200000000000000
36 1.300000000000000 1.500000000000000
37 1.400000000000000 1.600000000000000
38 1.400000000000000 2.800000000000000
39 1.400000000000000 6.900000000000000
40 1.400000000000000 5.400000000000000
41 1.500000000000000 7.200000000000000
42 1.500000000000000 4.000000000000000
43 1.500000000000000 4.300000000000000
44 1.500000000000000 5.200000000000000
45 1.500000000000000 5.400000000000000
46 1.600000000000000 1.900000000000000
47 1.600000000000000 6.100000000000000
48 1.600000000000000 4.600000000000000
49 1.700000000000000 4.500000000000000
50 1.700000000000000 1.600000000000000
51 1.700000000000000 1.700000000000000
52 1.700000000000000 6.300000000000000
53 1.700000000000000 3.600000000000000
54 1.700000000000000 1.700000000000000
55 1.700000000000000 5.900000000000000
56 1.700000000000000 5.100000000000000
57 1.800000000000000 7.200000000000000
58 1.800000000000000 6.800000000000000
59 1.800000000000000 7.100000000000000
60 1.800000000000000 2.200000000000000
61 1.900000000000000 1.700000000000000
62 1.900000000000000 3.200000000000000
63 1.900000000000000 3.000000000000000
64 1.900000000000000 4.000000000000000
65 1.900000000000000 2.800000000000000
66 2.000000000000000 2.100000000000000
67 2.000000000000000 1.300000000000000
68 2.000000000000000 6.700000000000000
69 2.000000000000000 6.600000000000000
70 2.100000000000000 4.300000000000000
71 2.100000000000000 1.400000000000000
72 2.100000000000000 1.600000000000000
73 2.100000000000000 3.900000000000000
74 2.100000000000000 5.200000000000000
75 2.100000000000000 4.000000000000000
76 2.100000000000000 3.200000000000000
77 2.200000000000000 2.300000000000000
78 2.200000000000000 1.300000000000000
79 2.300000000000000 4.100000000000000
80 2.300000000000000 7.100000000000000
81 2.300000000000000 7.000000000000000
82 2.300000000000000 5.700000000000000
83 2.400000000000000 6.400000000000000
84 2.400000000000000 1.000000000000000
85 2.400000000000000 1.400000000000000
86 2.400000000000000 4.900000000000000
87 2.400000000000000 3.600000000000000
88 2.500000000000000 5.700000000000000
89 2.500000000000000 3.800000000000000
90 2.500000000000000 6.700000000000000
91 2.500000000000000 6.000000000000000
92 2.500000000000000 0.800000000000000
93 2.500000000000000 4.500000000000000
94 2.500000000000000 5.700000000000000
95 2.600000000000000 1.700000000000000
96 2.600000000000000 4.600000000000000
97 2.600000000000000 6.200000000000000
98 2.600000000000000 1.300000000000000
99 2.600000000000000 3.500000000000000
100 2.600000000000000 4.200000000000000
101 2.700000000000000 5.300000000000000
102 2.700000000000000 2.400000000000000
103 2.700000000000000 4.400000000000000
104 2.700000000000000 2.000000000000000
105 2.700000000000000 4.200000000000000
106 2.700000000000000 6.700000000000000
107 2.800000000000000 6.000000000000000
108 2.800000000000000 6.700000000000000
109 2.800000000000000 6.000000000000000
110 2.800000000000000 6.300000000000000
111 2.800000000000000 4.200000000000000
112 2.800000000000000 4.600000000000000
113 2.800000000000000 1.700000000000000
114 2.900000000000000 1.000000000000000
115 2.900000000000000 1.900000000000000
116 2.900000000000000 3.100000000000000
117 2.900000000000000 3.000000000000000
118 2.900000000000000 6.100000000000000
119 2.900000000000000 2.400000000000000
120 2.900000000000000 5.800000000000000
121 2.900000000000000 1.300000000000000
122 3.000000000000000 6.900000000000000
123 3.000000000000000 2.400000000000000
124 3.000000000000000 2.900000000000000
125 3.100000000000000 1.600000000000000
126 3.100000000000000 2.400000000000000
127 3.100000000000000 4.000000000000000
128 3.100000000000000 1.900000000000000
129 3.100000000000000 1.400000000000000
130 3.100000000000000 2.500000000000000
131 3.100000000000000 0.700000000000000
132 3.200000000000000 3.500000000000000
133 3.200000000000000 5.100000000000000
134 3.200000000000000 3.300000000000000
135 3.200000000000000 4.500000000000000
136 3.200000000000000 1.800000000000000
137 3.200000000000000 2.700000000000000
138 3.200000000000000 5.100000000000000
139 3.300000000000000 3.500000000000000
140 3.300000000000000 5.400000000000000
141 3.300000000000000 1.700000000000000
142 3.300000000000000 5.200000000000000
143 3.400000000000000 3.500000000000000
144 3.400000000000000 2.800000000000000
145 3.400000000000000 5.100000000000000
146 3.400000000000000 1.900000000000000
147 3.400000000000000 1.600000000000000
148 3.500000000000000 3.100000000000000
149 3.500000000000000 2.700000000000000
150 3.500000000000000 4.800000000000000
151 3.500000000000000 1.300000000000000
152 3.500000000000000 2.800000000000000
153 3.500000000000000 1.400000000000000
154 3.500000000000000 7.100000000000000
155 3.500000000000000 1.700000000000000
156 3.500000000000000 5.200000000000000
157 3.600000000000000 3.800000000000000
158 3.600000000000000 1.700000000000000
159 3.600000000000000 7.000000000000000
160 3.600000000000000 4.000000000000000
161 3.600000000000000 6.900000000000000
162 3.600000000000000 1.800000000000000
163 3.600000000000000 6.400000000000000
164 3.600000000000000 6.300000000000000
165 3.700000000000000 5.800000000000000
166 3.700000000000000 4.300000000000000
167 3.700000000000000 1.600000000000000
168 3.700000000000000 1.700000000000000
169 3.800000000000000 3.000000000000000
170 3.800000000000000 6.600000000000000
171 3.800000000000000 2.700000000000000
172 3.800000000000000 6.800000000000000
173 3.800000000000000 6.800000000000000
174 3.800000000000000 3.600000000000000
175 3.800000000000000 4.700000000000000
176 3.800000000000000 2.800000000000000
177 3.900000000000000 7.700000000000000
178 3.900000000000000 4.100000000000000
179 3.900000000000000 3.100000000000000
180 3.900000000000000 5.700000000000000
181 3.900000000000000 2.300000000000000
182 3.900000000000000 7.200000000000000
183 3.900000000000000 4.400000000000000
184 3.900000000000000 3.000000000000000
185 3.900000000000000 6.200000000000000
186 3.900000000000000 6.900000000000000
187 4.000000000000000 1.500000000000000
188 4.000000000000000 3.300000000000000
189 4.000000000000000 3.400000000000000
190 4.000000000000000 6.900000000000000
191 4.000000000000000 3.700000000000000
192 4.000000000000000 1.800000000000000
193 4.000000000000000 8.100000000000000
194 4.000000000000000 7.600000000000000
195 4.100000000000000 7.000000000000000
196 4.100000000000000 6.300000000000000
197 4.100000000000000 4.800000000000000
198 4.100000000000000 7.800000000000000
199 4.100000000000000 3.200000000000000
200 4.100000000000000 5.700000000000000
201 4.100000000000000 1.800000000000000
202 4.100000000000000 7.100000000000000
203 4.100000000000000 6.700000000000000
204 4.100000000000000 7.200000000000000
205 4.100000000000000 3.600000000000000
206 4.200000000000000 2.300000000000000
207 4.200000000000000 3.100000000000000
208 4.200000000000000 6.200000000000000
209 4.200000000000000 5.700000000000000
210 4.200000000000000 2.200000000000000
211 4.200000000000000 2.700000000000000
212 4.200000000000000 6.900000000000000
213 4.300000000000000 4.400000000000000
214 4.300000000000000 7.600000000000000
215 4.300000000000000 6.000000000000000
216 4.300000000000000 6.600000000000000
217 4.300000000000000 7.400000000000000
218 4.300000000000000 5.700000000000000
219 4.400000000000000 6.600000000000000
220 4.400000000000000 2.800000000000000
221 4.400000000000000 3.500000000000000
222 4.400000000000000 1.300000000000000
223 4.400000000000000 7.700000000000000
224 4.400000000000000 4.700000000000000
225 4.400000000000000 6.400000000000000
226 4.400000000000000 1.200000000000000
227 4.400000000000000 5.600000000000000
228 4.500000000000000 3.400000000000000
229 4.500000000000000 2.600000000000000
230 4.500000000000000 4.900000000000000
231 4.500000000000000 1.500000000000000
232 4.500000000000000 2.700000000000000
233 4.500000000000000 7.700000000000000
234 4.500000000000000 7.200000000000000
235 4.500000000000000 5.300000000000000
236 4.500000000000000 6.700000000000000
237 4.500000000000000 3.200000000000000
238 4.500000000000000 4.200000000000000
239 4.600000000000000 2.400000000000000
240 4.600000000000000 3.000000000000000
241 4.600000000000000 4.900000000000000
242 4.600000000000000 1.600000000000000
243 4.700000000000000 3.400000000000000
244 4.700000000000000 4.300000000000000
245 4.700000000000000 3.000000000000000
246 4.700000000000000 4.900000000000000
247 4.700000000000000 6.600000000000000
248 4.700000000000000 5.900000000000000
249 4.700000000000000 1.500000000000000
250 4.700000000000000 2.200000000000000
251 4.700000000000000 6.200000000000000
252 4.800000000000000 1.100000000000000
253 4.800000000000000 2.800000000000000
254 4.800000000000000 7.500000000000000
255 4.800000000000000 2.000000000000000
256 4.800000000000000 5.000000000000000
257 4.800000000000000 2.100000000000000
258 4.800000000000000 3.400000000000000
259 4.800000000000000 5.700000000000000
260 4.800000000000000 1.700000000000000
261 4.800000000000000 2.400000000000000
262 4.900000000000000 4.700000000000000
263 4.900000000000000 7.500000000000000
264 4.900000000000000 3.100000000000000
265 4.900000000000000 5.700000000000000
266 4.900000000000000 2.100000000000000
267 4.900000000000000 2.500000000000000
268 4.900000000000000 5.200000000000000
269 5.000000000000000 3.300000000000000
270 5.000000000000000 5.200000000000000
271 5.000000000000000 4.200000000000000
272 5.000000000000000 1.700000000000000
273 5.000000000000000 5.300000000000000
274 5.000000000000000 4.600000000000000
275 5.100000000000000 5.900000000000000
276 5.100000000000000 1.400000000000000
277 5.100000000000000 5.500000000000000
278 5.100000000000000 4.000000000000000
279 5.100000000000000 7.300000000000000
280 5.100000000000000 1.400000000000000
281 5.100000000000000 6.400000000000000
282 5.100000000000000 2.700000000000000
283 5.100000000000000 4.000000000000000
284 5.200000000000000 6.200000000000000
285 5.200000000000000 4.900000000000000
286 5.200000000000000 3.300000000000000
287 5.300000000000000 6.900000000000000
288 5.300000000000000 3.100000000000000
289 5.300000000000000 5.600000000000000
290 5.300000000000000 2.100000000000000
291 5.300000000000000 2.400000000000000
292 5.400000000000000 3.400000000000000
293 5.400000000000000 4.800000000000000
294 5.400000000000000 4.000000000000000
295 5.400000000000000 2.300000000000000
296 5.400000000000000 4.200000000000000
297 5.400000000000000 1.700000000000000
298 5.400000000000000 1.500000000000000
299 5.500000000000000 3.800000000000000
300 5.500000000000000 6.300000000000000
301 5.500000000000000 3.800000000000000
302 5.500000000000000 4.200000000000000
303 5.500000000000000 3.200000000000000
304 5.500000000000000 5.000000000000000
305 5.600000000000000 5.000000000000000
306 5.600000000000000 6.100000000000000
307 5.600000000000000 1.700000000000000
308 5.600000000000000 4.500000000000000
309 5.600000000000000 3.700000000000000
310 5.600000000000000 6.800000000000000
311 5.600000000000000 5.600000000000000
312 5.600000000000000 4.700000000000000
313 5.600000000000000 6.900000000000000
314 5.700000000000000 4.100000000000000
315 5.800000000000000 4.400000000000000
316 5.800000000000000 6.400000000000000
317 5.800000000000000 5.600000000000000
318 5.800000000000000 6.700000000000000
319 5.800000000000000 4.300000000000000
320 5.800000000000000 4.500000000000000
321 5.900000000000000 5.900000000000000
322 5.900000000000000 4.900000000000000
323 5.900000000000000 2.800000000000000
324 5.900000000000000 2.500000000000000
325 5.900000000000000 6.200000000000000
326 5.900000000000000 5.900000000000000
327 5.900000000000000 2.300000000000000
328 6.000000000000000 6.800000000000000
329 6.000000000000000 2.800000000000000
330 6.000000000000000 1.100000000000000
331 6.000000000000000 1.600000000000000
332 6.000000000000000 7.100000000000000
333 6.000000000000000 6.700000000000000
334 6.100000000000000 6.200000000000000
335 6.100000000000000 6.500000000000000
336 6.100000000000000 7.000000000000000
337 6.100000000000000 2.700000000000000
338 6.100000000000000 1.300000000000000
339 6.100000000000000 5.800000000000000
340 6.100000000000000 6.500000000000000
341 6.100000000000000 5.100000000000000
342 6.100000000000000 6.700000000000000
343 6.200000000000000 6.600000000000000
344 6.200000000000000 3.200000000000000
345 6.200000000000000 2.300000000000000
346 6.300000000000000 1.800000000000000
347 6.400000000000000 2.900000000000000
348 6.400000000000000 1.700000000000000
349 6.400000000000000 2.400000000000000
350 6.400000000000000 2.900000000000000
351 6.400000000000000 7.200000000000000
352 6.400000000000000 6.500000000000000
353 6.500000000000000 2.500000000000000
354 6.500000000000000 1.300000000000000
355 6.500000000000000 5.700000000000000
356 6.500000000000000 3.700000000000000
357 6.500000000000000 3.300000000000000
358 6.600000000000000 7.300000000000000
359 6.600000000000000 2.600000000000000
360 6.600000000000000 5.500000000000000
361 6.600000000000000 1.100000000000000
362 6.600000000000000 5.800000000000000
363 6.700000000000000 1.900000000000000
364 6.700000000000000 6.100000000000000
365 6.700000000000000 4.800000000000000
366 6.700000000000000 2.400000000000000
367 6.700000000000000 1.800000000000000
368 6.700000000000000 2.100000000000000
369 6.700000000000000 6.400000000000000
370 6.700000000000000 3.600000000000000
371 6.700000000000000 5.400000000000000
372 6.700000000000000 5.900000000000000
373 6.800000000000000 4.500000000000000
374 6.800000000000000 7.700000000000000
375 6.800000000000000 4.800000000000000
376 6.800000000000000 2.600000000000000
377 6.900000000000000 5.500000000000000
378 6.900000000000000 1.400000000000000
379 6.900000000000000 1.800000000000000
380 6.900000000000000 1.900000000000000
381 6.900000000000000 4.900000000000000
382 6.900000000000000 7.500000000000000
383 6.900000000000000 3.200000000000000
384 7.000000000000000 3.600000000000000
385 7.000000000000000 0.900000000000000
386 7.000000000000000 7.500000000000000
387 7.100000000000000 4.500000000000000
388 7.100000000000000 4.500000000000000
389 7.100000000000000 1.900000000000000
390 7.200000000000000 5.700000000000000
391 7.200000000000000 2.000000000000000
392 7.200000000000000 2.300000000000000
393 7.200000000000000 7.600000000000000
394 7.200000000000000 2.700000000000000
395 7.200000000000000 4.400000000000000
396 7.300000000000000 4.500000000000000
397 7.300000000000000 8.500000000000000
398 7.300000000000000 5.600000000000000
399 7.300000000000000 4.600000000000000
400 7.300000000000000 7.200000000000000
401 7.300000000000000 4.600000000000000
402 7.300000000000000 3.000000000000000
403 7.300000000000000 1.800000000000000
404 7.400000000000000 2.000000000000000
405 7.400000000000000 4.900000000000000
406 7.400000000000000 1.800000000000000
407 7.400000000000000 2.000000000000000
408 7.400000000000000 5.600000000000000
409 7.400000000000000 7.100000000000000
410 7.500000000000000 5.500000000000000
411 7.500000000000000 1.900000000000000
412 7.500000000000000 7.300000000000000
413 7.500000000000000 3.700000000000000
414 7.500000000000000 4.700000000000000
415 7.500000000000000 8.800000000000001
416 7.500000000000000 2.000000000000000
417 7.500000000000000 2.300000000000000
418 7.500000000000000 8.100000000000000
419 7.500000000000000 3.900000000000000
420 7.600000000000000 5.700000000000000
421 7.600000000000000 6.100000000000000
422 7.600000000000000 2.000000000000000
423 7.600000000000000 6.200000000000000
424 7.600000000000000 5.500000000000000
425 7.600000000000000 1.400000000000000
426 7.700000000000000 4.100000000000000
427 7.700000000000000 4.900000000000000
428 7.700000000000000 7.300000000000000
429 7.700000000000000 3.700000000000000
430 7.700000000000000 6.100000000000000
431 7.700000000000000 5.300000000000000
432 7.700000000000000 7.500000000000000
433 7.700000000000000 7.900000000000000
434 7.700000000000000 2.500000000000000
435 7.700000000000000 5.000000000000000
436 7.700000000000000 6.600000000000000
437 7.700000000000000 4.300000000000000
438 7.700000000000000 5.700000000000000
439 7.700000000000000 8.400000000000000
440 7.800000000000000 6.300000000000000
441 7.800000000000000 8.900000000000000
442 7.800000000000000 6.200000000000000
443 7.800000000000000 2.000000000000000
444 7.800000000000000 5.600000000000000
445 7.800000000000000 1.900000000000000
446 7.800000000000000 2.400000000000000
447 7.800000000000000 5.100000000000000
448 7.900000000000000 5.200000000000000
449 7.900000000000000 5.500000000000000
450 7.900000000000000 9.500000000000000
451 7.900000000000000 1.300000000000000
452 7.900000000000000 8.100000000000000
453 7.900000000000000 6.200000000000000
454 7.900000000000000 2.900000000000000
455 7.900000000000000 9.400000000000000
456 7.900000000000000 5.600000000000000
457 7.900000000000000 3.400000000000000
458 7.900000000000000 5.100000000000000
459 8.000000000000000 3.200000000000000
460 8.000000000000000 9.100000000000000
461 8.000000000000000 7.700000000000000
462 8.000000000000000 8.600000000000000
463 8.000000000000000 6.600000000000000
464 8.000000000000000 1.700000000000000
465 8.000000000000000 7.000000000000000
466 8.000000000000000 3.300000000000000
467 8.000000000000000 3.800000000000000
468 8.000000000000000 8.699999999999999
469 8.000000000000000 7.000000000000000
470 8.100000000000000 2.400000000000000
471 8.100000000000000 3.700000000000000
472 8.100000000000000 5.000000000000000
473 8.100000000000000 3.200000000000000
474 8.100000000000000 6.300000000000000
475 8.199999999999999 6.800000000000000
476 8.199999999999999 1.200000000000000
477 8.199999999999999 5.000000000000000
478 8.199999999999999 5.500000000000000
479 8.199999999999999 6.200000000000000
480 8.300000000000001 2.800000000000000
481 8.300000000000001 4.300000000000000
482 8.300000000000001 5.200000000000000
483 8.300000000000001 3.600000000000000
484 8.300000000000001 4.100000000000000
485 8.300000000000001 6.900000000000000
486 8.400000000000000 2.800000000000000
487 8.400000000000000 4.400000000000000
488 8.400000000000000 6.500000000000000
489 8.400000000000000 6.700000000000000
490 8.400000000000000 7.300000000000000
491 8.400000000000000 5.900000000000000
492 8.400000000000000 3.000000000000000
493 8.400000000000000 6.500000000000000
494 8.500000000000000 3.500000000000000
495 8.500000000000000 4.600000000000000
496 8.500000000000000 2.700000000000000
497 8.500000000000000 6.700000000000000
498 8.500000000000000 4.900000000000000
499 8.500000000000000 2.500000000000000
500 8.600000000000000 7.000000000000000
501 8.600000000000000 7.200000000000000
502 8.600000000000000 6.600000000000000
503 8.699999999999999 3.500000000000000
504 8.699999999999999 6.400000000000000
505 8.699999999999999 7.300000000000000
506 8.699999999999999 6.800000000000000
507 8.800000000000001 5.100000000000000
508 8.800000000000001 3.100000000000000
509 8.800000000000001 5.300000000000000
510 8.800000000000001 6.900000000000000
511 8.800000000000001 5.800000000000000
512 8.800000000000001 3.800000000000000
513 8.900000000000000 7.100000000000000
514 8.900000000000000 7.400000000000000
515 8.900000000000000 4.700000000000000
516 8.900000000000000 7.000000000000000
517 8.900000000000000 4.900000000000000
518 9.000000000000000 6.000000000000000
519 9.000000000000000 4.800000000000000
520 9.000000000000000 3.700000000000000
521 9.000000000000000 4.000000000000000
522 9.000000000000000 5.300000000000000
523 9.000000000000000 5.500000000000000
524 9.000000000000000 6.500000000000000
525 9.100000000000000 3.000000000000000
526 9.199999999999999 5.000000000000000
527 9.300000000000001 3.900000000000000
528 9.400000000000000 4.500000000000000
529 9.400000000000000 5.100000000000000
530 9.500000000000000 3.200000000000000
