55
0 8.439000000000000 5.405000000000000
1 4.906000000000000 2.453000000000000
2 2.015000000000000 7.130000000000000
3 3.291000000000000 8.055000000000000
4 2.645868607226723 7.587330299125955
5 7.370000000000000 8.194000000000001
6 1.310000000000000 6.572000000000000
7 1.971998903225202 6.749188485318693
8 4.454806836296196 7.413728826480599
9 6.175835554249382 7.874373806764440
10 1.870257956201879 6.721956832501560
11 3.807000000000000 4.328000000000000
12 4.036863480326421 4.381446236682114
13 3.900806052643066 4.349811122343822
14 3.977928292764799 4.367743042164872
15 4.222121757635846 4.424521185875174
16 4.012026154461106 4.375671236691410
17 4.969539624683202 4.598305521542273
18 3.859000000000000 4.178000000000000
19 3.962753873094409 4.296677172984092
20 6.514993971121955 7.216015319859235
21 4.022134014289803 4.364598177552791
22 6.715948159759806 7.445873486071029
23 6.381572034642937 7.063402817182009
24 1.571000000000000 3.198000000000000
25 1.895302246101223 6.069973945202719
26 1.958062311840979 6.625768040898037
27 1.963927306353190 6.677707586893562
28 1.890433965709040 6.026861155783664
29 2.011271399722894 7.096980053401843
30 4.522000000000000 3.817000000000000
31 3.403273857985772 4.776554956802366
32 3.943653631740916 4.313059851978137
33 3.994147090244723 4.269750549930196
34 0.930000000000000 7.752000000000000
35 7.578000000000000 7.114000000000000
36 6.262906199494652 7.240207858712758
37 5.805842414300207 7.284071681660119
38 5.748847878445456 7.289541373879633
39 6.471387151135677 7.220200210224945
40 2.663964312422468 7.585593677598445
41 5.209535938473850 6.332700042872108
42 3.539194091250084 4.893654023087674
43 6.452126787922317 7.403226665366425
44 3.308566900559442 4.694962275425930
45 7.149000000000000 9.427000000000000
46 3.994755950257225 4.394590572310084
47 5.816083018518603 7.300409958724665
48 9.284000000000001 7.861000000000000
49 4.064879819656646 4.317770576183489
50 5.282256561998734 5.144240353519141
51 1.917500836069363 6.670202731087711
52 1.724138640625854 6.882029078267613
53 6.536000000000000 7.333000000000000
54 1.809000000000000 1.375000000000000
95
1 0
2 4
4 3
6 10
10 7
7 8
8 9
9 5
11 13
13 14
14 16
16 12
12 15
15 17
17 0
18 19
19 21
21 12
12 23
23 20
20 22
22 5
24 28
28 25
25 26
26 27
27 7
7 29
29 2
6 25
25 31
31 13
13 32
32 19
19 33
33 30
34 4
4 40
40 8
8 38
38 37
37 36
36 39
39 20
20 35
24 44
44 31
31 42
42 41
41 36
36 43
43 5
18 32
32 14
14 46
46 41
41 37
37 47
47 9
9 45
18 33
33 49
49 15
15 50
50 48
34 52
52 10
10 51
51 26
26 42
42 46
46 16
16 21
21 49
49 30
6 51
51 27
27 38
38 47
47 43
43 22
22 48
30 17
17 50
50 23
23 39
39 53
6 28
28 44
44 18
54 18
6 52
52 29
29 40
40 3
25
0 1.200000000000000 7.600000000000000
1 1.600000000000000 7.600000000000000
2 1.600000000000000 6.300000000000000
3 1.700000000000000 7.400000000000000
4 1.800000000000000 7.200000000000000
5 1.800000000000000 5.900000000000000
6 2.100000000000000 7.100000000000000
7 2.300000000000000 7.500000000000000
8 2.400000000000000 4.600000000000000
9 2.900000000000000 5.800000000000000
10 3.200000000000000 7.000000000000000
11 3.200000000000000 7.600000000000000
12 3.300000000000000 5.900000000000000
13 3.500000000000000 4.800000000000000
14 3.700000000000000 6.500000000000000
15 3.900000000000000 6.300000000000000
16 4.300000000000000 6.300000000000000
17 4.800000000000000 7.000000000000000
18 4.800000000000000 6.200000000000000
19 5.400000000000000 5.800000000000000
20 6.000000000000000 6.400000000000000
21 6.100000000000000 6.600000000000000
22 6.400000000000000 7.500000000000000
23 7.300000000000000 8.000000000000000
24 7.600000000000000 7.300000000000000
