51
0 9.721000000000000 3.709000000000000
1 3.438000000000000 5.518000000000000
2 9.546479377432219 3.759247939873487
3 9.309640490213010 3.827438541016181
4 4.674117044943775 5.162097447986107
5 8.055012782103740 4.188670679161919
6 6.995839429547228 4.493627641564390
7 2.865000000000000 1.916000000000000
8 9.991000000000000 1.220000000000000
9 3.167689787177383 1.886436136419385
10 7.814000000000000 7.446000000000000
11 7.563000000000000 5.911000000000000
12 9.042000000000000 6.641000000000000
13 9.084793666800586 6.396548506084326
14 9.859035417339909 1.973825081770652
15 9.542964305067049 3.779327188863574
16 9.545185621890610 3.766638296871444
17 9.356395712863156 4.845068325151554
18 9.259806768475174 5.396816130765099
19 9.353624623270001 4.860897699950819
20 7.632000000000000 8.387000000000000
21 9.972000000000000 5.181000000000000
22 8.604402891687183 7.054724927030295
23 8.680856490247445 6.949976962507133
24 8.289833227241186 7.485712253617418
25 9.839000000000000 1.405000000000000
26 1.653000000000000 6.896000000000000
27 4.812167956862816 7.683810574290426
28 2.777864185047072 7.176510536863218
29 8.513000000000000 7.473000000000000
30 9.299103774989961 3.875656329834779
31 9.305775456671681 3.845125587417979
32 8.945908676678219 5.491936764642964
33 9.111225376856718 4.735419617823110
34 3.864117288422324 6.022570302652213
35 8.250509081998201 4.289869429309833
36 7.096685852808534 4.745649626561626
37 3.718000000000000 5.677000000000000
38 4.399836094441796 5.453469526259960
39 8.133665769956004 4.229385434737063
40 7.034319106101655 4.589790937729791
41 2.947000000000000 5.404000000000000
42 6.348083320437715 3.383822173096054
43 6.512639634384541 3.286078899735247
44 9.170649627225057 5.423833446295438
45 9.351644475993139 4.859872675796217
46 2.158000000000000 7.835000000000000
47 6.491000000000000 3.232000000000000
48 6.516000000000000 3.392000000000000
49 6.565218986009185 3.417478230894222
50 3.306000000000000 1.429000000000000
85
1 4
4 6
6 5
5 3
3 2
2 0
7 9
9 8
11 10
12 13
13 18
18 19
19 17
17 15
15 16
16 2
2 14
14 8
20 24
24 22
22 23
23 13
13 21
25 14
14 21
26 28
28 27
27 20
25 8
29 22
22 32
32 33
33 30
30 31
31 3
3 25
26 34
34 36
36 35
35 30
30 15
15 0
37 38
38 40
40 39
39 31
31 16
16 0
41 42
42 43
43 8
29 23
23 44
44 45
45 17
17 0
46 27
27 24
24 29
11 32
32 44
44 18
18 21
46 28
28 34
34 38
38 4
4 42
42 47
48 49
49 5
5 39
39 35
35 33
33 45
45 19
19 21
26 9
9 50
47 43
43 49
49 6
6 40
40 36
36 11
47
0 2.300000000000000 6.200000000000000
1 2.400000000000000 7.800000000000000
2 3.400000000000000 7.300000000000000
3 3.500000000000000 4.200000000000000
4 3.600000000000000 2.200000000000000
5 3.900000000000000 6.200000000000000
6 4.100000000000000 3.300000000000000
7 4.300000000000000 4.800000000000000
8 4.400000000000000 4.000000000000000
9 4.500000000000000 5.300000000000000
10 4.700000000000000 4.700000000000000
11 4.700000000000000 2.900000000000000
12 4.700000000000000 3.100000000000000
13 4.800000000000000 5.100000000000000
14 5.000000000000000 5.400000000000000
15 5.000000000000000 5.100000000000000
16 5.100000000000000 4.300000000000000
17 5.200000000000000 2.100000000000000
18 5.200000000000000 2.100000000000000
19 5.400000000000000 6.800000000000000
20 5.500000000000000 2.100000000000000
21 5.600000000000000 7.300000000000000
22 5.700000000000000 2.100000000000000
23 5.700000000000000 3.100000000000000
24 6.000000000000000 1.900000000000000
25 6.700000000000000 8.000000000000000
26 6.700000000000000 2.800000000000000
27 6.800000000000000 7.800000000000000
28 7.000000000000000 6.900000000000000
29 7.000000000000000 4.800000000000000
30 7.200000000000000 6.100000000000000
31 7.400000000000000 5.300000000000000
32 7.600000000000000 3.600000000000000
33 7.600000000000000 5.500000000000000
34 7.700000000000000 6.700000000000000
35 7.700000000000000 2.500000000000000
36 7.700000000000000 8.199999999999999
37 8.199999999999999 4.200000000000000
38 8.500000000000000 4.000000000000000
39 8.800000000000001 4.800000000000000
40 8.800000000000001 6.400000000000000
41 8.800000000000001 4.400000000000000
42 8.900000000000000 5.000000000000000
43 9.199999999999999 3.500000000000000
44 9.500000000000000 5.000000000000000
45 9.900000000000000 3.700000000000000
46 9.900000000000000 2.200000000000000
