359
0 2.680000000000000 4.090000000000000
1 9.740000000000000 8.020000000000000
2 5.519384127081013 5.670563685471442
3 7.885025614686048 6.987415108458380
4 5.600584722222223 5.715764583333333
5 7.518056920923282 6.783139334168342
6 5.593628687821484 5.711892456535188
7 6.749732319331910 6.355445894472295
8 6.564329778389086 6.252240230746333
9 2.847272694178071 4.183113553558048
10 5.875890829755006 5.869015716846625
11 5.452391941620409 5.633272001496913
12 3.112806277184764 4.330924740699167
13 5.034123750411329 5.400439991376278
14 3.370309076851412 4.474265534281310
15 4.046047382908075 4.850420143743446
16 4.161807239087696 4.914858703911422
17 3.978774944508072 4.812972454945712
18 4.826990907882591 5.285137998297249
19 8.168448305621080 7.145184396755077
20 2.836566897894001 4.177154094720032
21 5.291659650444032 5.543799210516295
22 3.950000000000000 8.350000000000000
23 6.410000000000000 4.150000000000000
24 5.883485254691688 5.048927613941020
25 5.481995645863571 5.734397677793904
26 5.889711668928086 5.038297150610584
27 5.351145753002093 5.957799933898865
28 5.111708250021733 6.366595670694602
29 4.718750000000000 7.037500000000000
30 5.889595792263728 5.038494988818025
31 5.542580885087394 5.630959464484938
32 4.977077037295834 6.596453838763210
33 4.292906628282876 7.764549659029236
34 6.053408913033470 4.758814050918466
35 4.092085814394302 8.107414463229240
36 5.648093962903163 5.450815185287284
37 5.720753607023351 5.326762134350377
38 4.995570513580833 6.564879610959554
39 5.479714448886351 5.738292404340378
40 5.410000000000000 0.410000000000000
41 8.660000000000000 1.190000000000000
42 7.980000000000000 2.700000000000000
43 7.840000000000000 9.020000000000000
44 7.923686488520889 5.242152803914188
45 7.861313075608008 8.057866872552804
46 7.954117936925098 3.868390275952694
47 7.850998485157456 8.523496955749117
48 7.916422018348624 5.570091743119265
49 7.840056446601367 9.017451839138282
50 7.901067475209124 6.263239690559550
51 7.919543840994602 5.429163749386553
52 7.899986726567287 6.312027772105370
53 7.858204121081596 8.198213962602221
54 9.109999999999999 3.180000000000000
55 6.430000000000000 1.750000000000000
56 7.125574405310713 2.121146044624747
57 2.090000000000000 3.840000000000000
58 3.360000000000000 2.350000000000000
59 2.333196050299603 3.554675500042197
60 2.919557795163464 2.866739279690108
61 2.465512891986063 3.399437630662021
62 3.069867962132536 2.690391131041355
63 2.228976963438929 3.676948286988972
64 2.818199507439295 2.985655695996418
65 7.160000000000000 2.040000000000000
66 3.800000000000000 9.960000000000001
67 6.705010700091715 3.112474778355243
68 5.603031652616511 5.709996818832511
69 5.888671189806388 5.036703624027801
70 4.330250000000000 8.710125000000000
71 5.466581318958982 6.031629748168113
72 6.716050314465409 3.086452830188680
73 5.319113814074718 6.379231723966737
74 4.986049513082248 7.164311862020416
75 5.889663968604365 5.034363502575424
76 5.637596229379419 5.628523173605656
77 4.945424222369292 7.260071475843812
78 6.528010235839270 3.529690158378864
79 4.467398794142980 8.386845699520117
80 6.015199874588494 4.738457438469979
81 4.539706414300737 8.216406309148264
82 6.880912484446288 2.697849143805179
83 5.704377166425344 5.471110964854548
84 5.764746857340561 5.328810979125821
85 6.798222823635544 2.892760487144791
86 4.188225463145447 9.044897122585731
87 5.198085534253922 6.664512669258614
88 6.698034003941157 3.128919847852986
89 5.557081392903284 5.818308145299403
90 7.730000000000000 7.740000000000000
91 6.370000000000000 1.600000000000000
92 7.208659768612524 5.386302190647715
93 7.096436445868274 4.879646895317063
94 6.696513852900140 3.074114012357984
95 7.253135952163442 5.587099078149656
96 6.789005493503071 3.491686566256512
97 7.205644739410502 5.372690220573883
98 6.613055691956457 2.697324962215179
99 7.359656097633049 6.068006205490381
100 7.210842874356540 5.396158270992025
101 6.709774392011596 3.133981446287648
102 2.230000000000000 6.390000000000000
103 8.480000000000000 5.130000000000000
104 6.243928856582055 5.580791942513057
105 5.116922565077999 5.807996410880275
106 6.873857952242959 5.453798236827820
107 2.987912830821626 6.237204773306360
108 3.018749449581682 6.230988110964333
109 5.879434422103897 5.654274020503854
110 6.061021217066916 5.617666122639310
111 5.013691735796315 5.828807746063463
112 3.817729731720580 6.069913686085131
113 7.225008014813586 5.383006384213581
114 3.040584517575964 6.226586161256686
115 6.092947442439446 5.611229795604207
116 3.848275902776867 6.063755578000183
117 7.169354701496273 5.394226092178352
118 7.577723023504273 5.311899038461538
119 2.730860973034055 6.289026427836334
120 2.734831959847926 6.288225876894658
121 3.939571069058251 6.045350472477856
122 5.476935087385562 5.735417886383070
123 2.140000000000000 5.160000000000000
124 0.620000000000000 2.070000000000000
125 1.674296474121944 4.213273753313688
126 0.150000000000000 4.870000000000000
127 2.460000000000000 5.710000000000000
128 2.423872549019608 5.696862745098040
129 2.166054884742042 5.603110867178924
130 2.422853563474387 5.696492204899777
131 2.420348300461603 5.695581200167855
132 1.243827655310621 5.267755511022044
133 3.710000000000000 1.700000000000000
134 8.150000000000000 8.500000000000000
135 6.608294942351272 6.138830091889334
136 5.889601832787171 5.038128933097468
137 6.264597240765465 5.612446224595757
138 5.108466955729239 3.841796238504239
139 5.045618371713175 3.745541650371529
140 5.522561119798620 4.475994507799688
141 5.410378999716073 4.304184053619210
142 4.358313489090469 2.692912550859277
143 6.316419837131040 5.691814164975467
144 4.221784970637009 2.483814819894518
145 6.089268369252986 5.343924529486554
146 3.837859956941373 1.895821555675977
147 3.510000000000000 8.300000000000001
148 6.610000000000000 9.850000000000000
149 5.544269870609982 9.317134935304990
150 4.863542168674699 8.976771084337349
151 4.595191347753744 8.842595673876872
152 3.897697478991597 8.493848739495800
153 3.150000000000000 4.550000000000000
154 5.980000000000000 6.360000000000000
155 5.868960694255314 6.288981928127957
156 4.867195587033505 5.648277036229910
157 5.017710940540175 5.744543039709440
158 3.444329343788692 4.738245976062732
159 3.783850595249290 4.955395610389122
160 3.952651403171092 5.063356551144762
161 4.257981268067065 5.258638196184236
162 6.100000000000000 7.450000000000000
163 7.860000000000000 2.910000000000000
164 7.580052151238592 3.632138200782269
165 6.817855105533371 5.598260125499144
166 6.956713933939033 5.240067465861811
167 6.724535910853588 5.838981229957220
168 6.901782813383416 5.381764788204144
169 7.283203475143074 4.397872853892299
170 6.396139992015323 6.686093429687745
171 5.930000000000000 2.590000000000000
172 8.020000000000000 3.910000000000000
173 7.251128190255220 3.424396751740139
174 6.098336332406348 2.696317683625062
175 6.897577092511013 3.201101321585903
176 6.966655706904651 3.244729920150306
177 0.900000000000000 6.110000000000000
178 5.660000000000000 6.400000000000000
179 3.038327386156864 6.240276248316280
180 2.284720192656751 6.194363205014803
181 4.988398995345375 6.359083132069362
182 3.879875856164384 6.291547058463797
183 3.043432490484592 6.240587273579944
184 3.824859248139448 6.288195206294210
185 2.717741348581613 6.220744746027031
186 2.698640498154486 6.219581038753110
187 4.519158174568011 6.330494930803513
188 2.283644297132308 6.194297656758061
189 2.930000000000000 5.810000000000000
190 2.920000000000000 6.170000000000000
191 8.750000000000000 8.949999999999999
192 2.361668326794462 5.919256601549001
193 5.847770162211560 7.573128169979437
194 4.950789583925552 7.147583895629797
195 3.992419776964226 6.692915429071400
196 1.910743680043949 5.705329559834803
197 3.043907738225870 6.242923671158319
198 3.792527476436066 6.598082802774320
199 2.689716629047757 6.074888819362192
200 2.599885620413303 6.032271317591427
201 2.359339155506341 5.918151599356497
202 1.202386002120892 5.369271498680609
203 1.330000000000000 1.100000000000000
204 8.890000000000001 1.730000000000000
205 6.596360338573157 1.538863361547763
206 1.791057818659658 1.138421484888305
207 5.644203730272598 1.459516977522716
208 4.395253012048192 1.355437751004016
209 2.150557222460352 1.168379768538363
210 3.296792237442923 2.575981735159816
211 2.640260245998955 4.923228855012585
212 2.881524444149759 4.060655969588472
213 3.067696417168761 3.395049977555936
214 3.122938178605261 3.197548458791809
215 2.485914516552068 5.475048985070483
216 2.718540011607516 4.643361374429765
217 3.264684953789995 2.690772377600372
218 2.568453502339107 5.179953850044253
219 2.538405378782672 5.287382539573453
220 2.423587058859260 5.697883435582822
221 2.521532742250768 5.347705948059201
222 3.100532250245803 3.277654609740667
223 5.830000000000000 8.650000000000000
224 5.879961903149340 5.622308669150017
225 5.913015847153250 3.619239662513017
226 5.895598392574302 4.674737409997302
227 5.904980844790702 4.106160805683428
228 5.831962709031784 8.531059832673893
229 5.928251075317428 2.695984835763831
230 5.881403517420047 5.534946844345125
231 5.884712904065291 5.334398013643403
232 5.857411109749479 6.988886749181563
233 5.926595185893001 2.796331734884103
234 5.871363850982280 6.143350630473828
235 5.480000000000000 0.810000000000000
236 9.869999999999999 5.520000000000000
237 2.969595687331536 5.696933443914576
238 5.022492505172487 5.644295063969936
239 2.814748261748606 5.700903890724395
240 3.707838074079469 5.678004151946681
241 7.591788175905251 5.578415687797301
242 2.933038277511962 5.697870813397129
243 6.107491964978388 5.616474565000554
244 3.889007510729615 5.673358781776163
245 7.663012150324951 5.576589432042949
246 2.618824512534819 5.705927576601671
247 3.218407947019867 5.690553642384106
248 5.379966178906681 5.635129072335726
249 8.510000000000000 8.930000000000000
250 4.220000000000000 9.490000000000000
251 4.842941074349557 9.408683682602389
252 4.757065984230184 9.419893484576013
253 7.833206940322011 9.018345947184073
254 3.310000000000000 2.450000000000000
255 3.145165544332211 4.022267115600449
256 3.171944835434698 3.766833877392111
257 3.225878278000258 3.252391809843690
258 3.015068569742339 5.263192103996149
259 2.957097288168000 5.816148943628311
260 3.284753617242848 2.690811650914370
261 3.021582745016612 5.201056893687707
262 2.982435613517060 5.574460301837270
263 3.211227309053545 3.392139513643111
264 5.120000000000000 3.600000000000000
265 4.830000000000000 9.680000000000000
266 5.113529705919905 3.735653062093033
267 5.089229073694776 4.245128385985378
268 5.080105184025641 4.436415452152096
269 4.895675376896934 8.303081753333251
270 5.042143169499212 5.232308722223422
271 5.039152067393021 5.295018725001486
272 4.978972534460830 6.556713760269499
273 5.039714444148800 5.283228205432069
274 1.760000000000000 1.000000000000000
275 2.741145173649087 5.372862541177396
276 2.699228503154514 5.186044276990378
277 2.762050530770751 5.466035555245503
278 2.636568839866062 4.906776639747882
279 2.020390130678328 2.160531875523235
280 7.350000000000000 3.410000000000000
281 3.239708353813416 4.008500710793764
282 4.343427272969942 3.847787891730287
283 4.075404560224207 3.886814753543370
284 6.982148084177992 3.463563019862733
285 2.867958948000045 4.062631245259094
286 3.737149980711624 3.936068097027001
287 1.820000000000000 0.350000000000000
288 2.830000000000000 0.260000000000000
289 2.870000000000000 2.690000000000000
290 3.533341322765135 5.055691758228719
291 4.410806850967473 8.185020351154407
292 3.418715635088279 4.646899127177075
293 3.839524002793313 6.147639173227171
294 3.581412471332587 5.227129170721829
295 3.790242099377890 5.971883813597678
296 3.059228633541999 3.364851096152335
297 3.007921523200700 3.181873187333107
298 7.820000000000000 5.700000000000000
299 3.090000000000000 3.180000000000000
300 5.290307618350925 4.352256912948062
301 4.093375726148416 3.714568040146725
302 7.253415350344269 5.398140947752126
303 7.678483636776133 5.624604389994896
304 3.107362836996320 3.189250390957871
305 6.320000000000000 3.940000000000000
306 2.857455929811874 5.326295319614065
307 4.016223027261137 4.862360891299508
308 3.971764953130939 4.880160526144993
309 3.154770711283664 5.207259696773884
310 2.568138344829650 5.442129112863406
311 2.337442804942890 5.534492456323603
312 2.648257576595203 5.410051855865021
313 2.480168111429053 5.477349667564384
314 4.460711105240272 4.684401642366902
315 1.310000000000000 7.430000000000000
316 3.388307441714421 7.936050357170893
317 3.646376062557234 7.998887892720674
318 3.030583832020261 7.848947671196357
319 3.635321228989540 7.996196133858096
320 2.130000000000000 1.750000000000000
321 2.830167811765754 5.192142356046011
322 3.253061589311484 7.271159070806759
323 2.899650702431186 5.533731896383258
324 2.714379993008170 4.622910025507232
325 2.264957178630684 2.413472117699353
326 4.200001319020910 2.692602742307282
327 6.735326254868258 2.697564239246318
328 5.692771469590186 2.695524014617594
329 3.244012569374808 2.690731922836350
330 9.140000000000001 6.710000000000000
331 3.975166715304338 4.847555944083033
332 5.242281574096999 5.304478831393910
333 7.882057255593335 6.256384586324140
334 4.962825294581399 5.203706617077766
335 3.640000000000000 8.060000000000000
336 4.290000000000000 1.830000000000000
337 3.933851863638336 5.243542906974101
338 3.644784252543109 8.014144779471437
339 3.854559809276541 6.003526751087924
340 4.263965849824962 2.079527316293052
341 4.037821526595129 4.247033675865148
342 7.610876309721857 5.414788547412661
343 2.517306379073493 5.177571836541586
344 2.561773058842601 5.179642729777922
345 5.051678734054698 5.295602114393233
346 6.902758708247732 3.217182198010203
347 3.050000000000000 7.950000000000000
348 2.170000000000000 3.370000000000000
349 2.728341988968098 6.275916260765781
350 2.552967375886525 5.363171115409414
351 2.535864790339450 5.274159931539412
352 4.270000000000000 9.199999999999999
353 2.421040970882920 5.693054235853050
354 5.880000000000000 7.000000000000000
355 2.516397493242758 5.345179515392159
356 3.086973940320569 3.263632106608293
357 2.190000000000000 2.950000000000000
358 1.140000000000000 1.250000000000000
636
0 20
20 9
9 12
12 14
14 17
17 15
15 16
16 18
18 13
13 21
21 11
11 2
2 6
6 4
4 10
10 8
8 7
7 5
5 3
3 19
19 1
22 35
35 33
33 29
29 32
32 38
38 28
28 27
27 39
39 25
25 2
2 31
31 36
36 37
37 24
24 30
30 26
26 34
34 23
40 41
43 49
49 47
47 53
53 45
45 3
3 52
52 50
50 48
48 51
51 44
44 46
46 42
55 56
56 54
57 63
63 59
59 61
61 64
64 60
60 62
62 58
66 86
86 70
70 79
79 81
81 77
77 74
74 87
87 73
73 71
71 89
89 4
4 68
68 76
76 83
83 84
84 24
24 69
69 75
75 80
80 78
78 88
88 67
67 72
72 85
85 82
82 56
56 65
91 98
98 94
94 67
67 101
101 96
96 93
93 97
97 92
92 100
100 95
95 99
99 5
5 90
102 119
119 120
120 107
107 108
108 114
114 112
112 116
116 121
121 111
111 105
105 122
122 25
25 6
6 68
68 109
109 110
110 115
115 104
104 106
106 117
117 92
92 113
113 118
118 44
44 103
124 125
125 123
126 132
132 129
129 131
131 130
130 128
128 127
133 146
146 144
144 142
142 139
139 138
138 141
141 140
140 69
69 136
136 26
26 145
145 104
104 137
137 143
143 135
135 7
7 45
45 134
147 152
152 70
70 151
151 150
150 149
149 148
153 158
158 159
159 160
160 161
161 156
156 157
157 105
105 27
27 71
71 155
155 154
162 170
170 8
8 135
135 167
167 165
165 106
106 168
168 166
166 93
93 169
169 164
164 163
171 174
174 94
94 72
72 175
175 176
176 173
173 164
164 46
46 172
177 188
188 180
180 186
186 185
185 107
107 179
179 183
183 184
184 182
182 187
187 181
181 28
28 73
73 178
190 189
126 202
202 196
196 201
201 192
192 200
200 199
199 108
108 179
179 197
197 198
198 195
195 29
29 194
194 74
74 193
193 47
47 191
203 206
206 209
209 208
208 207
207 205
205 204
102 180
180 192
192 220
220 128
128 215
215 221
221 219
219 218
218 211
211 216
216 9
9 212
212 213
213 222
222 214
214 217
217 210
210 58
223 228
228 193
193 232
232 155
155 234
234 10
10 109
109 224
224 230
230 231
231 30
30 136
136 75
75 226
226 227
227 225
225 233
233 229
229 171
235 205
205 54
127 246
246 239
239 242
242 237
237 247
247 240
240 244
244 156
156 238
238 248
248 11
11 31
31 76
76 224
224 110
110 243
243 137
137 165
165 95
95 241
241 245
245 48
48 236
250 252
252 251
251 149
149 253
253 49
49 249
190 259
259 237
237 262
262 258
258 261
261 12
12 255
255 256
256 263
263 257
257 260
260 210
210 254
265 251
251 150
150 269
269 77
77 194
194 32
32 272
272 181
181 111
111 157
157 238
238 13
13 271
271 273
273 270
270 268
268 267
267 138
138 266
266 264
274 206
206 279
279 59
59 278
278 211
211 276
276 275
275 277
277 239
239 190
0 285
285 212
212 255
255 281
281 286
286 283
283 282
282 139
139 266
266 225
225 78
78 96
96 284
284 173
173 280
287 288
235 207
207 171
133 208
208 235
289 60
60 297
297 296
296 213
213 256
256 281
281 14
14 292
292 158
158 290
290 294
294 240
240 295
295 112
112 293
293 182
182 195
195 33
33 291
291 79
79 151
151 252
252 265
299 304
304 214
214 257
257 301
301 282
282 267
267 300
300 140
140 226
226 80
80 34
34 166
166 97
97 113
113 302
302 241
241 303
303 298
177 196
196 129
129 311
311 313
313 215
215 310
310 312
312 275
275 306
306 258
258 309
309 290
290 159
159 308
308 307
307 15
15 314
314 268
268 300
300 141
141 227
227 305
287 235
315 318
318 316
316 319
319 317
317 35
35 291
291 81
81 269
269 228
228 253
253 43
320 325
325 61
61 324
324 216
216 321
321 306
306 323
323 242
242 259
259 114
114 183
183 197
197 322
322 316
316 66
289 62
62 329
329 217
217 260
260 326
326 142
142 328
328 229
229 174
174 98
98 327
327 82
82 42
153 292
292 331
331 307
307 16
16 334
334 270
270 332
332 36
36 83
83 230
230 115
115 243
243 143
143 167
167 99
99 333
333 50
50 330
335 338
338 317
317 198
198 184
184 293
293 116
116 339
339 244
244 337
337 160
160 308
308 331
331 17
17 341
341 283
283 301
301 326
326 144
144 340
340 336
123 343
343 344
344 218
218 276
276 321
321 261
261 309
309 294
294 337
337 161
161 18
18 271
271 345
345 332
332 37
37 84
84 231
231 145
145 168
168 117
117 100
100 302
302 342
342 51
51 236
55 327
327 85
85 175
175 346
346 284
284 169
169 118
118 342
342 245
245 303
303 333
333 52
52 19
19 191
348 63
63 343
343 351
351 219
219 350
350 310
310 246
246 199
199 185
185 349
349 119
119 318
318 347
123 311
311 353
353 130
130 220
220 200
200 186
186 349
349 120
120 322
322 319
319 338
338 152
152 86
86 352
123 355
355 221
221 350
350 312
312 277
277 323
323 262
262 247
247 295
295 339
339 121
121 187
187 272
272 38
38 87
87 232
232 354
274 209
209 146
146 340
340 328
328 233
233 88
88 101
101 346
346 176
176 280
102 188
188 201
201 131
131 353
353 313
313 355
355 351
351 344
344 278
278 324
324 20
20 285
285 296
296 356
356 304
304 329
329 254
177 202
202 132
132 125
125 357
358 279
279 325
325 64
64 297
297 356
356 222
222 263
263 286
286 341
341 314
314 334
334 273
273 345
345 21
21 248
248 122
122 39
39 89
89 234
234 170
170 53
53 134
535
0 1.100000000000000 5.400000000000000
1 1.400000000000000 5.300000000000000
2 1.400000000000000 5.400000000000000
3 1.600000000000000 5.400000000000000
4 1.700000000000000 4.700000000000000
5 1.700000000000000 5.000000000000000
6 1.800000000000000 4.200000000000000
7 1.800000000000000 4.700000000000000
8 1.800000000000000 2.900000000000000
9 1.800000000000000 5.200000000000000
10 1.900000000000000 5.500000000000000
11 1.900000000000000 3.200000000000000
12 1.900000000000000 3.500000000000000
13 1.900000000000000 6.100000000000000
14 2.000000000000000 2.600000000000000
15 2.000000000000000 5.600000000000000
16 2.000000000000000 5.300000000000000
17 2.000000000000000 5.200000000000000
18 2.100000000000000 3.000000000000000
19 2.200000000000000 6.100000000000000
20 2.200000000000000 2.800000000000000
21 2.200000000000000 3.100000000000000
22 2.200000000000000 1.200000000000000
23 2.200000000000000 2.900000000000000
24 2.300000000000000 4.000000000000000
25 2.300000000000000 1.800000000000000
26 2.300000000000000 2.000000000000000
27 2.300000000000000 2.600000000000000
28 2.400000000000000 4.500000000000000
29 2.400000000000000 5.100000000000000
30 2.400000000000000 5.000000000000000
31 2.400000000000000 2.200000000000000
32 2.400000000000000 2.700000000000000
33 2.500000000000000 5.700000000000000
34 2.600000000000000 1.300000000000000
35 2.600000000000000 5.400000000000000
36 2.600000000000000 5.900000000000000
37 2.600000000000000 5.500000000000000
38 2.600000000000000 2.600000000000000
39 2.600000000000000 5.000000000000000
40 2.600000000000000 5.500000000000000
41 2.600000000000000 3.400000000000000
42 2.600000000000000 1.700000000000000
43 2.600000000000000 1.400000000000000
44 2.600000000000000 3.800000000000000
45 2.600000000000000 5.800000000000000
46 2.600000000000000 2.000000000000000
47 2.700000000000000 1.800000000000000
48 2.700000000000000 5.200000000000000
49 2.700000000000000 2.800000000000000
50 2.700000000000000 5.000000000000000
51 2.700000000000000 3.400000000000000
52 2.700000000000000 3.700000000000000
53 2.700000000000000 5.800000000000000
54 2.800000000000000 5.400000000000000
55 2.800000000000000 3.400000000000000
56 2.800000000000000 2.700000000000000
57 2.800000000000000 4.300000000000000
58 2.800000000000000 6.000000000000000
59 2.800000000000000 2.300000000000000
60 2.800000000000000 2.400000000000000
61 2.800000000000000 4.600000000000000
62 2.900000000000000 4.500000000000000
63 2.900000000000000 2.000000000000000
64 2.900000000000000 6.100000000000000
65 2.900000000000000 2.700000000000000
66 2.900000000000000 1.700000000000000
67 2.900000000000000 3.000000000000000
68 2.900000000000000 7.000000000000000
69 3.000000000000000 2.500000000000000
70 3.000000000000000 7.400000000000000
71 3.000000000000000 4.700000000000000
72 3.000000000000000 3.400000000000000
73 3.000000000000000 6.900000000000000
74 3.100000000000000 5.800000000000000
75 3.100000000000000 5.800000000000000
76 3.100000000000000 3.700000000000000
77 3.100000000000000 4.100000000000000
78 3.100000000000000 2.600000000000000
79 3.200000000000000 4.100000000000000
80 3.200000000000000 1.400000000000000
81 3.200000000000000 6.800000000000000
82 3.200000000000000 4.800000000000000
83 3.300000000000000 7.700000000000000
84 3.300000000000000 3.000000000000000
85 3.300000000000000 5.700000000000000
86 3.300000000000000 3.000000000000000
87 3.300000000000000 6.700000000000000
88 3.300000000000000 7.300000000000000
89 3.300000000000000 4.300000000000000
90 3.300000000000000 2.300000000000000
91 3.400000000000000 1.900000000000000
92 3.400000000000000 5.000000000000000
93 3.400000000000000 2.100000000000000
94 3.400000000000000 1.400000000000000
95 3.400000000000000 1.400000000000000
96 3.400000000000000 6.000000000000000
97 3.400000000000000 2.400000000000000
98 3.500000000000000 1.800000000000000
99 3.500000000000000 4.200000000000000
100 3.500000000000000 6.500000000000000
101 3.500000000000000 7.400000000000000
102 3.500000000000000 7.500000000000000
103 3.500000000000000 6.400000000000000
104 3.500000000000000 2.900000000000000
105 3.600000000000000 3.500000000000000
106 3.600000000000000 2.900000000000000
107 3.600000000000000 2.600000000000000
108 3.600000000000000 6.400000000000000
109 3.700000000000000 6.600000000000000
110 3.700000000000000 3.700000000000000
111 3.700000000000000 6.400000000000000
112 3.700000000000000 5.800000000000000
113 3.700000000000000 4.900000000000000
114 3.700000000000000 6.400000000000000
115 3.700000000000000 4.200000000000000
116 3.700000000000000 2.400000000000000
117 3.700000000000000 2.700000000000000
118 3.800000000000000 7.600000000000000
119 3.800000000000000 3.400000000000000
120 3.800000000000000 9.400000000000000
121 3.800000000000000 3.100000000000000
122 3.800000000000000 7.100000000000000
123 3.800000000000000 2.100000000000000
124 3.800000000000000 7.200000000000000
125 3.800000000000000 1.500000000000000
126 3.800000000000000 9.300000000000001
127 3.800000000000000 4.300000000000000
128 3.900000000000000 8.900000000000000
129 3.900000000000000 3.000000000000000
130 3.900000000000000 1.700000000000000
131 3.900000000000000 8.100000000000000
132 3.900000000000000 3.500000000000000
133 3.900000000000000 6.400000000000000
134 3.900000000000000 7.500000000000000
135 3.900000000000000 2.000000000000000
136 3.900000000000000 4.500000000000000
137 3.900000000000000 9.699999999999999
138 3.900000000000000 5.800000000000000
139 3.900000000000000 3.400000000000000
140 3.900000000000000 3.000000000000000
141 4.000000000000000 4.000000000000000
142 4.000000000000000 7.300000000000000
143 4.000000000000000 4.500000000000000
144 4.000000000000000 7.500000000000000
145 4.000000000000000 4.700000000000000
146 4.000000000000000 4.000000000000000
147 4.000000000000000 7.300000000000000
148 4.000000000000000 7.600000000000000
149 4.000000000000000 3.400000000000000
150 4.000000000000000 7.400000000000000
151 4.000000000000000 5.300000000000000
152 4.100000000000000 7.700000000000000
153 4.100000000000000 7.000000000000000
154 4.100000000000000 3.800000000000000
155 4.100000000000000 6.500000000000000
156 4.100000000000000 8.800000000000001
157 4.100000000000000 6.000000000000000
158 4.200000000000000 8.199999999999999
159 4.200000000000000 5.700000000000000
160 4.200000000000000 3.100000000000000
161 4.200000000000000 4.300000000000000
162 4.200000000000000 4.200000000000000
163 4.200000000000000 5.200000000000000
164 4.200000000000000 1.800000000000000
165 4.200000000000000 2.200000000000000
166 4.200000000000000 6.200000000000000
167 4.200000000000000 3.400000000000000
168 4.300000000000000 6.300000000000000
169 4.300000000000000 2.700000000000000
170 4.300000000000000 3.100000000000000
171 4.300000000000000 2.700000000000000
172 4.300000000000000 2.600000000000000
173 4.300000000000000 2.000000000000000
174 4.300000000000000 7.800000000000000
175 4.300000000000000 3.000000000000000
176 4.300000000000000 3.600000000000000
177 4.300000000000000 7.600000000000000
178 4.300000000000000 3.700000000000000
179 4.400000000000000 6.600000000000000
180 4.400000000000000 6.400000000000000
181 4.400000000000000 8.100000000000000
182 4.400000000000000 3.300000000000000
183 4.400000000000000 5.200000000000000
184 4.500000000000000 3.400000000000000
185 4.500000000000000 6.800000000000000
186 4.500000000000000 3.300000000000000
187 4.500000000000000 5.100000000000000
188 4.500000000000000 4.200000000000000
189 4.500000000000000 7.400000000000000
190 4.500000000000000 4.400000000000000
191 4.600000000000000 7.700000000000000
192 4.600000000000000 2.000000000000000
193 4.600000000000000 1.900000000000000
194 4.600000000000000 2.600000000000000
195 4.600000000000000 5.500000000000000
196 4.600000000000000 4.500000000000000
197 4.600000000000000 2.400000000000000
198 4.600000000000000 6.600000000000000
199 4.600000000000000 1.400000000000000
200 4.700000000000000 8.100000000000000
201 4.700000000000000 8.500000000000000
202 4.700000000000000 8.199999999999999
203 4.700000000000000 5.400000000000000
204 4.700000000000000 5.800000000000000
205 4.700000000000000 5.200000000000000
206 4.700000000000000 3.000000000000000
207 4.700000000000000 1.300000000000000
208 4.700000000000000 8.900000000000000
209 4.700000000000000 7.100000000000000
210 4.800000000000000 4.100000000000000
211 4.800000000000000 8.400000000000000
212 4.800000000000000 2.300000000000000
213 4.800000000000000 9.000000000000000
214 4.800000000000000 4.200000000000000
215 4.800000000000000 7.900000000000000
216 4.900000000000000 3.300000000000000
217 4.900000000000000 9.400000000000000
218 4.900000000000000 7.100000000000000
219 4.900000000000000 4.900000000000000
220 4.900000000000000 6.400000000000000
221 4.900000000000000 1.500000000000000
222 4.900000000000000 2.600000000000000
223 4.900000000000000 2.300000000000000
224 4.900000000000000 8.900000000000000
225 4.900000000000000 6.400000000000000
226 4.900000000000000 7.300000000000000
227 4.900000000000000 1.900000000000000
228 4.900000000000000 6.200000000000000
229 5.000000000000000 2.900000000000000
230 5.000000000000000 3.100000000000000
231 5.000000000000000 3.600000000000000
232 5.000000000000000 3.200000000000000
233 5.000000000000000 4.600000000000000
234 5.000000000000000 7.500000000000000
235 5.000000000000000 5.800000000000000
236 5.000000000000000 6.500000000000000
237 5.000000000000000 6.000000000000000
238 5.100000000000000 8.900000000000000
239 5.100000000000000 4.300000000000000
240 5.100000000000000 5.900000000000000
241 5.100000000000000 9.300000000000001
242 5.100000000000000 6.100000000000000
243 5.100000000000000 3.300000000000000
244 5.100000000000000 6.600000000000000
245 5.100000000000000 7.200000000000000
246 5.100000000000000 3.700000000000000
247 5.100000000000000 2.800000000000000
248 5.100000000000000 5.800000000000000
249 5.200000000000000 2.500000000000000
250 5.200000000000000 2.800000000000000
251 5.200000000000000 4.500000000000000
252 5.200000000000000 6.600000000000000
253 5.200000000000000 6.100000000000000
254 5.200000000000000 9.100000000000000
255 5.200000000000000 5.600000000000000
256 5.200000000000000 7.500000000000000
257 5.300000000000000 5.400000000000000
258 5.300000000000000 6.100000000000000
259 5.300000000000000 3.800000000000000
260 5.300000000000000 7.800000000000000
261 5.300000000000000 4.600000000000000
262 5.300000000000000 7.900000000000000
263 5.300000000000000 4.900000000000000
264 5.300000000000000 2.400000000000000
265 5.300000000000000 2.000000000000000
266 5.300000000000000 5.300000000000000
267 5.300000000000000 5.100000000000000
268 5.300000000000000 6.500000000000000
269 5.300000000000000 2.200000000000000
270 5.300000000000000 6.400000000000000
271 5.300000000000000 7.000000000000000
272 5.300000000000000 1.100000000000000
273 5.400000000000000 9.000000000000000
274 5.400000000000000 6.200000000000000
275 5.400000000000000 5.400000000000000
276 5.400000000000000 3.900000000000000
277 5.400000000000000 6.300000000000000
278 5.400000000000000 7.300000000000000
279 5.400000000000000 2.400000000000000
280 5.500000000000000 4.300000000000000
281 5.500000000000000 6.400000000000000
282 5.500000000000000 1.800000000000000
283 5.500000000000000 8.100000000000000
284 5.500000000000000 6.200000000000000
285 5.500000000000000 1.800000000000000
286 5.500000000000000 2.800000000000000
287 5.500000000000000 6.300000000000000
288 5.500000000000000 5.000000000000000
289 5.500000000000000 3.700000000000000
290 5.500000000000000 2.900000000000000
291 5.600000000000000 4.100000000000000
292 5.600000000000000 9.199999999999999
293 5.600000000000000 8.600000000000000
294 5.600000000000000 8.000000000000000
295 5.600000000000000 3.600000000000000
296 5.600000000000000 8.400000000000000
297 5.700000000000000 1.100000000000000
298 5.700000000000000 2.900000000000000
299 5.700000000000000 6.700000000000000
300 5.700000000000000 7.200000000000000
301 5.700000000000000 1.400000000000000
302 5.700000000000000 2.800000000000000
303 5.700000000000000 5.400000000000000
304 5.700000000000000 3.900000000000000
305 5.800000000000000 6.400000000000000
306 5.800000000000000 7.300000000000000
307 5.800000000000000 2.000000000000000
308 5.800000000000000 1.800000000000000
309 5.800000000000000 3.500000000000000
310 5.900000000000000 6.700000000000000
311 5.900000000000000 4.300000000000000
312 5.900000000000000 9.199999999999999
313 5.900000000000000 7.800000000000000
314 5.900000000000000 8.000000000000000
315 6.000000000000000 3.800000000000000
316 6.000000000000000 5.800000000000000
317 6.000000000000000 9.100000000000000
318 6.000000000000000 3.800000000000000
319 6.000000000000000 6.400000000000000
320 6.000000000000000 6.000000000000000
321 6.000000000000000 3.100000000000000
322 6.000000000000000 5.500000000000000
323 6.000000000000000 5.700000000000000
324 6.000000000000000 3.600000000000000
325 6.100000000000000 2.000000000000000
326 6.100000000000000 4.400000000000000
327 6.100000000000000 3.400000000000000
328 6.100000000000000 3.100000000000000
329 6.100000000000000 8.900000000000000
330 6.100000000000000 7.200000000000000
331 6.100000000000000 7.700000000000000
332 6.100000000000000 2.700000000000000
333 6.200000000000000 5.600000000000000
334 6.200000000000000 1.400000000000000
335 6.200000000000000 6.500000000000000
336 6.200000000000000 4.900000000000000
337 6.300000000000000 7.000000000000000
338 6.300000000000000 5.900000000000000
339 6.300000000000000 4.800000000000000
340 6.300000000000000 2.900000000000000
341 6.300000000000000 8.500000000000000
342 6.400000000000000 8.400000000000000
343 6.400000000000000 4.400000000000000
344 6.400000000000000 7.600000000000000
345 6.400000000000000 6.600000000000000
346 6.400000000000000 6.500000000000000
347 6.400000000000000 2.300000000000000
348 6.400000000000000 2.900000000000000
349 6.400000000000000 4.800000000000000
350 6.400000000000000 2.500000000000000
351 6.400000000000000 2.300000000000000
352 6.400000000000000 2.000000000000000
353 6.400000000000000 7.200000000000000
354 6.400000000000000 7.700000000000000
355 6.500000000000000 2.400000000000000
356 6.500000000000000 5.600000000000000
357 6.500000000000000 8.000000000000000
358 6.500000000000000 4.400000000000000
359 6.500000000000000 8.300000000000001
360 6.500000000000000 4.500000000000000
361 6.500000000000000 3.900000000000000
362 6.600000000000000 8.100000000000000
363 6.600000000000000 6.200000000000000
364 6.600000000000000 3.400000000000000
365 6.600000000000000 3.900000000000000
366 6.600000000000000 6.400000000000000
367 6.600000000000000 3.400000000000000
368 6.600000000000000 6.700000000000000
369 6.600000000000000 4.600000000000000
370 6.600000000000000 3.000000000000000
371 6.600000000000000 3.800000000000000
372 6.600000000000000 7.100000000000000
373 6.700000000000000 2.300000000000000
374 6.700000000000000 6.800000000000000
375 6.700000000000000 7.400000000000000
376 6.700000000000000 5.900000000000000
377 6.700000000000000 5.900000000000000
378 6.700000000000000 7.600000000000000
379 6.800000000000000 3.000000000000000
380 6.800000000000000 6.700000000000000
381 6.800000000000000 7.600000000000000
382 6.800000000000000 7.100000000000000
383 6.800000000000000 5.600000000000000
384 6.800000000000000 3.300000000000000
385 6.800000000000000 3.500000000000000
386 6.800000000000000 7.800000000000000
387 6.800000000000000 7.300000000000000
388 6.900000000000000 2.700000000000000
389 6.900000000000000 4.700000000000000
390 6.900000000000000 7.000000000000000
391 6.900000000000000 7.800000000000000
392 6.900000000000000 3.600000000000000
393 6.900000000000000 8.400000000000000
394 6.900000000000000 5.000000000000000
395 6.900000000000000 4.300000000000000
396 6.900000000000000 7.200000000000000
397 6.900000000000000 6.800000000000000
398 6.900000000000000 8.500000000000000
399 7.000000000000000 2.300000000000000
400 7.000000000000000 7.600000000000000
401 7.000000000000000 2.100000000000000
402 7.000000000000000 8.500000000000000
403 7.000000000000000 5.300000000000000
404 7.000000000000000 6.200000000000000
405 7.000000000000000 8.400000000000000
406 7.000000000000000 8.800000000000001
407 7.000000000000000 3.500000000000000
408 7.000000000000000 5.300000000000000
409 7.000000000000000 5.100000000000000
410 7.100000000000000 8.100000000000000
411 7.100000000000000 8.100000000000000
412 7.100000000000000 9.000000000000000
413 7.100000000000000 4.200000000000000
414 7.100000000000000 8.900000000000000
415 7.100000000000000 7.200000000000000
416 7.100000000000000 7.200000000000000
417 7.100000000000000 7.800000000000000
418 7.200000000000000 7.700000000000000
419 7.200000000000000 8.600000000000000
420 7.200000000000000 6.800000000000000
421 7.200000000000000 8.199999999999999
422 7.200000000000000 5.400000000000000
423 7.300000000000000 6.900000000000000
424 7.300000000000000 7.900000000000000
425 7.300000000000000 8.000000000000000
426 7.300000000000000 2.500000000000000
427 7.300000000000000 5.900000000000000
428 7.300000000000000 3.500000000000000
429 7.300000000000000 8.100000000000000
430 7.300000000000000 3.600000000000000
431 7.300000000000000 4.000000000000000
432 7.400000000000000 7.100000000000000
433 7.400000000000000 8.600000000000000
434 7.400000000000000 4.900000000000000
435 7.400000000000000 6.100000000000000
436 7.400000000000000 6.400000000000000
437 7.400000000000000 5.100000000000000
438 7.500000000000000 8.100000000000000
439 7.500000000000000 3.800000000000000
440 7.500000000000000 3.000000000000000
441 7.500000000000000 2.200000000000000
442 7.600000000000000 4.600000000000000
443 7.600000000000000 3.300000000000000
444 7.600000000000000 4.500000000000000
445 7.600000000000000 4.400000000000000
446 7.600000000000000 6.600000000000000
447 7.600000000000000 8.800000000000001
448 7.600000000000000 4.700000000000000
449 7.600000000000000 2.500000000000000
450 7.600000000000000 3.300000000000000
451 7.600000000000000 8.400000000000000
452 7.600000000000000 4.600000000000000
453 7.600000000000000 4.700000000000000
454 7.700000000000000 6.600000000000000
455 7.700000000000000 7.600000000000000
456 7.700000000000000 6.400000000000000
457 7.700000000000000 8.100000000000000
458 7.700000000000000 7.700000000000000
459 7.700000000000000 3.000000000000000
460 7.800000000000000 3.800000000000000
461 7.800000000000000 5.200000000000000
462 7.800000000000000 2.700000000000000
463 7.800000000000000 2.900000000000000
464 7.800000000000000 5.600000000000000
465 7.800000000000000 7.700000000000000
466 7.800000000000000 7.100000000000000
467 7.800000000000000 7.900000000000000
468 7.800000000000000 7.900000000000000
469 7.900000000000000 4.600000000000000
470 7.900000000000000 6.900000000000000
471 7.900000000000000 5.500000000000000
472 7.900000000000000 2.900000000000000
473 7.900000000000000 6.300000000000000
474 7.900000000000000 8.199999999999999
475 7.900000000000000 8.000000000000000
476 7.900000000000000 7.700000000000000
477 8.000000000000000 6.600000000000000
478 8.000000000000000 4.600000000000000
479 8.000000000000000 8.400000000000000
480 8.000000000000000 4.200000000000000
481 8.000000000000000 6.100000000000000
482 8.000000000000000 4.300000000000000
483 8.000000000000000 4.300000000000000
484 8.100000000000000 6.900000000000000
485 8.100000000000000 2.600000000000000
486 8.100000000000000 4.400000000000000
487 8.100000000000000 6.800000000000000
488 8.100000000000000 8.600000000000000
489 8.199999999999999 5.900000000000000
490 8.199999999999999 5.500000000000000
491 8.199999999999999 8.199999999999999
492 8.199999999999999 6.100000000000000
493 8.199999999999999 6.600000000000000
494 8.300000000000001 5.500000000000000
495 8.300000000000001 3.800000000000000
496 8.300000000000001 6.900000000000000
497 8.300000000000001 5.400000000000000
498 8.300000000000001 4.300000000000000
499 8.300000000000001 5.700000000000000
500 8.300000000000001 7.700000000000000
501 8.400000000000000 5.300000000000000
502 8.400000000000000 6.100000000000000
503 8.400000000000000 4.300000000000000
504 8.400000000000000 5.900000000000000
505 8.400000000000000 7.100000000000000
506 8.400000000000000 7.600000000000000
507 8.400000000000000 6.700000000000000
508 8.400000000000000 8.300000000000001
509 8.500000000000000 7.700000000000000
510 8.500000000000000 5.700000000000000
511 8.500000000000000 7.800000000000000
512 8.500000000000000 6.700000000000000
513 8.500000000000000 7.100000000000000
514 8.600000000000000 6.200000000000000
515 8.600000000000000 7.000000000000000
516 8.600000000000000 8.699999999999999
517 8.600000000000000 8.800000000000001
518 8.600000000000000 8.000000000000000
519 8.699999999999999 8.300000000000001
520 8.699999999999999 3.000000000000000
521 8.699999999999999 8.699999999999999
522 8.800000000000001 4.900000000000000
523 8.800000000000001 5.300000000000000
524 8.800000000000001 3.800000000000000
525 8.800000000000001 3.000000000000000
526 8.800000000000001 5.400000000000000
527 8.900000000000000 3.800000000000000
528 8.900000000000000 3.300000000000000
529 8.900000000000000 3.300000000000000
530 8.900000000000000 4.100000000000000
531 9.100000000000000 3.300000000000000
532 9.100000000000000 4.100000000000000
533 9.100000000000000 4.900000000000000
534 9.100000000000000 3.500000000000000
