358
0 3.790000000000000 8.810000000000000
1 3.950000000000000 1.680000000000000
2 3.857124398551116 5.818768989565875
3 3.944365508486530 1.931087028069021
4 3.867638965665500 5.350213592531171
5 3.874515146742269 5.043793773297633
6 3.856686582504842 5.838279167128002
7 3.828952612909420 7.074174187223980
8 3.856535837130110 5.844996757889493
9 3.861244701459962 5.635157991190444
10 3.875772751934176 4.987751741933280
11 3.866934401628115 5.381610727447132
12 3.817423352403549 7.587946858516860
13 3.927759966728781 2.671071482648697
14 3.844164246744937 6.396305754428741
15 3.823986316959676 7.295484750484443
16 3.828427198591064 7.097587962785711
17 3.860890528423936 5.650940827108344
18 3.845145647522403 6.352572082282906
19 3.921398078302474 2.954573135645991
20 3.864517497232665 5.489314029569393
21 5.590000000000000 3.910000000000000
22 0.270000000000000 9.770000000000000
23 4.257101975595583 5.378192184776293
24 2.681423413013651 7.113808045063911
25 4.341104320044463 5.285663286567566
26 2.991647130593925 6.772095453894661
27 3.834083872337700 5.844148215808473
28 4.072338686826327 5.581709641954459
29 4.102124547194717 5.548900404781759
30 4.516175929680943 5.092821250389036
31 1.366094114171290 8.562648212585760
32 2.838646849329778 6.940625838896146
33 2.801887203743604 6.981116726703474
34 2.979105385536791 6.785910233224511
35 4.489755417855152 5.121923543490377
36 3.976520050042800 5.687254230591954
37 2.934438555162937 6.835110914801727
38 4.141278283122608 5.505772417462691
39 8.590000000000000 0.760000000000000
40 3.790000000000000 1.970000000000000
41 8.193109448218243 0.860049493261651
42 6.767820897820898 1.219340982007649
43 8.228339497330825 0.851168585047855
44 5.334579222842590 1.580637320908430
45 7.321346232541221 1.079806470546901
46 5.645906984104510 1.502156781090322
47 7.930899735371949 0.926148191708321
48 5.894111315305855 1.439588605933316
49 8.580000000000000 0.450000000000000
50 5.740000000000000 3.460000000000000
51 7.283691188600595 1.823904761377539
52 5.955954674872740 3.231118460786286
53 7.468777361776230 1.627739486286461
54 6.380518083332081 2.781141045482548
55 8.058167910534515 1.003068517356025
56 7.351137870514821 1.752420778081123
57 5.350000000000000 9.520000000000000
58 6.280000000000000 4.130000000000000
59 5.827764144848167 6.751022859428360
60 5.970307594112088 5.924883943801989
61 6.270365726733632 4.185837347210456
62 6.118928957735857 5.063519266455626
63 5.456043905537078 8.905401450704460
64 5.680429200438985 7.604931838315990
65 6.246687081833922 4.323071643994797
66 5.637028270695144 7.856470560164703
67 6.032569572036746 5.564032265292404
68 5.637576619861558 7.853292493490542
69 5.906717670501651 6.293431995694734
70 6.102922603355531 5.156287277326547
71 6.135728908153754 4.966151811883079
72 6.023310859162823 5.617692977540200
73 0.660000000000000 8.119999999999999
74 7.180000000000000 2.490000000000000
75 4.047450322424144 5.194947037538661
76 3.045063864103432 6.060504669493509
77 5.582726929715411 3.869240396580097
78 2.448086766343006 6.575992562191545
79 3.318201532762848 5.824651130451712
80 3.403399427965421 5.751083009287528
81 3.982108751300190 5.251369283769927
82 3.793397867242803 5.414320553285738
83 1.153923595759292 7.693498490164905
84 6.533792842948876 3.047997897883103
85 2.195065216223697 6.794475894579843
86 2.435856919048109 6.586552997815819
87 4.548893541509747 4.761952356027626
88 3.610454579704841 5.572291520899041
89 5.739659101309507 3.733729947795625
90 3.716727407010581 5.480525260510802
91 9.340000000000000 5.280000000000000
92 7.990000000000000 2.180000000000000
93 8.031207872662062 2.274625485372144
94 8.409479889042995 3.143250115580213
95 8.549879128675407 3.465648369550937
96 8.807507100503264 4.057238527081569
97 8.689333007334964 3.785875794621028
98 8.765210707531157 3.960113476553028
99 6.330000000000000 7.190000000000000
100 3.710000000000000 4.900000000000000
101 4.709931734816836 5.773986134629983
102 4.258739638121266 5.379623576831183
103 4.833415525625067 5.881916623542521
104 5.192330859527578 6.195625064243571
105 4.396145639391394 5.499722715345913
106 3.911373573017900 5.076009726034730
107 4.128102248942753 5.265440515297292
108 5.507762147384119 6.471326457064745
109 4.423727799365867 5.523830786468640
110 4.966354418971441 5.998111305131527
111 4.795677649732186 5.848931991559811
112 4.422178918423464 5.522476993583869
113 8.140000000000001 2.160000000000000
114 4.410000000000000 6.090000000000000
115 7.840101611669280 2.475978730868560
116 4.615317151259071 5.873673886206930
117 6.339386883102947 4.057160737106011
118 5.151839792351975 5.308383275082236
119 5.970343148990504 4.445992338999281
120 7.728616656414433 2.593441431713481
121 7.070880817510756 3.286444607823788
122 7.785550844605963 2.533454472037150
123 6.821604011557690 3.549087462353427
124 4.604938681614204 5.884608842159833
125 4.480100462202529 6.016140799877764
126 5.969012968817359 4.447393842506107
127 4.920514585320070 5.552111978469738
128 2.410000000000000 7.900000000000000
129 3.570000000000000 4.540000000000000
130 2.644293084772818 7.221357961347699
131 2.820689001102197 6.710418065772948
132 3.128958695939214 5.817498949693310
133 3.127796683681981 5.820864778300470
134 3.172857639371611 5.690343389406367
135 2.718817787842112 7.005493304181470
136 2.734399687664443 6.960359525385751
137 2.815370298565336 6.725823962776269
138 3.252431208947275 5.459854429256169
139 2.742536696748940 6.936790257692725
140 3.254778925846142 5.453054145824966
141 2.430000000000000 4.260000000000000
142 1.510000000000000 6.430000000000000
143 1.580765806308006 6.263085000338724
144 1.791114307819891 5.766936904381344
145 1.604758578803523 6.206493352169952
146 1.577216917279479 6.271455749460359
147 2.077714180082681 5.090935031761503
148 1.956911134715354 5.375872649638785
149 9.260000000000000 4.140000000000000
150 6.410000000000000 0.800000000000000
151 7.329050570754136 1.877062774146952
152 8.603402191590536 3.370513445583295
153 9.218404307207443 4.091252767043109
154 7.457056523284749 2.027076767638969
155 7.631110290764587 2.231055568825866
156 7.827404051172708 2.461098081023454
157 8.952481694476464 3.779610126158384
158 8.874231970580542 3.687906940961056
159 7.193884426715542 1.718657538677160
160 8.806081645196814 3.608039542090301
161 1.690000000000000 8.310000000000000
162 3.026948223526080 6.784831199286649
163 3.850982003479301 5.844786858149883
164 4.084232858666332 5.578698074148422
165 4.104717758310610 5.555329233625342
166 4.506295074758135 5.097216358839050
167 6.582949901209842 2.728202289766422
168 7.487290708891137 1.696544996823754
169 2.937097873878993 6.887331017606838
170 6.442281897913034 2.888674061306757
171 2.843631414982953 6.993956034576776
172 3.014588109578396 6.798931416359044
173 4.490935929167411 5.114737822459238
174 8.082365450873233 1.017693404373932
175 3.986363696326099 5.690345623639603
176 3.024880241113377 6.787190320007091
177 5.729426032374974 3.701888444924920
178 4.147817881446382 5.506161313763634
179 7.424502624890958 1.768172622403058
180 4.150000000000000 7.190000000000000
181 0.020000000000000 5.700000000000000
182 1.498487180521654 6.233400944062292
183 1.748889048441963 6.323739632488747
184 3.086653735488211 6.806371444522381
185 3.028366775548296 6.785342977134857
186 9.810000000000000 6.070000000000000
187 7.141408340068987 5.969144135426509
188 5.350126791821579 5.901445037075995
189 3.139514400114913 5.817897888461953
190 4.227212532725595 5.859005989490140
191 2.905941894563598 5.809070326965121
192 9.655672989375784 6.064167416350259
193 8.652273622671293 6.026245274809845
194 6.705586556864954 5.952672832077634
195 5.826975039444929 5.919466880959614
196 7.796207597074970 5.993891400502322
197 4.367790459064180 5.864318944826737
198 4.563936134453782 5.871732009167303
199 4.740082318342351 5.878389219385769
200 6.449663861909501 5.943000574964915
201 8.525915618617470 6.021469742480947
202 8.930000000000000 2.790000000000000
203 5.470000000000000 8.940000000000000
204 7.905394620073613 4.611191643510772
205 8.153074017157035 4.170952252741107
206 6.562302878974760 6.998478986793416
207 7.670972029047640 5.027867636230352
208 6.015915650006558 7.969658598976780
209 6.800963763233328 6.574269611593937
210 8.233980360970888 4.027144734112440
211 6.706499138023475 6.742176387617232
212 7.296537316593332 5.693409104899134
213 8.893516921516051 2.854847090368867
214 5.749396537595235 5.157083741120388
215 4.718968424684607 7.078117863124863
216 6.181107451710750 4.352242154922730
217 4.530278967341401 7.429892898643762
218 6.713173987450086 3.360306902452938
219 4.492142855612659 7.500990310480234
220 5.250423260290530 6.087323007363969
221 5.609624540160675 5.417661624243224
222 6.029354897413910 4.635155471487932
223 5.518433878050536 5.587668994312866
224 8.699999999999999 4.410000000000000
225 0.880000000000000 6.390000000000000
226 4.111372279909706 5.571826455981942
227 2.551231171801130 5.966849396398179
228 8.248175573874445 4.524400558021560
229 6.852867919489969 4.877688173837578
230 6.356940454158222 5.003255486031550
231 7.491794896687036 4.715913824112489
232 1.483711929174076 6.237141992357459
233 8.611612510844971 4.432379440988102
234 4.429057430951337 5.491389550730991
235 3.833225025151842 5.642252487237768
236 6.423595032769921 4.986378751293549
237 6.163401599355167 5.052258930086543
238 4.328321791113556 5.516895505574828
239 2.360000000000000 1.230000000000000
240 4.871488138770717 7.456229437274029
241 4.009131016890502 5.318360173706037
242 5.146322175513266 8.137570409391408
243 3.176251940882568 3.253569924181545
244 4.336449505759982 6.129815334215262
245 4.898840450194920 7.524038543730816
246 4.945830454797054 7.640531449030640
247 4.327726078370572 6.108189088179134
248 4.184247296650424 5.752490886551373
249 4.323966426093544 6.098868535428047
250 3.139354928443562 3.162098552507993
251 4.083338061062574 5.502326833052234
252 4.620000000000000 7.410000000000000
253 5.980000000000000 7.660000000000000
254 4.931664820486088 7.467291327295237
255 7.580000000000000 3.730000000000000
256 6.973125775303560 3.999944053818845
257 6.924871911969381 4.021407881002087
258 7.058699842956619 3.961879806263118
259 1.735689629491715 6.329610873207969
260 4.492830519233211 5.103205535102196
261 3.509519161762594 5.540592794603129
262 5.968785261983095 4.446685303566004
263 3.653070359312051 5.476739708378495
264 9.770000000000000 6.580000000000000
265 9.090677752648618 3.514962717307461
266 9.102233303964757 3.567100264317181
267 1.170000000000000 7.770000000000000
268 2.960000000000000 9.390000000000001
269 3.351673310466302 9.165630851951423
270 4.245446424236539 8.653634995387678
271 5.640829556509979 7.854293002396602
272 8.750000000000000 0.990000000000000
273 4.000000000000000 4.800000000000000
274 7.555072325532766 1.948457776783192
275 6.423548676477378 2.856058851078145
276 4.625002164989521 4.298682473976825
277 8.443417330087506 1.235911573129811
278 5.655565563311566 3.472062148164827
279 7.704806199190086 1.828355448649636
280 4.373792154906218 7.464589069726676
281 7.090000000000000 0.220000000000000
282 5.581192232148656 1.389486077485907
283 1.172534290681950 4.806663661536480
284 3.374905944085755 3.099591998077803
285 5.104917307461201 1.758649668332760
286 5.598451105572623 1.376108619725887
287 9.630000000000001 9.660000000000000
288 7.735676192343512 2.619678447134945
289 7.915525168450258 3.288093539437178
290 8.355422390164298 4.922987150846839
291 7.153593571885339 0.456347763227404
292 8.984215468767930 7.259918907546954
293 8.129303397218571 4.082607901473742
294 7.511594746344464 1.786871813185723
295 8.563612902637269 5.696734567281815
296 0.600000000000000 8.330000000000000
297 3.860000000000000 9.320000000000000
298 6.310000000000000 8.840000000000000
299 6.984249239271099 3.918755552446575
300 6.993817602480193 3.848917499138821
301 6.412530419134558 8.091645791374194
302 6.627870628018117 6.519909784005691
303 6.870412606287937 4.749632126519078
304 6.630021928022678 6.504207766731029
305 6.745596559032539 5.660645804762499
306 2.777630445876914 6.973656051965297
307 3.065728984297142 6.817698709833813
308 4.322974848947336 6.137109615103175
309 7.009177386396808 3.875659433686874
310 4.848731965394562 7.610666771690758
311 5.656174574876577 6.214749040043882
312 6.341560291169955 5.029844920350248
313 6.222402241005847 5.235846973176333
314 6.002254820528034 5.616440818748146
315 8.711215254464884 4.425245736538204
316 5.570000000000000 1.370000000000000
317 8.080000000000000 5.740000000000000
318 8.000795648536599 5.602102384105552
319 7.361660011259639 4.489344322392281
320 7.220000000000000 8.340000000000000
321 6.660893009716155 8.168034916237618
322 2.711403069830203 6.953286433149668
323 0.730000000000000 6.440000000000000
324 4.380000000000000 7.300000000000000
325 3.007576914268265 6.796358500648904
326 7.890000000000000 3.320000000000000
327 7.930000000000000 3.270000000000000
328 9.840000000000000 2.080000000000000
329 7.395620523054301 6.761021321289780
330 9.048617542467300 3.595508615558371
331 6.972784687690860 7.570757935186908
332 7.933341251700802 5.731278509490815
333 8.738622258198975 4.189153975800265
334 4.840000000000000 2.990000000000000
335 4.376255753901426 5.812791063208713
336 4.329761779646173 6.095797863023297
337 4.423933070604646 5.522581309363030
338 7.110000000000000 0.430000000000000
339 9.039622124210275 1.596255130017199
340 9.080000000000000 7.290000000000000
341 0.610000000000000 4.630000000000000
342 4.682419790981510 5.908941752539648
343 6.635876145591448 6.522423913491529
344 3.225171205039627 5.451293436293437
345 9.210000000000001 3.510000000000000
346 6.183169257751808 5.113768527609117
347 5.311941301202908 5.575389310556668
348 8.791735942609980 3.731617522945458
349 1.150000000000000 3.690000000000000
350 4.730000000000000 2.740000000000000
351 5.070000000000000 1.650000000000000
352 6.351388125087940 5.637203049692241
353 1.690000000000000 5.360000000000000
354 8.970000000000001 2.100000000000000
355 1.470000000000000 2.610000000000000
356 8.410000000000000 7.020000000000000
357 9.109999999999999 0.990000000000000
632
0 12
12 15
15 16
16 7
7 14
14 18
18 8
8 6
6 2
2 17
17 9
9 20
20 11
11 4
4 5
5 10
10 19
19 13
13 3
3 1
22 31
31 24
24 33
33 32
32 37
37 34
34 26
26 27
27 2
2 36
36 28
28 29
29 38
38 23
23 25
25 35
35 30
30 21
40 3
3 44
44 46
46 48
48 42
42 45
45 47
47 41
41 43
43 39
50 52
52 54
54 51
51 56
56 53
53 55
55 41
41 49
57 63
63 66
66 68
68 64
64 59
59 69
69 60
60 72
72 67
67 70
70 62
62 71
71 65
65 61
61 58
73 83
83 85
85 86
86 78
78 76
76 79
79 80
80 88
88 90
90 82
82 4
4 81
81 75
75 87
87 77
77 89
89 84
84 74
92 93
93 94
94 95
95 97
97 98
98 96
96 91
100 5
5 106
106 75
75 107
107 23
23 102
102 105
105 112
112 109
109 101
101 111
111 103
103 110
110 104
104 108
108 59
59 99
114 125
125 124
124 116
116 101
101 127
127 118
118 126
126 119
119 117
117 123
123 121
121 120
120 122
122 115
115 93
93 113
128 130
130 24
24 135
135 136
136 139
139 137
137 131
131 76
76 133
133 132
132 134
134 138
138 140
140 129
142 146
146 143
143 145
145 144
144 148
148 147
147 141
150 42
42 159
159 51
51 151
151 154
154 155
155 156
156 115
115 94
94 152
152 160
160 158
158 157
157 153
153 149
161 130
130 171
171 169
169 172
172 176
176 162
162 163
163 6
6 175
175 164
164 165
165 178
178 102
102 25
25 173
173 166
166 77
77 177
177 170
170 167
167 151
151 179
179 168
168 174
174 43
43 49
181 182
182 143
143 183
183 78
78 131
131 26
26 162
162 185
185 184
184 7
7 180
181 144
144 191
191 132
132 189
189 79
79 27
27 163
163 8
8 190
190 197
197 198
198 116
116 199
199 103
103 188
188 195
195 60
60 200
200 194
194 187
187 196
196 201
201 193
193 192
192 186
203 208
208 206
206 211
211 209
209 187
187 212
212 207
207 204
204 205
205 210
210 95
95 152
152 213
213 202
0 219
219 217
217 215
215 104
104 220
220 188
188 223
223 221
221 214
214 222
222 216
216 61
61 117
117 218
218 74
225 232
232 182
182 145
145 227
227 133
133 189
189 80
80 235
235 9
9 28
28 164
164 226
226 238
238 105
105 234
234 118
118 214
214 62
62 237
237 230
230 236
236 229
229 231
231 204
204 228
228 233
233 224
239 250
250 243
243 10
10 106
106 81
81 241
241 251
251 29
29 165
165 226
226 248
248 190
190 249
249 247
247 244
244 215
215 240
240 245
245 246
246 242
242 63
63 203
252 240
240 254
254 64
64 253
142 259
259 183
183 227
227 191
191 134
134 261
261 263
263 82
82 11
11 241
241 107
107 260
260 166
166 30
30 262
262 119
119 216
216 65
65 257
257 256
256 258
258 255
202 265
265 266
266 153
153 192
192 264
225 83
83 267
268 269
269 270
270 242
242 66
66 271
271 253
273 276
276 278
278 52
52 275
275 167
167 154
154 274
274 279
279 277
277 272
128 12
12 280
280 217
217 252
181 283
283 243
243 284
284 13
13 285
285 44
44 282
282 286
286 281
281 291
291 45
45 53
53 168
168 294
294 274
274 155
155 120
120 288
288 289
289 293
293 205
205 228
228 290
290 295
295 193
193 292
292 287
296 31
31 269
269 297
298 301
301 206
206 302
302 304
304 194
194 305
305 229
229 303
303 256
256 299
299 300
300 121
121 74
73 135
135 306
306 32
32 169
169 307
307 184
184 14
14 308
308 244
244 114
297 270
270 310
310 245
245 254
254 108
108 311
311 195
195 314
314 67
67 313
313 312
312 230
230 257
257 299
299 309
309 288
288 122
122 156
156 92
22 297
224 315
315 91
316 282
282 46
46 54
54 275
275 170
170 84
84 218
218 123
123 300
300 309
309 258
258 319
319 231
231 207
207 318
318 317
225 85
85 322
322 136
136 306
306 33
33 171
171 15
15 280
280 219
219 310
310 246
246 68
68 271
271 208
208 301
301 321
321 320
323 225
181 232
232 146
146 259
259 86
86 137
137 34
34 325
325 172
172 307
307 16
16 324
326 289
289 327
298 321
321 331
331 329
329 196
196 332
332 318
318 290
290 233
233 333
333 96
96 157
157 330
330 265
265 328
180 308
308 247
247 336
336 197
197 335
335 109
109 337
337 234
234 35
35 173
173 260
260 87
87 276
276 334
338 291
291 47
47 55
55 174
174 277
277 339
339 328
341 283
283 147
147 344
344 138
138 261
261 88
88 235
235 17
17 36
36 175
175 248
248 335
335 198
198 124
124 342
342 110
110 220
220 311
311 69
69 302
302 343
343 209
209 329
329 292
292 340
267 322
322 139
139 37
37 325
325 176
176 185
185 18
18 249
249 336
336 125
125 342
342 199
199 111
111 347
347 221
221 70
70 346
346 312
312 236
236 303
303 319
319 293
293 210
210 97
97 348
348 158
158 330
330 266
266 345
349 250
250 284
284 19
19 350
351 285
285 278
278 177
177 89
89 262
262 126
126 222
222 71
71 237
237 346
346 313
313 352
352 200
200 304
304 343
343 211
211 331
331 320
353 148
148 344
344 140
140 263
263 90
90 20
20 251
251 38
38 178
178 238
238 112
112 337
337 127
127 347
347 223
223 314
314 72
72 352
352 305
305 212
212 332
332 317
316 286
286 48
48 159
159 56
56 179
179 294
294 279
279 354
355 239
356 201
201 295
295 315
315 333
333 98
98 348
348 160
160 213
213 339
339 357
560
0 0.200000000000000 5.600000000000000
1 0.300000000000000 8.800000000000001
2 0.300000000000000 6.900000000000000
3 0.300000000000000 9.000000000000000
4 0.300000000000000 8.800000000000001
5 0.300000000000000 8.100000000000000
6 0.300000000000000 8.400000000000000
7 0.500000000000000 6.800000000000000
8 0.500000000000000 8.199999999999999
9 0.500000000000000 8.400000000000000
10 0.600000000000000 7.500000000000000
11 0.600000000000000 8.100000000000000
12 0.600000000000000 5.800000000000000
13 0.600000000000000 7.600000000000000
14 0.700000000000000 6.100000000000000
15 0.700000000000000 7.300000000000000
16 0.700000000000000 6.400000000000000
17 0.700000000000000 7.500000000000000
18 0.800000000000000 6.400000000000000
19 0.800000000000000 7.800000000000000
20 0.800000000000000 6.000000000000000
21 0.800000000000000 6.800000000000000
22 0.900000000000000 9.100000000000000
23 1.000000000000000 7.300000000000000
24 1.000000000000000 7.500000000000000
25 1.000000000000000 9.300000000000001
26 1.100000000000000 7.800000000000000
27 1.100000000000000 7.700000000000000
28 1.100000000000000 8.100000000000000
29 1.100000000000000 6.300000000000000
30 1.100000000000000 5.000000000000000
31 1.100000000000000 5.800000000000000
32 1.100000000000000 7.200000000000000
33 1.100000000000000 7.000000000000000
34 1.100000000000000 7.000000000000000
35 1.100000000000000 8.500000000000000
36 1.200000000000000 8.400000000000000
37 1.200000000000000 9.300000000000001
38 1.200000000000000 4.800000000000000
39 1.200000000000000 6.900000000000000
40 1.200000000000000 7.200000000000000
41 1.200000000000000 8.800000000000001
42 1.200000000000000 5.100000000000000
43 1.200000000000000 9.199999999999999
44 1.300000000000000 8.900000000000000
45 1.300000000000000 8.699999999999999
46 1.400000000000000 6.100000000000000
47 1.400000000000000 8.300000000000001
48 1.400000000000000 8.600000000000000
49 1.400000000000000 6.400000000000000
50 1.400000000000000 8.900000000000000
51 1.400000000000000 7.500000000000000
52 1.500000000000000 4.900000000000000
53 1.500000000000000 5.200000000000000
54 1.500000000000000 6.100000000000000
55 1.500000000000000 7.100000000000000
56 1.500000000000000 8.800000000000001
57 1.500000000000000 7.500000000000000
58 1.500000000000000 9.400000000000000
59 1.500000000000000 8.800000000000001
60 1.600000000000000 8.900000000000000
61 1.600000000000000 7.600000000000000
62 1.600000000000000 6.900000000000000
63 1.600000000000000 5.200000000000000
64 1.600000000000000 4.500000000000000
65 1.600000000000000 6.400000000000000
66 1.700000000000000 6.100000000000000
67 1.700000000000000 5.700000000000000
68 1.800000000000000 6.200000000000000
69 1.800000000000000 5.700000000000000
70 1.800000000000000 5.800000000000000
71 1.800000000000000 7.900000000000000
72 1.800000000000000 8.600000000000000
73 1.800000000000000 8.800000000000001
74 1.800000000000000 5.600000000000000
75 1.800000000000000 8.600000000000000
76 1.900000000000000 7.900000000000000
77 1.900000000000000 5.900000000000000
78 1.900000000000000 7.600000000000000
79 1.900000000000000 8.900000000000000
80 2.000000000000000 4.200000000000000
81 2.000000000000000 6.800000000000000
82 2.000000000000000 7.800000000000000
83 2.100000000000000 8.300000000000001
84 2.100000000000000 5.400000000000000
85 2.200000000000000 4.600000000000000
86 2.200000000000000 5.000000000000000
87 2.200000000000000 9.400000000000000
88 2.300000000000000 9.000000000000000
89 2.300000000000000 4.900000000000000
90 2.300000000000000 8.199999999999999
91 2.300000000000000 8.900000000000000
92 2.300000000000000 7.100000000000000
93 2.400000000000000 4.600000000000000
94 2.400000000000000 4.100000000000000
95 2.400000000000000 7.000000000000000
96 2.400000000000000 6.100000000000000
97 2.400000000000000 5.400000000000000
98 2.400000000000000 8.000000000000000
99 2.400000000000000 5.700000000000000
100 2.400000000000000 6.800000000000000
101 2.500000000000000 5.200000000000000
102 2.500000000000000 7.000000000000000
103 2.500000000000000 8.100000000000000
104 2.500000000000000 4.500000000000000
105 2.500000000000000 4.300000000000000
106 2.600000000000000 5.600000000000000
107 2.600000000000000 7.100000000000000
108 2.600000000000000 7.400000000000000
109 2.600000000000000 8.100000000000000
110 2.600000000000000 4.100000000000000
111 2.600000000000000 4.700000000000000
112 2.600000000000000 5.700000000000000
113 2.600000000000000 6.900000000000000
114 2.600000000000000 7.200000000000000
115 2.600000000000000 8.100000000000000
116 2.700000000000000 9.199999999999999
117 2.700000000000000 5.600000000000000
118 2.700000000000000 4.300000000000000
119 2.700000000000000 9.400000000000000
120 2.700000000000000 7.900000000000000
121 2.700000000000000 8.199999999999999
122 2.800000000000000 6.200000000000000
123 2.800000000000000 7.300000000000000
124 2.800000000000000 4.900000000000000
125 2.800000000000000 7.600000000000000
126 2.900000000000000 8.900000000000000
127 2.900000000000000 8.199999999999999
128 2.900000000000000 7.000000000000000
129 2.900000000000000 3.500000000000000
130 2.900000000000000 8.300000000000001
131 2.900000000000000 6.100000000000000
132 2.900000000000000 7.600000000000000
133 2.900000000000000 5.500000000000000
134 2.900000000000000 7.200000000000000
135 3.000000000000000 5.400000000000000
136 3.000000000000000 4.100000000000000
137 3.000000000000000 7.400000000000000
138 3.000000000000000 7.400000000000000
139 3.000000000000000 6.100000000000000
140 3.000000000000000 4.200000000000000
141 3.000000000000000 3.400000000000000
142 3.100000000000000 6.300000000000000
143 3.100000000000000 8.400000000000000
144 3.100000000000000 7.000000000000000
145 3.100000000000000 4.700000000000000
146 3.200000000000000 3.800000000000000
147 3.200000000000000 6.500000000000000
148 3.200000000000000 5.300000000000000
149 3.200000000000000 6.600000000000000
150 3.300000000000000 8.600000000000000
151 3.300000000000000 3.900000000000000
152 3.300000000000000 3.400000000000000
153 3.300000000000000 9.199999999999999
154 3.300000000000000 5.500000000000000
155 3.300000000000000 7.300000000000000
156 3.300000000000000 5.800000000000000
157 3.300000000000000 7.400000000000000
158 3.300000000000000 6.500000000000000
159 3.400000000000000 5.800000000000000
160 3.400000000000000 7.500000000000000
161 3.400000000000000 7.900000000000000
162 3.400000000000000 4.500000000000000
163 3.400000000000000 4.800000000000000
164 3.500000000000000 4.000000000000000
165 3.500000000000000 4.600000000000000
166 3.500000000000000 6.400000000000000
167 3.500000000000000 5.800000000000000
168 3.500000000000000 3.600000000000000
169 3.500000000000000 5.200000000000000
170 3.500000000000000 6.100000000000000
171 3.600000000000000 9.300000000000001
172 3.600000000000000 3.200000000000000
173 3.600000000000000 7.400000000000000
174 3.600000000000000 6.500000000000000
175 3.700000000000000 6.200000000000000
176 3.700000000000000 5.500000000000000
177 3.700000000000000 3.500000000000000
178 3.700000000000000 3.600000000000000
179 3.700000000000000 5.500000000000000
180 3.700000000000000 3.700000000000000
181 3.700000000000000 7.600000000000000
182 3.700000000000000 4.900000000000000
183 3.800000000000000 8.300000000000001
184 3.800000000000000 6.200000000000000
185 3.800000000000000 4.800000000000000
186 3.800000000000000 7.500000000000000
187 3.800000000000000 9.300000000000001
188 3.800000000000000 7.600000000000000
189 3.900000000000000 7.000000000000000
190 3.900000000000000 3.300000000000000
191 3.900000000000000 2.900000000000000
192 3.900000000000000 4.300000000000000
193 3.900000000000000 4.500000000000000
194 4.000000000000000 6.700000000000000
195 4.000000000000000 3.400000000000000
196 4.000000000000000 6.000000000000000
197 4.000000000000000 5.800000000000000
198 4.000000000000000 5.100000000000000
199 4.000000000000000 2.900000000000000
200 4.000000000000000 8.000000000000000
201 4.000000000000000 3.800000000000000
202 4.000000000000000 5.200000000000000
203 4.000000000000000 6.300000000000000
204 4.000000000000000 3.100000000000000
205 4.000000000000000 3.400000000000000
206 4.100000000000000 7.900000000000000
207 4.100000000000000 4.800000000000000
208 4.100000000000000 2.100000000000000
209 4.100000000000000 7.100000000000000
210 4.100000000000000 6.100000000000000
211 4.100000000000000 7.300000000000000
212 4.100000000000000 6.800000000000000
213 4.100000000000000 8.400000000000000
214 4.100000000000000 8.699999999999999
215 4.100000000000000 7.200000000000000
216 4.100000000000000 4.700000000000000
217 4.200000000000000 4.100000000000000
218 4.200000000000000 8.600000000000000
219 4.200000000000000 6.900000000000000
220 4.200000000000000 2.400000000000000
221 4.200000000000000 6.900000000000000
222 4.300000000000000 6.600000000000000
223 4.300000000000000 2.300000000000000
224 4.300000000000000 6.800000000000000
225 4.300000000000000 2.700000000000000
226 4.300000000000000 7.600000000000000
227 4.300000000000000 3.800000000000000
228 4.300000000000000 8.300000000000001
229 4.300000000000000 1.900000000000000
230 4.400000000000000 5.000000000000000
231 4.400000000000000 2.000000000000000
232 4.400000000000000 3.500000000000000
233 4.400000000000000 4.800000000000000
234 4.400000000000000 7.200000000000000
235 4.400000000000000 8.300000000000001
236 4.400000000000000 3.700000000000000
237 4.500000000000000 3.400000000000000
238 4.500000000000000 4.500000000000000
239 4.500000000000000 3.700000000000000
240 4.500000000000000 6.400000000000000
241 4.500000000000000 8.500000000000000
242 4.500000000000000 5.700000000000000
243 4.500000000000000 6.200000000000000
244 4.500000000000000 1.900000000000000
245 4.600000000000000 4.500000000000000
246 4.600000000000000 2.500000000000000
247 4.600000000000000 7.500000000000000
248 4.700000000000000 2.600000000000000
249 4.700000000000000 3.500000000000000
250 4.700000000000000 3.900000000000000
251 4.700000000000000 5.400000000000000
252 4.700000000000000 4.400000000000000
253 4.800000000000000 3.900000000000000
254 4.800000000000000 3.300000000000000
255 4.800000000000000 3.200000000000000
256 4.900000000000000 7.600000000000000
257 4.900000000000000 2.100000000000000
258 4.900000000000000 4.100000000000000
259 4.900000000000000 3.100000000000000
260 4.900000000000000 1.700000000000000
261 4.900000000000000 7.600000000000000
262 4.900000000000000 2.200000000000000
263 4.900000000000000 2.500000000000000
264 5.000000000000000 6.900000000000000
265 5.000000000000000 6.800000000000000
266 5.000000000000000 4.100000000000000
267 5.000000000000000 7.600000000000000
268 5.000000000000000 6.600000000000000
269 5.000000000000000 3.200000000000000
270 5.100000000000000 8.000000000000000
271 5.100000000000000 7.600000000000000
272 5.100000000000000 4.700000000000000
273 5.100000000000000 2.000000000000000
274 5.100000000000000 5.600000000000000
275 5.200000000000000 4.000000000000000
276 5.200000000000000 3.700000000000000
277 5.200000000000000 4.500000000000000
278 5.200000000000000 2.800000000000000
279 5.200000000000000 5.900000000000000
280 5.200000000000000 5.200000000000000
281 5.300000000000000 8.199999999999999
282 5.300000000000000 2.300000000000000
283 5.300000000000000 4.300000000000000
284 5.300000000000000 8.400000000000000
285 5.300000000000000 4.200000000000000
286 5.300000000000000 2.800000000000000
287 5.300000000000000 2.400000000000000
288 5.300000000000000 6.100000000000000
289 5.400000000000000 3.100000000000000
290 5.400000000000000 4.900000000000000
291 5.400000000000000 4.800000000000000
292 5.400000000000000 3.800000000000000
293 5.400000000000000 5.300000000000000
294 5.400000000000000 7.400000000000000
295 5.400000000000000 3.700000000000000
296 5.400000000000000 4.300000000000000
297 5.500000000000000 7.400000000000000
298 5.500000000000000 5.300000000000000
299 5.500000000000000 7.500000000000000
300 5.500000000000000 5.800000000000000
301 5.600000000000000 5.000000000000000
302 5.600000000000000 5.300000000000000
303 5.600000000000000 2.300000000000000
304 5.600000000000000 6.400000000000000
305 5.600000000000000 2.400000000000000
306 5.600000000000000 5.900000000000000
307 5.600000000000000 6.800000000000000
308 5.700000000000000 4.000000000000000
309 5.700000000000000 6.900000000000000
310 5.700000000000000 3.100000000000000
311 5.700000000000000 1.500000000000000
312 5.700000000000000 7.100000000000000
313 5.700000000000000 3.200000000000000
314 5.700000000000000 4.400000000000000
315 5.700000000000000 6.700000000000000
316 5.700000000000000 2.300000000000000
317 5.800000000000000 6.000000000000000
318 5.800000000000000 4.200000000000000
319 5.800000000000000 5.200000000000000
320 5.800000000000000 6.600000000000000
321 5.900000000000000 3.000000000000000
322 5.900000000000000 3.300000000000000
323 5.900000000000000 5.300000000000000
324 5.900000000000000 6.900000000000000
325 5.900000000000000 4.700000000000000
326 5.900000000000000 6.600000000000000
327 5.900000000000000 2.100000000000000
328 5.900000000000000 7.600000000000000
329 5.900000000000000 3.400000000000000
330 5.900000000000000 2.400000000000000
331 6.000000000000000 2.700000000000000
332 6.000000000000000 5.800000000000000
333 6.100000000000000 1.600000000000000
334 6.100000000000000 7.600000000000000
335 6.100000000000000 6.800000000000000
336 6.100000000000000 1.300000000000000
337 6.100000000000000 6.500000000000000
338 6.100000000000000 3.300000000000000
339 6.100000000000000 6.100000000000000
340 6.100000000000000 7.700000000000000
341 6.200000000000000 5.000000000000000
342 6.200000000000000 5.400000000000000
343 6.200000000000000 3.600000000000000
344 6.300000000000000 2.700000000000000
345 6.300000000000000 7.000000000000000
346 6.300000000000000 2.600000000000000
347 6.300000000000000 1.800000000000000
348 6.300000000000000 2.400000000000000
349 6.300000000000000 1.700000000000000
350 6.400000000000000 4.200000000000000
351 6.400000000000000 4.200000000000000
352 6.400000000000000 3.700000000000000
353 6.400000000000000 4.000000000000000
354 6.400000000000000 5.000000000000000
355 6.400000000000000 3.200000000000000
356 6.500000000000000 6.700000000000000
357 6.500000000000000 3.600000000000000
358 6.500000000000000 2.500000000000000
359 6.500000000000000 2.200000000000000
360 6.500000000000000 2.800000000000000
361 6.500000000000000 7.100000000000000
362 6.600000000000000 6.100000000000000
363 6.600000000000000 8.199999999999999
364 6.600000000000000 1.300000000000000
365 6.600000000000000 0.700000000000000
366 6.600000000000000 7.500000000000000
367 6.600000000000000 3.200000000000000
368 6.600000000000000 5.700000000000000
369 6.600000000000000 3.600000000000000
370 6.700000000000000 7.300000000000000
371 6.700000000000000 5.700000000000000
372 6.700000000000000 6.200000000000000
373 6.700000000000000 5.500000000000000
374 6.700000000000000 7.200000000000000
375 6.700000000000000 6.300000000000000
376 6.700000000000000 3.900000000000000
377 6.800000000000000 3.200000000000000
378 6.800000000000000 5.600000000000000
379 6.800000000000000 4.300000000000000
380 6.800000000000000 6.600000000000000
381 6.800000000000000 5.700000000000000
382 6.800000000000000 7.500000000000000
383 6.800000000000000 3.800000000000000
384 6.800000000000000 2.600000000000000
385 6.800000000000000 1.900000000000000
386 6.800000000000000 6.700000000000000
387 6.800000000000000 3.300000000000000
388 6.900000000000000 4.400000000000000
389 6.900000000000000 5.500000000000000
390 6.900000000000000 0.400000000000000
391 6.900000000000000 1.500000000000000
392 6.900000000000000 5.200000000000000
393 6.900000000000000 6.300000000000000
394 6.900000000000000 8.100000000000000
395 6.900000000000000 6.300000000000000
396 6.900000000000000 2.600000000000000
397 6.900000000000000 2.800000000000000
398 6.900000000000000 8.000000000000000
399 6.900000000000000 4.000000000000000
400 6.900000000000000 1.800000000000000
401 7.000000000000000 2.500000000000000
402 7.000000000000000 8.100000000000000
403 7.000000000000000 3.000000000000000
404 7.000000000000000 0.900000000000000
405 7.000000000000000 6.800000000000000
406 7.000000000000000 2.000000000000000
407 7.100000000000000 1.500000000000000
408 7.100000000000000 7.300000000000000
409 7.100000000000000 0.400000000000000
410 7.100000000000000 0.400000000000000
411 7.100000000000000 6.000000000000000
412 7.100000000000000 7.100000000000000
413 7.100000000000000 4.500000000000000
414 7.100000000000000 7.300000000000000
415 7.100000000000000 1.200000000000000
416 7.100000000000000 2.800000000000000
417 7.100000000000000 7.200000000000000
418 7.200000000000000 1.700000000000000
419 7.200000000000000 7.900000000000000
420 7.200000000000000 3.600000000000000
421 7.200000000000000 1.300000000000000
422 7.200000000000000 8.199999999999999
423 7.200000000000000 0.700000000000000
424 7.200000000000000 0.800000000000000
425 7.200000000000000 5.200000000000000
426 7.200000000000000 2.300000000000000
427 7.300000000000000 2.200000000000000
428 7.300000000000000 5.200000000000000
429 7.300000000000000 5.600000000000000
430 7.300000000000000 5.700000000000000
431 7.300000000000000 5.300000000000000
432 7.400000000000000 2.700000000000000
433 7.400000000000000 1.600000000000000
434 7.400000000000000 2.500000000000000
435 7.400000000000000 2.100000000000000
436 7.400000000000000 3.100000000000000
437 7.500000000000000 3.200000000000000
438 7.500000000000000 2.600000000000000
439 7.500000000000000 5.600000000000000
440 7.500000000000000 6.400000000000000
441 7.500000000000000 6.200000000000000
442 7.500000000000000 3.800000000000000
443 7.500000000000000 4.800000000000000
444 7.500000000000000 5.700000000000000
445 7.500000000000000 5.000000000000000
446 7.500000000000000 2.400000000000000
447 7.600000000000000 2.400000000000000
448 7.600000000000000 5.600000000000000
449 7.600000000000000 1.600000000000000
450 7.600000000000000 4.300000000000000
451 7.600000000000000 3.000000000000000
452 7.600000000000000 0.800000000000000
453 7.600000000000000 5.100000000000000
454 7.700000000000000 6.400000000000000
455 7.700000000000000 4.600000000000000
456 7.700000000000000 5.200000000000000
457 7.700000000000000 6.100000000000000
458 7.700000000000000 1.000000000000000
459 7.700000000000000 1.400000000000000
460 7.800000000000000 5.100000000000000
461 7.800000000000000 3.800000000000000
462 7.800000000000000 6.200000000000000
463 7.800000000000000 2.400000000000000
464 7.800000000000000 3.500000000000000
465 7.800000000000000 4.000000000000000
466 7.900000000000000 3.200000000000000
467 7.900000000000000 5.300000000000000
468 7.900000000000000 1.400000000000000
469 7.900000000000000 1.100000000000000
470 7.900000000000000 2.700000000000000
471 7.900000000000000 6.600000000000000
472 7.900000000000000 2.800000000000000
473 7.900000000000000 4.700000000000000
474 7.900000000000000 3.900000000000000
475 7.900000000000000 6.100000000000000
476 7.900000000000000 1.700000000000000
477 7.900000000000000 2.500000000000000
478 8.000000000000000 1.200000000000000
479 8.000000000000000 4.200000000000000
480 8.000000000000000 5.100000000000000
481 8.000000000000000 6.200000000000000
482 8.000000000000000 1.000000000000000
483 8.100000000000000 5.500000000000000
484 8.100000000000000 1.900000000000000
485 8.100000000000000 1.000000000000000
486 8.100000000000000 3.800000000000000
487 8.100000000000000 4.300000000000000
488 8.100000000000000 3.000000000000000
489 8.100000000000000 1.200000000000000
490 8.100000000000000 5.300000000000000
491 8.199999999999999 5.400000000000000
492 8.199999999999999 6.800000000000000
493 8.199999999999999 2.100000000000000
494 8.199999999999999 3.300000000000000
495 8.300000000000001 6.200000000000000
496 8.300000000000001 5.600000000000000
497 8.300000000000001 3.500000000000000
498 8.300000000000001 4.400000000000000
499 8.400000000000000 6.600000000000000
500 8.400000000000000 3.800000000000000
501 8.400000000000000 5.800000000000000
502 8.400000000000000 5.900000000000000
503 8.400000000000000 1.800000000000000
504 8.400000000000000 1.300000000000000
505 8.400000000000000 2.700000000000000
506 8.500000000000000 7.100000000000000
507 8.500000000000000 4.200000000000000
508 8.500000000000000 6.100000000000000
509 8.500000000000000 3.500000000000000
510 8.500000000000000 4.400000000000000
511 8.500000000000000 1.800000000000000
512 8.600000000000000 2.200000000000000
513 8.600000000000000 2.400000000000000
514 8.600000000000000 4.400000000000000
515 8.600000000000000 4.100000000000000
516 8.600000000000000 4.300000000000000
517 8.600000000000000 5.400000000000000
518 8.600000000000000 4.200000000000000
519 8.600000000000000 6.100000000000000
520 8.699999999999999 2.900000000000000
521 8.699999999999999 3.300000000000000
522 8.699999999999999 4.300000000000000
523 8.800000000000001 2.900000000000000
524 8.800000000000001 6.400000000000000
525 8.800000000000001 6.900000000000000
526 8.800000000000001 5.300000000000000
527 8.800000000000001 4.800000000000000
528 8.800000000000001 4.700000000000000
529 8.800000000000001 1.700000000000000
530 8.900000000000000 4.400000000000000
531 8.900000000000000 4.800000000000000
532 8.900000000000000 4.900000000000000
533 8.900000000000000 5.300000000000000
534 8.900000000000000 4.200000000000000
535 9.000000000000000 4.000000000000000
536 9.000000000000000 4.600000000000000
537 9.000000000000000 5.200000000000000
538 9.100000000000000 1.900000000000000
539 9.100000000000000 4.000000000000000
540 9.100000000000000 2.100000000000000
541 9.199999999999999 4.700000000000000
542 9.199999999999999 5.200000000000000
543 9.300000000000001 2.900000000000000
544 9.300000000000001 3.000000000000000
545 9.300000000000001 5.500000000000000
546 9.300000000000001 3.700000000000000
547 9.300000000000001 2.700000000000000
548 9.300000000000001 5.700000000000000
549 9.400000000000000 3.700000000000000
550 9.500000000000000 4.600000000000000
551 9.500000000000000 4.900000000000000
552 9.500000000000000 2.300000000000000
553 9.500000000000000 5.200000000000000
554 9.500000000000000 3.600000000000000
555 9.600000000000000 5.000000000000000
556 9.600000000000000 3.400000000000000
557 9.600000000000000 4.700000000000000
558 9.800000000000001 2.100000000000000
559 9.800000000000001 2.100000000000000
