360
0 5.070000000000000 2.930000000000000
1 8.580000000000000 5.540000000000000
2 6.400095115266806 3.919045085711215
3 5.231200815814246 3.049867273297772
4 5.600085201793722 3.324165919282511
5 5.200136411332634 3.026768100734523
6 5.978071729023688 3.605232824145820
7 5.643109387121799 3.356158262218773
8 2.650000000000000 5.680000000000000
9 4.610000000000000 4.030000000000000
10 2.855736964554536 5.506803065553579
11 2.827838888888889 5.530288690476191
12 3.046431005909759 5.346269816453519
13 4.491098836607174 4.130095367141920
14 3.570872571872572 4.904775641025641
15 3.221914133520464 5.198541673311854
16 3.941750833615232 4.592556696191259
17 3.432704975473020 5.021090199219141
18 3.350784209122434 5.090054109667339
19 2.656980949423734 5.674123180332060
20 6.580000000000000 5.800000000000000
21 1.920000000000000 6.560000000000000
22 2.136587050511442 6.524676790045344
23 3.717486606954540 6.266847677835740
24 4.371910398788491 6.160117617364967
25 4.284329755352047 6.174401155779495
26 5.241278717461126 6.018332226336812
27 4.445032086435022 6.148192191911884
28 2.248216339768692 6.506471154887509
29 5.919415432305335 5.907734822199130
30 4.694836743246848 6.107451518268754
31 3.401513583864709 6.318379758854682
32 3.217977137345732 6.348312741548765
33 4.985923265751432 6.059978179834530
34 4.618714503614298 6.119866304131573
35 2.271041711551144 6.502748562064620
36 4.126158767518991 6.200197282550550
37 2.515533158637371 6.462874420479742
38 0.450000000000000 9.910000000000000
39 3.180000000000000 0.830000000000000
40 0.972423312883436 8.172416234072674
41 1.978282261458605 4.826922002181637
42 2.008574895908064 4.726168478078675
43 2.027149461003114 4.664389338495138
44 2.438955131572822 3.294720661288929
45 0.948326996638126 8.252560758434367
46 1.371553130786415 6.844907535699395
47 0.744537460073586 8.930366250011664
48 2.335991722774724 3.637177713262091
49 2.982589724910839 1.486588021175672
50 2.278267894096000 3.829167590332719
51 0.957853964177386 8.220873994604151
52 2.102320559885081 4.414369712909695
53 6.160000000000000 0.830000000000000
54 0.310000000000000 9.109999999999999
55 2.834971610518580 5.536194028189086
56 2.993958379606690 5.311166601172069
57 4.347431293514108 3.395481861487724
58 4.252580078689399 3.529732811701158
59 3.426336402299388 4.699185399822404
60 2.138680570500656 6.521713654060609
61 4.903307484054513 2.608703253338228
62 1.921158774879578 6.829590657093521
63 3.759992200093599 4.226934116790598
64 4.606192372133244 3.029235411749870
65 3.502144504227517 4.591887778631822
66 4.006428381138442 3.878132137465589
67 0.697753568745294 8.561179564237428
68 4.907930133258763 2.602160426772212
69 2.629583881682021 5.826896659773139
70 5.689244831801031 1.496299622681618
71 5.262177160562133 2.100764634281288
72 5.934349964862966 1.149381588193957
73 9.020000000000000 2.130000000000000
74 6.990000000000000 2.120000000000000
75 7.991263901030197 2.124932334487834
76 7.930262578748425 2.124631835363293
77 8.970121543175038 2.129754293316133
78 0.750000000000000 3.810000000000000
79 3.830000000000000 6.360000000000000
80 2.008806987286587 4.852194096617143
81 3.696001490876042 6.249059675887633
82 2.918848553601815 5.605637601196308
83 1.835338467597252 4.708575679341881
84 3.521290636378666 6.104412702196623
85 3.288604737345975 5.911766909166310
86 2.942040627200949 5.624838830961825
87 2.701528566641175 5.425713586017856
88 2.000000000000000 0.070000000000000
89 2.010000000000000 5.500000000000000
90 2.008438069547179 4.651871764118368
91 2.004801426229247 2.677174442481256
92 2.007862567413875 4.339374105734307
93 2.006908801257278 3.821479082702290
94 6.150000000000000 8.910000000000000
95 5.140000000000000 6.640000000000000
96 5.207675499092558 6.792102359346642
97 5.181481170200099 6.733229956786362
98 5.408955870006297 7.244484975162667
99 5.183898007661195 6.738661858802885
100 5.419389427942425 7.267934654880500
101 6.700000000000000 9.690000000000000
102 3.450000000000000 8.880000000000001
103 4.520000000000000 5.940000000000000
104 1.950000000000000 9.760000000000000
105 4.338100143336523 6.210372549593183
106 3.504668561789329 7.449169686367613
107 3.616716754556737 7.282623345367028
108 4.411767012235202 6.100875491541450
109 4.394327275450363 6.126797590575725
110 2.641639387259970 8.731960132555219
111 3.959727838496223 6.772778076632073
112 3.062790863173242 8.105968444621874
113 2.892709992658841 8.358773473946780
114 4.252810572687224 6.337145374449340
115 2.775375693137305 8.533176985297857
116 9.390000000000001 9.590000000000000
117 5.672135048963789 7.102817197107720
118 5.140946405926717 6.747461831742642
119 4.622507680898400 6.400635925415829
120 4.250747648997741 6.151935348519323
121 2.232139433407159 4.801523833922845
122 3.090159031817182 5.375523056007328
123 5.672304898511120 7.102930823309523
124 5.130035941056667 6.740162932790223
125 5.745567306076051 7.151942017259210
126 1.896750173056004 4.577154629660152
127 4.949246709847491 6.619218285060011
128 3.700682143889134 5.783951711999907
129 3.347508569000976 5.547685130651116
130 4.507058060050186 6.323402267024314
131 7.260850113032964 8.165638154320662
132 4.871982995851646 6.567530291206308
133 4.860004064189563 6.559516607756444
134 3.118238734861866 5.394307857349721
135 4.189731643682443 6.111116770889413
136 2.751194629944905 5.148762148273327
137 3.860000000000000 2.380000000000000
138 5.420000000000000 5.630000000000000
139 4.233650793650794 3.158439153439154
140 4.432412899290997 3.572526873522909
141 5.247517730496454 5.270661938534279
142 4.666093739582639 4.059361957463832
143 5.190011587485515 5.150857473928157
144 4.586999188969992 3.894581643687483
145 4.633127753303965 3.990682819383260
146 4.462593955996918 3.635404074993580
147 5.063348095659876 4.886975199291408
148 4.125464329866919 2.933050687222748
149 5.483212725048069 6.627291120433490
150 5.226488192331507 5.981103802288963
151 4.136691253697109 3.238035371521701
152 4.326241689082881 3.715142433316570
153 5.672202136494986 7.102986059473174
154 5.040626472643615 5.513281405574554
155 5.523697066854060 6.729192048956527
156 5.698326195779324 7.168741504149093
157 3.394943145771314 1.371021668049387
158 4.547303763473825 4.271565722834683
159 3.718739792074733 2.186032544824469
160 3.841422056874809 2.494829381792844
161 5.344496207370245 6.278135340142149
162 5.084091279543602 5.622684300214861
163 4.395374265623573 3.889152270859334
164 4.352032355391789 3.780058712719105
165 4.888909933940815 5.131403981453301
166 4.040297745640153 2.995408530219249
167 2.880000000000000 7.250000000000000
168 4.260000000000000 7.690000000000000
169 3.314793017059689 7.388629657613234
170 4.245509700845437 7.685379904617387
171 3.062672485188252 7.308243401074515
172 3.284841628959276 7.379079939668175
173 3.140000000000000 7.450000000000000
174 5.164467938319255 6.739203352538644
175 5.032012628682489 6.785708801326553
176 7.607925945926908 5.881298059426398
177 8.174505227521657 5.682370407248830
178 4.991877053051100 6.799800519976544
179 3.265733797246774 7.405854493981372
180 7.978398250051267 5.751224143823912
181 7.600000000000000 1.080000000000000
182 9.270000000000000 5.540000000000000
183 7.972572864132951 2.075014954510757
184 4.840000000000000 6.710000000000000
185 1.360000000000000 1.760000000000000
186 4.426082426842347 6.121237934732648
187 3.034953123296631 4.142476425378829
188 3.507605553981298 4.814783762128570
189 2.473233956054593 3.343479334043171
190 3.917129097457310 5.397295698969449
191 3.473850705654958 4.766770400285069
192 4.565971279785387 6.320217768660250
193 2.825589726676836 3.844675042255844
194 3.533272689274361 4.851293049398876
195 4.305209000791526 5.949305906298292
196 2.952647863212176 4.025404288189733
197 2.844213403065187 3.871165616428929
198 8.260000000000000 5.450000000000000
199 2.251584737153983 6.501946520782188
200 5.901784425426611 5.862873704696603
201 4.679623241603841 6.076848296816993
202 3.412536662979407 6.298688376039883
203 7.326083802852449 5.613508987197758
204 3.220568118435961 6.332298010810107
205 4.994512313620373 6.021717875691071
206 4.602514450727018 6.090348416355364
207 2.274755297997188 6.497889845303331
208 4.147729481641468 6.169971652267819
209 7.768581779053084 5.536036944045911
210 2.516855031504130 6.455503298900696
211 2.100000000000000 4.910000000000000
212 7.740000000000000 0.280000000000000
213 5.537551102929439 2.088038722240550
214 3.520042681644718 3.744255741841305
215 5.966955804843103 1.735530961627028
216 4.506464648705612 2.934480261789542
217 3.657542695662857 3.631378957283860
218 5.954404471454554 1.745834627156989
219 3.378630005428202 3.860344516820466
220 5.952900363049617 1.747069382815653
221 5.826677481907709 1.850688521058034
222 4.909418334474882 2.603686721876116
223 2.913820360341003 4.241916973691694
224 5.993783609232130 1.713507427172915
225 7.033230717751380 0.860202442697005
226 6.690000000000000 0.540000000000000
227 2.009500472726421 6.827128675350247
228 3.834162197557188 4.376133223657508
229 4.741302074360436 3.157608342120856
230 3.454553300604486 4.886046741977988
231 6.024387909319899 1.434090222120449
232 4.200802862987244 3.883639414451305
233 1.499136150234762 7.512680751173681
234 5.047922970958854 2.745736698884423
235 2.590061504088768 6.047284155166029
236 5.877903137224134 1.630857384637802
237 5.846677989601387 1.672800882306602
238 6.309919040708776 1.050547620866112
239 9.869999999999999 7.940000000000000
240 6.050000000000000 6.240000000000000
241 5.150000000000000 3.950000000000000
242 5.536055389491122 4.932296491038523
243 5.347041420118344 4.451360946745562
244 5.356695869837297 4.475926157697121
245 6.750000000000000 3.340000000000000
246 6.410000000000000 3.000000000000000
247 6.413760568785632 6.704387000542040
248 5.259646301428264 7.324741163930932
249 5.291472587171825 7.307634046009733
250 7.729732969016252 5.997031602140096
251 2.850495939819660 8.619696524352779
252 8.139838142764157 5.776593765820496
253 3.023806328869609 8.526539525564552
254 5.275344748186714 7.316303007432234
255 8.050143588986094 5.824805967543760
256 4.600000000000000 6.030000000000000
257 9.580000000000000 0.190000000000000
258 4.635587537800026 5.988266823142138
259 6.016340091919568 4.369071056865407
260 5.132958059850929 5.405005006118589
261 8.872506830855365 1.019670704378449
262 6.302985150937926 4.032925043880023
263 6.930000000000000 6.690000000000000
264 0.830000000000000 6.860000000000000
265 5.011019698149981 6.743479778904018
266 3.134267213885977 6.795782716990063
267 3.145633397191104 6.795465954504510
268 4.961721040985968 6.744853675906949
269 2.023409642423808 6.826741042752124
270 3.712618114297503 6.779664741076955
271 2.452424594490378 6.814784888350268
272 8.310000000000000 6.240000000000000
273 0.380000000000000 9.060000000000000
274 5.293918233780552 7.312553667180183
275 8.073840225146535 6.323981155748648
276 2.925724764816606 8.154710739371648
277 7.918058718861210 6.379378866684917
278 5.276656044506495 7.318692301953554
279 2.163526830127038 8.425757167596691
280 3.830000000000000 0.440000000000000
281 3.230756584255159 1.722380909693960
282 2.246694850115296 3.828273020753267
283 3.496212049335863 1.154306214421252
284 3.160000000000000 3.020000000000000
285 5.750000000000000 8.230000000000000
286 4.142057086923953 4.995489352460925
287 3.610003141887646 3.925218675380168
288 4.794467289719626 6.307866632988128
289 4.888025730105308 6.496067202258169
290 5.492294999999998 7.711604999999995
291 3.580597572331983 3.866066931216073
292 3.858706973577842 4.425507078123767
293 4.488524669157442 5.692437654946053
294 3.385948573621594 3.474514312188612
295 6.110000000000000 1.480000000000000
296 5.021732761700608 3.424056335909442
297 3.150181626655574 6.767353564766978
298 5.949862869198312 1.766065400843882
299 4.755661333386410 3.899360404445948
300 5.272510328889891 2.976072879970690
301 5.983421582288281 1.706116863837964
302 9.279999999999999 7.470000000000000
303 2.060000000000000 0.610000000000000
304 7.973513157639951 6.228656545901671
305 5.479929177150312 3.859406392694064
306 5.545534074916233 3.921740132122626
307 4.986262151144560 3.390354343054249
308 4.791399251698208 3.205207599258962
309 5.668687396827936 4.038752845185546
310 4.339794764118311 2.776120786960057
311 4.810000000000000 7.620000000000000
312 3.619735138534384 8.510617763474272
313 2.810000000000000 8.869999999999999
314 2.864880598689923 8.530785632859429
315 3.619395298899498 3.867166200135485
316 3.440548470907920 4.972609927435804
317 3.722827620859512 3.227855943449301
318 4.931943048576215 6.300435510887772
319 4.723984091913389 6.311676535572250
320 4.019421671826625 6.349760990712075
321 8.102386301209748 5.878385950558121
322 5.140000000000000 8.470000000000001
323 2.520000000000000 8.539999999999999
324 4.869782299626799 6.577333392571530
325 5.466438976577551 3.919499104336364
326 5.954884488448845 1.743696369636964
327 5.974193304807450 1.657684369494086
328 5.334565337254181 4.506936224958647
329 5.602299221514508 3.314303467799010
330 5.966094942439529 1.693758892769370
331 5.995214521452145 1.564044404440445
332 6.097968036529680 1.106324200913242
333 2.890000000000000 9.240000000000000
334 5.940000000000000 9.910000000000000
335 6.190000000000000 3.940000000000000
336 0.190000000000000 3.770000000000000
337 4.687974927675988 3.897442622950820
338 4.271336698830043 3.885637873133518
339 5.748098363487197 3.927479453632137
340 2.984252103042797 3.849170476252879
341 2.878351757224624 3.846169966454698
342 8.840000000000000 0.650000000000000
343 5.245969196093163 2.948852366641623
344 5.978890920170628 1.702885435709933
345 0.370000000000000 8.990000000000000
346 5.100985122156268 2.800157096272898
347 2.581141230273217 6.097026021018840
348 5.953491578693906 1.684769728921388
349 3.170000000000000 7.540000000000000
350 5.939147770678519 3.659774420098618
351 9.039999999999999 6.840000000000000
352 4.770244946151919 2.460950874807685
353 3.280000000000000 2.200000000000000
354 2.100000000000000 8.779999999999999
355 3.000878431237695 3.756457561403358
356 5.400000000000000 1.290000000000000
357 6.760000000000000 2.260000000000000
358 5.891104028397516 1.640272726136463
359 2.040000000000000 4.460000000000000
630
0 5
5 3
3 4
4 7
7 6
6 2
2 1
8 19
19 11
11 10
10 12
12 15
15 18
18 17
17 14
14 16
16 13
13 9
21 22
22 28
28 35
35 37
37 32
32 31
31 23
23 36
36 25
25 24
24 27
27 34
34 30
30 33
33 26
26 29
29 20
38 47
47 45
45 51
51 40
40 46
46 41
41 42
42 43
43 52
52 50
50 48
48 44
44 49
49 39
54 67
67 40
40 62
62 22
22 60
60 69
69 55
55 10
10 56
56 59
59 65
65 63
63 66
66 58
58 57
57 64
64 61
61 68
68 71
71 70
70 72
72 53
74 76
76 75
75 77
77 73
78 83
83 41
41 80
80 87
87 11
11 55
55 82
82 86
86 85
85 84
84 81
81 23
23 79
88 91
91 93
93 92
92 90
90 42
42 80
80 89
95 97
97 99
99 96
96 98
98 100
100 94
102 101
104 110
110 115
115 113
113 112
112 106
106 107
107 111
111 114
114 105
105 24
24 109
109 108
108 103
78 126
126 90
90 43
43 121
121 136
136 56
56 12
12 122
122 134
134 129
129 128
128 135
135 120
120 25
25 105
105 130
130 119
119 133
133 132
132 127
127 124
124 118
118 96
96 117
117 123
123 125
125 131
131 116
137 148
148 139
139 57
57 140
140 146
146 144
144 145
145 142
142 147
147 143
143 141
141 138
39 157
157 159
159 160
160 166
166 151
151 58
58 152
152 164
164 163
163 13
13 158
158 165
165 154
154 162
162 150
150 26
26 161
161 149
149 155
155 117
117 153
153 156
156 101
167 171
171 172
172 169
169 106
106 170
170 168
173 179
179 169
169 107
107 178
178 175
175 118
118 174
174 97
97 149
149 176
176 180
180 177
177 1
181 183
183 75
75 182
185 91
91 44
44 189
189 193
193 197
197 196
196 187
187 59
59 191
191 188
188 194
194 14
14 190
190 195
195 108
108 186
186 27
27 192
192 119
119 184
21 60
60 199
199 207
207 210
210 204
204 202
202 81
81 208
208 120
120 109
109 186
186 206
206 201
201 205
205 150
150 200
200 203
203 209
209 198
211 121
121 223
223 187
187 219
219 214
214 217
217 151
151 139
139 216
216 61
61 222
222 213
213 221
221 220
220 218
218 215
215 224
224 225
225 212
54 45
45 233
233 227
227 28
28 199
199 235
235 82
82 122
122 15
15 230
230 188
188 228
228 232
232 152
152 140
140 229
229 234
234 213
213 237
237 236
236 231
231 238
238 226
1 239
241 243
243 244
244 242
242 200
200 29
29 240
246 245
38 110
110 251
251 253
253 248
248 254
254 249
249 98
98 153
153 123
123 247
247 250
250 255
255 252
252 1
256 258
258 154
154 260
260 141
141 242
242 259
259 262
262 2
2 76
76 183
183 261
261 257
264 46
46 62
62 227
227 269
269 271
271 266
266 267
267 270
270 111
111 268
268 265
265 124
124 174
174 99
99 155
155 247
247 263
273 47
47 279
279 276
276 112
112 170
170 248
248 278
278 274
274 100
100 156
156 125
125 277
277 275
275 272
264 83
83 126
126 92
92 282
282 48
48 189
189 281
281 157
157 283
283 280
284 294
294 214
214 291
291 287
287 63
63 228
228 292
292 16
16 286
286 293
293 258
258 201
201 30
30 288
288 289
289 127
127 265
265 175
175 249
249 274
274 290
290 285
167 266
266 297
297 31
31 202
202 84
84 128
128 190
190 286
286 158
158 142
142 299
299 296
296 3
3 300
300 298
298 215
215 301
301 295
303 49
49 281
281 159
159 310
310 216
216 64
64 229
229 308
308 307
307 296
296 305
305 306
306 309
309 259
259 203
203 176
176 250
250 304
304 275
275 302
104 312
312 311
313 251
251 314
314 113
113 276
276 171
171 267
267 297
297 32
32 204
204 85
85 129
129 17
17 316
316 230
230 191
191 65
65 287
287 315
315 217
217 317
317 160
160 137
79 320
320 114
114 130
130 192
192 319
319 288
288 318
318 161
161 240
101 131
131 277
277 304
304 321
321 252
252 177
177 198
323 115
115 314
314 253
253 312
312 322
184 324
324 132
132 289
289 318
318 33
33 205
205 162
162 260
260 143
143 328
328 243
243 325
325 305
305 4
4 329
329 298
298 218
218 326
326 330
330 327
327 331
331 231
231 332
332 53
333 334
103 206
206 34
34 319
319 133
133 324
324 268
268 178
178 254
254 278
278 290
290 94
336 93
93 282
282 50
50 193
193 341
341 340
340 219
219 291
291 315
315 66
66 232
232 338
338 163
163 144
144 337
337 299
299 325
325 306
306 339
339 335
342 261
261 77
77 182
9 145
145 337
337 307
307 5
5 343
343 220
220 326
326 344
344 295
345 67
67 51
51 233
233 269
269 35
35 207
207 347
347 86
86 134
134 18
18 316
316 194
194 292
292 338
338 164
164 146
146 308
308 346
346 221
221 348
348 327
327 295
349 179
179 172
172 270
270 320
320 36
36 208
208 135
135 195
195 293
293 165
165 147
147 328
328 244
244 309
309 339
339 350
350 6
6 246
39 283
283 352
352 68
68 222
222 234
234 346
346 343
343 300
300 329
329 7
7 350
350 262
262 209
209 180
180 255
255 321
321 351
354 279
279 271
271 37
37 210
210 347
347 235
235 69
69 19
19 87
87 136
136 223
223 196
196 340
340 355
355 353
356 70
70 236
236 358
358 348
348 330
330 344
344 301
301 224
224 357
359 52
52 197
197 341
341 355
355 294
294 317
317 166
166 148
148 310
310 352
352 71
71 237
237 358
358 331
331 295
356 72
72 332
332 238
238 225
225 257
511
0 0.600000000000000 9.400000000000000
1 0.800000000000000 9.600000000000000
2 0.800000000000000 7.500000000000000
3 0.800000000000000 7.600000000000000
4 0.800000000000000 4.100000000000000
5 0.800000000000000 4.000000000000000
6 0.900000000000000 6.900000000000000
7 0.900000000000000 7.900000000000000
8 0.900000000000000 5.100000000000000
9 0.900000000000000 5.900000000000000
10 0.900000000000000 4.600000000000000
11 1.000000000000000 7.900000000000000
12 1.000000000000000 6.300000000000000
13 1.000000000000000 6.700000000000000
14 1.000000000000000 4.800000000000000
15 1.000000000000000 6.400000000000000
16 1.000000000000000 8.000000000000000
17 1.000000000000000 6.600000000000000
18 1.000000000000000 5.100000000000000
19 1.000000000000000 5.300000000000000
20 1.100000000000000 4.900000000000000
21 1.100000000000000 6.500000000000000
22 1.100000000000000 8.699999999999999
23 1.100000000000000 6.400000000000000
24 1.100000000000000 8.900000000000000
25 1.100000000000000 5.900000000000000
26 1.200000000000000 9.400000000000000
27 1.200000000000000 6.300000000000000
28 1.200000000000000 5.000000000000000
29 1.200000000000000 6.900000000000000
30 1.200000000000000 6.700000000000000
31 1.200000000000000 7.100000000000000
32 1.300000000000000 8.300000000000001
33 1.300000000000000 7.300000000000000
34 1.300000000000000 6.700000000000000
35 1.300000000000000 9.400000000000000
36 1.300000000000000 9.199999999999999
37 1.400000000000000 9.100000000000000
38 1.400000000000000 5.800000000000000
39 1.400000000000000 8.699999999999999
40 1.500000000000000 9.100000000000000
41 1.500000000000000 7.900000000000000
42 1.500000000000000 8.900000000000000
43 1.500000000000000 5.500000000000000
44 1.600000000000000 4.900000000000000
45 1.600000000000000 5.000000000000000
46 1.600000000000000 4.900000000000000
47 1.600000000000000 7.600000000000000
48 1.700000000000000 7.700000000000000
49 1.700000000000000 8.400000000000000
50 1.700000000000000 7.600000000000000
51 1.700000000000000 9.000000000000000
52 1.800000000000000 6.100000000000000
53 1.800000000000000 6.300000000000000
54 1.800000000000000 8.900000000000000
55 1.800000000000000 8.100000000000000
56 1.800000000000000 7.500000000000000
57 1.800000000000000 7.600000000000000
58 1.800000000000000 8.199999999999999
59 1.900000000000000 8.600000000000000
60 1.900000000000000 7.500000000000000
61 1.900000000000000 8.800000000000001
62 1.900000000000000 8.600000000000000
63 1.900000000000000 4.700000000000000
64 1.900000000000000 7.300000000000000
65 1.900000000000000 6.800000000000000
66 2.000000000000000 5.300000000000000
67 2.000000000000000 6.400000000000000
68 2.000000000000000 4.700000000000000
69 2.100000000000000 4.800000000000000
70 2.100000000000000 3.700000000000000
71 2.100000000000000 3.600000000000000
72 2.100000000000000 3.200000000000000
73 2.100000000000000 3.500000000000000
74 2.100000000000000 9.300000000000001
75 2.100000000000000 3.900000000000000
76 2.200000000000000 6.900000000000000
77 2.200000000000000 5.800000000000000
78 2.200000000000000 4.400000000000000
79 2.200000000000000 6.300000000000000
80 2.200000000000000 7.800000000000000
81 2.300000000000000 4.600000000000000
82 2.300000000000000 8.000000000000000
83 2.300000000000000 5.600000000000000
84 2.300000000000000 8.400000000000000
85 2.300000000000000 7.700000000000000
86 2.300000000000000 4.500000000000000
87 2.300000000000000 8.900000000000000
88 2.300000000000000 8.699999999999999
89 2.300000000000000 3.500000000000000
90 2.300000000000000 6.600000000000000
91 2.300000000000000 4.200000000000000
92 2.400000000000000 6.900000000000000
93 2.400000000000000 4.900000000000000
94 2.400000000000000 7.700000000000000
95 2.400000000000000 7.600000000000000
96 2.400000000000000 4.300000000000000
97 2.400000000000000 3.600000000000000
98 2.500000000000000 9.199999999999999
99 2.500000000000000 9.100000000000000
100 2.500000000000000 9.300000000000001
101 2.500000000000000 4.500000000000000
102 2.500000000000000 6.300000000000000
103 2.500000000000000 9.199999999999999
104 2.500000000000000 9.000000000000000
105 2.500000000000000 5.100000000000000
106 2.600000000000000 8.300000000000001
107 2.600000000000000 4.300000000000000
108 2.600000000000000 3.600000000000000
109 2.600000000000000 3.600000000000000
110 2.600000000000000 3.600000000000000
111 2.600000000000000 3.000000000000000
112 2.700000000000000 3.100000000000000
113 2.700000000000000 3.100000000000000
114 2.800000000000000 8.900000000000000
115 2.800000000000000 8.699999999999999
116 2.800000000000000 3.800000000000000
117 2.800000000000000 8.500000000000000
118 2.800000000000000 5.700000000000000
119 2.800000000000000 9.100000000000000
120 2.800000000000000 7.200000000000000
121 2.800000000000000 3.700000000000000
122 2.800000000000000 6.400000000000000
123 2.800000000000000 2.300000000000000
124 2.800000000000000 2.900000000000000
125 2.800000000000000 8.100000000000000
126 2.900000000000000 7.900000000000000
127 2.900000000000000 8.500000000000000
128 2.900000000000000 5.500000000000000
129 2.900000000000000 2.900000000000000
130 3.000000000000000 2.800000000000000
131 3.000000000000000 3.100000000000000
132 3.000000000000000 2.000000000000000
133 3.000000000000000 5.700000000000000
134 3.000000000000000 5.500000000000000
135 3.100000000000000 6.200000000000000
136 3.100000000000000 3.600000000000000
137 3.100000000000000 1.800000000000000
138 3.100000000000000 3.800000000000000
139 3.100000000000000 2.100000000000000
140 3.100000000000000 6.200000000000000
141 3.100000000000000 7.100000000000000
142 3.100000000000000 7.500000000000000
143 3.200000000000000 2.200000000000000
144 3.200000000000000 7.300000000000000
145 3.200000000000000 6.100000000000000
146 3.200000000000000 6.900000000000000
147 3.200000000000000 2.200000000000000
148 3.200000000000000 8.699999999999999
149 3.200000000000000 4.800000000000000
150 3.200000000000000 2.100000000000000
151 3.200000000000000 4.800000000000000
152 3.200000000000000 5.100000000000000
153 3.200000000000000 8.800000000000001
154 3.200000000000000 6.800000000000000
155 3.300000000000000 1.800000000000000
156 3.300000000000000 2.100000000000000
157 3.300000000000000 6.500000000000000
158 3.300000000000000 6.500000000000000
159 3.300000000000000 6.600000000000000
160 3.300000000000000 7.100000000000000
161 3.300000000000000 7.900000000000000
162 3.400000000000000 5.900000000000000
163 3.400000000000000 7.200000000000000
164 3.400000000000000 3.600000000000000
165 3.400000000000000 6.500000000000000
166 3.400000000000000 6.200000000000000
167 3.500000000000000 8.100000000000000
168 3.500000000000000 1.800000000000000
169 3.500000000000000 7.500000000000000
170 3.500000000000000 1.300000000000000
171 3.500000000000000 7.900000000000000
172 3.500000000000000 1.600000000000000
173 3.500000000000000 5.900000000000000
174 3.500000000000000 8.199999999999999
175 3.600000000000000 6.300000000000000
176 3.600000000000000 3.300000000000000
177 3.600000000000000 7.800000000000000
178 3.600000000000000 2.300000000000000
179 3.600000000000000 5.300000000000000
180 3.600000000000000 4.900000000000000
181 3.700000000000000 2.400000000000000
182 3.700000000000000 1.800000000000000
183 3.700000000000000 7.600000000000000
184 3.700000000000000 5.700000000000000
185 3.700000000000000 7.800000000000000
186 3.800000000000000 3.200000000000000
187 3.800000000000000 8.000000000000000
188 3.800000000000000 7.600000000000000
189 3.800000000000000 8.000000000000000
190 3.800000000000000 7.800000000000000
191 3.800000000000000 7.300000000000000
192 3.800000000000000 5.000000000000000
193 3.900000000000000 6.000000000000000
194 3.900000000000000 7.000000000000000
195 3.900000000000000 2.800000000000000
196 3.900000000000000 5.200000000000000
197 3.900000000000000 5.900000000000000
198 3.900000000000000 3.100000000000000
199 4.000000000000000 7.800000000000000
200 4.000000000000000 4.400000000000000
201 4.000000000000000 3.600000000000000
202 4.100000000000000 7.700000000000000
203 4.100000000000000 3.700000000000000
204 4.100000000000000 4.800000000000000
205 4.100000000000000 3.500000000000000
206 4.100000000000000 5.500000000000000
207 4.100000000000000 7.000000000000000
208 4.100000000000000 6.900000000000000
209 4.200000000000000 2.100000000000000
210 4.300000000000000 4.600000000000000
211 4.300000000000000 4.300000000000000
212 4.300000000000000 6.000000000000000
213 4.300000000000000 2.600000000000000
214 4.300000000000000 6.900000000000000
215 4.300000000000000 2.600000000000000
216 4.300000000000000 2.300000000000000
217 4.300000000000000 2.000000000000000
218 4.300000000000000 4.000000000000000
219 4.300000000000000 5.600000000000000
220 4.300000000000000 4.800000000000000
221 4.400000000000000 6.600000000000000
222 4.400000000000000 2.900000000000000
223 4.400000000000000 6.100000000000000
224 4.400000000000000 6.800000000000000
225 4.400000000000000 6.500000000000000
226 4.400000000000000 5.300000000000000
227 4.400000000000000 7.400000000000000
228 4.500000000000000 5.200000000000000
229 4.500000000000000 3.000000000000000
230 4.500000000000000 2.600000000000000
231 4.500000000000000 5.400000000000000
232 4.500000000000000 6.600000000000000
233 4.500000000000000 4.200000000000000
234 4.600000000000000 5.800000000000000
235 4.600000000000000 4.100000000000000
236 4.600000000000000 5.800000000000000
237 4.700000000000000 6.800000000000000
238 4.700000000000000 4.900000000000000
239 4.700000000000000 6.200000000000000
240 4.800000000000000 3.800000000000000
241 4.800000000000000 2.800000000000000
242 4.800000000000000 4.700000000000000
243 4.800000000000000 2.900000000000000
244 4.800000000000000 6.900000000000000
245 4.800000000000000 3.600000000000000
246 4.800000000000000 7.300000000000000
247 4.800000000000000 3.900000000000000
248 4.800000000000000 3.600000000000000
249 4.800000000000000 6.100000000000000
250 4.800000000000000 6.600000000000000
251 4.900000000000000 3.800000000000000
252 4.900000000000000 4.000000000000000
253 4.900000000000000 7.100000000000000
254 4.900000000000000 5.800000000000000
255 4.900000000000000 3.700000000000000
256 4.900000000000000 3.000000000000000
257 4.900000000000000 7.300000000000000
258 5.000000000000000 5.200000000000000
259 5.000000000000000 6.900000000000000
260 5.000000000000000 5.600000000000000
261 5.000000000000000 3.600000000000000
262 5.100000000000000 6.400000000000000
263 5.100000000000000 3.000000000000000
264 5.100000000000000 6.200000000000000
265 5.100000000000000 6.200000000000000
266 5.200000000000000 5.000000000000000
267 5.200000000000000 5.600000000000000
268 5.200000000000000 7.000000000000000
269 5.200000000000000 3.700000000000000
270 5.300000000000000 3.000000000000000
271 5.300000000000000 5.600000000000000
272 5.300000000000000 5.300000000000000
273 5.300000000000000 4.800000000000000
274 5.300000000000000 2.600000000000000
275 5.300000000000000 6.400000000000000
276 5.400000000000000 2.700000000000000
277 5.400000000000000 3.100000000000000
278 5.400000000000000 5.800000000000000
279 5.500000000000000 7.700000000000000
280 5.500000000000000 7.500000000000000
281 5.500000000000000 7.000000000000000
282 5.600000000000000 7.200000000000000
283 5.600000000000000 5.300000000000000
284 5.600000000000000 6.500000000000000
285 5.600000000000000 5.800000000000000
286 5.600000000000000 3.400000000000000
287 5.600000000000000 1.500000000000000
288 5.600000000000000 6.400000000000000
289 5.700000000000000 4.200000000000000
290 5.700000000000000 3.600000000000000
291 5.700000000000000 6.300000000000000
292 5.700000000000000 4.800000000000000
293 5.700000000000000 4.800000000000000
294 5.700000000000000 2.400000000000000
295 5.700000000000000 2.200000000000000
296 5.800000000000000 4.800000000000000
297 5.900000000000000 3.900000000000000
298 5.900000000000000 5.200000000000000
299 5.900000000000000 2.800000000000000
300 6.000000000000000 2.100000000000000
301 6.000000000000000 6.100000000000000
302 6.000000000000000 4.400000000000000
303 6.000000000000000 2.200000000000000
304 6.000000000000000 2.900000000000000
305 6.000000000000000 2.200000000000000
306 6.100000000000000 5.700000000000000
307 6.100000000000000 4.500000000000000
308 6.200000000000000 1.500000000000000
309 6.200000000000000 6.600000000000000
310 6.200000000000000 1.500000000000000
311 6.200000000000000 6.800000000000000
312 6.300000000000000 1.900000000000000
313 6.300000000000000 7.200000000000000
314 6.300000000000000 8.100000000000000
315 6.300000000000000 4.700000000000000
316 6.300000000000000 3.900000000000000
317 6.300000000000000 3.500000000000000
318 6.300000000000000 3.300000000000000
319 6.300000000000000 3.100000000000000
320 6.300000000000000 2.800000000000000
321 6.400000000000000 5.200000000000000
322 6.400000000000000 8.300000000000001
323 6.400000000000000 5.300000000000000
324 6.400000000000000 6.600000000000000
325 6.400000000000000 8.300000000000001
326 6.400000000000000 3.000000000000000
327 6.400000000000000 6.700000000000000
328 6.500000000000000 6.400000000000000
329 6.500000000000000 3.400000000000000
330 6.500000000000000 6.400000000000000
331 6.500000000000000 3.500000000000000
332 6.500000000000000 3.400000000000000
333 6.500000000000000 6.600000000000000
334 6.500000000000000 3.400000000000000
335 6.600000000000000 9.300000000000001
336 6.600000000000000 2.700000000000000
337 6.600000000000000 5.200000000000000
338 6.600000000000000 2.300000000000000
339 6.600000000000000 8.500000000000000
340 6.600000000000000 1.400000000000000
341 6.600000000000000 5.100000000000000
342 6.600000000000000 1.500000000000000
343 6.600000000000000 1.000000000000000
344 6.600000000000000 6.400000000000000
345 6.600000000000000 6.800000000000000
346 6.600000000000000 8.100000000000000
347 6.600000000000000 1.200000000000000
348 6.600000000000000 7.800000000000000
349 6.700000000000000 1.000000000000000
350 6.700000000000000 4.100000000000000
351 6.700000000000000 2.300000000000000
352 6.700000000000000 2.500000000000000
353 6.700000000000000 4.400000000000000
354 6.700000000000000 7.400000000000000
355 6.800000000000000 4.500000000000000
356 6.800000000000000 4.200000000000000
357 6.800000000000000 3.300000000000000
358 6.800000000000000 1.200000000000000
359 6.800000000000000 8.100000000000000
360 6.800000000000000 8.500000000000000
361 6.800000000000000 2.100000000000000
362 6.800000000000000 7.600000000000000
363 6.800000000000000 1.900000000000000
364 6.800000000000000 7.600000000000000
365 6.800000000000000 5.400000000000000
366 6.900000000000000 2.000000000000000
367 6.900000000000000 7.600000000000000
368 6.900000000000000 7.900000000000000
369 6.900000000000000 8.199999999999999
370 6.900000000000000 8.000000000000000
371 6.900000000000000 1.700000000000000
372 6.900000000000000 7.800000000000000
373 6.900000000000000 2.600000000000000
374 6.900000000000000 4.400000000000000
375 7.000000000000000 1.300000000000000
376 7.000000000000000 3.200000000000000
377 7.000000000000000 4.400000000000000
378 7.000000000000000 3.900000000000000
379 7.000000000000000 2.200000000000000
380 7.000000000000000 4.800000000000000
381 7.000000000000000 2.700000000000000
382 7.000000000000000 6.100000000000000
383 7.100000000000000 3.700000000000000
384 7.100000000000000 7.900000000000000
385 7.100000000000000 1.900000000000000
386 7.100000000000000 4.200000000000000
387 7.100000000000000 5.700000000000000
388 7.100000000000000 4.200000000000000
389 7.100000000000000 2.000000000000000
390 7.200000000000000 1.600000000000000
391 7.200000000000000 1.500000000000000
392 7.200000000000000 5.000000000000000
393 7.200000000000000 6.100000000000000
394 7.200000000000000 4.900000000000000
395 7.200000000000000 6.300000000000000
396 7.200000000000000 4.200000000000000
397 7.200000000000000 3.400000000000000
398 7.200000000000000 1.300000000000000
399 7.300000000000000 7.700000000000000
400 7.300000000000000 6.200000000000000
401 7.300000000000000 2.100000000000000
402 7.300000000000000 7.500000000000000
403 7.400000000000000 0.800000000000000
404 7.400000000000000 4.000000000000000
405 7.400000000000000 1.500000000000000
406 7.400000000000000 5.700000000000000
407 7.500000000000000 4.400000000000000
408 7.500000000000000 2.600000000000000
409 7.500000000000000 6.700000000000000
410 7.500000000000000 5.600000000000000
411 7.500000000000000 4.800000000000000
412 7.500000000000000 5.200000000000000
413 7.500000000000000 3.600000000000000
414 7.500000000000000 4.700000000000000
415 7.500000000000000 7.100000000000000
416 7.600000000000000 4.000000000000000
417 7.600000000000000 2.100000000000000
418 7.600000000000000 4.700000000000000
419 7.600000000000000 2.000000000000000
420 7.600000000000000 5.800000000000000
421 7.700000000000000 6.900000000000000
422 7.700000000000000 4.200000000000000
423 7.700000000000000 4.800000000000000
424 7.700000000000000 2.900000000000000
425 7.700000000000000 5.200000000000000
426 7.700000000000000 6.200000000000000
427 7.700000000000000 2.700000000000000
428 7.700000000000000 0.900000000000000
429 7.700000000000000 5.900000000000000
430 7.700000000000000 4.300000000000000
431 7.800000000000000 2.400000000000000
432 7.800000000000000 4.100000000000000
433 7.800000000000000 5.800000000000000
434 7.800000000000000 4.200000000000000
435 7.800000000000000 3.400000000000000
436 7.900000000000000 2.900000000000000
437 7.900000000000000 1.800000000000000
438 7.900000000000000 3.900000000000000
439 7.900000000000000 1.200000000000000
440 8.000000000000000 5.500000000000000
441 8.000000000000000 4.800000000000000
442 8.000000000000000 1.500000000000000
443 8.000000000000000 3.100000000000000
444 8.000000000000000 4.800000000000000
445 8.000000000000000 5.800000000000000
446 8.000000000000000 6.000000000000000
447 8.000000000000000 3.200000000000000
448 8.100000000000000 0.900000000000000
449 8.100000000000000 2.200000000000000
450 8.100000000000000 3.900000000000000
451 8.100000000000000 1.700000000000000
452 8.100000000000000 3.900000000000000
453 8.100000000000000 4.800000000000000
454 8.199999999999999 5.400000000000000
455 8.199999999999999 4.000000000000000
456 8.199999999999999 3.800000000000000
457 8.199999999999999 3.700000000000000
458 8.199999999999999 5.000000000000000
459 8.199999999999999 1.600000000000000
460 8.199999999999999 1.500000000000000
461 8.300000000000001 3.200000000000000
462 8.300000000000001 4.600000000000000
463 8.300000000000001 5.500000000000000
464 8.300000000000001 4.400000000000000
465 8.400000000000000 2.700000000000000
466 8.400000000000000 5.400000000000000
467 8.400000000000000 1.800000000000000
468 8.400000000000000 2.000000000000000
469 8.500000000000000 5.400000000000000
470 8.500000000000000 3.200000000000000
471 8.500000000000000 4.500000000000000
472 8.500000000000000 5.200000000000000
473 8.500000000000000 4.700000000000000
474 8.600000000000000 1.000000000000000
475 8.600000000000000 1.200000000000000
476 8.600000000000000 3.500000000000000
477 8.600000000000000 1.100000000000000
478 8.699999999999999 2.700000000000000
479 8.699999999999999 0.800000000000000
480 8.699999999999999 0.500000000000000
481 8.699999999999999 0.800000000000000
482 8.699999999999999 1.800000000000000
483 8.800000000000001 0.400000000000000
484 8.800000000000001 3.900000000000000
485 8.800000000000001 3.100000000000000
486 8.800000000000001 3.200000000000000
487 8.800000000000001 2.800000000000000
488 8.800000000000001 3.300000000000000
489 8.800000000000001 0.800000000000000
490 8.900000000000000 0.600000000000000
491 8.900000000000000 2.200000000000000
492 8.900000000000000 2.400000000000000
493 8.900000000000000 2.500000000000000
494 9.000000000000000 3.700000000000000
495 9.000000000000000 2.600000000000000
496 9.000000000000000 0.800000000000000
497 9.000000000000000 2.300000000000000
498 9.000000000000000 1.200000000000000
499 9.100000000000000 3.800000000000000
500 9.100000000000000 4.300000000000000
501 9.100000000000000 4.400000000000000
502 9.100000000000000 5.000000000000000
503 9.100000000000000 3.400000000000000
504 9.100000000000000 4.600000000000000
505 9.199999999999999 1.900000000000000
506 9.199999999999999 0.600000000000000
507 9.199999999999999 3.900000000000000
508 9.199999999999999 4.000000000000000
509 9.199999999999999 4.200000000000000
510 9.199999999999999 4.900000000000000
