305
0 2.060000000000000 3.440000000000000
1 6.910000000000000 2.280000000000000
2 3.019985934436245 3.210395116712156
3 3.421618554936883 3.114334531190354
4 6.842383239098446 2.296172256215629
5 5.000225932372373 2.736770704834648
6 3.746574272436637 3.036613163705876
7 4.381175204816323 2.884832322147024
8 3.069179198315255 3.198629305145217
9 6.769510546292274 2.313601601299167
10 3.137530283024284 3.182281416843676
11 6.447761578375635 2.390555993625621
12 6.563436799362263 2.362889342832943
13 6.306031994981179 2.424454203262234
14 3.180000000000000 9.550000000000001
15 2.970000000000000 1.230000000000000
16 2.992449875628120 2.119442691552172
17 3.127447128703841 7.467905289599794
18 3.051465894430683 4.457601150777533
19 3.066878438789546 5.068231479662016
20 3.058408544290095 4.732662326159950
21 3.004083354047220 2.580350027013646
22 3.087785074532392 5.896532476711924
23 3.021531477401696 3.271628057057658
24 3.073314768947704 5.323232750689974
25 3.031169973609618 3.653496097295335
26 3.020961518004849 3.249046808573074
27 3.062599209151250 4.898692476849517
28 3.035459131095081 3.823428431957477
29 3.077012740495566 5.469742861538589
30 3.021071199486851 3.253392284431412
31 3.163346513432615 8.890204722663611
32 0.700000000000000 2.750000000000000
33 4.990000000000000 1.570000000000000
34 3.511879685782088 1.976569223957374
35 3.944515530829857 1.857569154690156
36 4.504098398236590 1.703651256429096
37 3.409836317659924 2.004637096774194
38 5.260000000000000 5.360000000000000
39 7.570000000000000 9.940000000000000
40 7.115058065106072 9.037993912634549
41 6.239962056925826 7.302955073904884
42 6.131101483571493 7.087118958769455
43 6.497842323651455 7.814250148192063
44 5.624299690609583 6.082291161468350
45 3.180000000000000 6.160000000000000
46 3.560000000000000 1.370000000000000
47 3.327542051973171 4.300193608022401
48 3.328695155324332 4.285658436832767
49 3.273535190754047 4.980964306021363
50 3.466682727919972 2.546288771745618
51 3.209224991373159 5.791611292954132
52 3.462768349532312 2.595630541421651
53 3.218295569834292 5.677274264457221
54 3.383078221548660 3.600145575741895
55 3.429494403705133 3.015057384874769
56 3.280935303753545 4.887683934264527
57 3.497416409218908 2.158882631161659
58 3.373075229832966 3.726235918684449
59 3.223219269937710 5.615209728943084
60 3.417378716223717 3.167778813916828
61 1.750000000000000 9.300000000000001
62 7.870000000000000 1.160000000000000
63 7.145875186189512 2.123133330787152
64 3.777140888257354 6.603770125749207
65 4.196392434315783 6.046138167429662
66 3.690095284134260 6.719546468488093
67 6.572366294607767 2.885937640832154
68 3.660971237656700 6.758283353835697
69 5.954467782370079 3.707783047631954
70 6.376602042218790 3.146316891558667
71 6.990853731264163 2.329321997959103
72 6.840470105059144 2.529342049806956
73 5.137756293323605 4.794062707899651
74 7.861645936054790 1.171111451064380
75 4.983993853358701 4.998576802885650
76 6.649809007981757 2.782933770429493
77 3.965287076519765 6.353523398223712
78 6.931172971370749 2.408701309320604
79 2.031927794760671 8.925017606315055
80 6.732713396347391 2.672665515315725
81 6.852277700861954 2.513637175650930
82 9.900000000000000 2.260000000000000
83 8.690000000000000 2.450000000000000
84 0.160000000000000 6.290000000000000
85 2.640000000000000 8.100000000000000
86 1.500223950868462 7.268147318980611
87 2.030000000000000 5.040000000000000
88 7.660000000000000 1.830000000000000
89 4.764948390565426 3.480642214260210
90 7.209192216800171 2.087032501611271
91 3.322957837401654 4.302807343151099
92 2.896599229997036 4.545899906165101
93 4.217554191110002 3.792744413239235
94 4.817036423841060 3.450943708609271
95 4.979956450196099 3.358053249532952
96 6.807128129254647 2.316273304634563
97 6.589184638829625 2.440535934166413
98 2.201708451796330 4.942098733522874
99 2.615782544112351 4.706010307886208
100 4.307962856423348 3.741197021470880
101 5.314390313661931 3.167372485460959
102 2.421011878902938 4.817060722685891
103 6.470459446706631 2.508228272836895
104 6.601903810432994 2.433283973092379
105 6.548079869520093 2.463972223595117
106 6.030000000000000 0.530000000000000
107 7.910000000000000 0.310000000000000
108 5.170000000000000 2.200000000000000
109 3.500000000000000 7.480000000000000
110 4.018467158114850 5.840774494103945
111 5.098474753545328 2.426139701365669
112 3.623308249405907 7.090139187507074
113 4.344153233660296 4.811060434894393
114 3.698942390572788 6.851008489686036
115 4.777187660375207 3.441945600729885
116 4.794845667555968 3.386116691799095
117 4.336755620249070 4.834449296458031
118 4.543800203083666 4.179841274082783
119 4.818917758484609 3.310008524072613
120 3.882380561372481 6.271036308954071
121 4.969988454618861 2.832371832103243
122 5.158276609820641 2.237065568950309
123 4.780000000000000 9.550000000000001
124 7.790000000000000 8.890000000000001
125 5.565025865135423 9.377868082727781
126 6.840641555145363 9.098164974619289
127 7.151493514631243 9.030004744300127
128 6.744969131814995 9.119142981063822
129 5.470000000000000 9.670000000000000
130 7.760000000000000 2.630000000000000
131 5.979370564959693 8.104074769730900
132 7.326757595468466 3.961889313494320
133 7.309859136893328 4.013839159943654
134 6.478379112040536 6.570004825866647
135 7.723504304817732 2.742196372962082
136 7.279519899633275 4.107109129511676
137 7.694558350545437 2.831183062078657
138 7.342523958000373 3.913419797239026
139 6.233547165975844 7.322675961366837
140 6.672780274908384 5.972369809888638
141 5.917111578010141 8.295473576772316
142 5.749539534678381 8.810629552779126
143 7.367971542290329 3.835187922391301
144 5.090000000000000 5.060000000000000
145 6.747692814239818 2.734459721030472
146 6.040104018238814 3.727120262182958
147 6.463503696129541 3.133142296796688
148 7.034284545517576 2.332406572835055
149 6.883152516846055 2.544426325287909
150 5.284852264091904 4.786646104331501
151 7.862241922679049 1.170883633651695
152 6.729490663799003 2.759995111936651
153 6.988769299005217 2.396258897079012
154 6.758327881255981 2.719540022698445
155 6.899593137714446 2.521362144932971
156 0.720000000000000 4.490000000000000
157 0.553492695883134 5.025202048947069
158 2.260000000000000 7.480000000000000
159 4.080000000000000 2.040000000000000
160 3.145511186823752 4.833197331691643
161 3.921828508729467 2.512776325555879
162 2.668596119656798 6.258701708278581
163 3.022819549712701 5.199923983276321
164 3.567387764780272 3.572203604173253
165 3.830656847974543 2.785289421438729
166 3.124645842498900 4.895564075168123
167 3.531071934907231 3.680752018738828
168 2.968627166420139 5.361905612458486
169 3.724918809201624 3.101341581287454
170 1.280000000000000 2.680000000000000
171 1.302229647186113 2.705657748580474
172 3.877737695270704 5.678342713460303
173 3.647674811835302 5.412801134169203
174 2.493485794064199 4.080621123196515
175 5.680111512086330 7.758666069594078
176 2.228815977226099 3.775135770216451
177 2.186902466204758 3.726758649387368
178 3.196410256410257 4.891945701357466
179 4.344005865520718 6.216515514098635
180 2.423330716421401 3.999647217999900
181 1.972952740944372 3.479815087322121
182 6.540000000000000 2.320000000000000
183 4.455304851236734 2.473496389378117
184 3.496403046632748 2.544100460607520
185 4.363188707501780 2.480278913659971
186 6.298443364153401 2.337785848187335
187 5.937822687712051 2.364338397993804
188 7.320000000000000 3.890000000000000
189 7.332113242370312 4.018864280535231
190 7.337053110985399 4.071416074312746
191 7.507516570570667 5.884857133730494
192 4.510000000000000 2.170000000000000
193 3.976845636778874 5.128405413963844
194 3.676347393483188 6.795831756461708
195 3.559846394308505 7.442280909776867
196 4.300185224074929 3.334235373178210
197 4.276678228236766 3.464672688430578
198 4.464544484934672 2.422226842994073
199 4.027006917631917 4.850066878102592
200 4.247208381422374 3.628197101581111
201 4.276405448128018 3.466186310387389
202 3.787870487343636 6.177004363461628
203 4.367160247592847 2.962599528394577
204 3.299662082844206 8.886010397450947
205 0.630000000000000 8.020000000000000
206 7.320000000000000 2.240000000000000
207 3.250510146983883 5.755941905894344
208 5.690198663775940 3.648109375691341
209 6.248517918099177 3.165734892882924
210 7.199466302723668 2.344138231727534
211 6.943116743366965 2.565618120080559
212 4.315862771739130 4.835502717391305
213 4.712207844909478 4.493070053277012
214 6.712463733930889 2.764896803868380
215 3.311609895533884 5.703153184426629
216 7.189273760529872 2.352944344415149
217 6.760455314686478 2.723433225876256
218 6.979281641622617 2.534372512917979
219 4.080000000000000 1.650000000000000
220 0.960000000000000 6.430000000000000
221 2.743846747444662 3.697055303594395
222 3.045411175703912 3.235043134658750
223 1.921976367933103 4.956202872205054
224 3.613917085500131 2.364062926701723
225 2.248782908339076 4.455518492993338
226 2.574800936768150 3.956042154566745
227 2.173521669012307 4.570822571192684
228 3.035463756555388 3.250283090918348
229 4.710000000000000 9.320000000000000
230 2.900000000000000 4.900000000000000
231 3.762740088105727 7.006801762114538
232 2.902764697116459 4.906751359809254
233 3.172019753277190 5.564269231759766
234 4.516942458407809 8.848555616664374
235 3.845112607062951 7.207954543214501
236 4.120000000000000 6.240000000000000
237 3.300000000000000 8.000000000000000
238 4.034858459685234 6.422742818236573
239 4.060000000000000 3.280000000000000
240 8.710000000000001 4.330000000000000
241 7.397838418920037 4.033705449433556
242 4.636354348367805 3.410144530276601
243 7.474956090970501 4.051119117315920
244 4.543729781160800 3.389229305423406
245 7.487516589583752 4.053955358938266
246 5.330000000000000 8.279999999999999
247 6.700000000000000 6.240000000000000
248 6.117660504530025 7.107133263327554
249 5.558933013547933 7.939107045519866
250 6.540000000000000 3.100000000000000
251 7.572198178956834 2.787940085431655
252 6.905797796924420 2.989409968371687
253 9.869999999999999 2.500000000000000
254 8.740401985391976 3.200791826850097
255 7.435648668512759 4.010248331464970
256 7.456547896213804 3.997282650071263
257 0.320000000000000 0.400000000000000
258 8.660000000000000 6.330000000000000
259 9.080000000000000 5.720000000000000
260 9.609999999999999 1.830000000000000
261 7.640000000000000 0.890000000000000
262 8.065682981897350 1.093117768011934
263 6.880000000000000 3.070000000000000
264 0.020000000000000 4.110000000000000
265 2.056946141151760 3.801191838659209
266 4.168136580652495 3.481127981941896
267 4.287209076175040 3.463076175040519
268 6.094321997417133 2.265647869134740
269 7.222473533570122 2.345772268009242
270 1.640000000000000 4.040000000000000
271 4.870000000000000 2.190000000000000
272 3.008713598838792 3.256061870634129
273 9.869999999999999 3.600000000000000
274 5.524802920352030 2.064375675496835
275 7.150323136256412 2.638846369865578
276 6.663019888870572 2.466629849791026
277 6.609859294001481 2.447842508022711
278 6.747736009525427 2.496569144412315
279 6.210000000000000 4.740000000000000
280 0.260000000000000 5.040000000000000
281 4.880997067448680 4.807008551221075
282 2.530046632686259 4.925543867259517
283 7.500454414725336 4.077631578947367
284 8.100000000000000 1.080000000000000
285 3.640000000000000 2.410000000000000
286 1.830795539033457 4.170225526641883
287 7.630000000000000 9.920000000000000
288 5.569729468710118 6.088012233119100
289 4.175691505127749 3.495179718220800
290 8.434881627209069 5.787633377792598
291 7.320000000000000 2.590000000000000
292 1.784331666899037 4.183601489832095
293 6.773509801116040 2.747322936042352
294 6.414327954269527 8.790174524484014
295 4.060779286812345 6.448532511331000
296 1.000000000000000 3.690000000000000
297 6.624654552885680 2.474917831780794
298 6.620551181102362 2.475804274465692
299 6.420000000000000 8.789999999999999
300 1.220000000000000 8.949999999999999
301 3.369172410559385 8.883871618136634
302 8.539999999999999 5.980000000000000
303 6.625588343332925 2.476626668299253
304 2.350000000000000 0.090000000000000
522
0 2
2 8
8 10
10 3
3 6
6 7
7 5
5 13
13 11
11 12
12 9
9 4
4 1
15 16
16 21
21 2
2 26
26 30
30 23
23 25
25 28
28 18
18 20
20 27
27 19
19 24
24 29
29 22
22 17
17 31
31 14
32 16
16 37
37 34
34 35
35 36
36 33
38 44
44 42
42 41
41 43
43 40
40 39
45 51
51 53
53 59
59 49
49 56
56 47
47 48
48 58
58 54
54 60
60 3
3 55
55 52
52 50
50 57
57 34
34 46
61 79
79 17
17 68
68 66
66 64
64 77
77 65
65 75
75 73
73 69
69 70
70 67
67 76
76 80
80 72
72 81
81 78
78 71
71 63
63 74
74 62
83 82
84 86
86 85
87 98
98 102
102 99
99 92
92 18
18 91
91 47
47 93
93 100
100 89
89 94
94 95
95 101
101 103
103 105
105 97
97 104
104 96
96 4
4 63
63 90
90 88
106 107
109 112
112 114
114 64
64 120
120 110
110 117
117 113
113 118
118 89
89 115
115 116
116 119
119 121
121 5
5 111
111 122
122 108
123 125
125 128
128 126
126 40
40 127
127 124
129 125
125 142
142 141
141 131
131 139
139 41
41 134
134 140
140 136
136 133
133 132
132 138
138 143
143 137
137 135
135 130
144 150
150 146
146 147
147 152
152 145
145 154
154 149
149 155
155 153
153 148
148 90
90 151
151 62
84 157
157 156
158 162
162 168
168 163
163 19
19 166
166 160
160 91
91 48
48 167
167 164
164 169
169 6
6 165
165 161
161 159
170 171
171 181
181 177
177 176
176 180
180 174
174 92
92 20
20 160
160 178
178 49
49 173
173 172
172 110
110 65
65 179
179 175
175 131
131 126
126 39
32 171
171 21
21 50
50 184
184 161
161 185
185 183
183 111
111 187
187 186
186 182
188 132
132 189
189 190
190 191
191 124
14 204
204 195
195 112
112 194
194 66
66 202
202 172
172 193
193 199
199 93
93 200
200 201
201 197
197 196
196 203
203 7
7 183
183 198
198 192
205 86
86 162
162 22
22 51
51 207
207 215
215 173
173 193
193 212
212 113
113 213
213 208
208 209
209 67
67 214
214 145
145 217
217 211
211 218
218 216
216 210
210 206
220 223
223 227
227 225
225 174
174 226
226 221
221 23
23 228
228 222
222 8
8 52
52 184
184 224
224 35
35 219
230 232
232 163
163 24
24 233
233 53
53 207
207 68
68 194
194 114
114 231
231 235
235 234
234 229
237 195
195 231
231 238
238 236
239 196
196 244
244 242
242 115
115 94
94 208
208 69
69 146
146 133
133 189
189 241
241 243
243 245
245 240
246 249
249 175
175 248
248 42
42 134
134 247
250 252
252 251
251 135
135 83
38 136
136 190
190 241
241 255
255 256
256 254
254 253
257 15
258 259
261 262
262 260
264 265
265 176
176 221
221 25
25 54
54 164
164 266
266 197
197 267
267 242
242 116
116 95
95 209
209 70
70 147
147 263
108 268
268 9
9 96
96 71
71 148
148 210
210 269
269 83
270 265
265 177
177 272
272 26
26 222
222 10
10 55
55 165
165 185
185 198
198 271
46 36
36 274
274 268
268 186
186 11
11 97
97 277
277 276
276 278
278 72
72 149
149 211
211 275
275 251
251 137
137 254
254 273
280 157
157 223
223 98
98 282
282 232
232 27
27 166
166 178
178 56
56 199
199 212
212 117
117 281
281 73
73 150
150 279
188 138
138 255
255 243
243 283
283 259
108 274
274 74
74 151
151 262
262 284
15 37
37 57
57 224
224 285
270 286
286 225
225 99
99 230
239 266
266 289
289 200
200 100
100 118
118 213
213 281
281 75
75 288
288 248
248 139
139 43
43 127
127 287
236 179
179 288
288 44
44 140
140 191
191 290
290 259
156 292
292 286
286 180
180 226
226 28
28 58
58 167
167 289
289 201
201 267
267 244
244 119
119 101
101 76
76 214
214 152
152 293
293 275
275 291
270 292
292 227
227 102
102 282
282 168
168 29
29 233
233 59
59 215
215 202
202 120
120 77
77 238
238 295
295 249
249 141
141 294
294 128
128 39
296 181
181 272
272 30
30 228
228 60
60 169
169 203
203 121
121 103
103 298
298 297
297 276
276 78
78 153
153 216
216 269
269 260
300 79
79 31
31 204
204 301
301 234
234 142
142 294
294 299
182 12
12 104
104 277
277 297
297 303
303 80
80 154
154 217
217 293
293 252
252 143
143 256
256 245
245 283
283 290
290 302
14 301
301 235
235 295
295 236
304 15
271 122
122 187
187 13
13 105
105 298
298 303
303 278
278 81
81 155
155 218
218 291
501
0 0.200000000000000 6.300000000000000
1 0.600000000000000 5.900000000000000
2 0.600000000000000 5.100000000000000
3 0.600000000000000 6.300000000000000
4 0.700000000000000 5.300000000000000
5 0.700000000000000 6.400000000000000
6 0.800000000000000 6.500000000000000
7 0.800000000000000 6.500000000000000
8 0.800000000000000 6.600000000000000
9 0.800000000000000 3.700000000000000
10 0.800000000000000 6.400000000000000
11 0.900000000000000 6.200000000000000
12 1.000000000000000 3.600000000000000
13 1.000000000000000 6.600000000000000
14 1.000000000000000 4.900000000000000
15 1.000000000000000 5.700000000000000
16 1.000000000000000 3.600000000000000
17 1.100000000000000 3.000000000000000
18 1.100000000000000 3.800000000000000
19 1.100000000000000 4.800000000000000
20 1.200000000000000 6.000000000000000
21 1.200000000000000 5.900000000000000
22 1.200000000000000 6.500000000000000
23 1.300000000000000 5.000000000000000
24 1.300000000000000 3.800000000000000
25 1.300000000000000 4.000000000000000
26 1.300000000000000 6.400000000000000
27 1.300000000000000 4.000000000000000
28 1.300000000000000 4.200000000000000
29 1.400000000000000 3.600000000000000
30 1.400000000000000 5.800000000000000
31 1.400000000000000 3.600000000000000
32 1.400000000000000 6.100000000000000
33 1.400000000000000 7.100000000000000
34 1.400000000000000 3.400000000000000
35 1.400000000000000 4.600000000000000
36 1.500000000000000 4.800000000000000
37 1.500000000000000 2.600000000000000
38 1.500000000000000 6.200000000000000
39 1.500000000000000 3.900000000000000
40 1.600000000000000 5.900000000000000
41 1.600000000000000 4.800000000000000
42 1.700000000000000 4.300000000000000
43 1.700000000000000 5.400000000000000
44 1.700000000000000 6.200000000000000
45 1.800000000000000 2.600000000000000
46 1.800000000000000 4.900000000000000
47 1.900000000000000 2.800000000000000
48 1.900000000000000 5.800000000000000
49 2.000000000000000 3.300000000000000
50 2.000000000000000 3.100000000000000
51 2.000000000000000 6.800000000000000
52 2.000000000000000 4.100000000000000
53 2.000000000000000 3.300000000000000
54 2.100000000000000 4.700000000000000
55 2.100000000000000 4.400000000000000
56 2.100000000000000 2.700000000000000
57 2.100000000000000 6.800000000000000
58 2.100000000000000 5.100000000000000
59 2.100000000000000 5.000000000000000
60 2.200000000000000 8.699999999999999
61 2.200000000000000 7.300000000000000
62 2.200000000000000 3.500000000000000
63 2.200000000000000 7.300000000000000
64 2.200000000000000 6.900000000000000
65 2.200000000000000 4.300000000000000
66 2.300000000000000 8.400000000000000
67 2.300000000000000 3.800000000000000
68 2.300000000000000 4.100000000000000
69 2.300000000000000 6.600000000000000
70 2.300000000000000 7.600000000000000
71 2.400000000000000 3.000000000000000
72 2.400000000000000 7.200000000000000
73 2.400000000000000 6.300000000000000
74 2.400000000000000 8.199999999999999
75 2.400000000000000 7.800000000000000
76 2.500000000000000 5.700000000000000
77 2.500000000000000 6.000000000000000
78 2.500000000000000 6.900000000000000
79 2.500000000000000 7.400000000000000
80 2.500000000000000 5.100000000000000
81 2.500000000000000 4.100000000000000
82 2.500000000000000 5.900000000000000
83 2.500000000000000 6.100000000000000
84 2.500000000000000 8.699999999999999
85 2.600000000000000 4.300000000000000
86 2.600000000000000 4.700000000000000
87 2.600000000000000 4.700000000000000
88 2.600000000000000 3.700000000000000
89 2.700000000000000 6.800000000000000
90 2.700000000000000 3.500000000000000
91 2.700000000000000 5.800000000000000
92 2.700000000000000 7.900000000000000
93 2.700000000000000 6.800000000000000
94 2.800000000000000 4.100000000000000
95 2.800000000000000 5.700000000000000
96 2.800000000000000 4.200000000000000
97 2.800000000000000 8.000000000000000
98 2.800000000000000 5.600000000000000
99 2.900000000000000 5.200000000000000
100 2.900000000000000 8.100000000000000
101 2.900000000000000 4.300000000000000
102 2.900000000000000 5.200000000000000
103 3.000000000000000 7.600000000000000
104 3.000000000000000 3.300000000000000
105 3.000000000000000 5.900000000000000
106 3.000000000000000 7.400000000000000
107 3.000000000000000 7.200000000000000
108 3.000000000000000 7.500000000000000
109 3.000000000000000 8.100000000000000
110 3.000000000000000 6.200000000000000
111 3.100000000000000 4.800000000000000
112 3.100000000000000 7.500000000000000
113 3.200000000000000 6.700000000000000
114 3.200000000000000 5.700000000000000
115 3.200000000000000 5.200000000000000
116 3.200000000000000 8.199999999999999
117 3.200000000000000 3.200000000000000
118 3.200000000000000 6.800000000000000
119 3.200000000000000 9.400000000000000
120 3.200000000000000 7.100000000000000
121 3.200000000000000 8.699999999999999
122 3.200000000000000 3.900000000000000
123 3.300000000000000 2.400000000000000
124 3.300000000000000 8.600000000000000
125 3.300000000000000 7.600000000000000
126 3.300000000000000 4.700000000000000
127 3.300000000000000 6.600000000000000
128 3.300000000000000 3.400000000000000
129 3.400000000000000 3.000000000000000
130 3.400000000000000 2.500000000000000
131 3.400000000000000 4.700000000000000
132 3.400000000000000 3.500000000000000
133 3.400000000000000 5.700000000000000
134 3.400000000000000 5.000000000000000
135 3.400000000000000 8.199999999999999
136 3.400000000000000 2.800000000000000
137 3.400000000000000 4.400000000000000
138 3.400000000000000 6.100000000000000
139 3.400000000000000 7.600000000000000
140 3.400000000000000 7.600000000000000
141 3.400000000000000 2.300000000000000
142 3.500000000000000 4.700000000000000
143 3.500000000000000 5.700000000000000
144 3.500000000000000 6.200000000000000
145 3.500000000000000 2.500000000000000
146 3.500000000000000 8.699999999999999
147 3.500000000000000 8.000000000000000
148 3.500000000000000 3.100000000000000
149 3.500000000000000 7.500000000000000
150 3.600000000000000 4.100000000000000
151 3.600000000000000 3.500000000000000
152 3.600000000000000 6.700000000000000
153 3.600000000000000 8.500000000000000
154 3.600000000000000 3.500000000000000
155 3.600000000000000 6.000000000000000
156 3.700000000000000 8.300000000000001
157 3.700000000000000 3.100000000000000
158 3.700000000000000 4.600000000000000
159 3.700000000000000 2.500000000000000
160 3.700000000000000 3.000000000000000
161 3.700000000000000 5.100000000000000
162 3.700000000000000 3.000000000000000
163 3.700000000000000 4.400000000000000
164 3.700000000000000 8.400000000000000
165 3.800000000000000 5.200000000000000
166 3.800000000000000 4.600000000000000
167 3.800000000000000 3.700000000000000
168 3.800000000000000 1.500000000000000
169 3.800000000000000 2.300000000000000
170 3.800000000000000 4.300000000000000
171 3.900000000000000 2.600000000000000
172 3.900000000000000 5.200000000000000
173 3.900000000000000 5.900000000000000
174 3.900000000000000 8.600000000000000
175 3.900000000000000 6.400000000000000
176 3.900000000000000 6.600000000000000
177 3.900000000000000 1.700000000000000
178 4.000000000000000 4.800000000000000
179 4.000000000000000 6.200000000000000
180 4.000000000000000 2.600000000000000
181 4.000000000000000 4.300000000000000
182 4.000000000000000 7.400000000000000
183 4.000000000000000 2.000000000000000
184 4.000000000000000 1.900000000000000
185 4.000000000000000 7.700000000000000
186 4.000000000000000 2.900000000000000
187 4.000000000000000 8.400000000000000
188 4.000000000000000 7.100000000000000
189 4.000000000000000 2.800000000000000
190 4.000000000000000 2.500000000000000
191 4.000000000000000 8.000000000000000
192 4.100000000000000 3.200000000000000
193 4.100000000000000 3.400000000000000
194 4.100000000000000 8.800000000000001
195 4.100000000000000 6.000000000000000
196 4.100000000000000 6.300000000000000
197 4.100000000000000 2.900000000000000
198 4.100000000000000 4.300000000000000
199 4.200000000000000 4.100000000000000
200 4.200000000000000 2.400000000000000
201 4.200000000000000 3.000000000000000
202 4.200000000000000 8.199999999999999
203 4.200000000000000 4.100000000000000
204 4.200000000000000 2.000000000000000
205 4.200000000000000 1.800000000000000
206 4.300000000000000 6.100000000000000
207 4.300000000000000 5.600000000000000
208 4.300000000000000 4.500000000000000
209 4.300000000000000 5.700000000000000
210 4.300000000000000 5.400000000000000
211 4.300000000000000 6.300000000000000
212 4.300000000000000 7.400000000000000
213 4.400000000000000 4.900000000000000
214 4.400000000000000 7.000000000000000
215 4.400000000000000 7.900000000000000
216 4.400000000000000 2.800000000000000
217 4.400000000000000 3.500000000000000
218 4.400000000000000 4.700000000000000
219 4.400000000000000 7.700000000000000
220 4.500000000000000 7.700000000000000
221 4.500000000000000 5.800000000000000
222 4.500000000000000 5.100000000000000
223 4.500000000000000 6.200000000000000
224 4.500000000000000 7.600000000000000
225 4.500000000000000 2.100000000000000
226 4.500000000000000 4.500000000000000
227 4.500000000000000 2.700000000000000
228 4.600000000000000 6.400000000000000
229 4.600000000000000 3.600000000000000
230 4.600000000000000 6.600000000000000
231 4.600000000000000 6.000000000000000
232 4.600000000000000 2.200000000000000
233 4.600000000000000 2.500000000000000
234 4.700000000000000 2.900000000000000
235 4.700000000000000 3.500000000000000
236 4.700000000000000 8.500000000000000
237 4.700000000000000 7.700000000000000
238 4.700000000000000 2.000000000000000
239 4.700000000000000 1.900000000000000
240 4.700000000000000 5.000000000000000
241 4.700000000000000 8.100000000000000
242 4.700000000000000 3.800000000000000
243 4.700000000000000 6.700000000000000
244 4.800000000000000 8.800000000000001
245 4.800000000000000 6.500000000000000
246 4.800000000000000 7.800000000000000
247 4.800000000000000 5.600000000000000
248 4.800000000000000 8.100000000000000
249 4.800000000000000 3.700000000000000
250 4.800000000000000 5.400000000000000
251 4.900000000000000 4.100000000000000
252 4.900000000000000 5.600000000000000
253 4.900000000000000 6.900000000000000
254 4.900000000000000 7.900000000000000
255 4.900000000000000 2.800000000000000
256 5.000000000000000 8.600000000000000
257 5.000000000000000 2.100000000000000
258 5.000000000000000 8.199999999999999
259 5.000000000000000 8.300000000000001
260 5.000000000000000 5.600000000000000
261 5.100000000000000 7.900000000000000
262 5.100000000000000 3.900000000000000
263 5.100000000000000 7.000000000000000
264 5.100000000000000 6.100000000000000
265 5.100000000000000 8.100000000000000
266 5.100000000000000 5.800000000000000
267 5.100000000000000 5.600000000000000
268 5.100000000000000 7.400000000000000
269 5.100000000000000 5.900000000000000
270 5.100000000000000 2.400000000000000
271 5.200000000000000 4.500000000000000
272 5.200000000000000 2.100000000000000
273 5.200000000000000 5.700000000000000
274 5.300000000000000 7.200000000000000
275 5.300000000000000 2.900000000000000
276 5.300000000000000 5.800000000000000
277 5.300000000000000 6.500000000000000
278 5.300000000000000 4.800000000000000
279 5.300000000000000 3.700000000000000
280 5.400000000000000 8.199999999999999
281 5.400000000000000 8.699999999999999
282 5.400000000000000 2.400000000000000
283 5.400000000000000 7.500000000000000
284 5.500000000000000 7.100000000000000
285 5.500000000000000 8.400000000000000
286 5.500000000000000 7.300000000000000
287 5.600000000000000 7.600000000000000
288 5.600000000000000 6.300000000000000
289 5.700000000000000 8.300000000000001
290 5.700000000000000 7.700000000000000
291 5.700000000000000 6.600000000000000
292 5.700000000000000 6.100000000000000
293 5.700000000000000 5.500000000000000
294 5.700000000000000 3.300000000000000
295 5.700000000000000 3.700000000000000
296 5.700000000000000 7.400000000000000
297 5.700000000000000 3.900000000000000
298 5.800000000000000 6.600000000000000
299 5.800000000000000 4.000000000000000
300 5.800000000000000 5.600000000000000
301 5.800000000000000 4.200000000000000
302 5.800000000000000 7.500000000000000
303 5.800000000000000 3.600000000000000
304 5.800000000000000 6.200000000000000
305 5.800000000000000 3.800000000000000
306 5.800000000000000 6.000000000000000
307 5.900000000000000 8.600000000000000
308 5.900000000000000 6.600000000000000
309 5.900000000000000 6.900000000000000
310 5.900000000000000 5.300000000000000
311 5.900000000000000 4.900000000000000
312 5.900000000000000 2.700000000000000
313 6.000000000000000 2.500000000000000
314 6.000000000000000 9.199999999999999
315 6.000000000000000 5.400000000000000
316 6.000000000000000 6.900000000000000
317 6.000000000000000 3.500000000000000
318 6.000000000000000 4.500000000000000
319 6.100000000000000 4.600000000000000
320 6.100000000000000 5.500000000000000
321 6.100000000000000 6.400000000000000
322 6.100000000000000 9.100000000000000
323 6.100000000000000 6.800000000000000
324 6.100000000000000 8.800000000000001
325 6.100000000000000 2.400000000000000
326 6.100000000000000 4.000000000000000
327 6.100000000000000 1.900000000000000
328 6.100000000000000 5.000000000000000
329 6.100000000000000 5.100000000000000
330 6.200000000000000 3.000000000000000
331 6.200000000000000 3.700000000000000
332 6.200000000000000 7.300000000000000
333 6.200000000000000 2.500000000000000
334 6.300000000000000 4.500000000000000
335 6.300000000000000 3.600000000000000
336 6.300000000000000 7.700000000000000
337 6.300000000000000 2.400000000000000
338 6.300000000000000 8.300000000000001
339 6.300000000000000 6.100000000000000
340 6.300000000000000 3.100000000000000
341 6.300000000000000 2.500000000000000
342 6.300000000000000 3.100000000000000
343 6.300000000000000 7.100000000000000
344 6.300000000000000 2.800000000000000
345 6.300000000000000 7.200000000000000
346 6.400000000000000 5.000000000000000
347 6.400000000000000 3.100000000000000
348 6.400000000000000 5.300000000000000
349 6.400000000000000 6.900000000000000
350 6.400000000000000 8.000000000000000
351 6.400000000000000 5.400000000000000
352 6.400000000000000 3.000000000000000
353 6.400000000000000 6.800000000000000
354 6.400000000000000 8.500000000000000
355 6.400000000000000 5.800000000000000
356 6.500000000000000 4.700000000000000
357 6.500000000000000 7.400000000000000
358 6.500000000000000 6.900000000000000
359 6.500000000000000 6.600000000000000
360 6.500000000000000 3.800000000000000
361 6.600000000000000 3.000000000000000
362 6.600000000000000 4.700000000000000
363 6.600000000000000 8.199999999999999
364 6.700000000000000 6.300000000000000
365 6.700000000000000 7.400000000000000
366 6.700000000000000 2.500000000000000
367 6.700000000000000 7.300000000000000
368 6.700000000000000 4.000000000000000
369 6.700000000000000 7.700000000000000
370 6.700000000000000 3.600000000000000
371 6.800000000000000 4.200000000000000
372 6.800000000000000 5.500000000000000
373 6.800000000000000 3.800000000000000
374 6.800000000000000 7.300000000000000
375 6.800000000000000 4.800000000000000
376 6.800000000000000 6.500000000000000
377 6.800000000000000 3.600000000000000
378 6.800000000000000 7.700000000000000
379 6.900000000000000 7.000000000000000
380 6.900000000000000 5.800000000000000
381 6.900000000000000 5.500000000000000
382 6.900000000000000 1.600000000000000
383 6.900000000000000 7.200000000000000
384 6.900000000000000 2.000000000000000
385 6.900000000000000 3.600000000000000
386 6.900000000000000 3.200000000000000
387 7.000000000000000 6.500000000000000
388 7.000000000000000 3.800000000000000
389 7.000000000000000 7.200000000000000
390 7.000000000000000 8.000000000000000
391 7.000000000000000 2.400000000000000
392 7.000000000000000 3.700000000000000
393 7.000000000000000 6.100000000000000
394 7.100000000000000 8.800000000000001
395 7.100000000000000 7.100000000000000
396 7.100000000000000 4.900000000000000
397 7.100000000000000 8.600000000000000
398 7.100000000000000 2.800000000000000
399 7.100000000000000 7.500000000000000
400 7.200000000000000 7.400000000000000
401 7.200000000000000 3.300000000000000
402 7.200000000000000 3.700000000000000
403 7.200000000000000 6.000000000000000
404 7.200000000000000 7.700000000000000
405 7.200000000000000 7.300000000000000
406 7.300000000000000 5.100000000000000
407 7.300000000000000 3.200000000000000
408 7.300000000000000 8.800000000000001
409 7.300000000000000 6.100000000000000
410 7.300000000000000 6.500000000000000
411 7.300000000000000 6.600000000000000
412 7.300000000000000 6.100000000000000
413 7.300000000000000 3.100000000000000
414 7.300000000000000 7.400000000000000
415 7.300000000000000 3.300000000000000
416 7.300000000000000 5.100000000000000
417 7.300000000000000 8.900000000000000
418 7.400000000000000 5.500000000000000
419 7.400000000000000 8.500000000000000
420 7.400000000000000 8.000000000000000
421 7.400000000000000 2.200000000000000
422 7.400000000000000 6.700000000000000
423 7.500000000000000 5.400000000000000
424 7.500000000000000 2.300000000000000
425 7.500000000000000 5.500000000000000
426 7.500000000000000 9.199999999999999
427 7.500000000000000 7.300000000000000
428 7.500000000000000 2.600000000000000
429 7.600000000000000 1.900000000000000
430 7.600000000000000 7.500000000000000
431 7.600000000000000 3.500000000000000
432 7.600000000000000 7.800000000000000
433 7.600000000000000 7.600000000000000
434 7.600000000000000 4.500000000000000
435 7.600000000000000 6.400000000000000
436 7.600000000000000 8.500000000000000
437 7.600000000000000 5.200000000000000
438 7.600000000000000 4.300000000000000
439 7.700000000000000 7.000000000000000
440 7.700000000000000 3.300000000000000
441 7.700000000000000 8.600000000000000
442 7.700000000000000 6.300000000000000
443 7.800000000000000 3.400000000000000
444 7.800000000000000 1.600000000000000
445 7.800000000000000 4.900000000000000
446 7.800000000000000 4.400000000000000
447 7.800000000000000 4.100000000000000
448 7.900000000000000 3.200000000000000
449 7.900000000000000 1.200000000000000
450 7.900000000000000 3.800000000000000
451 8.000000000000000 3.400000000000000
452 8.000000000000000 1.400000000000000
453 8.000000000000000 1.500000000000000
454 8.100000000000000 4.500000000000000
455 8.100000000000000 2.000000000000000
456 8.100000000000000 4.200000000000000
457 8.100000000000000 3.300000000000000
458 8.100000000000000 3.900000000000000
459 8.100000000000000 3.700000000000000
460 8.199999999999999 1.700000000000000
461 8.300000000000001 4.200000000000000
462 8.300000000000001 4.000000000000000
463 8.300000000000001 3.500000000000000
464 8.300000000000001 5.300000000000000
465 8.300000000000001 4.700000000000000
466 8.300000000000001 1.800000000000000
467 8.300000000000001 3.600000000000000
468 8.400000000000000 4.700000000000000
469 8.400000000000000 5.200000000000000
470 8.400000000000000 1.800000000000000
471 8.400000000000000 3.400000000000000
472 8.400000000000000 5.600000000000000
473 8.400000000000000 5.000000000000000
474 8.400000000000000 4.200000000000000
475 8.400000000000000 4.000000000000000
476 8.500000000000000 4.000000000000000
477 8.600000000000000 5.100000000000000
478 8.600000000000000 2.000000000000000
479 8.600000000000000 4.400000000000000
480 8.600000000000000 3.700000000000000
481 8.600000000000000 1.600000000000000
482 8.600000000000000 4.700000000000000
483 8.699999999999999 5.300000000000000
484 8.699999999999999 4.700000000000000
485 8.699999999999999 2.200000000000000
486 8.699999999999999 1.600000000000000
487 8.800000000000001 2.700000000000000
488 8.800000000000001 4.100000000000000
489 8.800000000000001 2.500000000000000
490 8.800000000000001 4.400000000000000
491 8.900000000000000 5.000000000000000
492 8.900000000000000 5.400000000000000
493 8.900000000000000 1.900000000000000
494 8.900000000000000 4.800000000000000
495 9.000000000000000 5.700000000000000
496 9.000000000000000 4.400000000000000
497 9.000000000000000 5.000000000000000
498 9.000000000000000 4.600000000000000
499 9.000000000000000 3.900000000000000
500 9.000000000000000 2.700000000000000
