232
0 0.280000000000000 6.590000000000000
1 4.960000000000000 2.760000000000000
2 1.832717572524175 5.319293097699233
3 3.896318850049003 3.630491197502632
4 4.008236906705212 3.538900138316033
5 1.704244346057198 5.424432511666866
6 2.310446805527935 4.928330926245301
7 3.419985810739278 4.020310757450547
8 0.926760348542338 6.060706808778385
9 2.595057244374259 4.695412554283458
10 0.980674753742921 6.016584549821498
11 0.912307437635126 6.072534725183219
12 3.449730259931338 3.995968612064738
13 3.820929472668937 3.692188059760250
14 2.953666873419533 4.401935015983587
15 2.880000000000000 6.140000000000000
16 0.800000000000000 4.510000000000000
17 2.849905071699450 6.116415993687550
18 2.853872372905892 6.119524984536828
19 1.632334826427772 5.162262388017917
20 2.040783341863535 5.482344638094982
21 2.204264153019494 5.610457004529700
22 2.760000000000000 6.330000000000000
23 4.650000000000000 1.840000000000000
24 2.764423466999527 6.319491340302710
25 2.902904793450283 5.990506601803296
26 3.608948362304198 4.313186165742936
27 3.202324920405847 5.279185771099336
28 3.775521545674441 3.917464687789291
29 3.848849742204763 3.743261723545298
30 3.234451928660307 5.202862878473662
31 9.160000000000000 2.620000000000000
32 7.390000000000000 7.250000000000000
33 7.635116606101110 6.608819273306135
34 8.933967701863354 3.211259627329193
35 8.364838012958963 4.700000000000000
36 8.398558861057014 4.611792357800017
37 7.547554368013036 6.837866257683413
38 5.050000000000000 1.210000000000000
39 2.630000000000000 6.620000000000000
40 2.907721779714007 5.999142632953397
41 3.640209738071159 4.361638560758276
42 2.698694841419079 6.466430127240818
43 3.234558512456239 5.268486961823036
44 3.846553927564087 3.900348451189377
45 3.886232674617539 3.811645136495500
46 3.247396583631788 5.239786976261167
47 5.200000000000000 0.510000000000000
48 5.180000000000000 4.700000000000000
49 5.180369243914596 4.622643399892177
50 5.185356824135647 3.577745343581772
51 0.020000000000000 8.109999999999999
52 2.117034345606020 6.912842461703843
53 9.630000000000001 7.240000000000000
54 9.206002021605535 7.278384832591382
55 5.725391029614669 7.593486972344978
56 6.019970126960420 7.566818521284540
57 8.494910827514246 7.342760414158440
58 1.806107599262748 7.948302433781624
59 1.237901971656632 7.999742485396330
60 1.937507914586210 7.936406671624349
61 7.937142254537383 7.393255591940945
62 3.395284277007373 7.804433161186637
63 4.463909586597275 7.707689766874128
64 9.580834038794215 7.244451028745997
65 7.722913406400619 7.412649878921068
66 6.314054396185464 7.540194867358860
67 5.942876179900056 7.573797890061077
68 4.123388283165527 7.738517397881997
69 0.850000000000000 2.310000000000000
70 1.810000000000000 5.810000000000000
71 1.104429344240665 3.237606984210758
72 1.792733735986985 5.747050079119214
73 1.323464877663773 4.036174033149171
74 5.370000000000000 1.460000000000000
75 5.790000000000000 3.830000000000000
76 5.722365072400176 3.448345765686705
77 3.360000000000000 6.810000000000000
78 1.187640020537090 2.915330714110320
79 3.323993680551899 6.745446837642846
80 2.363724259358493 5.023848273750287
81 2.614898825481935 5.474161240903868
82 1.986993863582724 4.348435213594524
83 1.648643625485329 3.741831201069315
84 3.132474926796468 6.402086522145062
85 3.163971761147311 6.458554950264104
86 7.860000000000000 7.120000000000000
87 7.208685011596444 5.639500869733281
88 6.345709729991631 3.677878342069330
89 7.309296227285937 5.868199456400964
90 6.988806170355467 5.139695953498771
91 6.194664536741215 3.334538665845491
92 6.997406704891558 5.159245762926192
93 6.795371024734982 4.700000000000000
94 7.817056267206662 7.022384928670564
95 6.686271212849604 4.452006050091873
96 6.691195349423404 4.463199067364044
97 7.387282085213467 6.045468514983224
98 0.590000000000000 5.230000000000000
99 1.220000000000000 2.790000000000000
100 6.340000000000000 9.210000000000001
101 6.680000000000000 9.680000000000000
102 1.770000000000000 0.740000000000000
103 3.470000000000000 3.960000000000000
104 3.317070038569425 3.670332661290322
105 2.803112930690917 2.696837433426325
106 9.230000000000000 7.530000000000000
107 8.900000000000000 4.070000000000000
108 8.978150089874177 4.889391851408027
109 8.955305614102318 4.649870984224309
110 8.960086705202313 4.700000000000000
111 7.220000000000000 9.910000000000000
112 1.510000000000000 1.060000000000000
113 5.136342322584400 6.680513056895261
114 4.659966404740436 5.942172098415561
115 3.252932289770658 3.761392428103385
116 4.050559139529449 4.997644200496608
117 3.410395640648012 4.005446833578793
118 5.273589037164006 6.893233446392549
119 2.653474771700027 2.832285766995663
120 4.479722175799346 5.662809326764311
121 4.504028860672678 5.700482559886725
122 5.985891612340582 7.997240064660972
123 2.105806387621505 1.983447728625276
124 3.440000000000000 9.750000000000000
125 4.810181602842480 9.807997104882222
126 6.361906540981721 9.873678583745258
127 7.060000000000000 8.609999999999999
128 3.760000000000000 5.300000000000000
129 4.497576511094109 6.039811591430758
130 5.310951103279804 6.855650955107925
131 4.248311793278043 5.789791525984946
132 4.283595437942859 5.825182090785109
133 6.179818161325469 7.727150943632516
134 5.840839073262366 7.387144646211646
135 7.140000000000000 6.220000000000000
136 7.760000000000000 0.980000000000000
137 7.477441547852530 3.368074660085061
138 7.165548949196444 6.004070171307471
139 7.253259464870768 5.262774845285767
140 7.519172583546341 3.015380100350279
141 7.301729139775326 4.853127915447239
142 7.319847328244275 4.700000000000000
143 7.395219485877153 4.062983700005995
144 7.394972486425422 4.065071243759339
145 9.109999999999999 4.220000000000000
146 8.460000000000001 7.520000000000000
147 9.104520179372196 4.247820627802696
148 9.015454545454546 4.700000000000000
149 1.590000000000000 7.710000000000000
150 1.635797779428595 7.760501335153694
151 2.624191367654706 8.850405616224648
152 0.040000000000000 8.720000000000001
153 6.360000000000000 4.920000000000000
154 1.652291794243724 7.750584047764850
155 6.246810032100633 4.988057259180000
156 2.546907028770616 7.212682482701212
157 5.797911328811857 5.257964707359960
158 4.954206414734837 5.765255636710067
159 3.696683990747139 6.521360891639379
160 3.860000000000000 0.890000000000000
161 1.190000000000000 0.430000000000000
162 7.580000000000000 3.340000000000000
163 3.020000000000000 6.540000000000000
164 0.880000000000000 6.050000000000000
165 2.922025751072961 6.517566643937267
166 1.873135171681074 5.720363645144154
167 3.013705993690851 4.101034700315457
168 3.594026876737720 3.277122335495829
169 2.903187266095030 4.257944004926808
170 7.720000000000000 5.480000000000000
171 6.990000000000000 6.170000000000000
172 4.890000000000000 9.859999999999999
173 3.332807216244641 8.845465307553326
174 3.465330396475771 8.931806167400881
175 5.580000000000000 4.490000000000000
176 4.460243000528262 4.861664025356577
177 3.255071196985630 5.261678496319663
178 7.660000000000000 8.140000000000001
179 9.820000000000000 2.320000000000000
180 8.936701030927836 4.700000000000000
181 7.020000000000000 6.630000000000000
182 6.130000000000000 4.740000000000000
183 6.542772611734802 5.616562063122220
184 6.136454923094195 4.753707645671943
185 6.145122223566304 4.772113486000354
186 6.999238808331136 6.585911626680728
187 6.800021982551350 6.162855670811293
188 7.007973519954605 5.148616606771326
189 6.147009149244463 4.747916207824467
190 6.169441123729827 4.758356246264197
191 6.500000000000000 9.970000000000001
192 3.969536683819678 8.204979323945398
193 2.154305190720372 6.938839207762252
194 5.260657366711255 9.105547487101090
195 1.690000000000000 4.420000000000000
196 5.694293498299808 3.455110000409685
197 3.924461320085166 3.881575585521646
198 2.861072659941259 4.137813816881624
199 7.170813716803563 6.346952513230681
200 7.217665398533915 6.539981441959728
201 5.830000000000000 4.290000000000000
202 3.040000000000000 9.140000000000001
203 7.453958944281526 4.700000000000000
204 6.378277997532090 5.782027147025245
205 3.266136520538489 8.912529340697272
206 5.465373547175558 6.700317464345531
207 9.750000000000000 4.700000000000000
208 8.377280701754387 4.700000000000000
209 6.234330900243307 4.700000000000000
210 6.272598425196851 4.700000000000000
211 3.120000000000000 2.410000000000000
212 2.463630824777164 3.004127270675843
213 9.800000000000001 9.289999999999999
214 9.470000000000001 6.210000000000000
215 7.340000000000000 9.000000000000000
216 8.440000000000000 4.440000000000000
217 7.805401671728438 7.070698524471202
218 7.510000000000000 4.000000000000000
219 5.578524532782440 5.059861704975189
220 4.801636677347794 5.486164653684989
221 3.570588814455877 6.161679569103651
222 5.600841735981440 5.080013806371301
223 4.820827190455669 5.521269250833542
224 3.590146549882503 6.217467207861568
225 8.260000000000000 4.830000000000000
226 5.230000000000000 9.050000000000001
227 7.105160120586627 6.438390855156580
228 6.092891798036326 7.848216703724987
229 2.620000000000000 8.850000000000000
230 4.180000000000000 7.900000000000000
231 1.740000000000000 0.940000000000000
375
0 11
11 8
8 10
10 5
5 2
2 6
6 9
9 14
14 7
7 12
12 13
13 3
3 4
4 1
16 19
19 2
2 20
20 21
21 17
17 18
18 15
22 24
24 17
17 25
25 27
27 30
30 26
26 28
28 29
29 3
3 23
32 37
37 33
33 35
35 36
36 34
34 31
39 42
42 24
24 18
18 40
40 43
43 46
46 41
41 44
44 45
45 4
4 38
48 49
49 50
50 47
51 52
52 39
51 59
59 58
58 60
60 62
62 68
68 63
63 55
55 67
67 56
56 66
66 65
65 61
61 57
57 54
54 64
64 53
69 71
71 73
73 19
19 5
5 72
72 70
74 76
76 75
69 78
78 83
83 82
82 6
6 80
80 81
81 25
25 40
40 84
84 85
85 79
79 77
74 91
91 88
88 95
95 96
96 93
93 90
90 92
92 87
87 89
89 97
97 33
33 94
94 86
98 71
71 78
78 99
100 101
102 105
105 104
104 103
107 109
109 110
110 108
108 54
54 106
112 123
123 119
119 115
115 117
117 7
7 26
26 41
41 116
116 120
120 121
121 114
114 113
113 118
118 55
55 122
122 111
124 125
125 126
126 111
128 131
131 132
132 129
129 113
113 130
130 134
134 56
56 133
133 127
135 138
138 87
87 139
139 141
141 142
142 144
144 143
143 137
137 140
140 136
146 57
57 108
108 148
148 147
147 145
149 150
150 58
58 151
151 124
152 59
59 150
150 154
154 156
156 79
79 159
159 129
129 114
114 158
158 157
157 155
155 153
161 160
75 88
88 137
137 162
164 8
8 42
42 165
165 163
70 166
166 20
20 80
80 9
9 169
169 167
167 115
115 104
104 168
168 38
171 138
138 89
89 170
149 154
154 60
60 173
173 174
174 125
125 172
164 10
10 72
72 166
166 21
21 81
81 27
27 43
43 177
177 116
116 176
176 49
49 175
178 61
61 180
180 109
109 147
147 179
182 184
184 185
185 155
155 183
183 187
187 186
186 181
182 189
189 190
190 90
90 188
188 139
139 170
164 11
11 52
52 193
193 156
156 62
62 192
192 194
194 126
126 191
195 82
82 198
198 167
167 117
117 12
12 28
28 44
44 197
197 50
50 196
196 76
76 91
91 140
140 31
135 199
199 200
200 32
74 196
196 201
202 205
205 173
173 192
192 63
63 118
118 130
130 206
206 204
204 183
183 92
92 188
188 141
141 203
203 34
34 179
48 209
209 210
210 93
93 142
142 203
203 35
35 208
208 180
180 110
110 148
148 207
16 73
73 83
83 212
212 119
119 105
105 211
214 64
64 213
215 65
65 217
217 94
94 208
208 36
36 216
51 193
193 165
165 84
84 221
221 131
131 120
120 220
220 219
219 184
184 189
189 209
209 95
95 143
143 218
163 85
85 224
224 132
132 121
121 223
223 222
222 185
185 190
190 210
210 96
96 144
144 218
226 122
122 228
228 133
133 66
66 186
186 227
227 199
199 97
97 225
48 219
219 222
222 157
157 204
204 187
187 227
227 200
200 37
37 217
217 86
229 151
151 205
205 174
174 194
194 100
211 168
168 13
13 29
29 45
45 197
197 176
176 220
220 223
223 158
158 206
206 134
134 67
67 228
228 111
231 123
123 212
212 198
198 169
169 14
14 30
30 46
46 177
177 221
221 224
224 159
159 68
68 230
497
0 0.100000000000000 8.100000000000000
1 0.300000000000000 8.000000000000000
2 0.900000000000000 7.300000000000000
3 0.900000000000000 4.800000000000000
4 1.000000000000000 6.300000000000000
5 1.000000000000000 7.300000000000000
6 1.000000000000000 3.500000000000000
7 1.000000000000000 2.900000000000000
8 1.000000000000000 3.100000000000000
9 1.000000000000000 3.300000000000000
10 1.000000000000000 4.600000000000000
11 1.000000000000000 7.400000000000000
12 1.000000000000000 7.200000000000000
13 1.100000000000000 6.500000000000000
14 1.100000000000000 7.100000000000000
15 1.100000000000000 3.800000000000000
16 1.100000000000000 7.400000000000000
17 1.100000000000000 6.200000000000000
18 1.200000000000000 7.000000000000000
19 1.200000000000000 6.300000000000000
20 1.200000000000000 3.200000000000000
21 1.200000000000000 3.600000000000000
22 1.200000000000000 5.100000000000000
23 1.200000000000000 3.700000000000000
24 1.200000000000000 6.200000000000000
25 1.200000000000000 4.000000000000000
26 1.200000000000000 4.700000000000000
27 1.200000000000000 7.000000000000000
28 1.300000000000000 6.500000000000000
29 1.300000000000000 4.000000000000000
30 1.300000000000000 4.100000000000000
31 1.300000000000000 5.500000000000000
32 1.300000000000000 4.200000000000000
33 1.300000000000000 3.900000000000000
34 1.400000000000000 7.600000000000000
35 1.500000000000000 6.800000000000000
36 1.500000000000000 7.400000000000000
37 1.500000000000000 5.200000000000000
38 1.500000000000000 5.300000000000000
39 1.600000000000000 5.600000000000000
40 1.600000000000000 7.300000000000000
41 1.600000000000000 7.300000000000000
42 1.600000000000000 4.600000000000000
43 1.700000000000000 7.900000000000000
44 1.700000000000000 4.800000000000000
45 1.700000000000000 5.500000000000000
46 1.700000000000000 5.800000000000000
47 1.700000000000000 5.100000000000000
48 1.700000000000000 5.900000000000000
49 1.700000000000000 6.500000000000000
50 1.800000000000000 5.400000000000000
51 1.800000000000000 3.900000000000000
52 1.800000000000000 7.300000000000000
53 1.800000000000000 5.500000000000000
54 1.900000000000000 3.600000000000000
55 1.900000000000000 5.500000000000000
56 2.000000000000000 3.700000000000000
57 2.000000000000000 6.800000000000000
58 2.000000000000000 5.300000000000000
59 2.000000000000000 7.600000000000000
60 2.000000000000000 6.600000000000000
61 2.100000000000000 6.400000000000000
62 2.100000000000000 8.199999999999999
63 2.100000000000000 4.800000000000000
64 2.100000000000000 6.000000000000000
65 2.200000000000000 2.600000000000000
66 2.200000000000000 4.600000000000000
67 2.200000000000000 8.100000000000000
68 2.200000000000000 4.200000000000000
69 2.200000000000000 2.200000000000000
70 2.200000000000000 7.100000000000000
71 2.300000000000000 7.900000000000000
72 2.300000000000000 4.900000000000000
73 2.400000000000000 7.100000000000000
74 2.400000000000000 5.500000000000000
75 2.400000000000000 5.000000000000000
76 2.400000000000000 7.300000000000000
77 2.400000000000000 8.199999999999999
78 2.400000000000000 7.000000000000000
79 2.400000000000000 4.000000000000000
80 2.400000000000000 2.600000000000000
81 2.400000000000000 6.300000000000000
82 2.400000000000000 2.500000000000000
83 2.400000000000000 3.800000000000000
84 2.500000000000000 3.100000000000000
85 2.500000000000000 8.400000000000000
86 2.500000000000000 6.900000000000000
87 2.500000000000000 6.000000000000000
88 2.500000000000000 2.800000000000000
89 2.500000000000000 6.200000000000000
90 2.600000000000000 4.200000000000000
91 2.600000000000000 6.900000000000000
92 2.700000000000000 4.900000000000000
93 2.700000000000000 3.500000000000000
94 2.700000000000000 8.300000000000001
95 2.700000000000000 4.300000000000000
96 2.700000000000000 5.700000000000000
97 2.700000000000000 5.200000000000000
98 2.700000000000000 3.100000000000000
99 2.700000000000000 4.300000000000000
100 2.800000000000000 4.600000000000000
101 2.800000000000000 3.100000000000000
102 2.800000000000000 8.699999999999999
103 2.800000000000000 2.700000000000000
104 2.800000000000000 8.300000000000001
105 2.900000000000000 3.500000000000000
106 2.900000000000000 9.000000000000000
107 2.900000000000000 7.300000000000000
108 2.900000000000000 8.600000000000000
109 2.900000000000000 5.500000000000000
110 2.900000000000000 4.200000000000000
111 2.900000000000000 4.000000000000000
112 2.900000000000000 8.100000000000000
113 2.900000000000000 3.900000000000000
114 3.000000000000000 3.700000000000000
115 3.000000000000000 4.400000000000000
116 3.000000000000000 5.600000000000000
117 3.000000000000000 8.000000000000000
118 3.000000000000000 2.800000000000000
119 3.000000000000000 4.800000000000000
120 3.000000000000000 2.800000000000000
121 3.000000000000000 5.200000000000000
122 3.000000000000000 6.900000000000000
123 3.000000000000000 2.700000000000000
124 3.100000000000000 9.000000000000000
125 3.100000000000000 5.200000000000000
126 3.100000000000000 9.000000000000000
127 3.100000000000000 6.400000000000000
128 3.100000000000000 3.100000000000000
129 3.100000000000000 8.600000000000000
130 3.100000000000000 7.000000000000000
131 3.100000000000000 3.800000000000000
132 3.100000000000000 3.800000000000000
133 3.200000000000000 2.900000000000000
134 3.200000000000000 4.000000000000000
135 3.200000000000000 3.300000000000000
136 3.200000000000000 8.199999999999999
137 3.200000000000000 6.400000000000000
138 3.200000000000000 3.100000000000000
139 3.200000000000000 4.100000000000000
140 3.300000000000000 9.100000000000000
141 3.300000000000000 6.600000000000000
142 3.300000000000000 3.300000000000000
143 3.300000000000000 6.200000000000000
144 3.300000000000000 8.500000000000000
145 3.400000000000000 8.100000000000000
146 3.400000000000000 4.400000000000000
147 3.400000000000000 6.400000000000000
148 3.400000000000000 3.100000000000000
149 3.400000000000000 4.500000000000000
150 3.400000000000000 5.200000000000000
151 3.400000000000000 6.500000000000000
152 3.400000000000000 3.900000000000000
153 3.400000000000000 5.500000000000000
154 3.400000000000000 6.000000000000000
155 3.500000000000000 6.900000000000000
156 3.500000000000000 5.600000000000000
157 3.500000000000000 9.000000000000000
158 3.500000000000000 4.200000000000000
159 3.500000000000000 4.200000000000000
160 3.500000000000000 8.900000000000000
161 3.500000000000000 5.400000000000000
162 3.500000000000000 7.300000000000000
163 3.600000000000000 7.900000000000000
164 3.600000000000000 8.900000000000000
165 3.600000000000000 9.500000000000000
166 3.600000000000000 3.700000000000000
167 3.600000000000000 8.600000000000000
168 3.600000000000000 6.400000000000000
169 3.600000000000000 8.400000000000000
170 3.600000000000000 9.100000000000000
171 3.700000000000000 5.400000000000000
172 3.700000000000000 4.900000000000000
173 3.700000000000000 4.600000000000000
174 3.800000000000000 4.400000000000000
175 3.800000000000000 8.199999999999999
176 3.800000000000000 7.900000000000000
177 3.900000000000000 9.300000000000001
178 3.900000000000000 5.600000000000000
179 3.900000000000000 9.400000000000000
180 3.900000000000000 8.500000000000000
181 3.900000000000000 5.800000000000000
182 3.900000000000000 2.900000000000000
183 3.900000000000000 8.000000000000000
184 3.900000000000000 5.400000000000000
185 3.900000000000000 3.800000000000000
186 4.000000000000000 6.500000000000000
187 4.000000000000000 4.000000000000000
188 4.000000000000000 6.900000000000000
189 4.000000000000000 5.900000000000000
190 4.000000000000000 3.200000000000000
191 4.000000000000000 8.500000000000000
192 4.000000000000000 4.900000000000000
193 4.100000000000000 3.900000000000000
194 4.100000000000000 8.199999999999999
195 4.100000000000000 5.500000000000000
196 4.100000000000000 7.500000000000000
197 4.100000000000000 3.000000000000000
198 4.100000000000000 8.900000000000000
199 4.100000000000000 6.600000000000000
200 4.100000000000000 2.700000000000000
201 4.100000000000000 9.400000000000000
202 4.100000000000000 6.100000000000000
203 4.200000000000000 4.500000000000000
204 4.200000000000000 7.400000000000000
205 4.200000000000000 3.000000000000000
206 4.200000000000000 8.699999999999999
207 4.200000000000000 8.500000000000000
208 4.200000000000000 4.800000000000000
209 4.200000000000000 8.100000000000000
210 4.300000000000000 6.100000000000000
211 4.300000000000000 8.500000000000000
212 4.300000000000000 6.800000000000000
213 4.300000000000000 6.000000000000000
214 4.300000000000000 5.500000000000000
215 4.300000000000000 9.699999999999999
216 4.300000000000000 3.900000000000000
217 4.300000000000000 5.600000000000000
218 4.300000000000000 5.500000000000000
219 4.300000000000000 5.600000000000000
220 4.400000000000000 8.500000000000000
221 4.400000000000000 3.900000000000000
222 4.400000000000000 6.800000000000000
223 4.500000000000000 7.400000000000000
224 4.500000000000000 4.100000000000000
225 4.500000000000000 7.800000000000000
226 4.500000000000000 8.000000000000000
227 4.500000000000000 9.100000000000000
228 4.500000000000000 6.700000000000000
229 4.500000000000000 6.300000000000000
230 4.500000000000000 4.000000000000000
231 4.500000000000000 2.800000000000000
232 4.500000000000000 5.300000000000000
233 4.600000000000000 3.900000000000000
234 4.600000000000000 5.200000000000000
235 4.600000000000000 7.000000000000000
236 4.600000000000000 2.100000000000000
237 4.600000000000000 6.500000000000000
238 4.600000000000000 2.400000000000000
239 4.600000000000000 7.900000000000000
240 4.700000000000000 5.300000000000000
241 4.700000000000000 6.900000000000000
242 4.700000000000000 5.900000000000000
243 4.700000000000000 5.800000000000000
244 4.700000000000000 9.699999999999999
245 4.700000000000000 9.000000000000000
246 4.700000000000000 9.400000000000000
247 4.700000000000000 8.100000000000000
248 4.700000000000000 9.500000000000000
249 4.800000000000000 9.100000000000000
250 4.800000000000000 9.699999999999999
251 4.800000000000000 2.900000000000000
252 4.800000000000000 4.800000000000000
253 4.800000000000000 8.699999999999999
254 4.800000000000000 2.300000000000000
255 4.800000000000000 8.300000000000001
256 4.800000000000000 8.900000000000000
257 4.900000000000000 1.500000000000000
258 4.900000000000000 9.699999999999999
259 4.900000000000000 7.800000000000000
260 4.900000000000000 2.600000000000000
261 4.900000000000000 9.199999999999999
262 5.000000000000000 6.700000000000000
263 5.000000000000000 8.199999999999999
264 5.000000000000000 4.600000000000000
265 5.000000000000000 9.300000000000001
266 5.000000000000000 2.400000000000000
267 5.000000000000000 9.600000000000000
268 5.000000000000000 7.700000000000000
269 5.000000000000000 5.300000000000000
270 5.000000000000000 5.500000000000000
271 5.000000000000000 6.200000000000000
272 5.100000000000000 7.400000000000000
273 5.100000000000000 4.800000000000000
274 5.100000000000000 9.199999999999999
275 5.100000000000000 8.800000000000001
276 5.200000000000000 8.400000000000000
277 5.200000000000000 5.400000000000000
278 5.200000000000000 6.300000000000000
279 5.200000000000000 6.700000000000000
280 5.200000000000000 9.500000000000000
281 5.200000000000000 9.300000000000001
282 5.200000000000000 7.300000000000000
283 5.200000000000000 9.800000000000001
284 5.300000000000000 7.400000000000000
285 5.300000000000000 4.100000000000000
286 5.300000000000000 4.300000000000000
287 5.300000000000000 7.000000000000000
288 5.300000000000000 7.400000000000000
289 5.300000000000000 5.100000000000000
290 5.400000000000000 8.800000000000001
291 5.400000000000000 2.800000000000000
292 5.400000000000000 6.200000000000000
293 5.500000000000000 7.200000000000000
294 5.500000000000000 7.500000000000000
295 5.500000000000000 9.500000000000000
296 5.500000000000000 3.200000000000000
297 5.500000000000000 6.800000000000000
298 5.500000000000000 3.300000000000000
299 5.600000000000000 9.500000000000000
300 5.600000000000000 7.300000000000000
301 5.600000000000000 5.900000000000000
302 5.600000000000000 8.600000000000000
303 5.700000000000000 9.699999999999999
304 5.700000000000000 9.600000000000000
305 5.700000000000000 4.100000000000000
306 5.700000000000000 7.700000000000000
307 5.700000000000000 8.500000000000000
308 5.700000000000000 7.900000000000000
309 5.800000000000000 3.700000000000000
310 5.800000000000000 6.200000000000000
311 5.800000000000000 3.500000000000000
312 5.800000000000000 4.800000000000000
313 5.800000000000000 5.900000000000000
314 5.800000000000000 9.600000000000000
315 5.800000000000000 7.600000000000000
316 5.800000000000000 6.900000000000000
317 5.900000000000000 7.700000000000000
318 5.900000000000000 6.700000000000000
319 5.900000000000000 3.200000000000000
320 5.900000000000000 5.400000000000000
321 5.900000000000000 7.100000000000000
322 5.900000000000000 6.300000000000000
323 5.900000000000000 8.500000000000000
324 5.900000000000000 4.900000000000000
325 5.900000000000000 6.200000000000000
326 6.000000000000000 8.400000000000000
327 6.000000000000000 8.900000000000000
328 6.000000000000000 4.800000000000000
329 6.000000000000000 4.600000000000000
330 6.000000000000000 5.500000000000000
331 6.000000000000000 8.199999999999999
332 6.000000000000000 6.000000000000000
333 6.100000000000000 5.300000000000000
334 6.100000000000000 4.600000000000000
335 6.100000000000000 3.500000000000000
336 6.100000000000000 9.199999999999999
337 6.100000000000000 3.700000000000000
338 6.100000000000000 5.300000000000000
339 6.100000000000000 9.500000000000000
340 6.100000000000000 5.800000000000000
341 6.100000000000000 8.500000000000000
342 6.100000000000000 7.600000000000000
343 6.200000000000000 6.400000000000000
344 6.200000000000000 8.100000000000000
345 6.200000000000000 4.500000000000000
346 6.200000000000000 9.500000000000000
347 6.200000000000000 4.100000000000000
348 6.200000000000000 9.500000000000000
349 6.300000000000000 8.300000000000001
350 6.300000000000000 8.500000000000000
351 6.300000000000000 4.600000000000000
352 6.300000000000000 8.500000000000000
353 6.300000000000000 6.300000000000000
354 6.300000000000000 7.900000000000000
355 6.400000000000000 5.200000000000000
356 6.400000000000000 5.500000000000000
357 6.400000000000000 5.900000000000000
358 6.400000000000000 5.400000000000000
359 6.500000000000000 4.100000000000000
360 6.500000000000000 6.300000000000000
361 6.500000000000000 7.400000000000000
362 6.500000000000000 9.199999999999999
363 6.500000000000000 6.000000000000000
364 6.600000000000000 8.600000000000000
365 6.600000000000000 4.400000000000000
366 6.600000000000000 3.500000000000000
367 6.600000000000000 9.600000000000000
368 6.600000000000000 9.800000000000001
369 6.600000000000000 5.300000000000000
370 6.700000000000000 5.900000000000000
371 6.700000000000000 7.400000000000000
372 6.700000000000000 4.900000000000000
373 6.700000000000000 5.800000000000000
374 6.700000000000000 7.500000000000000
375 6.700000000000000 7.300000000000000
376 6.800000000000000 5.300000000000000
377 6.800000000000000 6.700000000000000
378 6.800000000000000 5.500000000000000
379 6.800000000000000 3.800000000000000
380 6.900000000000000 6.200000000000000
381 6.900000000000000 4.300000000000000
382 6.900000000000000 7.400000000000000
383 6.900000000000000 4.000000000000000
384 7.000000000000000 7.200000000000000
385 7.000000000000000 9.500000000000000
386 7.000000000000000 9.400000000000000
387 7.000000000000000 9.000000000000000
388 7.000000000000000 7.100000000000000
389 7.000000000000000 4.900000000000000
390 7.100000000000000 7.000000000000000
391 7.100000000000000 4.000000000000000
392 7.100000000000000 4.200000000000000
393 7.100000000000000 7.500000000000000
394 7.100000000000000 7.100000000000000
395 7.200000000000000 4.800000000000000
396 7.200000000000000 5.200000000000000
397 7.200000000000000 3.100000000000000
398 7.200000000000000 8.800000000000001
399 7.200000000000000 6.400000000000000
400 7.200000000000000 8.600000000000000
401 7.200000000000000 7.300000000000000
402 7.200000000000000 8.600000000000000
403 7.300000000000000 7.200000000000000
404 7.300000000000000 6.200000000000000
405 7.300000000000000 5.800000000000000
406 7.300000000000000 4.100000000000000
407 7.400000000000000 6.900000000000000
408 7.400000000000000 3.800000000000000
409 7.400000000000000 4.500000000000000
410 7.500000000000000 7.300000000000000
411 7.500000000000000 4.900000000000000
412 7.500000000000000 4.500000000000000
413 7.500000000000000 3.800000000000000
414 7.500000000000000 6.000000000000000
415 7.600000000000000 5.700000000000000
416 7.600000000000000 3.000000000000000
417 7.600000000000000 3.400000000000000
418 7.700000000000000 5.900000000000000
419 7.700000000000000 5.800000000000000
420 7.700000000000000 5.600000000000000
421 7.700000000000000 7.000000000000000
422 7.800000000000000 3.400000000000000
423 7.800000000000000 4.800000000000000
424 7.800000000000000 4.300000000000000
425 7.800000000000000 5.400000000000000
426 7.800000000000000 3.000000000000000
427 7.800000000000000 5.400000000000000
428 7.800000000000000 7.200000000000000
429 7.800000000000000 4.200000000000000
430 7.900000000000000 5.900000000000000
431 7.900000000000000 5.000000000000000
432 7.900000000000000 3.000000000000000
433 7.900000000000000 5.700000000000000
434 7.900000000000000 6.200000000000000
435 8.000000000000000 5.100000000000000
436 8.000000000000000 6.600000000000000
437 8.000000000000000 4.500000000000000
438 8.000000000000000 5.000000000000000
439 8.000000000000000 5.100000000000000
440 8.100000000000000 4.300000000000000
441 8.100000000000000 3.400000000000000
442 8.100000000000000 2.900000000000000
443 8.100000000000000 4.400000000000000
444 8.199999999999999 6.100000000000000
445 8.199999999999999 6.800000000000000
446 8.199999999999999 3.900000000000000
447 8.199999999999999 3.000000000000000
448 8.199999999999999 6.400000000000000
449 8.199999999999999 3.200000000000000
450 8.300000000000001 5.600000000000000
451 8.300000000000001 6.500000000000000
452 8.300000000000001 5.800000000000000
453 8.300000000000001 6.800000000000000
454 8.300000000000001 4.800000000000000
455 8.300000000000001 4.600000000000000
456 8.300000000000001 3.300000000000000
457 8.400000000000000 3.200000000000000
458 8.400000000000000 5.200000000000000
459 8.400000000000000 6.400000000000000
460 8.400000000000000 4.000000000000000
461 8.500000000000000 7.300000000000000
462 8.500000000000000 5.600000000000000
463 8.600000000000000 5.800000000000000
464 8.600000000000000 7.000000000000000
465 8.699999999999999 4.900000000000000
466 8.699999999999999 6.100000000000000
467 8.699999999999999 4.900000000000000
468 8.800000000000001 2.900000000000000
469 8.800000000000001 4.400000000000000
470 8.800000000000001 3.500000000000000
471 8.800000000000001 7.200000000000000
472 8.800000000000001 4.200000000000000
473 8.800000000000001 4.800000000000000
474 8.800000000000001 7.100000000000000
475 8.800000000000001 7.100000000000000
476 8.800000000000001 4.200000000000000
477 8.900000000000000 6.200000000000000
478 8.900000000000000 3.200000000000000
479 8.900000000000000 2.800000000000000
480 9.000000000000000 6.300000000000000
481 9.100000000000000 3.100000000000000
482 9.100000000000000 6.800000000000000
483 9.100000000000000 6.000000000000000
484 9.100000000000000 4.500000000000000
485 9.100000000000000 4.300000000000000
486 9.199999999999999 6.300000000000000
487 9.199999999999999 5.900000000000000
488 9.199999999999999 3.500000000000000
489 9.199999999999999 4.500000000000000
490 9.199999999999999 3.400000000000000
491 9.300000000000001 3.500000000000000
492 9.300000000000001 2.900000000000000
493 9.300000000000001 3.100000000000000
494 9.400000000000000 3.100000000000000
495 9.500000000000000 3.000000000000000
496 9.500000000000000 2.700000000000000
