255
0 2.570000000000000 2.350000000000000
1 8.220000000000001 4.390000000000000
2 5.130992242690687 3.274676845148496
3 3.115558631516111 2.546980461644755
4 6.244453512681492 3.676705339092078
5 4.737600735004595 3.132638141488385
6 6.093654331918438 3.622257493294445
7 3.239613403489338 2.591771919135974
8 7.889711986827804 4.270745566925437
9 6.655275659933231 3.825037583409521
10 3.556993299414738 2.706365722266560
11 7.715817347524059 4.207958829902492
12 2.662547994795891 2.383415559182941
13 6.808456033847870 3.880345187442416
14 6.714694373277904 3.846491419732199
15 7.615094051686956 4.171591480609095
16 3.150090664052928 2.559448664543004
17 3.290000000000000 4.270000000000000
18 4.750000000000000 4.170000000000000
19 4.237199733392580 4.205123305932015
20 4.448539010217289 4.190648012998816
21 3.315415462682360 4.268259214884769
22 3.565856554811541 4.251105715423867
23 2.420000000000000 2.280000000000000
24 9.480000000000000 6.340000000000000
25 4.781791960893823 3.638197643233558
26 3.659228838180120 2.992644346035593
27 5.493514011270774 4.047488227444666
28 4.128151633386888 3.262308163109173
29 8.105445120518109 5.549533596218629
30 6.364842736287747 4.548563953162642
31 3.260136270062487 2.763137855021770
32 5.889316146041557 4.275102486250526
33 3.482935016061846 2.891262912919419
34 2.654415983471900 2.414805792194889
35 6.436094020485495 4.589538487701290
36 8.120768860527583 5.558345831974785
37 6.219328095496622 4.464882729138284
38 3.741446681580909 3.039925428784489
39 0.470000000000000 2.970000000000000
40 1.810000000000000 4.660000000000000
41 1.373055610354880 4.108928344402797
42 1.718475604421243 4.544569978710374
43 1.014073670261838 3.656182464733214
44 0.880000000000000 7.700000000000000
45 7.220000000000000 1.100000000000000
46 4.634190773347981 3.791851876325447
47 5.495926469952911 2.894776860932301
48 3.391735477062313 5.085259598010841
49 4.323849872197910 4.114919691402807
50 2.834790708395763 5.665044372963402
51 5.403543760129660 2.990948136142626
52 5.679300464953067 2.703882796736555
53 3.399266313568699 5.077419925937948
54 3.830768486220457 4.628222080590692
55 1.806710028796795 6.735286089896081
56 1.434862403065078 7.122382987345503
57 2.746782067117830 5.756662201423079
58 5.721571866767506 2.659877867402912
59 4.648526752473141 3.776927986384427
60 1.877110365673843 6.661998672957830
61 9.170000000000000 7.510000000000000
62 0.960000000000000 0.780000000000000
63 1.614549299922361 1.316555029047198
64 5.151845483460641 4.216190024810002
65 7.042670853429536 5.766160151471471
66 4.017035465977259 3.285949900855902
67 7.630712487588635 6.248196716378990
68 6.619834727735691 5.419547834063484
69 3.247169603791439 2.654866191658512
70 1.354936254100038 1.103741898915136
71 6.241408641201648 5.109339848390633
72 5.501616310488822 4.502908376320315
73 3.495940856173077 2.858791956400100
74 2.706947710941190 2.212029000564460
75 6.186713202105784 5.064504244844327
76 5.916459795765414 4.842968870341198
77 1.420000000000000 1.260000000000000
78 3.140000000000000 1.760000000000000
79 1.476173389320101 1.276329473639564
80 2.846178481260735 1.674586767808353
81 1.623621169916434 1.319192200557103
82 5.850000000000000 2.790000000000000
83 4.870000000000000 3.080000000000000
84 6.490000000000000 3.620000000000000
85 7.909703398192367 4.251891107865966
86 6.782591843320260 3.750228739512486
87 7.732056643300298 4.172822899041173
88 6.858933249453057 3.784207284438644
89 6.789384391480805 3.753252012393191
90 7.471219656125101 4.056727823824467
91 0.850000000000000 9.380000000000001
92 2.290000000000000 6.390000000000000
93 1.887643747970511 7.225448051089009
94 2.160645894146437 6.658589428126495
95 2.410000000000000 5.570000000000000
96 9.619999999999999 2.010000000000000
97 4.787116033975522 4.396278352156330
98 2.746881743944785 5.403661718662493
99 3.399672598497331 5.081340575499238
100 6.126626991086946 3.734883205510468
101 3.956079919530455 4.806609637513396
102 8.469017502529486 2.578307585436203
103 7.150186711793687 3.229491720667749
104 8.020221096172495 2.799904701473775
105 6.708326567385845 3.447663997240831
106 5.175053420930387 4.204730904505939
107 4.849601744146418 4.365425491101075
108 2.060000000000000 2.740000000000000
109 9.420000000000000 7.210000000000000
110 7.690787062725805 6.159785077497873
111 6.651813264768077 5.528777893140394
112 2.834992639876736 3.210681671229485
113 6.140972907301663 5.218525665168266
114 5.227696407546447 4.663859095344106
115 3.253249959605752 3.464704798836646
116 2.500813878539004 3.007722559384422
117 6.114337727972782 5.202349136418253
118 7.720284310129832 6.177699845962004
119 2.243058861550126 2.851178411838188
120 5.787557950736444 5.003883701058683
121 7.257086092715234 5.896382450331128
122 2.282219264743785 2.874961971929989
123 4.900388720197542 4.465073040663453
124 1.360000000000000 1.280000000000000
125 3.610000000000000 7.970000000000000
126 3.533182656219135 7.741596431158228
127 2.948482166578108 6.003086975292241
128 2.623529209678211 5.036893516776547
129 3.143209601975481 6.582076549873761
130 2.257261098932864 3.947856334160384
131 2.892827956294045 5.837608456714295
132 2.073024782165894 3.400060352306590
133 3.551312949016070 7.795503835074446
134 1.962635538627921 3.071836334853685
135 3.164881541614829 6.646514450401425
136 4.840000000000000 7.420000000000000
137 3.720000000000000 8.640000000000001
138 4.296789731899500 8.011711184895189
139 6.160000000000000 2.830000000000000
140 3.340000000000000 3.430000000000000
141 5.879201475820266 2.889744366846752
142 5.982078029597433 2.867855738383525
143 4.038599221789884 3.281361867704280
144 7.790000000000000 3.000000000000000
145 7.097197795418089 3.330413359108296
146 6.761813507366755 3.490365865717394
147 5.370000000000000 6.620000000000000
148 2.952872129940643 8.095945336584917
149 5.271974508552579 6.679856273538691
150 2.115775766980127 8.607092673259924
151 4.187772775237423 7.341890960253255
152 4.815550258243942 6.958557806912991
153 4.863002940783318 6.929582275096912
154 3.653202293452072 7.668310103998293
155 7.990000000000000 1.630000000000000
156 7.562927673681781 1.828479126013275
157 5.740857342529347 2.675274632478349
158 3.270000000000000 3.830000000000000
159 3.470000000000000 5.760000000000000
160 3.463812200166770 5.700287731609325
161 9.109999999999999 9.779999999999999
162 7.571248532921460 9.705484190456245
163 5.890000000000000 8.810000000000000
164 8.539999999999999 4.910000000000000
165 7.093776351175501 7.038404615251149
166 6.838573864460891 7.413985633434915
167 7.651832731027362 6.217114093959731
168 6.589884798302291 7.779980862875874
169 7.630000000000000 8.869999999999999
170 6.226738918034215 4.076838551487657
171 7.229497443557189 7.501991267880737
172 6.398051007988134 4.661994454251607
173 6.307953799398534 4.354246685586006
174 6.604111141084434 5.365840302131104
175 2.250000000000000 8.140000000000001
176 5.760000000000000 7.920000000000000
177 3.329555128381161 8.072335575998903
178 3.323231754478235 3.289985149893266
179 3.244975124378109 2.636542288557214
180 5.820000000000000 7.460000000000000
181 0.980000000000000 0.570000000000000
182 5.066203538609244 6.386930244011920
183 4.256621313488186 5.234446456597851
184 3.166165420980585 3.682123915404179
185 5.590267939757850 7.132964071266857
186 1.606922766524092 1.462458235816321
187 2.552437855939390 2.808449757731900
188 1.291726702034864 1.013759705995912
189 2.346925013052388 2.515891185936147
190 4.885604861940799 6.129838326192584
191 1.350262045646662 1.097087912087913
192 2.503432083673496 2.738687408369914
193 5.231100644621663 6.621670132529600
194 2.250000000000000 9.420000000000000
195 0.830000000000000 0.820000000000000
196 1.700999953240438 6.095070139343497
197 2.184570611497551 9.023737506252774
198 1.540075584180550 5.120457763346995
199 1.272058409633403 3.497255156934696
200 1.794772553907980 6.662988706766638
201 9.640000000000001 2.620000000000000
202 7.530000000000000 4.610000000000000
203 8.459597936434502 3.733270192651822
204 7.820753701811757 4.335782053741519
205 6.250000000000000 5.100000000000000
206 4.587591765043816 6.907239255425851
207 4.666979081366783 6.820935619877777
208 6.059127374341198 5.307501680166955
209 4.846016352583157 6.626300404578158
210 5.589790786734405 5.817727440178885
211 6.800000000000000 3.740000000000000
212 3.066390628915059 5.933805949750575
213 5.525075720083144 4.489124022567554
214 5.053784759602841 4.766046649013852
215 3.900000000000000 1.850000000000000
216 3.501483077703130 2.844955000633794
217 8.420000000000000 7.770000000000000
218 4.983496998502885 6.996366371604238
219 4.312476093378169 6.845304569145493
220 3.416030465949821 6.643494623655914
221 6.346940834323801 7.303308050793938
222 1.040000000000000 0.940000000000000
223 8.630000000000001 2.230000000000000
224 8.194998921974943 3.171184150636035
225 7.700946918238994 4.240133031446542
226 3.280000000000000 0.000000000000000
227 2.885036443148688 1.524591836734692
228 3.127454834827615 0.588836892723032
229 2.709651566026311 2.201591897396377
230 1.553121190559875 6.665894334382045
231 4.434994976455487 6.692357919501721
232 4.327069958591488 6.632540240978860
233 9.140000000000001 8.170000000000000
234 7.920000000000000 7.330000000000000
235 3.210000000000000 8.750000000000000
236 2.671568943757532 8.893733714166421
237 1.280000000000000 1.010000000000000
238 7.715554526721439 2.152703401396955
239 6.938958989221823 3.631791848772178
240 6.200625109745391 5.038007901668131
241 5.689014527482403 6.012411262543058
242 7.680000000000000 6.240000000000000
243 8.990000000000000 4.860000000000000
244 0.710000000000000 7.800000000000000
245 2.224717735079068 2.910384855183358
246 1.059487504646129 6.671829809563373
247 5.933853229354130 4.821255748850230
248 4.484427969875526 6.630648160682860
249 5.413190633004024 5.471225759238932
250 2.440000000000000 0.040000000000000
251 0.180000000000000 4.170000000000000
252 2.550000000000000 2.710000000000000
253 0.380000000000000 6.680000000000000
254 7.650000000000000 9.859999999999999
430
0 12
12 3
3 16
16 7
7 10
10 5
5 2
2 6
6 4
4 9
9 14
14 13
13 15
15 11
11 8
8 1
17 21
21 22
22 19
19 20
20 18
23 34
34 31
31 33
33 26
26 38
38 28
28 25
25 27
27 32
32 37
37 30
30 35
35 29
29 36
36 24
39 43
43 41
41 42
42 40
44 56
56 55
55 60
60 57
57 50
50 48
48 53
53 54
54 19
19 49
49 46
46 59
59 25
25 2
2 51
51 47
47 52
52 58
58 45
62 70
70 63
63 74
74 3
3 69
69 73
73 26
26 66
66 46
46 64
64 72
72 76
76 75
75 71
71 68
68 65
65 67
67 61
77 79
79 63
63 81
81 80
80 78
83 47
47 82
84 86
86 89
89 88
88 90
90 87
87 85
85 1
91 93
93 94
94 92
95 98
98 48
48 99
99 101
101 97
97 107
107 64
64 106
106 27
27 100
100 4
4 105
105 103
103 104
104 102
102 96
108 119
119 122
122 116
116 112
112 115
115 49
49 20
20 97
97 123
123 114
114 120
120 117
117 113
113 111
111 65
65 121
121 110
110 118
118 109
124 134
134 132
132 130
130 128
128 98
98 50
50 131
131 127
127 129
129 135
135 126
126 133
133 125
137 138
138 136
140 66
66 143
143 28
28 5
5 51
51 141
141 142
142 139
84 146
146 145
145 144
91 150
150 148
148 126
126 154
154 151
151 152
152 153
153 149
149 147
83 52
52 157
157 156
156 155
158 21
21 53
53 99
99 160
160 159
91 162
162 161
163 168
168 166
166 165
165 67
67 167
167 110
110 29
29 164
82 141
141 6
6 100
100 170
170 173
173 30
30 172
172 174
174 68
68 111
111 165
165 171
171 169
175 148
148 177
177 138
138 176
78 7
7 179
179 69
69 31
31 178
178 140
181 188
188 191
191 70
70 79
79 186
186 189
189 192
192 187
187 112
112 184
184 22
22 54
54 101
101 183
183 190
190 182
182 193
193 149
149 185
185 180
62 77
195 199
199 41
41 198
198 196
196 200
200 55
55 93
93 150
150 197
197 194
202 204
204 8
8 85
85 203
203 201
125 151
151 206
206 207
207 209
209 182
182 210
210 208
208 113
113 71
71 205
92 127
127 212
212 160
160 183
183 214
214 114
114 72
72 213
213 32
32 170
170 9
9 86
86 211
95 128
128 184
184 115
115 178
178 33
33 73
73 216
216 10
10 215
92 129
129 220
220 219
219 206
206 152
152 218
218 185
185 221
221 166
166 171
171 217
222 186
186 0
202 225
225 11
11 87
87 224
224 102
102 223
91 56
56 230
230 196
196 130
130 116
116 187
187 34
34 12
12 74
74 229
229 80
80 227
227 228
228 226
95 57
57 131
131 212
212 232
232 231
231 207
207 153
153 218
218 180
234 233
91 197
197 236
236 235
237 188
188 227
227 215
147 241
241 208
208 117
117 75
75 240
240 172
172 35
35 13
13 88
88 239
239 145
145 103
103 238
238 155
242 118
118 36
36 164
45 156
156 238
238 104
104 224
224 203
203 243
244 246
246 198
198 42
42 132
132 245
245 119
119 189
189 23
194 236
236 177
177 133
133 154
154 219
219 231
231 248
248 190
190 249
249 120
120 76
76 247
247 37
37 173
173 14
14 89
89 211
39 195
250 228
228 58
58 157
157 142
142 105
105 146
146 239
239 90
90 15
15 225
225 204
204 164
62 191
191 81
81 229
229 16
16 179
179 216
216 38
38 143
143 59
59 106
106 213
213 247
247 240
240 174
174 121
121 167
167 242
251 43
43 199
199 134
134 245
245 122
122 192
192 252
253 246
246 230
230 200
200 60
60 94
94 135
135 220
220 232
232 248
248 209
209 193
193 147
18 107
107 123
123 214
214 249
249 210
210 241
241 221
221 168
168 162
162 254
595
0 0.500000000000000 3.000000000000000
1 0.600000000000000 3.100000000000000
2 0.700000000000000 3.200000000000000
3 0.700000000000000 1.600000000000000
4 0.700000000000000 2.100000000000000
5 0.800000000000000 1.900000000000000
6 0.900000000000000 9.000000000000000
7 0.900000000000000 4.500000000000000
8 0.900000000000000 4.200000000000000
9 0.900000000000000 3.100000000000000
10 0.900000000000000 3.000000000000000
11 0.900000000000000 9.199999999999999
12 0.900000000000000 2.800000000000000
13 0.900000000000000 2.700000000000000
14 0.900000000000000 5.000000000000000
15 1.000000000000000 1.900000000000000
16 1.000000000000000 6.300000000000000
17 1.000000000000000 8.699999999999999
18 1.000000000000000 3.100000000000000
19 1.000000000000000 7.900000000000000
20 1.100000000000000 3.200000000000000
21 1.100000000000000 0.900000000000000
22 1.100000000000000 2.300000000000000
23 1.100000000000000 2.400000000000000
24 1.100000000000000 5.600000000000000
25 1.100000000000000 1.900000000000000
26 1.100000000000000 5.300000000000000
27 1.100000000000000 3.000000000000000
28 1.100000000000000 7.600000000000000
29 1.100000000000000 6.400000000000000
30 1.100000000000000 5.700000000000000
31 1.200000000000000 6.400000000000000
32 1.200000000000000 2.400000000000000
33 1.200000000000000 4.400000000000000
34 1.200000000000000 4.900000000000000
35 1.300000000000000 6.200000000000000
36 1.300000000000000 8.300000000000001
37 1.300000000000000 2.700000000000000
38 1.300000000000000 6.500000000000000
39 1.300000000000000 5.000000000000000
40 1.300000000000000 9.199999999999999
41 1.300000000000000 2.000000000000000
42 1.300000000000000 9.400000000000000
43 1.300000000000000 1.500000000000000
44 1.300000000000000 2.400000000000000
45 1.300000000000000 1.800000000000000
46 1.300000000000000 7.500000000000000
47 1.400000000000000 6.600000000000000
48 1.400000000000000 1.800000000000000
49 1.400000000000000 5.500000000000000
50 1.400000000000000 8.400000000000000
51 1.400000000000000 7.500000000000000
52 1.400000000000000 3.500000000000000
53 1.400000000000000 4.800000000000000
54 1.400000000000000 5.600000000000000
55 1.400000000000000 5.500000000000000
56 1.400000000000000 9.000000000000000
57 1.400000000000000 4.900000000000000
58 1.500000000000000 9.400000000000000
59 1.500000000000000 4.800000000000000
60 1.500000000000000 6.300000000000000
61 1.500000000000000 4.000000000000000
62 1.500000000000000 7.400000000000000
63 1.500000000000000 5.300000000000000
64 1.500000000000000 8.000000000000000
65 1.500000000000000 5.100000000000000
66 1.500000000000000 6.700000000000000
67 1.500000000000000 8.000000000000000
68 1.600000000000000 4.900000000000000
69 1.600000000000000 6.600000000000000
70 1.600000000000000 4.100000000000000
71 1.600000000000000 2.600000000000000
72 1.600000000000000 2.500000000000000
73 1.600000000000000 4.300000000000000
74 1.600000000000000 7.200000000000000
75 1.600000000000000 1.500000000000000
76 1.600000000000000 4.300000000000000
77 1.600000000000000 5.800000000000000
78 1.700000000000000 8.500000000000000
79 1.700000000000000 8.800000000000001
80 1.700000000000000 2.900000000000000
81 1.800000000000000 7.400000000000000
82 1.800000000000000 2.500000000000000
83 1.800000000000000 5.200000000000000
84 1.800000000000000 4.300000000000000
85 1.800000000000000 1.200000000000000
86 1.800000000000000 4.000000000000000
87 1.800000000000000 8.900000000000000
88 1.900000000000000 4.300000000000000
89 1.900000000000000 9.000000000000000
90 1.900000000000000 2.600000000000000
91 1.900000000000000 2.100000000000000
92 1.900000000000000 6.900000000000000
93 2.000000000000000 1.900000000000000
94 2.000000000000000 8.600000000000000
95 2.000000000000000 8.400000000000000
96 2.000000000000000 5.500000000000000
97 2.000000000000000 5.300000000000000
98 2.000000000000000 7.900000000000000
99 2.100000000000000 2.300000000000000
100 2.100000000000000 6.800000000000000
101 2.100000000000000 6.500000000000000
102 2.100000000000000 6.600000000000000
103 2.100000000000000 6.100000000000000
104 2.100000000000000 3.200000000000000
105 2.100000000000000 5.700000000000000
106 2.100000000000000 2.000000000000000
107 2.200000000000000 2.100000000000000
108 2.200000000000000 3.500000000000000
109 2.200000000000000 3.600000000000000
110 2.200000000000000 6.800000000000000
111 2.300000000000000 6.600000000000000
112 2.300000000000000 6.700000000000000
113 2.300000000000000 8.000000000000000
114 2.300000000000000 4.700000000000000
115 2.300000000000000 7.700000000000000
116 2.300000000000000 6.600000000000000
117 2.300000000000000 6.600000000000000
118 2.300000000000000 5.600000000000000
119 2.300000000000000 5.000000000000000
120 2.300000000000000 8.600000000000000
121 2.300000000000000 3.300000000000000
122 2.300000000000000 6.200000000000000
123 2.300000000000000 5.900000000000000
124 2.300000000000000 7.400000000000000
125 2.300000000000000 8.199999999999999
126 2.300000000000000 7.000000000000000
127 2.300000000000000 5.000000000000000
128 2.300000000000000 6.800000000000000
129 2.400000000000000 3.900000000000000
130 2.400000000000000 8.600000000000000
131 2.400000000000000 4.500000000000000
132 2.400000000000000 8.300000000000001
133 2.400000000000000 5.600000000000000
134 2.500000000000000 8.800000000000001
135 2.500000000000000 6.500000000000000
136 2.500000000000000 6.300000000000000
137 2.500000000000000 3.800000000000000
138 2.500000000000000 5.000000000000000
139 2.500000000000000 5.600000000000000
140 2.500000000000000 4.000000000000000
141 2.500000000000000 5.900000000000000
142 2.500000000000000 7.700000000000000
143 2.500000000000000 7.100000000000000
144 2.500000000000000 5.500000000000000
145 2.500000000000000 5.200000000000000
146 2.500000000000000 2.000000000000000
147 2.500000000000000 5.100000000000000
148 2.600000000000000 2.200000000000000
149 2.600000000000000 8.199999999999999
150 2.600000000000000 6.100000000000000
151 2.600000000000000 7.400000000000000
152 2.600000000000000 8.600000000000000
153 2.600000000000000 6.000000000000000
154 2.600000000000000 4.100000000000000
155 2.600000000000000 6.500000000000000
156 2.600000000000000 9.000000000000000
157 2.600000000000000 8.800000000000001
158 2.600000000000000 4.200000000000000
159 2.600000000000000 7.700000000000000
160 2.700000000000000 7.700000000000000
161 2.700000000000000 8.500000000000000
162 2.700000000000000 3.400000000000000
163 2.700000000000000 1.700000000000000
164 2.700000000000000 1.900000000000000
165 2.700000000000000 1.700000000000000
166 2.700000000000000 2.800000000000000
167 2.700000000000000 5.000000000000000
168 2.700000000000000 3.000000000000000
169 2.700000000000000 5.500000000000000
170 2.800000000000000 8.800000000000001
171 2.800000000000000 8.699999999999999
172 2.800000000000000 2.200000000000000
173 2.800000000000000 5.000000000000000
174 2.800000000000000 8.000000000000000
175 2.800000000000000 7.900000000000000
176 2.800000000000000 6.600000000000000
177 2.800000000000000 7.000000000000000
178 2.800000000000000 4.300000000000000
179 2.900000000000000 6.300000000000000
180 2.900000000000000 8.699999999999999
181 2.900000000000000 8.000000000000000
182 2.900000000000000 2.100000000000000
183 2.900000000000000 5.400000000000000
184 3.000000000000000 3.800000000000000
185 3.000000000000000 2.800000000000000
186 3.000000000000000 8.500000000000000
187 3.000000000000000 7.800000000000000
188 3.000000000000000 5.600000000000000
189 3.000000000000000 7.200000000000000
190 3.000000000000000 8.900000000000000
191 3.000000000000000 6.200000000000000
192 3.000000000000000 2.500000000000000
193 3.000000000000000 1.800000000000000
194 3.000000000000000 7.300000000000000
195 3.000000000000000 8.000000000000000
196 3.000000000000000 4.200000000000000
197 3.100000000000000 7.600000000000000
198 3.100000000000000 7.900000000000000
199 3.100000000000000 3.700000000000000
200 3.100000000000000 2.100000000000000
201 3.100000000000000 0.900000000000000
202 3.100000000000000 7.000000000000000
203 3.100000000000000 7.100000000000000
204 3.100000000000000 1.500000000000000
205 3.100000000000000 7.200000000000000
206 3.100000000000000 2.800000000000000
207 3.100000000000000 7.400000000000000
208 3.200000000000000 6.800000000000000
209 3.200000000000000 6.800000000000000
210 3.200000000000000 6.200000000000000
211 3.200000000000000 1.300000000000000
212 3.200000000000000 3.900000000000000
213 3.200000000000000 6.100000000000000
214 3.200000000000000 0.800000000000000
215 3.200000000000000 6.200000000000000
216 3.200000000000000 4.000000000000000
217 3.200000000000000 6.700000000000000
218 3.200000000000000 6.000000000000000
219 3.200000000000000 6.300000000000000
220 3.300000000000000 7.800000000000000
221 3.300000000000000 1.800000000000000
222 3.300000000000000 6.000000000000000
223 3.300000000000000 5.300000000000000
224 3.300000000000000 1.200000000000000
225 3.300000000000000 6.100000000000000
226 3.300000000000000 7.700000000000000
227 3.300000000000000 1.600000000000000
228 3.400000000000000 7.800000000000000
229 3.400000000000000 7.800000000000000
230 3.400000000000000 4.900000000000000
231 3.400000000000000 3.700000000000000
232 3.400000000000000 9.199999999999999
233 3.400000000000000 0.900000000000000
234 3.400000000000000 3.000000000000000
235 3.400000000000000 3.800000000000000
236 3.400000000000000 1.300000000000000
237 3.400000000000000 2.900000000000000
238 3.400000000000000 5.100000000000000
239 3.500000000000000 5.400000000000000
240 3.500000000000000 9.199999999999999
241 3.500000000000000 6.800000000000000
242 3.500000000000000 6.300000000000000
243 3.500000000000000 7.600000000000000
244 3.500000000000000 4.200000000000000
245 3.500000000000000 1.400000000000000
246 3.500000000000000 4.800000000000000
247 3.600000000000000 8.500000000000000
248 3.600000000000000 8.500000000000000
249 3.600000000000000 2.200000000000000
250 3.600000000000000 5.000000000000000
251 3.600000000000000 3.700000000000000
252 3.600000000000000 7.200000000000000
253 3.600000000000000 5.900000000000000
254 3.600000000000000 5.000000000000000
255 3.600000000000000 3.300000000000000
256 3.600000000000000 7.300000000000000
257 3.600000000000000 7.700000000000000
258 3.600000000000000 4.500000000000000
259 3.600000000000000 2.200000000000000
260 3.600000000000000 4.900000000000000
261 3.700000000000000 2.900000000000000
262 3.700000000000000 5.200000000000000
263 3.700000000000000 8.699999999999999
264 3.700000000000000 9.400000000000000
265 3.700000000000000 6.300000000000000
266 3.700000000000000 9.000000000000000
267 3.700000000000000 3.000000000000000
268 3.800000000000000 2.200000000000000
269 3.800000000000000 7.900000000000000
270 3.800000000000000 6.200000000000000
271 3.800000000000000 1.300000000000000
272 3.800000000000000 3.900000000000000
273 3.800000000000000 6.000000000000000
274 3.900000000000000 6.800000000000000
275 3.900000000000000 8.600000000000000
276 3.900000000000000 7.300000000000000
277 3.900000000000000 3.200000000000000
278 3.900000000000000 2.700000000000000
279 3.900000000000000 3.800000000000000
280 4.000000000000000 4.000000000000000
281 4.000000000000000 8.800000000000001
282 4.000000000000000 4.100000000000000
283 4.000000000000000 7.100000000000000
284 4.000000000000000 7.300000000000000
285 4.000000000000000 8.900000000000000
286 4.000000000000000 1.900000000000000
287 4.000000000000000 1.700000000000000
288 4.000000000000000 4.000000000000000
289 4.100000000000000 3.400000000000000
290 4.100000000000000 8.699999999999999
291 4.100000000000000 7.400000000000000
292 4.100000000000000 7.000000000000000
293 4.100000000000000 4.500000000000000
294 4.100000000000000 4.900000000000000
295 4.100000000000000 7.600000000000000
296 4.100000000000000 7.300000000000000
297 4.200000000000000 4.000000000000000
298 4.200000000000000 9.000000000000000
299 4.200000000000000 5.200000000000000
300 4.200000000000000 4.100000000000000
301 4.200000000000000 4.800000000000000
302 4.200000000000000 1.900000000000000
303 4.200000000000000 5.000000000000000
304 4.300000000000000 6.200000000000000
305 4.300000000000000 8.400000000000000
306 4.300000000000000 5.200000000000000
307 4.300000000000000 5.000000000000000
308 4.300000000000000 2.100000000000000
309 4.300000000000000 3.700000000000000
310 4.300000000000000 8.600000000000000
311 4.300000000000000 8.100000000000000
312 4.300000000000000 8.800000000000001
313 4.300000000000000 8.300000000000001
314 4.300000000000000 1.900000000000000
315 4.400000000000000 2.800000000000000
316 4.400000000000000 3.700000000000000
317 4.400000000000000 2.900000000000000
318 4.500000000000000 7.500000000000000
319 4.600000000000000 2.400000000000000
320 4.600000000000000 6.600000000000000
321 4.600000000000000 7.500000000000000
322 4.600000000000000 3.200000000000000
323 4.600000000000000 7.900000000000000
324 4.600000000000000 9.300000000000001
325 4.600000000000000 5.800000000000000
326 4.600000000000000 2.500000000000000
327 4.600000000000000 5.200000000000000
328 4.600000000000000 3.300000000000000
329 4.600000000000000 4.000000000000000
330 4.600000000000000 2.900000000000000
331 4.600000000000000 9.400000000000000
332 4.700000000000000 3.800000000000000
333 4.700000000000000 2.200000000000000
334 4.700000000000000 8.500000000000000
335 4.700000000000000 9.199999999999999
336 4.700000000000000 7.900000000000000
337 4.700000000000000 7.700000000000000
338 4.700000000000000 5.800000000000000
339 4.700000000000000 5.600000000000000
340 4.800000000000000 4.500000000000000
341 4.800000000000000 9.500000000000000
342 4.800000000000000 7.600000000000000
343 4.800000000000000 7.300000000000000
344 4.900000000000000 8.100000000000000
345 4.900000000000000 4.700000000000000
346 4.900000000000000 3.100000000000000
347 4.900000000000000 9.100000000000000
348 4.900000000000000 8.699999999999999
349 4.900000000000000 6.700000000000000
350 4.900000000000000 2.900000000000000
351 4.900000000000000 6.500000000000000
352 4.900000000000000 4.400000000000000
353 4.900000000000000 8.199999999999999
354 4.900000000000000 9.000000000000000
355 4.900000000000000 4.100000000000000
356 5.000000000000000 7.900000000000000
357 5.000000000000000 2.200000000000000
358 5.000000000000000 8.600000000000000
359 5.000000000000000 8.800000000000001
360 5.000000000000000 5.200000000000000
361 5.100000000000000 6.700000000000000
362 5.100000000000000 8.300000000000001
363 5.100000000000000 5.100000000000000
364 5.100000000000000 7.000000000000000
365 5.100000000000000 4.900000000000000
366 5.100000000000000 6.700000000000000
367 5.100000000000000 9.000000000000000
368 5.100000000000000 3.600000000000000
369 5.200000000000000 6.900000000000000
370 5.200000000000000 8.300000000000001
371 5.200000000000000 7.800000000000000
372 5.200000000000000 6.200000000000000
373 5.200000000000000 6.400000000000000
374 5.300000000000000 3.300000000000000
375 5.300000000000000 8.600000000000000
376 5.300000000000000 7.600000000000000
377 5.300000000000000 6.100000000000000
378 5.300000000000000 6.800000000000000
379 5.300000000000000 4.600000000000000
380 5.300000000000000 8.500000000000000
381 5.300000000000000 3.000000000000000
382 5.400000000000000 4.600000000000000
383 5.400000000000000 7.900000000000000
384 5.400000000000000 5.000000000000000
385 5.400000000000000 5.200000000000000
386 5.400000000000000 2.600000000000000
387 5.400000000000000 4.700000000000000
388 5.400000000000000 8.800000000000001
389 5.400000000000000 3.700000000000000
390 5.500000000000000 5.600000000000000
391 5.500000000000000 5.100000000000000
392 5.500000000000000 3.100000000000000
393 5.500000000000000 4.500000000000000
394 5.600000000000000 8.199999999999999
395 5.600000000000000 8.800000000000001
396 5.600000000000000 3.500000000000000
397 5.600000000000000 3.700000000000000
398 5.600000000000000 3.200000000000000
399 5.600000000000000 5.200000000000000
400 5.600000000000000 6.200000000000000
401 5.600000000000000 8.800000000000001
402 5.600000000000000 7.500000000000000
403 5.600000000000000 6.600000000000000
404 5.600000000000000 7.600000000000000
405 5.600000000000000 8.800000000000001
406 5.600000000000000 4.100000000000000
407 5.600000000000000 3.600000000000000
408 5.600000000000000 9.300000000000001
409 5.600000000000000 6.800000000000000
410 5.700000000000000 8.900000000000000
411 5.700000000000000 6.800000000000000
412 5.700000000000000 6.400000000000000
413 5.700000000000000 3.800000000000000
414 5.700000000000000 6.000000000000000
415 5.700000000000000 8.199999999999999
416 5.800000000000000 3.600000000000000
417 5.800000000000000 7.900000000000000
418 5.800000000000000 5.600000000000000
419 5.800000000000000 6.100000000000000
420 5.800000000000000 8.500000000000000
421 5.900000000000000 5.500000000000000
422 5.900000000000000 6.800000000000000
423 5.900000000000000 3.800000000000000
424 5.900000000000000 9.400000000000000
425 5.900000000000000 6.200000000000000
426 5.900000000000000 7.900000000000000
427 5.900000000000000 7.900000000000000
428 5.900000000000000 8.500000000000000
429 5.900000000000000 4.500000000000000
430 5.900000000000000 7.800000000000000
431 6.000000000000000 7.400000000000000
432 6.000000000000000 8.900000000000000
433 6.000000000000000 2.800000000000000
434 6.000000000000000 5.800000000000000
435 6.000000000000000 6.000000000000000
436 6.000000000000000 7.200000000000000
437 6.000000000000000 4.200000000000000
438 6.000000000000000 5.900000000000000
439 6.000000000000000 6.800000000000000
440 6.000000000000000 6.400000000000000
441 6.100000000000000 9.100000000000000
442 6.100000000000000 2.700000000000000
443 6.100000000000000 5.000000000000000
444 6.100000000000000 4.700000000000000
445 6.100000000000000 3.100000000000000
446 6.200000000000000 9.199999999999999
447 6.200000000000000 5.600000000000000
448 6.200000000000000 6.300000000000000
449 6.200000000000000 7.300000000000000
450 6.200000000000000 5.000000000000000
451 6.200000000000000 8.199999999999999
452 6.200000000000000 8.600000000000000
453 6.200000000000000 6.200000000000000
454 6.300000000000000 2.500000000000000
455 6.300000000000000 8.800000000000001
456 6.300000000000000 5.700000000000000
457 6.300000000000000 2.100000000000000
458 6.300000000000000 3.100000000000000
459 6.300000000000000 4.700000000000000
460 6.400000000000000 5.300000000000000
461 6.400000000000000 9.500000000000000
462 6.400000000000000 5.700000000000000
463 6.400000000000000 5.500000000000000
464 6.400000000000000 3.000000000000000
465 6.400000000000000 2.400000000000000
466 6.400000000000000 8.699999999999999
467 6.400000000000000 3.200000000000000
468 6.400000000000000 7.200000000000000
469 6.400000000000000 8.400000000000000
470 6.500000000000000 7.600000000000000
471 6.500000000000000 5.000000000000000
472 6.500000000000000 3.900000000000000
473 6.500000000000000 9.199999999999999
474 6.600000000000000 2.100000000000000
475 6.600000000000000 8.400000000000000
476 6.600000000000000 7.300000000000000
477 6.600000000000000 9.500000000000000
478 6.600000000000000 2.200000000000000
479 6.600000000000000 9.300000000000001
480 6.600000000000000 8.800000000000001
481 6.700000000000000 2.600000000000000
482 6.700000000000000 4.900000000000000
483 6.700000000000000 5.100000000000000
484 6.700000000000000 3.500000000000000
485 6.700000000000000 1.700000000000000
486 6.700000000000000 6.000000000000000
487 6.700000000000000 4.700000000000000
488 6.700000000000000 7.900000000000000
489 6.700000000000000 7.600000000000000
490 6.700000000000000 8.199999999999999
491 6.800000000000000 8.500000000000000
492 6.800000000000000 6.100000000000000
493 6.800000000000000 8.199999999999999
494 6.800000000000000 4.500000000000000
495 6.900000000000000 3.200000000000000
496 6.900000000000000 2.200000000000000
497 6.900000000000000 3.100000000000000
498 6.900000000000000 9.199999999999999
499 6.900000000000000 8.000000000000000
500 6.900000000000000 4.300000000000000
501 6.900000000000000 8.100000000000000
502 6.900000000000000 3.900000000000000
503 6.900000000000000 8.100000000000000
504 6.900000000000000 4.800000000000000
505 7.000000000000000 3.200000000000000
506 7.000000000000000 4.700000000000000
507 7.000000000000000 3.600000000000000
508 7.000000000000000 5.100000000000000
509 7.100000000000000 9.400000000000000
510 7.100000000000000 5.300000000000000
511 7.100000000000000 5.800000000000000
512 7.100000000000000 6.900000000000000
513 7.100000000000000 7.900000000000000
514 7.100000000000000 6.700000000000000
515 7.100000000000000 8.800000000000001
516 7.100000000000000 5.600000000000000
517 7.100000000000000 6.400000000000000
518 7.100000000000000 5.800000000000000
519 7.100000000000000 8.000000000000000
520 7.100000000000000 4.200000000000000
521 7.100000000000000 8.600000000000000
522 7.100000000000000 4.100000000000000
523 7.200000000000000 7.900000000000000
524 7.200000000000000 5.200000000000000
525 7.200000000000000 3.000000000000000
526 7.200000000000000 6.900000000000000
527 7.200000000000000 8.500000000000000
528 7.200000000000000 6.900000000000000
529 7.200000000000000 2.100000000000000
530 7.200000000000000 4.400000000000000
531 7.200000000000000 1.500000000000000
532 7.200000000000000 7.900000000000000
533 7.300000000000000 1.400000000000000
534 7.300000000000000 9.199999999999999
535 7.300000000000000 8.100000000000000
536 7.300000000000000 7.300000000000000
537 7.300000000000000 3.800000000000000
538 7.300000000000000 8.900000000000000
539 7.400000000000000 4.500000000000000
540 7.400000000000000 2.200000000000000
541 7.400000000000000 9.400000000000000
542 7.400000000000000 6.800000000000000
543 7.400000000000000 6.400000000000000
544 7.400000000000000 3.100000000000000
545 7.400000000000000 1.800000000000000
546 7.400000000000000 7.500000000000000
547 7.400000000000000 2.300000000000000
548 7.400000000000000 9.199999999999999
549 7.400000000000000 8.500000000000000
550 7.400000000000000 5.800000000000000
551 7.500000000000000 5.200000000000000
552 7.500000000000000 9.600000000000000
553 7.500000000000000 6.800000000000000
554 7.500000000000000 8.000000000000000
555 7.500000000000000 7.000000000000000
556 7.500000000000000 5.200000000000000
557 7.500000000000000 7.400000000000000
558 7.600000000000000 1.900000000000000
559 7.600000000000000 2.500000000000000
560 7.600000000000000 3.600000000000000
561 7.600000000000000 2.200000000000000
562 7.600000000000000 3.000000000000000
563 7.600000000000000 5.300000000000000
564 7.600000000000000 3.500000000000000
565 7.600000000000000 5.700000000000000
566 7.700000000000000 5.800000000000000
567 7.700000000000000 4.500000000000000
568 7.800000000000000 4.100000000000000
569 7.800000000000000 4.400000000000000
570 7.800000000000000 3.300000000000000
571 7.900000000000000 1.900000000000000
572 7.900000000000000 5.800000000000000
573 7.900000000000000 5.700000000000000
574 7.900000000000000 5.400000000000000
575 7.900000000000000 4.700000000000000
576 7.900000000000000 1.800000000000000
577 7.900000000000000 1.800000000000000
578 7.900000000000000 3.800000000000000
579 7.900000000000000 5.800000000000000
580 7.900000000000000 4.600000000000000
581 7.900000000000000 3.500000000000000
582 8.000000000000000 4.100000000000000
583 8.000000000000000 3.000000000000000
584 8.000000000000000 2.800000000000000
585 8.100000000000000 3.900000000000000
586 8.100000000000000 3.500000000000000
587 8.199999999999999 3.700000000000000
588 8.199999999999999 4.300000000000000
589 8.199999999999999 3.400000000000000
590 8.300000000000001 3.100000000000000
591 8.300000000000001 5.200000000000000
592 8.400000000000000 4.900000000000000
593 8.400000000000000 4.900000000000000
594 8.400000000000000 4.100000000000000
