339
0 5.840000000000000 6.640000000000000
1 0.520000000000000 5.200000000000000
2 2.012941397642615 5.604104438459656
3 2.333461293423995 5.690861703483186
4 5.636192258591192 6.584833994806639
5 5.302483307459267 6.494506759913786
6 5.548081323372466 6.560984418356457
7 4.419669649002065 6.255549679429130
8 2.832917256154251 5.826052791139497
9 1.804757539203860 5.547753920386008
10 5.752247134293827 6.616247344620885
11 4.666239088622577 6.322290279627164
12 3.321424150645246 5.958280221227285
13 4.526950611959609 6.284588135568014
14 3.738940684894177 6.071292215460078
15 2.298018395119662 5.681268137024871
16 5.150210608424338 6.453290089498317
17 3.513067580346068 6.010153630770365
18 0.000000000000000 9.750000000000000
19 3.690000000000000 2.150000000000000
20 2.789921573509274 4.003820065400953
21 2.164635895328181 5.291671326695345
22 2.524996588148593 4.549465021699375
23 3.400234768522415 2.746806438815623
24 1.494845271586237 6.671185890499892
25 3.259782635697429 3.036084544363020
26 2.227034165831839 5.163154563598381
27 3.135555280136545 3.291945764488418
28 1.615549843435996 6.422580268261905
29 2.169054651348037 5.282570365787241
30 2.985523365270731 3.600954586434267
31 1.491010206442909 6.679084669656881
32 2.516476524276547 4.567013120731231
33 3.530000000000000 9.490000000000000
34 7.970000000000000 5.200000000000000
35 6.599511009870918 6.524188686408504
36 5.816369774340933 7.280872447765179
37 6.602557029514440 6.521245572834021
38 4.605732708089096 8.450609613130130
39 5.526841493048639 7.560619368203003
40 5.243987563074475 7.833917422164528
41 7.756061829271545 5.406710529825466
42 4.961196099115196 8.107155120449507
43 8.890000000000001 2.890000000000000
44 5.660000000000000 3.030000000000000
45 6.595443241075010 2.989454472523065
46 7.615186693370283 2.945255065922031
47 7.463991306137147 2.951808426359380
48 6.419603632659991 2.997076003537957
49 5.795145492091801 3.024142300652368
50 8.418039174662004 2.910456506361399
51 6.228590802310193 3.005355197423087
52 7.913431245040121 2.932328057490521
53 5.420000000000000 7.090000000000000
54 3.353999658152439 8.103941127179800
55 5.213443314836566 7.191372838106039
56 3.379356026064033 8.091496858057134
57 0.746596026490066 9.383589403973509
58 3.743510252692626 7.912779101077050
59 2.653427398369281 8.447764413346441
60 5.097165062289369 7.248439286773114
61 3.565658832941067 8.000064115198665
62 2.956632780020027 8.298958820137774
63 3.118972035834754 8.219286786841247
64 4.552714302968637 7.515642057952661
65 8.800000000000001 7.980000000000000
66 2.240000000000000 3.640000000000000
67 5.418180036432465 5.742637402151966
68 4.169286952621637 4.916388014386876
69 5.114452251676781 5.541695544554456
70 5.835821059533272 6.018942591215611
71 6.602039029260061 6.525861187040954
72 4.931924413381450 5.420937797877363
73 2.316984352773827 3.690931721194880
74 6.114021096510859 6.202995664459928
75 5.291065482989962 5.658540273807384
76 4.989547154133776 5.459060159899479
77 7.795190959924666 7.315233043608696
78 3.968504865821291 4.783553524034208
79 5.479660799676804 5.783312175395935
80 6.656968341739078 6.562201616333475
81 3.918781988986070 4.750657596371882
82 6.377844995754251 6.377537695361807
83 7.820000000000000 5.210000000000000
84 8.439809296781885 3.866114421930869
85 7.897389049295509 5.042203182835905
86 8.472126395220878 3.796043703820155
87 8.714708209804872 3.270071918927754
88 6.570000000000000 5.290000000000000
89 3.790000000000000 3.520000000000000
90 5.050588357751861 4.322604817705322
91 6.084724750712629 4.981029787324228
92 4.848478196380896 4.193923168199348
93 6.310487066124900 5.124770542101105
94 5.449971593076267 4.576888388397479
95 5.987260806486321 4.918975405568629
96 5.474967025799594 4.592802746642188
97 3.857545990975356 3.563005900728914
98 3.846339635860325 3.555870919234811
99 4.041153477677716 3.679907070319985
100 3.420000000000000 8.260000000000000
101 0.320000000000000 0.930000000000000
102 0.969308267736292 2.465299871776457
103 1.989583950451057 4.877758179614919
104 2.058497128458723 5.040704500516916
105 3.398484433607845 8.209126096240485
106 2.575738176268025 6.263729300659557
107 2.195943632045994 5.365698975128109
108 2.719344630968841 6.603289079032775
109 3.290000000000000 5.710000000000000
110 5.630714305648583 6.563672276177718
111 5.291735584902937 6.440044742729306
112 5.560288973870746 6.537987743411684
113 4.486646954784183 6.146424183509525
114 5.757722475931869 6.609992902986916
115 4.743581565076362 6.240129747263143
116 4.584395985848111 6.182073830132841
117 4.111596436254794 6.009641053222336
118 5.302317860898303 6.443904161033498
119 3.311105774250809 5.717697400020883
120 4.030000000000000 0.380000000000000
121 6.440000000000000 9.690000000000000
122 4.329674144159389 1.537662357727764
123 5.213417453529238 4.951625100563153
124 5.603159929608097 6.457227777863644
125 6.305323048280275 9.169733435472764
126 5.215361740823147 4.959136019528420
127 4.681070161073808 2.895129958339065
128 5.668953511232274 6.711393024718864
129 5.373689878714725 5.570768784578456
130 4.522446990819716 2.282357462461226
131 5.972626463202423 7.884503059093176
132 5.232527559172702 5.025448786679608
133 4.625529957982730 2.680574236024571
134 5.923756220765719 7.695713865281673
135 4.633126512904436 2.709920263543691
136 5.430801579411217 5.791395312995193
137 5.830618797977907 7.335917431192660
138 4.838657278689037 3.503900109790427
139 5.595035295246319 6.425841742217105
140 9.350000000000000 3.320000000000000
141 7.850000000000000 4.220000000000000
142 8.483393829401088 3.839963702359346
143 8.869999999999999 0.190000000000000
144 5.880000000000000 3.870000000000000
145 5.895675795053005 3.850706713780918
146 6.500859288864389 3.105865490628446
147 6.248489783376863 3.416474112766938
148 6.391489301402862 3.240474705965708
149 5.937939516840064 3.798689825427614
150 6.236958333333333 3.430666666666667
151 6.508329883776469 3.096670912275115
152 7.383643956763839 2.019361283982967
153 8.190000000000000 1.180000000000000
154 6.500000000000000 6.370000000000000
155 6.942854966690136 5.009989776851000
156 6.682393224440411 5.809869328493649
157 7.524295761240831 3.224381656307743
158 7.291364271960389 3.939715638180818
159 6.815186864889773 5.402059272912473
160 6.760014506500028 5.571493911991038
161 7.478293781540643 3.365654008168083
162 7.539493004500743 3.177710832332036
163 7.725085036521847 2.607756603817522
164 4.860000000000000 1.030000000000000
165 4.064360978321290 1.791637354085603
166 3.704599731234402 2.136024188903821
167 3.980000000000000 4.910000000000000
168 9.609999999999999 5.100000000000000
169 4.996561472559165 4.944306692679617
170 6.381474784786175 4.991044442115341
171 6.772806001470135 5.004251001825812
172 8.799633215136677 5.072651920226637
173 5.219838669074858 4.951841802331123
174 7.152231455281349 5.017055768473083
175 5.933645029143443 4.975931182155818
176 5.272773248726328 4.953628226866431
177 4.380000000000000 1.820000000000000
178 5.378605542465301 6.880241546915518
179 5.052010304027968 5.225282982910953
180 4.590090724035427 2.884594341987214
181 5.404825230893523 7.013104775777755
182 5.164122696483585 5.793390971604322
183 4.457516840307537 2.212801681173774
184 5.069860694360460 5.315736403153487
185 4.539828143388190 2.629898380438235
186 4.561140996929328 2.737897167132270
187 5.172172577843783 5.834182197343019
188 4.713599200799201 3.510449796357489
189 5.292615365771503 6.444502863092139
190 4.540000000000000 8.460000000000001
191 7.810000000000000 2.300000000000000
192 6.879598368269599 4.052683196164914
193 7.331169436368198 3.202017208554097
194 7.013557680791699 3.800331708355698
195 6.624186813606899 4.533825452043273
196 5.159217386424222 7.293523210895044
197 4.827390748819081 7.918615592438674
198 6.007236542302319 5.696031467711839
199 7.237612376746322 3.378259253591027
200 5.620660406094463 6.424260519406150
201 7.351898668423519 3.162967646027863
202 7.684111399046614 2.537147945526868
203 4.828957710779789 7.915663761956117
204 6.220000000000000 9.930000000000000
205 6.890000000000000 3.960000000000000
206 6.715363842099667 5.516086362186547
207 6.803984968338824 4.726432446294359
208 6.413604803932176 8.204894508246131
209 6.483521187831535 7.581908221859310
210 6.708183240593200 5.580068736803864
211 6.591032069623271 6.623938125894135
212 8.350000000000000 3.320000000000000
213 9.330000000000000 7.140000000000000
214 9.296642394155775 7.009973413954145
215 8.839356873703375 5.227493119945806
216 8.210000000000001 0.080000000000000
217 3.840000000000000 7.200000000000000
218 6.362655425498261 3.089861183169883
219 6.182510171550870 3.383370155276388
220 6.327182300781064 3.147657212457398
221 5.931702595747535 3.792008585418204
222 4.207151847686998 6.601802939237660
223 5.839763944640820 3.941803367084064
224 4.622473730766507 5.925122891748849
225 6.150708802796832 3.435183827022097
226 4.264769455350851 6.507927111648041
227 6.365371621744293 3.085435710109985
228 7.206768092175869 1.714556334944580
229 4.072803871294335 6.820694836701221
230 2.460000000000000 4.280000000000000
231 2.767787952862198 5.556037554574531
232 3.407296755563105 8.207334465772039
233 2.924567613945933 6.206019899484181
234 3.015976312218618 6.584985127739686
235 2.536074610906499 4.595392657716526
236 0.060000000000000 2.360000000000000
237 5.367927558646349 2.974669536345054
238 2.602903784916764 2.654473779676730
239 6.280552036847217 3.080353432493767
240 2.957725204000053 2.695562870427027
241 5.144573836570173 2.948804690362770
242 5.063223109503221 2.939384099532339
243 3.787422143411281 2.791643577524105
244 4.276979689865818 2.848335404375294
245 1.268999254922224 2.500004738808846
246 4.138029184666146 2.832244634171230
247 6.237990863568476 3.075424756215408
248 8.123150055219416 3.293730283837230
249 1.073419975379451 2.477356233578320
250 4.960000000000000 2.770000000000000
251 6.654596140617645 3.620229897541726
252 4.993218390804598 2.786666666666667
253 6.273013399016792 3.428778348987664
254 0.640000000000000 9.770000000000000
255 3.120000000000000 0.780000000000000
256 2.678427741109251 2.380699438478967
257 2.880371229698376 1.648654292343387
258 2.341966604823747 3.600371057513915
259 1.560933561774224 6.431615838568437
260 2.011921363040629 4.796785058977719
261 2.332369008761381 3.635162343239993
262 1.492694976761953 6.678980709237919
263 2.201235784685367 4.110520280515543
264 4.890000000000000 8.410000000000000
265 4.646284403669724 8.444816513761468
266 5.320000000000000 7.110000000000000
267 6.651081606548990 5.589515477104118
268 5.937430378990554 6.404713914908024
269 3.784580924517261 7.609386073727325
270 3.712022696149722 8.145380728442372
271 3.060000000000000 8.390000000000001
272 1.230000000000000 8.650000000000000
273 8.362888338105209 3.242422118712875
274 5.728859259781128 2.284067798600348
275 6.513235571558708 3.416197155008382
276 6.279391568032867 3.078678470116404
277 1.090000000000000 0.590000000000000
278 3.760000000000000 3.600000000000000
279 3.396710395719156 3.190448798170284
280 3.726426437348991 3.562151152217401
281 1.209725566125095 0.724971518365743
282 6.487580952535418 4.387487775011556
283 4.323525155115898 6.686353605712948
284 4.269885036260633 6.743335240169032
285 5.117155409856274 5.843284089201860
286 4.505470045315604 6.493074443664736
287 4.125385223976190 6.896836680103982
288 6.910000000000000 4.840000000000000
289 5.225173056697582 3.035145807438570
290 4.844785762203545 2.627659681938361
291 5.624341760378795 3.462751331698656
292 4.235948686950097 1.975448989186648
293 7.040000000000000 8.660000000000000
294 2.030000000000000 5.020000000000000
295 4.308096858308857 6.675144224400047
296 5.758910726791097 7.729228551999919
297 3.525558709999930 6.106593553772404
298 5.562759585611071 7.586715547230400
299 2.100750010401127 5.071403201169680
300 4.092568727653747 6.518552927876176
301 3.634149904507563 6.185490150181143
302 3.454939741462614 8.197648184950864
303 4.739203627618793 5.905811412501421
304 4.406707290439996 6.499168697141634
305 4.157670427889475 6.943588138847643
306 5.690000000000000 3.310000000000000
307 4.658489169605146 2.700063161157825
308 4.185124505468933 2.420160577146847
309 1.323818945225523 0.728258158915962
310 9.690000000000000 6.930000000000000
311 5.313928182583865 7.819697816306826
312 3.133135582515195 8.263074089606841
313 4.830552281005066 7.917972822301571
314 3.780000000000000 2.710000000000000
315 3.809106595092024 3.030172546012270
316 3.856847327113875 3.555320598252628
317 3.944810126582278 4.522911392405064
318 6.820000000000000 1.860000000000000
319 4.129646167907038 2.905596030813422
320 0.120000000000000 6.670000000000000
321 7.920037351768332 5.379582861720096
322 2.490959433134732 6.277754867226393
323 3.574118434586687 6.098559963930337
324 8.240000000000000 5.080000000000000
325 4.979149495790117 8.133153019865304
326 0.690000000000000 0.710000000000000
327 2.598666204598791 6.610735660696264
328 1.427544868731150 2.990156319527993
329 4.056587477066378 3.544859575669191
330 8.144635540457500 3.330755585442487
331 4.280000000000000 1.590000000000000
332 3.880000000000000 5.090000000000000
333 0.990000000000000 6.710000000000000
334 3.873488925824639 6.532071463742218
335 8.080497745997203 3.220228820146121
336 6.560000000000000 0.600000000000000
337 8.150000000000000 3.340000000000000
338 1.020000000000000 2.400000000000000
600
1 9
9 2
2 15
15 3
3 8
8 12
12 17
17 14
14 7
7 13
13 11
11 16
16 5
5 6
6 4
4 10
10 0
18 31
31 24
24 28
28 2
2 21
21 29
29 26
26 32
32 22
22 20
20 30
30 27
27 25
25 23
23 19
33 38
38 42
42 40
40 39
39 36
36 35
35 37
37 41
41 34
44 49
49 51
51 48
48 45
45 47
47 46
46 52
52 50
50 43
18 57
57 59
59 62
62 63
63 54
54 56
56 61
61 58
58 64
64 60
60 55
55 53
66 73
73 20
20 81
81 78
78 68
68 72
72 76
76 69
69 75
75 67
67 79
79 70
70 74
74 82
82 35
35 71
71 80
80 77
77 65
83 85
85 84
84 86
86 87
87 43
89 98
98 97
97 99
99 92
92 90
90 94
94 96
96 95
95 91
91 93
93 88
101 102
102 103
103 104
104 21
21 107
107 3
3 106
106 108
108 54
54 105
105 100
109 119
119 117
117 113
113 116
116 115
115 111
111 118
118 112
112 110
110 114
114 0
120 122
122 130
130 133
133 135
135 127
127 138
138 90
90 123
123 126
126 132
132 129
129 67
67 136
136 139
139 124
124 110
110 4
4 128
128 36
36 137
137 134
134 131
131 125
125 121
141 84
84 142
142 140
144 145
145 149
149 150
150 147
147 148
148 146
146 151
151 45
45 152
152 143
154 156
156 160
160 159
159 155
155 158
158 161
161 157
157 162
162 46
46 163
163 153
19 166
166 165
165 122
122 164
167 68
68 169
169 123
123 173
173 176
176 175
175 91
91 170
170 171
171 155
155 174
174 85
85 172
172 168
177 183
183 185
185 186
186 180
180 188
188 92
92 169
169 179
179 184
184 69
69 182
182 187
187 111
111 189
189 5
5 178
178 181
181 53
190 197
197 203
203 196
196 55
55 178
178 6
6 112
112 124
124 200
200 70
70 198
198 93
93 170
170 195
195 192
192 194
194 199
199 193
193 201
201 47
47 202
202 191
204 125
125 208
208 209
209 211
211 71
71 37
37 156
156 210
210 206
206 171
171 207
207 192
192 205
212 86
86 142
142 172
172 215
215 214
214 213
217 229
229 222
222 226
226 7
7 113
113 224
224 72
72 179
179 126
126 173
173 94
94 223
223 145
145 221
221 225
225 219
219 220
220 218
218 227
227 48
48 228
228 216
230 22
22 235
235 231
231 8
8 233
233 234
234 56
56 232
232 100
236 102
102 249
249 245
245 238
238 240
240 23
23 243
243 246
246 244
244 180
180 127
127 242
242 241
241 237
237 49
49 247
247 239
239 218
218 146
146 193
193 157
157 248
248 212
250 252
252 237
237 219
219 147
147 253
253 251
251 194
194 158
158 141
254 57
57 262
262 24
24 259
259 9
9 103
103 260
260 263
263 73
73 261
261 258
258 238
238 256
256 257
257 255
190 38
38 265
265 264
266 181
181 128
128 10
10 114
114 268
268 74
74 267
267 206
206 159
159 174
174 141
33 270
270 58
58 269
269 217
272 59
59 271
212 273
273 50
50 143
164 274
274 51
51 276
276 239
239 220
220 148
148 275
275 251
251 205
277 281
281 256
256 240
240 25
25 279
279 280
280 278
217 287
287 284
284 283
283 286
286 11
11 115
115 285
285 182
182 75
75 129
129 175
175 95
95 282
282 205
255 165
165 292
292 183
183 130
130 290
290 252
252 241
241 289
289 291
291 221
221 149
149 282
282 195
195 207
207 288
294 104
104 299
299 26
26 231
231 12
12 297
297 301
301 300
300 222
222 295
295 283
283 60
60 196
196 39
39 298
298 296
296 131
131 208
208 293
100 302
302 61
61 269
269 305
305 284
284 295
295 304
304 13
13 116
116 303
303 76
76 184
184 132
132 176
176 96
96 223
223 144
277 309
309 257
257 166
166 308
308 185
185 133
133 307
307 242
242 289
289 306
272 62
62 312
312 105
105 232
232 302
302 270
270 197
197 313
313 40
40 311
311 296
296 134
134 209
209 77
77 214
214 310
314 243
243 315
315 316
316 97
97 317
317 78
78 167
66 258
258 27
27 279
279 315
315 319
319 244
244 186
186 135
135 307
307 290
290 274
274 318
320 259
259 28
28 322
322 106
106 233
233 297
297 323
323 14
14 117
117 224
224 303
303 285
285 187
187 136
136 79
79 198
198 267
267 210
210 160
160 41
41 321
321 215
215 168
33 265
265 325
325 311
311 298
298 137
137 211
211 80
80 321
321 324
326 245
245 328
328 260
260 299
299 29
29 107
107 15
15 322
322 327
327 63
63 312
312 33
66 261
261 30
30 280
280 98
98 316
316 329
329 188
188 138
138 291
291 225
225 150
150 253
253 275
275 199
199 161
161 330
330 212
332 81
81 317
317 99
99 329
329 319
319 246
246 308
308 292
292 331
333 31
31 262
262 327
327 108
108 234
234 334
334 300
300 226
226 304
304 286
286 16
16 189
189 118
118 139
139 200
200 268
268 82
82 154
44 247
247 276
276 227
227 151
151 201
201 162
162 335
335 273
273 87
87 140
336 228
228 152
152 202
202 163
163 52
52 335
335 248
248 330
330 337
338 249
249 328
328 263
263 32
32 235
235 119
119 17
17 323
323 301
301 334
334 229
229 287
287 305
305 64
64 203
203 313
313 42
42 325
325 204
326 281
281 309
309 255
600
0 0.400000000000000 9.400000000000000
1 0.500000000000000 9.500000000000000
2 0.700000000000000 2.600000000000000
3 0.700000000000000 5.900000000000000
4 0.700000000000000 9.400000000000000
5 0.700000000000000 2.000000000000000
6 0.700000000000000 6.500000000000000
7 0.700000000000000 3.600000000000000
8 0.700000000000000 2.400000000000000
9 0.700000000000000 7.800000000000000
10 0.700000000000000 2.900000000000000
11 0.700000000000000 1.800000000000000
12 0.700000000000000 6.000000000000000
13 0.700000000000000 4.700000000000000
14 0.700000000000000 4.000000000000000
15 0.700000000000000 5.500000000000000
16 0.700000000000000 2.100000000000000
17 0.700000000000000 7.300000000000000
18 0.800000000000000 6.300000000000000
19 0.800000000000000 6.000000000000000
20 0.800000000000000 3.000000000000000
21 0.800000000000000 8.100000000000000
22 0.800000000000000 4.800000000000000
23 0.900000000000000 6.900000000000000
24 0.900000000000000 4.800000000000000
25 0.900000000000000 8.400000000000000
26 0.900000000000000 3.100000000000000
27 0.900000000000000 1.000000000000000
28 0.900000000000000 1.400000000000000
29 0.900000000000000 5.200000000000000
30 0.900000000000000 2.200000000000000
31 0.900000000000000 8.199999999999999
32 0.900000000000000 7.900000000000000
33 0.900000000000000 8.600000000000000
34 1.000000000000000 7.100000000000000
35 1.000000000000000 6.500000000000000
36 1.000000000000000 0.800000000000000
37 1.000000000000000 8.800000000000001
38 1.000000000000000 6.500000000000000
39 1.000000000000000 1.400000000000000
40 1.000000000000000 3.300000000000000
41 1.000000000000000 7.300000000000000
42 1.000000000000000 0.800000000000000
43 1.000000000000000 7.700000000000000
44 1.100000000000000 6.600000000000000
45 1.100000000000000 7.800000000000000
46 1.100000000000000 2.400000000000000
47 1.100000000000000 4.200000000000000
48 1.100000000000000 2.600000000000000
49 1.100000000000000 5.500000000000000
50 1.200000000000000 0.700000000000000
51 1.200000000000000 8.300000000000001
52 1.200000000000000 1.400000000000000
53 1.200000000000000 2.600000000000000
54 1.200000000000000 4.500000000000000
55 1.200000000000000 5.200000000000000
56 1.300000000000000 6.300000000000000
57 1.300000000000000 6.100000000000000
58 1.400000000000000 7.600000000000000
59 1.400000000000000 8.199999999999999
60 1.400000000000000 6.100000000000000
61 1.400000000000000 3.300000000000000
62 1.400000000000000 7.300000000000000
63 1.400000000000000 8.199999999999999
64 1.400000000000000 3.100000000000000
65 1.500000000000000 2.900000000000000
66 1.500000000000000 4.300000000000000
67 1.500000000000000 7.500000000000000
68 1.500000000000000 6.200000000000000
69 1.500000000000000 8.699999999999999
70 1.500000000000000 8.800000000000001
71 1.500000000000000 6.200000000000000
72 1.600000000000000 8.100000000000000
73 1.600000000000000 7.700000000000000
74 1.600000000000000 5.900000000000000
75 1.600000000000000 1.200000000000000
76 1.600000000000000 3.200000000000000
77 1.600000000000000 5.100000000000000
78 1.600000000000000 1.600000000000000
79 1.600000000000000 3.000000000000000
80 1.600000000000000 5.000000000000000
81 1.600000000000000 2.600000000000000
82 1.600000000000000 1.300000000000000
83 1.700000000000000 2.600000000000000
84 1.700000000000000 7.900000000000000
85 1.700000000000000 4.900000000000000
86 1.700000000000000 6.200000000000000
87 1.700000000000000 5.700000000000000
88 1.700000000000000 4.800000000000000
89 1.700000000000000 8.000000000000000
90 1.700000000000000 1.500000000000000
91 1.700000000000000 4.600000000000000
92 1.700000000000000 8.900000000000000
93 1.700000000000000 8.000000000000000
94 1.800000000000000 3.400000000000000
95 1.800000000000000 8.300000000000001
96 1.800000000000000 0.900000000000000
97 1.800000000000000 4.200000000000000
98 1.800000000000000 7.300000000000000
99 1.800000000000000 1.600000000000000
100 1.800000000000000 5.400000000000000
101 1.800000000000000 3.500000000000000
102 1.800000000000000 6.700000000000000
103 1.800000000000000 3.800000000000000
104 1.800000000000000 0.800000000000000
105 1.800000000000000 4.500000000000000
106 1.900000000000000 0.900000000000000
107 1.900000000000000 3.300000000000000
108 1.900000000000000 2.700000000000000
109 1.900000000000000 3.000000000000000
110 1.900000000000000 0.900000000000000
111 1.900000000000000 8.199999999999999
112 1.900000000000000 7.500000000000000
113 2.000000000000000 8.699999999999999
114 2.000000000000000 3.100000000000000
115 2.000000000000000 7.500000000000000
116 2.000000000000000 2.800000000000000
117 2.000000000000000 6.600000000000000
118 2.100000000000000 8.500000000000000
119 2.100000000000000 5.600000000000000
120 2.100000000000000 3.100000000000000
121 2.100000000000000 1.900000000000000
122 2.100000000000000 8.100000000000000
123 2.100000000000000 5.700000000000000
124 2.100000000000000 2.900000000000000
125 2.100000000000000 3.000000000000000
126 2.100000000000000 6.100000000000000
127 2.100000000000000 8.000000000000000
128 2.100000000000000 4.600000000000000
129 2.100000000000000 2.000000000000000
130 2.200000000000000 2.600000000000000
131 2.200000000000000 8.300000000000001
132 2.200000000000000 6.800000000000000
133 2.200000000000000 1.500000000000000
134 2.300000000000000 8.500000000000000
135 2.300000000000000 2.000000000000000
136 2.300000000000000 0.900000000000000
137 2.300000000000000 7.500000000000000
138 2.300000000000000 8.300000000000001
139 2.300000000000000 2.300000000000000
140 2.300000000000000 8.100000000000000
141 2.300000000000000 6.500000000000000
142 2.300000000000000 1.500000000000000
143 2.300000000000000 6.100000000000000
144 2.400000000000000 6.200000000000000
145 2.400000000000000 2.800000000000000
146 2.400000000000000 7.600000000000000
147 2.400000000000000 5.700000000000000
148 2.400000000000000 7.100000000000000
149 2.400000000000000 1.000000000000000
150 2.400000000000000 5.000000000000000
151 2.400000000000000 8.199999999999999
152 2.500000000000000 8.100000000000000
153 2.500000000000000 1.800000000000000
154 2.500000000000000 5.600000000000000
155 2.500000000000000 1.800000000000000
156 2.500000000000000 7.900000000000000
157 2.500000000000000 3.200000000000000
158 2.500000000000000 5.400000000000000
159 2.500000000000000 7.000000000000000
160 2.600000000000000 6.500000000000000
161 2.600000000000000 5.200000000000000
162 2.600000000000000 6.500000000000000
163 2.600000000000000 1.800000000000000
164 2.600000000000000 2.700000000000000
165 2.600000000000000 2.200000000000000
166 2.600000000000000 5.100000000000000
167 2.600000000000000 3.600000000000000
168 2.600000000000000 8.000000000000000
169 2.600000000000000 6.700000000000000
170 2.700000000000000 0.900000000000000
171 2.700000000000000 1.000000000000000
172 2.700000000000000 7.700000000000000
173 2.800000000000000 3.800000000000000
174 2.800000000000000 5.500000000000000
175 2.800000000000000 5.200000000000000
176 2.800000000000000 2.000000000000000
177 2.800000000000000 0.800000000000000
178 2.800000000000000 7.500000000000000
179 2.800000000000000 3.700000000000000
180 2.800000000000000 1.900000000000000
181 2.800000000000000 5.600000000000000
182 2.800000000000000 5.300000000000000
183 2.800000000000000 3.600000000000000
184 2.900000000000000 5.200000000000000
185 2.900000000000000 7.400000000000000
186 2.900000000000000 3.500000000000000
187 2.900000000000000 4.700000000000000
188 2.900000000000000 8.300000000000001
189 2.900000000000000 4.900000000000000
190 2.900000000000000 2.300000000000000
191 2.900000000000000 6.100000000000000
192 2.900000000000000 4.400000000000000
193 2.900000000000000 5.500000000000000
194 2.900000000000000 7.000000000000000
195 2.900000000000000 7.600000000000000
196 2.900000000000000 4.600000000000000
197 2.900000000000000 7.000000000000000
198 2.900000000000000 3.000000000000000
199 2.900000000000000 3.900000000000000
200 2.900000000000000 3.400000000000000
201 2.900000000000000 1.400000000000000
202 3.000000000000000 2.900000000000000
203 3.000000000000000 5.700000000000000
204 3.000000000000000 5.200000000000000
205 3.000000000000000 4.100000000000000
206 3.100000000000000 5.900000000000000
207 3.100000000000000 3.900000000000000
208 3.200000000000000 6.600000000000000
209 3.200000000000000 7.000000000000000
210 3.200000000000000 5.500000000000000
211 3.200000000000000 1.700000000000000
212 3.300000000000000 6.900000000000000
213 3.300000000000000 7.300000000000000
214 3.300000000000000 7.500000000000000
215 3.300000000000000 3.900000000000000
216 3.400000000000000 4.600000000000000
217 3.400000000000000 8.600000000000000
218 3.400000000000000 6.100000000000000
219 3.400000000000000 4.900000000000000
220 3.400000000000000 4.700000000000000
221 3.400000000000000 6.000000000000000
222 3.400000000000000 1.700000000000000
223 3.400000000000000 1.600000000000000
224 3.400000000000000 8.000000000000000
225 3.500000000000000 7.800000000000000
226 3.500000000000000 1.600000000000000
227 3.500000000000000 4.500000000000000
228 3.500000000000000 2.300000000000000
229 3.500000000000000 8.000000000000000
230 3.500000000000000 7.700000000000000
231 3.500000000000000 8.400000000000000
232 3.500000000000000 2.000000000000000
233 3.600000000000000 6.300000000000000
234 3.600000000000000 1.500000000000000
235 3.600000000000000 4.700000000000000
236 3.600000000000000 3.300000000000000
237 3.700000000000000 5.700000000000000
238 3.700000000000000 7.100000000000000
239 3.700000000000000 1.700000000000000
240 3.700000000000000 6.300000000000000
241 3.700000000000000 8.000000000000000
242 3.700000000000000 4.900000000000000
243 3.700000000000000 8.199999999999999
244 3.700000000000000 1.900000000000000
245 3.700000000000000 6.900000000000000
246 3.700000000000000 9.300000000000001
247 3.700000000000000 3.200000000000000
248 3.700000000000000 5.200000000000000
249 3.700000000000000 6.600000000000000
250 3.700000000000000 8.199999999999999
251 3.700000000000000 1.700000000000000
252 3.700000000000000 9.300000000000001
253 3.800000000000000 3.300000000000000
254 3.800000000000000 3.200000000000000
255 3.800000000000000 6.400000000000000
256 3.800000000000000 4.900000000000000
257 3.800000000000000 5.100000000000000
258 3.800000000000000 5.500000000000000
259 3.800000000000000 2.400000000000000
260 3.800000000000000 5.600000000000000
261 3.800000000000000 7.100000000000000
262 3.900000000000000 3.400000000000000
263 3.900000000000000 8.699999999999999
264 3.900000000000000 9.100000000000000
265 3.900000000000000 8.000000000000000
266 3.900000000000000 6.800000000000000
267 3.900000000000000 7.400000000000000
268 3.900000000000000 3.200000000000000
269 3.900000000000000 5.100000000000000
270 3.900000000000000 5.200000000000000
271 3.900000000000000 5.000000000000000
272 4.000000000000000 3.900000000000000
273 4.000000000000000 4.100000000000000
274 4.000000000000000 7.000000000000000
275 4.000000000000000 5.600000000000000
276 4.000000000000000 2.300000000000000
277 4.000000000000000 7.000000000000000
278 4.000000000000000 8.699999999999999
279 4.000000000000000 7.600000000000000
280 4.000000000000000 3.600000000000000
281 4.100000000000000 8.300000000000001
282 4.100000000000000 5.100000000000000
283 4.100000000000000 8.300000000000001
284 4.100000000000000 5.200000000000000
285 4.100000000000000 8.699999999999999
286 4.200000000000000 6.200000000000000
287 4.200000000000000 7.500000000000000
288 4.200000000000000 4.200000000000000
289 4.200000000000000 3.300000000000000
290 4.200000000000000 5.100000000000000
291 4.200000000000000 7.600000000000000
292 4.200000000000000 5.900000000000000
293 4.200000000000000 6.300000000000000
294 4.300000000000000 3.300000000000000
295 4.300000000000000 5.800000000000000
296 4.300000000000000 7.900000000000000
297 4.300000000000000 5.200000000000000
298 4.300000000000000 6.600000000000000
299 4.300000000000000 3.300000000000000
300 4.300000000000000 6.300000000000000
301 4.300000000000000 8.400000000000000
302 4.300000000000000 5.800000000000000
303 4.300000000000000 8.699999999999999
304 4.300000000000000 3.100000000000000
305 4.400000000000000 2.000000000000000
306 4.400000000000000 2.900000000000000
307 4.500000000000000 4.500000000000000
308 4.500000000000000 5.900000000000000
309 4.500000000000000 3.900000000000000
310 4.500000000000000 6.300000000000000
311 4.500000000000000 2.500000000000000
312 4.500000000000000 2.500000000000000
313 4.500000000000000 2.200000000000000
314 4.500000000000000 2.800000000000000
315 4.500000000000000 2.000000000000000
316 4.500000000000000 5.900000000000000
317 4.500000000000000 1.600000000000000
318 4.500000000000000 3.300000000000000
319 4.600000000000000 5.300000000000000
320 4.600000000000000 2.100000000000000
321 4.600000000000000 5.000000000000000
322 4.600000000000000 7.500000000000000
323 4.600000000000000 7.500000000000000
324 4.600000000000000 4.800000000000000
325 4.600000000000000 2.100000000000000
326 4.700000000000000 4.400000000000000
327 4.700000000000000 4.900000000000000
328 4.700000000000000 3.400000000000000
329 4.700000000000000 3.600000000000000
330 4.700000000000000 5.900000000000000
331 4.800000000000000 7.500000000000000
332 4.800000000000000 3.900000000000000
333 4.800000000000000 1.800000000000000
334 4.800000000000000 2.400000000000000
335 4.800000000000000 6.800000000000000
336 4.800000000000000 4.900000000000000
337 4.800000000000000 5.600000000000000
338 4.800000000000000 4.200000000000000
339 4.800000000000000 3.200000000000000
340 4.800000000000000 4.500000000000000
341 4.900000000000000 2.300000000000000
342 4.900000000000000 3.100000000000000
343 4.900000000000000 5.800000000000000
344 4.900000000000000 3.500000000000000
345 4.900000000000000 4.100000000000000
346 4.900000000000000 2.400000000000000
347 4.900000000000000 3.800000000000000
348 4.900000000000000 6.700000000000000
349 4.900000000000000 2.100000000000000
350 4.900000000000000 3.000000000000000
351 4.900000000000000 2.500000000000000
352 4.900000000000000 1.400000000000000
353 5.000000000000000 2.300000000000000
354 5.000000000000000 5.100000000000000
355 5.000000000000000 7.700000000000000
356 5.000000000000000 4.600000000000000
357 5.100000000000000 3.100000000000000
358 5.100000000000000 5.500000000000000
359 5.100000000000000 4.000000000000000
360 5.100000000000000 3.300000000000000
361 5.100000000000000 1.400000000000000
362 5.200000000000000 2.000000000000000
363 5.200000000000000 3.200000000000000
364 5.200000000000000 5.900000000000000
365 5.200000000000000 6.400000000000000
366 5.200000000000000 4.700000000000000
367 5.200000000000000 3.400000000000000
368 5.200000000000000 4.700000000000000
369 5.200000000000000 5.600000000000000
370 5.200000000000000 2.400000000000000
371 5.300000000000000 7.200000000000000
372 5.300000000000000 5.200000000000000
373 5.300000000000000 5.200000000000000
374 5.300000000000000 5.900000000000000
375 5.300000000000000 1.800000000000000
376 5.300000000000000 6.600000000000000
377 5.400000000000000 6.700000000000000
378 5.400000000000000 6.500000000000000
379 5.400000000000000 2.300000000000000
380 5.400000000000000 4.200000000000000
381 5.400000000000000 5.900000000000000
382 5.500000000000000 2.400000000000000
383 5.500000000000000 8.500000000000000
384 5.500000000000000 5.900000000000000
385 5.500000000000000 5.000000000000000
386 5.500000000000000 7.400000000000000
387 5.600000000000000 8.900000000000000
388 5.600000000000000 7.800000000000000
389 5.600000000000000 4.600000000000000
390 5.600000000000000 4.800000000000000
391 5.600000000000000 4.000000000000000
392 5.700000000000000 7.400000000000000
393 5.700000000000000 4.400000000000000
394 5.700000000000000 3.500000000000000
395 5.700000000000000 8.500000000000000
396 5.800000000000000 3.300000000000000
397 5.800000000000000 3.100000000000000
398 5.800000000000000 6.400000000000000
399 5.800000000000000 7.600000000000000
400 5.800000000000000 6.600000000000000
401 5.800000000000000 6.300000000000000
402 5.800000000000000 4.800000000000000
403 5.800000000000000 9.300000000000001
404 5.800000000000000 3.500000000000000
405 5.900000000000000 3.100000000000000
406 5.900000000000000 8.300000000000001
407 5.900000000000000 7.600000000000000
408 5.900000000000000 5.900000000000000
409 5.900000000000000 2.600000000000000
410 5.900000000000000 7.700000000000000
411 5.900000000000000 5.800000000000000
412 6.000000000000000 8.199999999999999
413 6.000000000000000 7.000000000000000
414 6.000000000000000 5.800000000000000
415 6.000000000000000 9.100000000000000
416 6.000000000000000 9.300000000000001
417 6.000000000000000 7.800000000000000
418 6.100000000000000 5.300000000000000
419 6.100000000000000 6.500000000000000
420 6.100000000000000 6.800000000000000
421 6.100000000000000 9.500000000000000
422 6.100000000000000 5.200000000000000
423 6.100000000000000 7.200000000000000
424 6.100000000000000 8.300000000000001
425 6.100000000000000 5.000000000000000
426 6.200000000000000 8.600000000000000
427 6.200000000000000 7.000000000000000
428 6.200000000000000 4.500000000000000
429 6.200000000000000 6.300000000000000
430 6.200000000000000 3.500000000000000
431 6.200000000000000 8.699999999999999
432 6.300000000000000 3.800000000000000
433 6.300000000000000 5.000000000000000
434 6.300000000000000 6.900000000000000
435 6.300000000000000 3.100000000000000
436 6.300000000000000 8.199999999999999
437 6.300000000000000 5.500000000000000
438 6.300000000000000 7.900000000000000
439 6.300000000000000 4.100000000000000
440 6.400000000000000 7.000000000000000
441 6.400000000000000 4.900000000000000
442 6.400000000000000 6.800000000000000
443 6.400000000000000 6.100000000000000
444 6.400000000000000 3.000000000000000
445 6.400000000000000 4.100000000000000
446 6.400000000000000 7.600000000000000
447 6.400000000000000 7.300000000000000
448 6.500000000000000 4.500000000000000
449 6.500000000000000 5.400000000000000
450 6.500000000000000 4.600000000000000
451 6.500000000000000 6.600000000000000
452 6.500000000000000 5.900000000000000
453 6.600000000000000 6.900000000000000
454 6.600000000000000 6.000000000000000
455 6.700000000000000 3.700000000000000
456 6.700000000000000 3.700000000000000
457 6.700000000000000 3.600000000000000
458 6.700000000000000 3.900000000000000
459 6.700000000000000 3.100000000000000
460 6.700000000000000 5.700000000000000
461 6.800000000000000 5.100000000000000
462 6.800000000000000 5.700000000000000
463 6.800000000000000 5.300000000000000
464 6.800000000000000 7.000000000000000
465 6.800000000000000 7.000000000000000
466 6.900000000000000 3.500000000000000
467 6.900000000000000 3.400000000000000
468 6.900000000000000 6.300000000000000
469 6.900000000000000 6.500000000000000
470 6.900000000000000 6.600000000000000
471 7.000000000000000 6.200000000000000
472 7.000000000000000 6.600000000000000
473 7.000000000000000 2.700000000000000
474 7.100000000000000 7.000000000000000
475 7.100000000000000 2.800000000000000
476 7.100000000000000 2.300000000000000
477 7.100000000000000 7.300000000000000
478 7.100000000000000 4.000000000000000
479 7.100000000000000 3.400000000000000
480 7.100000000000000 6.400000000000000
481 7.100000000000000 6.600000000000000
482 7.200000000000000 6.800000000000000
483 7.200000000000000 4.700000000000000
484 7.200000000000000 3.600000000000000
485 7.200000000000000 1.900000000000000
486 7.200000000000000 5.900000000000000
487 7.200000000000000 5.800000000000000
488 7.300000000000000 5.500000000000000
489 7.300000000000000 5.900000000000000
490 7.300000000000000 3.400000000000000
491 7.300000000000000 2.100000000000000
492 7.300000000000000 6.100000000000000
493 7.400000000000000 6.300000000000000
494 7.400000000000000 3.400000000000000
495 7.400000000000000 4.000000000000000
496 7.400000000000000 5.600000000000000
497 7.500000000000000 1.900000000000000
498 7.500000000000000 4.500000000000000
499 7.500000000000000 4.500000000000000
500 7.500000000000000 3.100000000000000
501 7.500000000000000 6.600000000000000
502 7.600000000000000 5.400000000000000
503 7.600000000000000 3.800000000000000
504 7.600000000000000 5.000000000000000
505 7.600000000000000 6.300000000000000
506 7.700000000000000 3.400000000000000
507 7.700000000000000 4.600000000000000
508 7.700000000000000 4.900000000000000
509 7.700000000000000 7.000000000000000
510 7.700000000000000 2.900000000000000
511 7.800000000000000 3.600000000000000
512 7.800000000000000 2.900000000000000
513 7.800000000000000 5.500000000000000
514 7.900000000000000 7.100000000000000
515 7.900000000000000 4.900000000000000
516 7.900000000000000 4.400000000000000
517 7.900000000000000 2.800000000000000
518 7.900000000000000 4.100000000000000
519 7.900000000000000 1.500000000000000
520 8.000000000000000 4.800000000000000
521 8.000000000000000 1.600000000000000
522 8.000000000000000 3.900000000000000
523 8.100000000000000 2.000000000000000
524 8.100000000000000 7.100000000000000
525 8.100000000000000 2.000000000000000
526 8.100000000000000 5.100000000000000
527 8.100000000000000 3.800000000000000
528 8.199999999999999 4.900000000000000
529 8.199999999999999 4.100000000000000
530 8.199999999999999 4.700000000000000
531 8.199999999999999 2.200000000000000
532 8.199999999999999 5.600000000000000
533 8.199999999999999 3.600000000000000
534 8.199999999999999 2.200000000000000
535 8.300000000000001 3.200000000000000
536 8.300000000000001 3.100000000000000
537 8.300000000000001 7.200000000000000
538 8.300000000000001 1.200000000000000
539 8.300000000000001 5.100000000000000
540 8.300000000000001 4.500000000000000
541 8.300000000000001 4.100000000000000
542 8.400000000000000 1.500000000000000
543 8.400000000000000 2.900000000000000
544 8.400000000000000 1.700000000000000
545 8.400000000000000 2.100000000000000
546 8.400000000000000 5.000000000000000
547 8.400000000000000 4.600000000000000
548 8.500000000000000 6.100000000000000
549 8.500000000000000 0.800000000000000
550 8.500000000000000 4.200000000000000
551 8.500000000000000 6.800000000000000
552 8.500000000000000 5.300000000000000
553 8.500000000000000 6.100000000000000
554 8.500000000000000 4.100000000000000
555 8.500000000000000 4.000000000000000
556 8.600000000000000 2.600000000000000
557 8.600000000000000 4.600000000000000
558 8.600000000000000 2.200000000000000
559 8.600000000000000 6.600000000000000
560 8.600000000000000 1.000000000000000
561 8.600000000000000 3.900000000000000
562 8.600000000000000 1.700000000000000
563 8.600000000000000 1.700000000000000
564 8.699999999999999 3.000000000000000
565 8.699999999999999 3.900000000000000
566 8.699999999999999 5.200000000000000
567 8.699999999999999 0.800000000000000
568 8.699999999999999 2.200000000000000
569 8.699999999999999 2.100000000000000
570 8.699999999999999 3.600000000000000
571 8.699999999999999 4.100000000000000
572 8.699999999999999 2.500000000000000
573 8.699999999999999 0.700000000000000
574 8.699999999999999 3.700000000000000
575 8.699999999999999 1.800000000000000
576 8.699999999999999 5.100000000000000
577 8.800000000000001 3.800000000000000
578 8.800000000000001 5.300000000000000
579 8.800000000000001 4.000000000000000
580 8.800000000000001 2.900000000000000
581 8.800000000000001 2.100000000000000
582 8.800000000000001 5.500000000000000
583 8.800000000000001 2.100000000000000
584 8.800000000000001 6.700000000000000
585 8.900000000000000 5.900000000000000
586 8.900000000000000 3.500000000000000
587 8.900000000000000 7.000000000000000
588 8.900000000000000 3.400000000000000
589 9.000000000000000 6.300000000000000
590 9.000000000000000 3.700000000000000
591 9.000000000000000 5.200000000000000
592 9.100000000000000 5.800000000000000
593 9.100000000000000 4.200000000000000
594 9.100000000000000 6.900000000000000
595 9.199999999999999 3.900000000000000
596 9.199999999999999 5.500000000000000
597 9.199999999999999 5.300000000000000
598 9.300000000000001 4.400000000000000
599 9.300000000000001 4.800000000000000
