349
0 1.920000000000000 2.160000000000000
1 9.600000000000000 3.080000000000000
2 5.857880408720350 2.631725257294625
3 7.505298072613178 2.829072164948454
4 7.549711014413138 2.834392465268241
5 7.517827415645379 2.830573075832520
6 3.703768881067605 2.373680647211224
7 7.946625499964915 2.881939513016631
8 8.120452342487884 2.902762520193861
9 4.477814634146341 2.466404878048781
10 3.389159844894443 2.335993106419647
11 9.197343816147566 3.031765144642677
12 8.180222391049107 2.909922473927757
13 3.567956403269754 2.357411444141690
14 6.011257241033282 2.650098523665445
15 4.523476381770329 2.471874774899571
16 7.768454682254889 2.860596133811784
17 8.253842696629212 2.918741573033708
18 4.160000000000000 7.150000000000000
19 2.330000000000000 5.050000000000000
20 3.616377281777802 6.526170651220429
21 3.438990080324058 6.322611567584985
22 2.719460463969281 5.496921843899174
23 2.751245237578223 5.533396174270091
24 2.397207037028608 5.127122829377091
25 3.720697519233788 6.645882399120741
26 4.013527949023468 6.981917318551520
27 4.410000000000000 2.510000000000000
28 5.743845764427945 2.656491731353358
29 7.503500124470998 2.849748568583520
30 7.548632956095995 2.854705353559676
31 7.441450630709003 2.842933884297520
32 7.936575823659227 2.897311795661996
33 8.111852752077779 2.916561862944958
34 9.193280778009626 3.035331414925913
35 8.163326094122667 2.922215004556825
36 5.989727376122493 2.683496070209985
37 4.667538613210647 2.538284587578048
38 7.749465372523002 2.876762092936052
39 8.187015706806282 2.924816753926701
40 8.150000000000000 1.790000000000000
41 8.869999999999999 1.700000000000000
42 8.705912986156889 1.720510876730389
43 1.860000000000000 3.500000000000000
44 6.050000000000000 2.590000000000000
45 4.650531594784352 2.893941825476429
46 2.147638250462469 3.437529640114356
47 3.469614730315359 3.150417803201199
48 2.695698846538750 3.318499773186095
49 4.705833793992998 2.881931085314170
50 2.333722120795769 3.397115243454857
51 5.186533560712028 2.777530897315526
52 5.088050545115324 2.798919810010752
53 7.500000000000000 2.890000000000000
54 7.620000000000000 1.510000000000000
55 7.504986852978740 2.832651190744497
56 7.514462863293865 2.723677072120560
57 7.587065031817477 1.888752134099022
58 7.430000000000000 5.090000000000000
59 7.550191704945258 2.825335243663033
60 7.468853244896212 4.357923069850319
61 7.443427164626432 4.837003950723002
62 7.555217421544625 2.730640162474961
63 7.430315095774342 5.084062932251874
64 7.511895555830790 3.546915316451420
65 7.458221169798799 4.558253748001569
66 7.520218482456928 3.390093856864201
67 7.599978547379503 1.887246317796736
68 7.496221323805942 3.842250846182775
69 7.537903620712637 3.056868620256628
70 7.497114021474708 3.825430542739703
71 7.541798928298035 2.983472824700179
72 4.340000000000000 3.580000000000000
73 4.770000000000000 2.630000000000000
74 4.454838622291021 3.326286764705882
75 4.444584601798703 3.348940996026121
76 4.663847816688284 2.864522265456118
77 4.757327450415812 2.657997493267390
78 4.484191616766466 3.261437125748503
79 9.520000000000000 8.180000000000000
80 9.539999999999999 3.710000000000000
81 9.535501634945062 4.715384589778585
82 9.535597155971558 4.694035640356404
83 8.720000000000001 4.960000000000000
84 6.050000000000000 5.520000000000000
85 7.640574109301028 5.186396441494916
86 6.249314878456349 5.478196130361215
87 8.474640765189903 5.011461112918972
88 7.647288257975076 5.184988230537063
89 6.460628436593497 5.433875683710727
90 7.299431556109810 5.257946939542512
91 7.021420544337138 5.316256365232660
92 4.730000000000000 4.960000000000000
93 5.055457811591906 5.178783748084747
94 5.045369845475399 5.172002276081583
95 6.392694164054773 6.077719250157905
96 6.020809012280214 5.827725473808411
97 7.488859516679668 6.814598673008044
98 6.632358097332538 6.238829451651518
99 6.015773464477388 5.824340408270812
100 5.058667451496274 5.180941376579958
101 8.327756116921927 7.378533339559207
102 6.958839126787652 6.458301041389610
103 6.055583132684543 5.851101813620925
104 5.049838064662410 5.175005964136317
105 5.114781014704143 5.123240430480545
106 5.184053511705686 5.152628762541806
107 5.129433892543049 5.129456802897051
108 5.112020167492736 5.122069161966615
109 6.060000000000000 7.320000000000000
110 7.074675026912161 7.572202463336549
111 6.372830006678044 7.397755435185872
112 8.510000000000000 2.670000000000000
113 2.640000000000000 3.620000000000000
114 2.930639789709275 3.572962896043644
115 7.837403700177546 2.778852893497672
116 3.363345718108960 3.502933827563286
117 8.034916159626535 2.746887503978670
118 8.238082541600308 2.714007084408809
119 2.781520395270618 3.597096358516680
120 5.406185671039355 3.172320887991927
121 5.705870830367663 3.123819882649186
122 5.877485243964794 3.096045829341302
123 7.870828405522308 2.773443443740001
124 5.810718651457936 3.106851325573247
125 5.331484716157206 3.184410480349345
126 6.690000000000000 9.210000000000001
127 4.898619436954821 5.325628881152035
128 4.840940682604083 5.200560153605792
129 5.453487098899985 6.528785801186192
130 5.985678549409233 7.682772364790427
131 5.498574231724392 6.626551267769727
132 5.744786326089719 7.160429533612911
133 5.418154779093273 6.452172352625718
134 5.384248766428755 6.378651661899085
135 5.854329205236210 7.397958735843822
136 5.327018077752474 6.254554505330619
137 1.850000000000000 8.180000000000000
138 6.171795837201991 4.133575224991410
139 5.065740069206704 5.169156643167528
140 5.934292538182396 4.355945570445155
141 1.921635265667482 8.112929105242303
142 3.797021808050725 6.357036218656932
143 5.478965185459810 4.782260914852674
144 3.668722794363130 6.477160427932573
145 4.581010454485805 5.623000831109750
146 5.033936269022838 5.198934006525520
147 6.817241930255708 3.529254900698638
148 6.572338798716689 3.758553584918356
149 5.156229393545805 5.084433010290741
150 6.812485818087517 3.533707968551687
151 7.384935287400077 2.997733155690902
152 2.941102723990810 3.574772636108376
153 3.360688477176510 3.511748438613405
154 2.782005157040091 3.598670007275871
155 5.463161261661484 3.195944913371835
156 5.680411654714399 3.163312652686932
157 5.939111732969995 3.124454410479816
158 5.874726743189996 3.134125406887100
159 5.859558359621452 3.136403785488959
160 4.000000000000000 5.770000000000000
161 0.660000000000000 9.060000000000000
162 1.977493891878968 7.762229070574310
163 3.611202595822348 6.152977083755831
164 3.578715949295074 6.184977403239284
165 0.890000000000000 3.220000000000000
166 9.619999999999999 4.730000000000000
167 8.989755100179378 4.620988568301359
168 3.798754265137302 3.723117862583886
169 5.094570365982736 3.947251002592662
170 3.321836916187159 3.640627003830769
171 7.031187010831781 4.282221350098052
172 8.714172864778149 4.573321996084194
173 2.765275074965959 3.544360293608087
174 8.304597145515849 4.502479002259902
175 2.422529324632692 3.485076664398095
176 7.650635136443419 4.389365298514269
177 6.435577443249018 4.179200680332878
178 5.166969786336280 3.959773697292988
179 6.807517742082429 4.243533996625942
180 6.256036815936406 4.148146115929436
181 2.285284135753748 3.461337805840568
182 9.140000000000001 4.600000000000000
183 1.910000000000000 5.610000000000000
184 7.038827025281146 4.893524855389494
185 2.764121529118547 5.490682884590632
186 6.590611545393231 4.956138636120724
187 2.329632552089382 5.551379131727487
188 8.663171516375739 4.666610894669502
189 2.980573279407733 5.460445503153276
190 3.340054602520336 5.410227503658986
191 8.066211927498747 4.750003589657851
192 4.239354872547991 5.284599111857058
193 7.083331114375230 4.887307824962797
194 5.077034454497987 5.167578865969161
195 4.320195832875258 5.273305976320331
196 7.117392163308347 4.882549642470065
197 5.054936098215784 5.170665911590880
198 9.390000000000001 7.610000000000000
199 7.942562246670527 5.333374710480602
200 5.612375423768170 6.452477592532392
201 8.425432709982600 5.101469816916252
202 4.409841716316771 7.030010228347867
203 7.127294640503182 5.724917705547814
204 5.481784177565713 6.515195756826993
205 4.922865602965296 6.783623756470615
206 7.450585506469129 5.569653013340484
207 2.260000000000000 4.130000000000000
208 3.253506172421384 3.867294040946269
209 2.569042089387408 4.048282139825445
210 3.247758463822247 3.868813867739310
211 2.894035495791842 3.962346383324272
212 2.902206735505527 3.960185718976904
213 2.790544415848865 3.989711813116886
214 3.630000000000000 2.060000000000000
215 3.790085355557793 2.087351266778719
216 7.996273490428710 2.805996475751639
217 8.163003356809057 2.834482985585467
218 4.799245699161887 2.259770621967358
219 9.216951756550056 3.014554571470864
220 8.260920260821745 2.851212506874067
221 4.639443449255667 2.232467724998456
222 7.859949424094880 2.782704926729779
223 8.516439790575916 2.894869109947644
224 8.100000000000000 5.410000000000000
225 6.729855103616059 4.743147563728029
226 7.644222109550420 5.188171930977997
227 7.062899782501260 4.905241117547156
228 6.089085226293899 4.431283501095169
229 5.155823991138442 3.977063272282806
230 7.148629131716362 4.946965774213017
231 5.983699491398582 4.379992039696651
232 9.539999999999999 8.720000000000001
233 4.996736159404953 7.394177652465758
234 4.649070158815461 7.292721217349493
235 4.419258547161514 7.225657234022970
236 5.638601918174093 7.581487920359355
237 4.350000000000000 0.230000000000000
238 2.490000000000000 6.400000000000000
239 2.824804168378590 5.289386172636612
240 3.252466910020430 3.870741486652659
241 3.061232284647587 4.505105808453974
242 3.678912470571699 2.456134439017534
243 3.151166779588489 4.206774715020980
244 3.713800134146124 2.340404931353985
245 3.777792443913008 2.128129366159536
246 3.406615664293289 3.359398575973338
247 3.960000000000000 8.980000000000000
248 9.359999999999999 0.720000000000000
249 4.890054734584822 7.557360720801737
250 4.286074503033822 8.481226778692710
251 5.536162082720974 6.569055777171251
252 6.032781714085156 5.809411674380854
253 7.699859659135127 3.259399854730344
254 8.679179579323694 1.761403087923386
255 7.359901398986301 3.779410082291325
256 6.913541986119496 4.462174665676475
257 5.977121694417239 5.894550889650669
258 8.201705621243667 2.491761401579132
259 7.366265425479711 3.769675478803256
260 7.901633512754504 2.950760589749591
261 8.010000000000000 3.080000000000000
262 8.062713189841364 2.995413718626647
263 8.843688977247625 1.742220013253810
264 8.574207876813739 2.174643174415161
265 8.101885474860335 2.932555865921787
266 1.680000000000000 9.630000000000001
267 2.650000000000000 3.540000000000000
268 2.438867186830147 4.865565806396296
269 2.626560047546365 3.687164237569732
270 1.916848561718773 8.142981710446055
271 2.545568480517227 4.195657684175349
272 6.890000000000000 7.910000000000000
273 8.880000000000001 4.270000000000000
274 8.788238580701686 4.437845008163753
275 7.788505225688171 6.266503004268873
276 8.313891146032963 5.305495592180913
277 8.815845985407703 4.387347041766815
278 1.250000000000000 3.560000000000000
279 6.140000000000000 8.930000000000000
280 3.547210557285761 6.082703618123627
281 4.513041810356884 7.143340392968603
282 5.229194230407819 7.929789983085886
283 4.247874727951601 6.852144639897769
284 2.139612245116863 4.536936146478027
285 5.620000000000000 4.840000000000000
286 2.810017476074422 3.689604470070737
287 5.560678694015620 4.815714096207737
288 4.812612921001219 4.509458981081035
289 5.500715544094367 4.791165424092325
290 3.036993466431288 3.782527526525561
291 2.690000000000000 3.300000000000000
292 4.680000000000000 9.760000000000000
293 2.889489752620189 3.947589850214283
294 4.009964259950443 7.584909105165763
295 3.851801312449788 7.071475617299311
296 2.727321013004791 3.421152635181383
297 2.879443235718275 3.914976534040230
298 5.620000000000000 7.290000000000000
299 8.750000000000000 4.040000000000000
300 5.934422364533497 6.963523103918893
301 8.496406292903082 4.303316149541529
302 7.392394940709774 5.449653815556944
303 8.531971726595508 4.266387184844920
304 6.790000000000000 0.980000000000000
305 4.886537170263789 2.203654676258993
306 4.491928361714622 2.457331767469172
307 2.410000000000000 1.930000000000000
308 6.510000000000000 3.630000000000000
309 3.468723231667748 2.368982803374432
310 5.617990074441687 3.260142225988016
311 5.416666666666667 3.176666666666667
312 0.590000000000000 1.670000000000000
313 5.362871314411684 6.397415397131573
314 1.524585220536827 2.595684408912667
315 4.284249680131603 5.329066349844635
316 6.133364471550991 7.160570524202887
317 5.257502238137869 6.293049835869890
318 2.389039231385108 3.451905524419535
319 2.867067172073342 3.925380818053596
320 9.449999999999999 2.810000000000000
321 8.006149788882297 4.077317688522873
322 7.108841432433904 4.864916529060588
323 5.865122701351959 5.956571837423376
324 8.032982213498643 4.053765933582915
325 4.950000000000000 5.260000000000000
326 7.130470032127584 3.673646802468977
327 6.687458301812964 3.995950280422591
328 7.134322735323945 3.670843852671624
329 8.155856397914160 2.927649418371440
330 0.630000000000000 2.700000000000000
331 9.119999999999999 1.710000000000000
332 4.132394048742575 2.291593626825071
333 5.758989255922002 3.041421544472211
334 5.737046612496922 3.075459401102335
335 5.687686000607349 3.152028545399332
336 6.924783482520405 3.578829409365123
337 7.003031362365181 3.614900119856181
338 5.947659192825112 3.128394618834081
339 8.440000000000000 7.610000000000000
340 7.612037327103300 5.902595109777790
341 7.262869967095105 5.182550502092496
342 6.613635816974510 3.843715311688367
343 4.700000000000000 8.380000000000001
344 6.922647146784660 3.580648112449509
345 7.633959288990825 2.975094610091743
346 5.876466419169761 3.134866689166385
347 0.090000000000000 6.260000000000000
348 3.040000000000000 3.780000000000000
622
0 10
10 13
13 6
6 9
9 15
15 2
2 14
14 3
3 5
5 4
4 16
16 7
7 8
8 12
12 17
17 11
11 1
19 24
24 22
22 23
23 21
21 20
20 25
25 26
26 18
27 37
37 28
28 36
36 31
31 29
29 30
30 38
38 32
32 33
33 35
35 39
39 34
34 1
40 42
42 41
43 46
46 50
50 48
48 47
47 45
45 49
49 52
52 51
51 28
28 2
2 44
53 29
29 55
55 3
3 56
56 57
57 54
58 63
63 61
61 65
65 60
60 68
68 70
70 64
64 66
66 69
69 71
71 30
30 4
4 59
59 62
62 67
67 54
72 75
75 74
74 78
78 45
45 76
76 77
77 73
79 81
81 82
82 80
84 86
86 89
89 91
91 90
90 85
85 88
88 87
87 83
92 94
94 104
104 93
93 100
100 99
99 96
96 103
103 95
95 98
98 102
102 97
97 101
101 79
92 108
108 105
105 107
107 106
106 84
109 111
111 110
110 79
113 119
119 114
114 116
116 74
74 125
125 120
120 121
121 124
124 122
122 31
31 55
55 5
5 59
59 115
115 123
123 117
117 118
118 112
92 128
128 127
127 136
136 134
134 133
133 129
129 131
131 132
132 135
135 130
130 126
137 141
141 20
20 144
144 142
142 145
145 127
127 146
146 93
93 139
139 105
105 149
149 143
143 140
140 138
138 148
148 150
150 147
147 151
151 53
113 154
154 152
152 153
153 75
75 155
155 156
156 159
159 158
158 157
157 53
161 162
162 21
21 164
164 163
163 160
165 46
46 181
181 175
175 173
173 114
114 152
152 170
170 168
168 169
169 178
178 138
138 180
180 177
177 179
179 171
171 60
60 176
176 174
174 172
172 167
167 81
81 166
183 187
187 22
22 185
185 189
189 190
190 192
192 195
195 128
128 94
94 197
197 139
139 194
194 106
106 186
186 184
184 193
193 196
196 61
61 191
191 188
188 167
167 182
83 198
18 202
202 205
205 129
129 204
204 200
200 95
95 203
203 206
206 199
199 201
201 83
207 209
209 213
213 211
211 212
212 210
210 208
208 168
168 72
214 215
215 221
221 218
218 56
56 62
62 115
115 222
222 216
216 217
217 220
220 223
223 219
219 1
72 169
169 229
229 140
140 231
231 228
228 225
225 184
184 227
227 230
230 63
63 85
85 226
226 199
199 224
18 235
235 234
234 233
233 236
236 130
130 232
238 23
23 185
185 239
239 241
241 243
243 240
240 208
208 170
170 153
153 116
116 246
246 47
47 242
242 6
6 244
244 245
245 215
215 237
247 250
250 249
249 233
233 131
131 251
251 200
200 257
257 96
96 252
252 86
86 186
186 225
225 256
256 171
171 255
255 259
259 64
64 253
253 260
260 32
32 7
7 216
216 117
117 258
258 254
254 42
42 248
261 262
262 265
265 33
33 8
8 217
217 118
118 264
264 263
263 41
266 270
270 141
141 162
162 187
187 24
24 268
268 271
271 209
209 269
269 267
272 110
110 97
97 275
275 276
276 201
201 87
87 188
188 172
172 274
274 277
277 273
278 284
284 268
268 239
239 189
189 280
280 163
163 142
142 283
283 202
202 281
281 234
234 249
249 282
282 279
113 286
286 290
290 210
210 240
240 288
288 143
143 289
289 287
287 285
291 48
48 296
296 173
173 119
119 154
154 286
286 297
297 293
293 211
211 241
241 190
190 280
280 164
164 144
144 25
25 295
295 294
294 250
250 292
298 132
132 300
300 98
98 203
203 302
302 226
226 88
88 191
191 174
174 301
301 303
303 299
27 9
9 306
306 218
218 305
305 304
307 10
10 309
309 242
242 76
76 49
49 120
120 311
311 155
155 310
310 308
312 314
314 50
50 318
318 175
175 269
269 319
319 293
293 212
212 243
243 192
192 315
315 145
145 317
317 313
313 133
133 204
204 251
251 300
300 316
316 111
111 272
266 294
294 235
235 281
281 205
205 313
313 134
134 323
323 99
99 252
252 89
89 227
227 193
193 322
322 65
65 176
176 321
321 324
324 34
34 11
11 219
219 320
325 146
146 100
100 194
194 107
107 287
287 228
228 177
177 327
327 326
326 328
328 66
66 253
253 262
262 329
329 35
35 12
12 220
220 112
330 314
314 309
309 13
13 244
244 332
332 221
221 305
305 57
57 67
67 254
254 263
263 331
160 315
315 195
195 288
288 229
229 178
178 310
310 156
156 335
335 121
121 334
334 333
333 36
36 14
14 44
214 245
245 332
332 306
306 15
15 37
37 51
51 333
333 122
122 157
157 338
338 147
147 336
336 337
337 326
326 255
255 68
68 321
321 301
301 274
274 182
308 148
148 342
342 327
327 179
179 256
256 322
322 196
196 230
230 341
341 90
90 302
302 206
206 340
340 275
275 101
101 339
343 282
282 236
236 135
135 316
316 102
102 340
340 276
276 83
137 270
270 295
295 26
26 283
283 317
317 136
136 323
323 257
257 103
103 91
91 341
341 58
325 104
104 197
197 108
108 149
149 289
289 231
231 180
180 342
342 344
344 336
336 69
69 345
345 38
38 16
16 222
222 123
123 258
258 264
264 331
27 77
77 52
52 334
334 124
124 158
158 346
346 150
150 344
344 337
337 328
328 259
259 70
70 324
324 303
303 277
277 82
82 166
43 181
181 318
318 296
296 246
246 78
78 125
125 311
311 335
335 159
159 346
346 338
338 151
151 71
71 345
345 260
260 265
265 329
329 39
39 17
17 223
223 320
347 284
284 271
271 213
213 319
319 297
297 290
290 348
480
0 1.700000000000000 6.400000000000000
1 1.700000000000000 4.000000000000000
2 1.700000000000000 8.000000000000000
3 1.700000000000000 6.100000000000000
4 1.700000000000000 2.900000000000000
5 1.700000000000000 5.500000000000000
6 1.700000000000000 4.500000000000000
7 1.700000000000000 4.600000000000000
8 1.700000000000000 6.300000000000000
9 1.700000000000000 6.200000000000000
10 1.700000000000000 6.100000000000000
11 1.800000000000000 8.100000000000000
12 1.800000000000000 7.800000000000000
13 1.800000000000000 6.200000000000000
14 1.800000000000000 3.000000000000000
15 1.800000000000000 7.700000000000000
16 1.800000000000000 5.000000000000000
17 1.800000000000000 6.400000000000000
18 1.800000000000000 8.199999999999999
19 1.800000000000000 7.400000000000000
20 1.800000000000000 6.900000000000000
21 1.900000000000000 5.700000000000000
22 1.900000000000000 2.600000000000000
23 1.900000000000000 9.000000000000000
24 1.900000000000000 9.000000000000000
25 1.900000000000000 3.300000000000000
26 2.000000000000000 8.400000000000000
27 2.000000000000000 6.300000000000000
28 2.000000000000000 8.500000000000000
29 2.000000000000000 8.900000000000000
30 2.000000000000000 5.600000000000000
31 2.000000000000000 7.900000000000000
32 2.000000000000000 3.300000000000000
33 2.000000000000000 5.600000000000000
34 2.000000000000000 7.100000000000000
35 2.000000000000000 8.600000000000000
36 2.000000000000000 6.900000000000000
37 2.100000000000000 9.199999999999999
38 2.100000000000000 8.000000000000000
39 2.100000000000000 8.000000000000000
40 2.100000000000000 5.400000000000000
41 2.100000000000000 6.400000000000000
42 2.100000000000000 3.200000000000000
43 2.100000000000000 4.200000000000000
44 2.100000000000000 3.100000000000000
45 2.200000000000000 5.100000000000000
46 2.200000000000000 6.000000000000000
47 2.200000000000000 4.300000000000000
48 2.200000000000000 5.800000000000000
49 2.200000000000000 5.700000000000000
50 2.200000000000000 2.600000000000000
51 2.200000000000000 8.699999999999999
52 2.300000000000000 4.100000000000000
53 2.300000000000000 6.400000000000000
54 2.300000000000000 7.100000000000000
55 2.300000000000000 7.200000000000000
56 2.400000000000000 8.600000000000000
57 2.400000000000000 7.500000000000000
58 2.400000000000000 5.300000000000000
59 2.400000000000000 8.500000000000000
60 2.400000000000000 4.200000000000000
61 2.400000000000000 3.000000000000000
62 2.500000000000000 8.100000000000000
63 2.600000000000000 3.400000000000000
64 2.600000000000000 4.700000000000000
65 2.600000000000000 5.200000000000000
66 2.600000000000000 2.800000000000000
67 2.600000000000000 4.300000000000000
68 2.600000000000000 5.900000000000000
69 2.700000000000000 3.300000000000000
70 2.700000000000000 8.100000000000000
71 2.700000000000000 7.500000000000000
72 2.700000000000000 4.600000000000000
73 2.700000000000000 7.300000000000000
74 2.700000000000000 6.100000000000000
75 2.800000000000000 6.300000000000000
76 2.800000000000000 4.000000000000000
77 2.800000000000000 7.000000000000000
78 2.800000000000000 3.800000000000000
79 2.800000000000000 7.400000000000000
80 2.800000000000000 3.000000000000000
81 2.800000000000000 8.100000000000000
82 2.800000000000000 5.500000000000000
83 2.800000000000000 3.500000000000000
84 2.900000000000000 5.900000000000000
85 2.900000000000000 3.200000000000000
86 2.900000000000000 2.800000000000000
87 2.900000000000000 6.600000000000000
88 2.900000000000000 4.700000000000000
89 2.900000000000000 5.800000000000000
90 2.900000000000000 5.200000000000000
91 2.900000000000000 3.500000000000000
92 3.000000000000000 6.000000000000000
93 3.000000000000000 5.700000000000000
94 3.000000000000000 5.900000000000000
95 3.000000000000000 4.000000000000000
96 3.100000000000000 4.500000000000000
97 3.100000000000000 7.600000000000000
98 3.100000000000000 8.100000000000000
99 3.100000000000000 3.600000000000000
100 3.100000000000000 7.800000000000000
101 3.100000000000000 4.100000000000000
102 3.100000000000000 7.000000000000000
103 3.200000000000000 5.500000000000000
104 3.200000000000000 6.800000000000000
105 3.200000000000000 7.300000000000000
106 3.200000000000000 3.500000000000000
107 3.200000000000000 5.400000000000000
108 3.200000000000000 6.900000000000000
109 3.200000000000000 2.800000000000000
110 3.200000000000000 5.100000000000000
111 3.200000000000000 6.500000000000000
112 3.300000000000000 3.000000000000000
113 3.300000000000000 2.700000000000000
114 3.300000000000000 5.700000000000000
115 3.300000000000000 4.700000000000000
116 3.300000000000000 3.400000000000000
117 3.300000000000000 7.200000000000000
118 3.300000000000000 2.900000000000000
119 3.300000000000000 5.700000000000000
120 3.300000000000000 6.400000000000000
121 3.400000000000000 2.800000000000000
122 3.400000000000000 3.600000000000000
123 3.400000000000000 7.600000000000000
124 3.400000000000000 5.900000000000000
125 3.400000000000000 6.700000000000000
126 3.500000000000000 7.400000000000000
127 3.500000000000000 4.700000000000000
128 3.500000000000000 7.000000000000000
129 3.500000000000000 5.200000000000000
130 3.600000000000000 3.500000000000000
131 3.600000000000000 3.100000000000000
132 3.600000000000000 4.300000000000000
133 3.600000000000000 4.500000000000000
134 3.700000000000000 5.800000000000000
135 3.700000000000000 2.500000000000000
136 3.700000000000000 2.600000000000000
137 3.800000000000000 5.200000000000000
138 3.800000000000000 5.700000000000000
139 3.800000000000000 7.300000000000000
140 3.800000000000000 6.900000000000000
141 3.800000000000000 2.800000000000000
142 3.800000000000000 7.700000000000000
143 3.800000000000000 4.800000000000000
144 3.800000000000000 6.000000000000000
145 3.900000000000000 7.400000000000000
146 3.900000000000000 7.100000000000000
147 3.900000000000000 5.800000000000000
148 3.900000000000000 4.800000000000000
149 4.000000000000000 6.600000000000000
150 4.000000000000000 2.400000000000000
151 4.000000000000000 6.500000000000000
152 4.000000000000000 2.900000000000000
153 4.000000000000000 7.100000000000000
154 4.000000000000000 3.700000000000000
155 4.000000000000000 3.100000000000000
156 4.100000000000000 5.200000000000000
157 4.100000000000000 4.800000000000000
158 4.100000000000000 2.700000000000000
159 4.200000000000000 7.700000000000000
160 4.200000000000000 5.000000000000000
161 4.300000000000000 4.900000000000000
162 4.300000000000000 3.000000000000000
163 4.300000000000000 4.600000000000000
164 4.300000000000000 7.200000000000000
165 4.300000000000000 6.200000000000000
166 4.300000000000000 4.100000000000000
167 4.300000000000000 5.100000000000000
168 4.300000000000000 8.100000000000000
169 4.400000000000000 6.000000000000000
170 4.400000000000000 2.300000000000000
171 4.400000000000000 2.700000000000000
172 4.400000000000000 5.400000000000000
173 4.400000000000000 2.900000000000000
174 4.400000000000000 3.500000000000000
175 4.400000000000000 4.400000000000000
176 4.400000000000000 2.700000000000000
177 4.400000000000000 6.800000000000000
178 4.500000000000000 3.500000000000000
179 4.500000000000000 5.400000000000000
180 4.500000000000000 6.900000000000000
181 4.500000000000000 4.100000000000000
182 4.500000000000000 3.800000000000000
183 4.500000000000000 3.200000000000000
184 4.500000000000000 6.400000000000000
185 4.500000000000000 7.200000000000000
186 4.600000000000000 6.500000000000000
187 4.600000000000000 7.600000000000000
188 4.600000000000000 7.500000000000000
189 4.600000000000000 3.300000000000000
190 4.600000000000000 3.900000000000000
191 4.600000000000000 6.300000000000000
192 4.600000000000000 3.700000000000000
193 4.600000000000000 6.900000000000000
194 4.700000000000000 6.700000000000000
195 4.700000000000000 5.400000000000000
196 4.700000000000000 6.400000000000000
197 4.700000000000000 5.100000000000000
198 4.700000000000000 3.600000000000000
199 4.700000000000000 7.100000000000000
200 4.700000000000000 3.600000000000000
201 4.800000000000000 6.500000000000000
202 4.800000000000000 3.100000000000000
203 4.800000000000000 6.000000000000000
204 4.800000000000000 5.500000000000000
205 4.800000000000000 6.600000000000000
206 4.900000000000000 3.900000000000000
207 4.900000000000000 3.300000000000000
208 5.000000000000000 3.600000000000000
209 5.000000000000000 5.100000000000000
210 5.000000000000000 5.800000000000000
211 5.000000000000000 7.600000000000000
212 5.100000000000000 6.500000000000000
213 5.100000000000000 3.200000000000000
214 5.100000000000000 3.800000000000000
215 5.100000000000000 5.500000000000000
216 5.100000000000000 7.600000000000000
217 5.200000000000000 4.000000000000000
218 5.200000000000000 4.700000000000000
219 5.200000000000000 7.300000000000000
220 5.200000000000000 2.600000000000000
221 5.200000000000000 3.400000000000000
222 5.200000000000000 5.500000000000000
223 5.200000000000000 5.600000000000000
224 5.200000000000000 3.500000000000000
225 5.300000000000000 3.900000000000000
226 5.300000000000000 7.500000000000000
227 5.300000000000000 3.500000000000000
228 5.300000000000000 6.700000000000000
229 5.300000000000000 3.300000000000000
230 5.400000000000000 4.600000000000000
231 5.400000000000000 4.300000000000000
232 5.400000000000000 3.500000000000000
233 5.400000000000000 4.600000000000000
234 5.400000000000000 3.200000000000000
235 5.400000000000000 7.700000000000000
236 5.500000000000000 3.300000000000000
237 5.500000000000000 6.000000000000000
238 5.500000000000000 4.400000000000000
239 5.600000000000000 5.000000000000000
240 5.600000000000000 3.000000000000000
241 5.700000000000000 2.700000000000000
242 5.700000000000000 2.800000000000000
243 5.700000000000000 2.600000000000000
244 5.700000000000000 2.300000000000000
245 5.700000000000000 2.400000000000000
246 5.700000000000000 4.800000000000000
247 5.700000000000000 3.200000000000000
248 5.800000000000000 6.300000000000000
249 5.800000000000000 5.500000000000000
250 5.800000000000000 4.000000000000000
251 5.800000000000000 3.200000000000000
252 5.800000000000000 5.700000000000000
253 5.800000000000000 6.300000000000000
254 5.800000000000000 4.800000000000000
255 5.800000000000000 2.900000000000000
256 5.900000000000000 6.300000000000000
257 5.900000000000000 2.900000000000000
258 5.900000000000000 4.700000000000000
259 5.900000000000000 6.500000000000000
260 6.000000000000000 4.400000000000000
261 6.000000000000000 2.300000000000000
262 6.000000000000000 2.200000000000000
263 6.000000000000000 4.200000000000000
264 6.000000000000000 4.600000000000000
265 6.000000000000000 3.800000000000000
266 6.000000000000000 6.400000000000000
267 6.000000000000000 6.200000000000000
268 6.000000000000000 4.100000000000000
269 6.000000000000000 5.500000000000000
270 6.100000000000000 3.300000000000000
271 6.100000000000000 4.700000000000000
272 6.100000000000000 5.000000000000000
273 6.100000000000000 7.000000000000000
274 6.100000000000000 5.100000000000000
275 6.100000000000000 5.500000000000000
276 6.100000000000000 2.100000000000000
277 6.200000000000000 6.300000000000000
278 6.200000000000000 4.800000000000000
279 6.200000000000000 6.300000000000000
280 6.300000000000000 6.300000000000000
281 6.300000000000000 2.300000000000000
282 6.300000000000000 7.100000000000000
283 6.300000000000000 4.800000000000000
284 6.400000000000000 4.900000000000000
285 6.400000000000000 3.100000000000000
286 6.400000000000000 7.100000000000000
287 6.500000000000000 2.700000000000000
288 6.500000000000000 2.600000000000000
289 6.500000000000000 6.900000000000000
290 6.500000000000000 4.000000000000000
291 6.600000000000000 4.900000000000000
292 6.600000000000000 3.500000000000000
293 6.600000000000000 5.500000000000000
294 6.600000000000000 3.300000000000000
295 6.600000000000000 2.700000000000000
296 6.600000000000000 7.600000000000000
297 6.600000000000000 3.200000000000000
298 6.700000000000000 6.400000000000000
299 6.700000000000000 4.900000000000000
300 6.700000000000000 7.700000000000000
301 6.700000000000000 3.700000000000000
302 6.700000000000000 2.400000000000000
303 6.700000000000000 7.200000000000000
304 6.700000000000000 4.800000000000000
305 6.700000000000000 2.100000000000000
306 6.700000000000000 2.200000000000000
307 6.800000000000000 2.700000000000000
308 6.800000000000000 7.100000000000000
309 6.800000000000000 4.100000000000000
310 6.800000000000000 6.300000000000000
311 6.800000000000000 7.300000000000000
312 6.800000000000000 3.000000000000000
313 6.800000000000000 4.100000000000000
314 6.900000000000000 3.000000000000000
315 6.900000000000000 4.400000000000000
316 6.900000000000000 5.500000000000000
317 6.900000000000000 6.600000000000000
318 6.900000000000000 4.100000000000000
319 6.900000000000000 3.400000000000000
320 6.900000000000000 7.200000000000000
321 7.000000000000000 3.700000000000000
322 7.000000000000000 3.200000000000000
323 7.000000000000000 5.500000000000000
324 7.000000000000000 5.500000000000000
325 7.000000000000000 2.600000000000000
326 7.000000000000000 4.500000000000000
327 7.100000000000000 2.300000000000000
328 7.100000000000000 6.000000000000000
329 7.100000000000000 2.600000000000000
330 7.200000000000000 4.100000000000000
331 7.200000000000000 3.800000000000000
332 7.200000000000000 5.400000000000000
333 7.200000000000000 5.000000000000000
334 7.200000000000000 5.600000000000000
335 7.300000000000000 6.100000000000000
336 7.300000000000000 2.700000000000000
337 7.300000000000000 2.800000000000000
338 7.300000000000000 3.700000000000000
339 7.300000000000000 4.500000000000000
340 7.400000000000000 2.600000000000000
341 7.400000000000000 5.800000000000000
342 7.400000000000000 2.400000000000000
343 7.400000000000000 2.500000000000000
344 7.400000000000000 7.300000000000000
345 7.400000000000000 6.900000000000000
346 7.400000000000000 2.300000000000000
347 7.400000000000000 4.500000000000000
348 7.500000000000000 2.000000000000000
349 7.500000000000000 6.400000000000000
350 7.500000000000000 6.500000000000000
351 7.500000000000000 4.000000000000000
352 7.500000000000000 2.900000000000000
353 7.600000000000000 3.800000000000000
354 7.600000000000000 2.700000000000000
355 7.600000000000000 6.000000000000000
356 7.600000000000000 2.700000000000000
357 7.600000000000000 5.400000000000000
358 7.600000000000000 7.300000000000000
359 7.600000000000000 3.200000000000000
360 7.600000000000000 3.600000000000000
361 7.600000000000000 2.700000000000000
362 7.600000000000000 6.800000000000000
363 7.600000000000000 3.400000000000000
364 7.700000000000000 3.100000000000000
365 7.700000000000000 6.400000000000000
366 7.700000000000000 6.500000000000000
367 7.700000000000000 6.700000000000000
368 7.700000000000000 5.900000000000000
369 7.700000000000000 3.900000000000000
370 7.800000000000000 5.000000000000000
371 7.800000000000000 3.700000000000000
372 7.800000000000000 7.700000000000000
373 7.800000000000000 2.200000000000000
374 7.800000000000000 7.100000000000000
375 7.900000000000000 7.500000000000000
376 7.900000000000000 4.300000000000000
377 7.900000000000000 4.000000000000000
378 7.900000000000000 6.100000000000000
379 7.900000000000000 3.600000000000000
380 8.000000000000000 2.400000000000000
381 8.000000000000000 2.800000000000000
382 8.000000000000000 5.900000000000000
383 8.000000000000000 2.700000000000000
384 8.000000000000000 5.900000000000000
385 8.000000000000000 5.000000000000000
386 8.000000000000000 6.100000000000000
387 8.000000000000000 2.700000000000000
388 8.100000000000000 4.200000000000000
389 8.100000000000000 7.700000000000000
390 8.100000000000000 3.500000000000000
391 8.100000000000000 6.200000000000000
392 8.199999999999999 7.400000000000000
393 8.199999999999999 4.500000000000000
394 8.199999999999999 4.700000000000000
395 8.199999999999999 6.300000000000000
396 8.300000000000001 3.900000000000000
397 8.300000000000001 3.600000000000000
398 8.300000000000001 2.800000000000000
399 8.300000000000001 2.100000000000000
400 8.300000000000001 7.300000000000000
401 8.300000000000001 5.700000000000000
402 8.400000000000000 7.500000000000000
403 8.400000000000000 5.200000000000000
404 8.400000000000000 4.800000000000000
405 8.400000000000000 3.600000000000000
406 8.400000000000000 2.900000000000000
407 8.400000000000000 2.600000000000000
408 8.500000000000000 6.800000000000000
409 8.500000000000000 3.800000000000000
410 8.500000000000000 3.100000000000000
411 8.500000000000000 6.400000000000000
412 8.500000000000000 3.500000000000000
413 8.600000000000000 7.100000000000000
414 8.600000000000000 5.300000000000000
415 8.600000000000000 4.300000000000000
416 8.600000000000000 3.900000000000000
417 8.600000000000000 3.600000000000000
418 8.600000000000000 5.300000000000000
419 8.600000000000000 6.400000000000000
420 8.600000000000000 4.300000000000000
421 8.600000000000000 3.400000000000000
422 8.600000000000000 2.800000000000000
423 8.600000000000000 4.900000000000000
424 8.600000000000000 5.400000000000000
425 8.699999999999999 7.800000000000000
426 8.699999999999999 6.100000000000000
427 8.699999999999999 7.000000000000000
428 8.699999999999999 4.700000000000000
429 8.699999999999999 1.800000000000000
430 8.699999999999999 5.800000000000000
431 8.800000000000001 5.700000000000000
432 8.800000000000001 2.100000000000000
433 8.800000000000001 2.900000000000000
434 8.800000000000001 2.700000000000000
435 8.800000000000001 2.300000000000000
436 8.800000000000001 6.300000000000000
437 8.900000000000000 3.900000000000000
438 8.900000000000000 7.000000000000000
439 8.900000000000000 6.400000000000000
440 8.900000000000000 2.400000000000000
441 8.900000000000000 5.000000000000000
442 8.900000000000000 7.300000000000000
443 8.900000000000000 6.400000000000000
444 9.000000000000000 7.100000000000000
445 9.000000000000000 7.300000000000000
446 9.000000000000000 7.200000000000000
447 9.000000000000000 3.600000000000000
448 9.000000000000000 7.900000000000000
449 9.000000000000000 6.200000000000000
450 9.000000000000000 3.000000000000000
451 9.000000000000000 1.900000000000000
452 9.000000000000000 5.700000000000000
453 9.000000000000000 2.700000000000000
454 9.000000000000000 7.000000000000000
455 9.100000000000000 5.600000000000000
456 9.100000000000000 4.600000000000000
457 9.100000000000000 7.300000000000000
458 9.100000000000000 5.500000000000000
459 9.100000000000000 5.400000000000000
460 9.100000000000000 5.500000000000000
461 9.199999999999999 6.900000000000000
462 9.199999999999999 7.400000000000000
463 9.199999999999999 3.000000000000000
464 9.300000000000001 7.500000000000000
465 9.300000000000001 4.300000000000000
466 9.300000000000001 4.900000000000000
467 9.300000000000001 3.700000000000000
468 9.300000000000001 6.300000000000000
469 9.300000000000001 4.100000000000000
470 9.400000000000000 7.700000000000000
471 9.400000000000000 6.100000000000000
472 9.400000000000000 6.800000000000000
473 9.400000000000000 4.600000000000000
474 9.400000000000000 4.800000000000000
475 9.500000000000000 5.700000000000000
476 9.500000000000000 7.300000000000000
477 9.500000000000000 8.000000000000000
478 9.500000000000000 3.800000000000000
479 9.600000000000000 3.400000000000000
