349
0 0.900000000000000 2.770000000000000
1 3.790000000000000 1.580000000000000
2 2.495145154086646 2.113175524787852
3 2.005074080529894 2.314969496252397
4 1.094975570957846 2.689715941370299
5 1.198271994945506 2.647182119728321
6 2.018776217715375 2.309327439764257
7 9.279999999999999 2.680000000000000
8 9.539999999999999 5.560000000000000
9 4.470000000000000 0.560000000000000
10 8.230000000000000 9.470000000000001
11 7.263469417362387 7.179630986356083
12 5.047495148404809 1.928479194757142
13 7.244166113362487 7.133888316505255
14 7.401613297164192 7.506987893014083
15 6.227603241586362 4.724958745354916
16 5.589301142363444 3.212386483632524
17 6.118260392602247 4.465851089916495
18 5.332298888974899 2.603373165097433
19 6.657179071312395 5.742916363136555
20 5.861853053820896 3.858247529134092
21 4.919413069306930 1.624965544554456
22 6.519962992957385 5.417758049800613
23 7.057925551583876 6.692557623567112
24 4.781894849380542 1.299091252122508
25 5.754952798409026 3.604928040910751
26 5.510773444778662 3.026300902387734
27 5.126398050639696 2.115453891276514
28 7.197160352412173 7.022499664891608
29 5.701145537389440 3.477422004824445
30 6.730000000000000 8.369999999999999
31 6.920412898259890 7.945117885843618
32 7.636376037163341 6.347537391584543
33 7.515094024002209 6.618162746442128
34 7.980511627154911 5.579642682936688
35 7.252722132471728 7.203612182837594
36 8.303255358076319 4.859481181390486
37 7.308684848930383 7.078738513563184
38 5.140000000000000 4.470000000000000
39 2.290000000000000 3.100000000000000
40 3.584114507065622 3.722083113922773
41 3.838967013048720 3.844591160658507
42 2.579942455368541 3.239375846966632
43 3.043904230968028 3.462403086465333
44 3.432292427369424 3.649101973858285
45 3.445597737464330 3.655497859763555
46 4.332153284671533 4.081666666666667
47 3.564031932735857 3.712429385209868
48 4.374340600043168 4.101946183178645
49 1.850000000000000 1.160000000000000
50 3.756031939711801 3.976084074861082
51 6.624674492271510 8.214385878950324
52 5.080948828458292 5.933594478111531
53 5.046631550558767 5.882892106460800
54 3.165775319555610 3.104004109425397
55 2.103689086349813 1.534815227988146
56 3.365720032600974 3.399414228494472
57 4.991681274716129 5.801705325963787
58 6.025071522074422 7.328497064376347
59 3.485604395604396 3.576538461538461
60 2.649519537310818 2.341257349182581
61 3.537682285691484 3.653481409802377
62 5.311134876452780 6.273684930168963
63 5.419338636599455 6.433551551205341
64 3.612105303066206 3.763438367849865
65 3.572040159809060 3.704243760701499
66 5.103304058310089 5.966623414019618
67 4.218700229450668 4.659657511135105
68 2.101955860804035 1.532254458278093
69 4.049296421860960 4.409370328200310
70 5.256331995930200 6.192715920216544
71 0.190000000000000 9.630000000000001
72 5.980000000000000 0.450000000000000
73 5.270352829483907 1.575140073460748
74 4.619113017878459 2.607675733311874
75 4.500613759678108 2.795555386209839
76 4.225943399981425 3.231043106765203
77 3.565963679864722 4.277435823634171
78 4.263989861751153 3.170720737327189
79 2.993276332853027 5.185427161383284
80 2.534175262880052 5.913328339682405
81 4.514040237467019 2.774267810026385
82 5.739713925460142 0.830971703674594
83 2.676889603160220 5.687055862347010
84 3.965411073216747 3.644115085987955
85 3.325716924982548 4.658345186297100
86 3.424849648223747 4.501171024059759
87 3.218382023826567 4.828523837870831
88 4.923081236442023 2.125736485226637
89 3.827366326754842 3.862983958616675
90 4.572426288674799 2.681697179614050
91 3.128619169721757 4.970842145415245
92 1.448790057482377 7.634198147204106
93 2.790464843841522 5.506983200955928
94 8.190000000000000 4.860000000000000
95 6.898391598494070 7.965168143346448
96 7.593406223688506 6.294276818392700
97 7.477531625647613 6.572852050669094
98 7.937648831574975 5.466679863816324
99 7.234762713765967 7.156495119644832
100 7.274315130532799 7.061406775225942
101 6.300000000000000 8.510000000000000
102 8.076240417597241 6.892744064224734
103 6.528336439984521 8.302101080878291
104 7.886178722513910 7.065794064377766
105 8.375402614717757 6.620358730426732
106 7.376926238351126 7.529465307674129
107 6.522886349517121 8.307063354606324
108 6.672396204107422 8.170935554902194
109 7.671189796945795 7.261540154015401
110 5.980000000000000 3.600000000000000
111 5.230000000000000 1.460000000000000
112 5.682836575348649 2.752093694994810
113 5.608358363185451 2.539582529622486
114 5.714883883115978 2.843535346490922
115 5.727759398991730 2.880273485123068
116 9.789999999999999 0.970000000000000
117 1.650000000000000 9.550000000000001
118 5.024165900312673 5.993446753724480
119 6.281484305995390 4.668165190977833
120 9.018449612403101 1.783255813953488
121 5.098116970727986 5.915498328151582
122 7.668458655422816 3.206219255094869
123 6.705485672832788 4.221244831338412
124 4.516593940845408 6.528455035325110
125 6.077124396782842 4.883571581769437
126 3.802623032106111 7.281018966158423
127 7.248070901830119 3.649330671043928
128 6.284916998097874 4.664546947950890
129 4.279248216940950 6.778630257818998
130 9.085558038832239 1.712519905014667
131 4.951269956458634 6.070283018867926
132 6.249834558823529 4.701525735294118
133 4.530808365470186 6.513472263423317
134 4.311678743396754 6.744446729933150
135 5.804329505979688 5.171112142345734
136 5.066987844648680 5.948310109694634
137 5.616853621929063 5.368721857966664
138 4.923046104747249 6.100032484185331
139 6.110000000000000 0.650000000000000
140 4.590000000000000 8.130000000000001
141 5.492260001718039 3.689931044177020
142 5.731817897301768 2.511054031699193
143 5.050377366130175 5.864458750885718
144 5.490524284398816 3.698472600458455
145 4.854846872496169 6.826674601137274
146 5.412595381622788 4.081964832540494
147 4.793430725730443 7.128906691800188
148 5.508436385022545 3.610326210546952
149 5.002650677789364 6.099324296141814
150 5.652993377483444 2.898953642384106
151 4.925710291956077 6.477951984321411
152 5.444181262162914 3.926529051987767
153 5.036465735251441 5.932918618631068
154 4.998256604202804 6.120947763528308
155 6.210000000000000 2.900000000000000
156 7.530000000000000 1.630000000000000
157 6.893188968250691 2.242689401758804
158 6.762165308580243 2.368750044017494
159 9.260000000000000 8.359999999999999
160 4.728253031143514 2.742953482843332
161 6.819692308007616 5.335267613947282
162 5.503738366546057 3.704158340983961
163 4.398406787604227 2.334112983538694
164 8.836154900706921 7.834649035976768
165 4.808455864212760 2.842363941382543
166 6.290605429597053 4.679470715295799
167 3.907962105378947 1.726212627873722
168 5.429431802553768 3.612056237900283
169 6.312274101850733 4.706328777065441
170 5.189178443301451 3.314265054037263
171 5.310536975461623 3.464687512546583
172 4.630741976164471 2.622089688920495
173 5.681235058222864 3.924163381124501
174 8.029999999999999 1.980000000000000
175 0.500000000000000 3.720000000000000
176 1.867412676088811 3.404024162497406
177 3.779397590361445 2.962210915374646
178 3.969163647047301 2.918360591518950
179 6.728750569423140 2.280687119416167
180 4.553370457209848 2.783364595545135
181 1.896716903839790 3.397252667638615
182 5.078281573498964 2.662070393374741
183 2.512535634818960 3.254951925021913
184 4.449474699179218 2.807372380269344
185 1.902464413528038 3.395924557830175
186 2.280000000000000 0.140000000000000
187 1.830000000000000 3.700000000000000
188 1.959098130986602 2.678690341528212
189 1.831156526923947 3.690850587001665
190 1.871123606153458 3.374666582430426
191 1.920843254153662 2.981328922695473
192 2.090584389047815 1.638487944421730
193 8.859999999999999 1.240000000000000
194 9.031666424312927 1.828570597644322
195 4.640000000000000 3.150000000000000
196 4.348454465155255 3.207064072656445
197 3.657727542624480 3.342259733650013
198 1.882488045427376 3.689726539151226
199 2.165387769920705 3.634354706955022
200 2.985749679515656 3.473785649916865
201 3.989759344807380 3.277271302617772
202 1.870769671837404 3.692020170992679
203 3.400000000000000 4.100000000000000
204 5.570000000000000 6.420000000000000
205 5.183996931873650 6.007314692141414
206 4.150857614527445 4.902760214609987
207 3.892769108205633 4.626831488957174
208 5.392945556301036 6.230706769870232
209 5.570000000000000 8.470000000000001
210 7.950000000000000 2.500000000000000
211 7.182059515468439 4.426304492711520
212 5.868760499422811 7.720588159010849
213 6.700153839911135 5.635118309130473
214 7.366929356066297 3.962576363144624
215 6.677001801211724 5.693192960826053
216 5.824597053356753 7.831367895571510
217 7.047867233404176 4.762912864108014
218 6.258894264339153 6.741975311720698
219 6.322830220166646 6.581598145212240
220 3.170000000000000 2.700000000000000
221 3.899104837215049 3.013718416012850
222 4.875193507540002 3.433708760216415
223 7.613292707980857 4.611855029728816
224 6.000287436154981 3.917812920736008
225 5.296453791240594 3.614968165155315
226 7.718202598631469 4.656995540447007
227 8.163876843018212 4.848759757155247
228 4.997171141796468 3.486193160613620
229 5.362211649953678 3.643262383247001
230 4.144359597572937 3.119246360708674
231 4.594527256183307 3.312943998676483
232 5.687516033842570 3.783233990657361
233 8.250000000000000 9.820000000000000
234 2.420000000000000 4.680000000000000
235 2.574695460049711 4.816386734932335
236 6.571621404534062 8.340263125095211
237 4.502489047890377 6.516019503628908
238 3.856162709530593 5.946188049225943
239 2.526000604448398 4.773455078364454
240 3.858976214105067 5.948668566123507
241 3.297581648040097 5.453716924687153
242 3.619490608061182 5.737526882578812
243 5.790000000000000 0.440000000000000
244 2.190000000000000 5.340000000000000
245 4.138793164827341 2.687475970096120
246 5.370003311075547 1.011662159924949
247 3.427299015897047 3.655898561695685
248 2.940542280549709 4.318428562585118
249 2.907749284730317 4.363063473561513
250 2.933090515374621 4.328571242962322
251 4.818082674151569 1.762887471293697
252 3.415192018880069 3.672377529857684
253 2.848195020746887 4.444123443983403
254 9.100000000000000 8.529999999999999
255 6.616319237641453 5.533990470518166
256 5.030288630670007 3.620796599328394
257 4.952134071512244 3.526520471913873
258 5.530217872610679 4.223850258889115
259 8.319451299410353 7.588441253548810
260 5.660855253019760 4.381435260369129
261 1.538913388604692 4.840197565708237
262 1.726244898211209 5.042185819342649
263 2.777730279105814 6.175939005099423
264 7.669893733953947 4.761024288815082
265 7.689333333333334 4.812256410256410
266 4.020000000000000 2.660000000000000
267 5.490000000000000 3.000000000000000
268 5.153550684726903 2.922181791025270
269 4.487799570631172 2.768198540145986
270 5.700000000000000 3.130000000000000
271 8.076815905281832 9.365646433857041
272 5.879982795559306 3.602190157761475
273 6.300497512437811 4.705422885572140
274 7.180482539381287 7.014089485670906
275 5.714888654167767 3.169060822110730
276 0.340000000000000 3.470000000000000
277 1.394925066591675 2.954421371267154
278 4.696018014304905 1.341062252974032
279 1.622326422898105 2.843282406833162
280 1.980350609677568 2.668303514854291
281 1.100000000000000 4.920000000000000
282 1.752013580569339 4.801452076260120
283 2.050000000000000 5.260000000000000
284 3.964753705245628 6.564387232861504
285 4.364214501510574 6.836511820608336
286 3.731493075317776 6.405483146777968
287 2.980668858608582 5.893999335718791
288 2.219763120195315 3.682340953572365
289 4.842249044238121 3.624914254505735
290 5.353661574181565 3.613715439981426
291 3.381715781653519 3.656896734708317
292 3.623541786943168 3.651601274738471
293 4.505407344150298 3.632290350128096
294 1.870988231899590 3.689978359885411
295 5.695404701333063 3.606232013839422
296 9.930000000000000 0.110000000000000
297 6.670000000000000 1.350000000000000
298 9.369999999999999 1.100000000000000
299 7.610000000000000 4.890000000000000
300 7.647593572408388 4.809045659416030
301 0.880000000000000 2.500000000000000
302 4.880000000000000 6.030000000000000
303 3.027301491181591 4.394993565967754
304 2.913871822772802 4.294891883596998
305 2.956976755777826 4.332931986973931
306 4.414715552793627 5.619386475340375
307 4.042530322821421 5.290933009889905
308 1.901838444412987 3.401772427194461
309 3.658619713881465 4.952131897500394
310 5.082216078264568 6.144296044236495
311 8.960000000000001 4.910000000000000
312 6.230000000000000 4.700000000000000
313 5.730000000000000 2.830000000000000
314 4.200000000000000 4.200000000000000
315 5.250992190355920 3.258915489681300
316 4.321289447815329 4.091394416008497
317 4.395939209726444 4.024551165146910
318 3.680000000000000 6.590000000000000
319 4.197009103455967 6.543496535667981
320 3.720000000000000 4.580000000000000
321 2.960868806203439 4.377250674948745
322 2.923407022304889 4.367245353783294
323 1.829758288115124 4.075152834713977
324 2.660000000000000 3.850000000000000
325 4.720000000000000 7.460000000000000
326 2.943461857884771 4.346746265516516
327 3.368670677791444 5.091893760595685
328 3.858517058377559 5.950313874147081
329 3.452402132285585 5.238627037646099
330 3.759275078152458 5.776399530160374
331 4.967195194406399 2.278183393059281
332 6.193632612790386 6.516447214996862
333 5.649506141194061 4.636080956958239
334 3.544647585689267 3.732243132349262
335 4.370884827386132 4.114329368533023
336 1.945617329065753 2.992785478464679
337 5.210000000000000 2.030000000000000
338 2.770000000000000 4.790000000000000
339 8.619999999999999 7.740000000000000
340 4.008092002090956 5.414336992507406
341 5.579503807017952 6.206758330034694
342 3.507594344945432 5.161949285057953
343 3.896408826382153 5.814535038797285
344 1.400000000000000 8.090000000000000
345 2.160000000000000 0.990000000000000
346 5.576165641326862 6.281658422728537
347 3.181057014271618 5.615602933744073
348 5.750000000000000 6.330000000000000
618
0 4
4 5
5 3
3 6
6 2
2 1
7 8
9 24
24 21
21 12
12 27
27 18
18 26
26 16
16 29
29 25
25 20
20 17
17 15
15 22
22 19
19 23
23 28
28 13
13 11
11 14
14 10
30 31
31 35
35 11
11 37
37 33
33 32
32 34
34 36
36 7
39 42
42 43
43 44
44 45
45 47
47 40
40 41
41 46
46 48
48 38
49 68
68 55
55 2
2 60
60 54
54 56
56 59
59 61
61 65
65 40
40 64
64 50
50 69
69 67
67 57
57 53
53 52
52 66
66 70
70 62
62 63
63 58
58 51
51 30
71 92
92 80
80 83
83 93
93 79
79 91
91 87
87 85
85 86
86 77
77 50
50 89
89 41
41 84
84 76
76 78
78 75
75 81
81 90
90 74
74 88
88 12
12 73
73 82
82 72
30 95
95 99
99 13
13 100
100 97
97 96
96 98
98 94
101 107
107 103
103 51
51 108
108 95
95 31
31 106
106 14
14 109
109 104
104 102
102 105
105 8
111 73
73 113
113 112
112 114
114 115
115 110
117 126
126 129
129 134
134 124
124 133
133 138
138 131
131 118
118 136
136 52
52 121
121 137
137 135
135 125
125 15
15 132
132 119
119 128
128 123
123 127
127 122
122 120
120 130
130 116
140 147
147 145
145 151
151 154
154 149
149 118
118 153
153 53
53 143
143 146
146 152
152 144
144 141
141 148
148 16
16 150
150 112
112 142
142 139
155 158
158 157
157 156
1 167
167 163
163 74
74 172
172 160
160 165
165 170
170 171
171 168
168 141
141 162
162 173
173 17
17 119
119 166
166 169
169 161
161 96
96 32
32 102
102 164
164 159
175 176
176 181
181 185
185 183
183 42
42 54
54 177
177 178
178 184
184 75
75 180
180 160
160 182
182 18
18 113
113 142
142 179
179 157
157 174
187 189
189 176
176 190
190 191
191 188
188 3
3 192
192 55
55 186
193 120
120 194
194 7
187 202
202 198
198 199
199 200
200 43
43 56
56 197
197 201
201 76
76 196
196 195
203 77
77 207
207 206
206 57
57 143
143 121
121 205
205 208
208 204
209 216
216 212
212 58
58 218
218 219
219 19
19 215
215 213
213 161
161 217
217 211
211 214
214 122
122 210
220 177
177 221
221 230
230 78
78 196
196 231
231 222
222 228
228 225
225 229
229 144
144 162
162 232
232 20
20 224
224 123
123 211
211 223
223 226
226 227
227 94
234 239
239 235
235 79
79 241
241 242
242 238
238 240
240 237
237 124
124 145
145 212
212 103
103 236
236 233
244 235
235 253
253 249
249 250
250 248
248 252
252 247
247 44
44 59
59 197
197 221
221 178
178 245
245 163
163 251
251 21
21 246
246 243
195 222
222 257
257 256
256 146
146 258
258 260
260 125
125 22
22 255
255 213
213 97
97 33
33 104
104 259
259 254
175 261
261 262
262 80
80 263
263 126
126 140
139 179
179 158
158 127
127 214
214 223
223 264
264 265
265 98
98 34
34 105
105 164
164 254
266 245
245 269
269 81
81 180
180 165
165 268
268 267
270 275
275 272
272 224
224 128
128 166
166 273
273 255
255 215
215 23
23 274
274 99
99 35
35 106
106 271
271 233
276 277
277 279
279 188
188 280
280 60
60 167
167 278
278 24
24 246
246 82
82 139
281 261
261 282
282 234
283 83
83 287
287 286
286 284
284 129
129 285
285 147
147 216
216 107
107 236
236 271
271 10
175 189
189 294
294 198
198 288
288 291
291 247
247 45
45 61
61 292
292 84
84 293
293 289
289 256
256 225
225 290
290 168
168 148
148 295
295 25
25 272
272 110
297 296
299 300
300 264
264 226
226 194
194 130
130 298
301 4
4 277
277 190
190 181
181 308
308 199
199 288
288 304
304 248
248 305
305 303
303 85
85 309
309 307
307 306
306 302
302 131
131 149
149 310
310 62
62 204
312 132
132 273
273 169
169 217
217 300
300 265
265 227
227 36
36 311
314 316
316 46
46 317
317 289
289 257
257 228
228 170
170 315
315 26
26 150
150 114
114 313
318 284
284 319
319 237
237 133
133 151
151 63
63 204
175 323
323 249
249 322
322 321
321 303
303 86
86 320
324 304
304 250
250 326
326 321
321 87
87 327
327 329
329 330
330 238
238 328
328 319
319 134
134 285
285 325
9 278
278 251
251 88
88 331
331 182
182 268
268 315
315 171
171 290
290 229
229 152
152 258
258 333
333 135
135 332
332 218
218 108
108 30
301 5
5 279
279 191
191 336
336 183
183 200
200 291
291 252
252 334
334 64
64 89
89 316
316 335
335 38
283 239
239 253
253 322
322 326
326 305
305 334
334 47
47 65
65 292
292 201
201 230
230 184
184 269
269 90
90 172
172 331
331 27
27 337
338 91
91 327
327 342
342 340
340 306
306 153
153 136
136 66
66 205
205 341
341 332
332 219
219 274
274 28
28 100
100 37
37 109
109 259
259 339
318 286
286 328
328 240
240 343
343 340
340 307
307 206
206 67
67 335
335 48
48 317
317 293
293 231
231 195
344 92
92 262
262 282
282 323
323 202
202 294
294 308
308 185
185 336
336 280
280 6
6 192
192 68
68 345
204 346
346 341
341 137
137 333
333 260
260 173
173 232
232 295
295 29
29 275
275 115
115 313
344 263
263 287
287 347
347 241
241 329
329 342
342 309
309 207
207 69
69 314
244 93
93 347
347 242
242 330
330 343
343 138
138 154
154 310
310 70
70 208
208 346
346 348
482
0 0.600000000000000 3.800000000000000
1 0.900000000000000 3.200000000000000
2 0.900000000000000 3.700000000000000
3 0.900000000000000 3.200000000000000
4 1.200000000000000 3.600000000000000
5 1.200000000000000 4.000000000000000
6 1.400000000000000 3.500000000000000
7 1.500000000000000 7.300000000000000
8 1.500000000000000 7.200000000000000
9 1.500000000000000 3.900000000000000
10 1.500000000000000 6.300000000000000
11 1.500000000000000 3.900000000000000
12 1.500000000000000 2.600000000000000
13 1.600000000000000 3.900000000000000
14 1.600000000000000 7.600000000000000
15 1.600000000000000 4.600000000000000
16 1.600000000000000 4.200000000000000
17 1.600000000000000 3.900000000000000
18 1.700000000000000 5.700000000000000
19 1.700000000000000 7.400000000000000
20 1.700000000000000 3.300000000000000
21 1.700000000000000 6.800000000000000
22 1.700000000000000 6.500000000000000
23 1.700000000000000 4.600000000000000
24 1.700000000000000 5.600000000000000
25 1.800000000000000 3.400000000000000
26 1.800000000000000 3.900000000000000
27 1.800000000000000 6.700000000000000
28 1.800000000000000 4.000000000000000
29 1.900000000000000 6.700000000000000
30 1.900000000000000 5.200000000000000
31 2.000000000000000 6.000000000000000
32 2.000000000000000 3.200000000000000
33 2.000000000000000 2.400000000000000
34 2.000000000000000 4.600000000000000
35 2.000000000000000 5.300000000000000
36 2.000000000000000 2.600000000000000
37 2.100000000000000 6.600000000000000
38 2.100000000000000 7.100000000000000
39 2.100000000000000 1.800000000000000
40 2.100000000000000 2.000000000000000
41 2.100000000000000 5.900000000000000
42 2.100000000000000 1.700000000000000
43 2.100000000000000 6.100000000000000
44 2.100000000000000 5.500000000000000
45 2.100000000000000 4.300000000000000
46 2.200000000000000 4.600000000000000
47 2.200000000000000 2.100000000000000
48 2.200000000000000 1.800000000000000
49 2.200000000000000 4.500000000000000
50 2.200000000000000 3.000000000000000
51 2.200000000000000 5.100000000000000
52 2.200000000000000 3.200000000000000
53 2.300000000000000 4.500000000000000
54 2.300000000000000 5.600000000000000
55 2.300000000000000 4.000000000000000
56 2.300000000000000 1.900000000000000
57 2.400000000000000 4.000000000000000
58 2.500000000000000 5.400000000000000
59 2.500000000000000 6.400000000000000
60 2.500000000000000 5.500000000000000
61 2.500000000000000 4.000000000000000
62 2.500000000000000 3.800000000000000
63 2.500000000000000 5.300000000000000
64 2.500000000000000 6.100000000000000
65 2.600000000000000 3.000000000000000
66 2.600000000000000 4.700000000000000
67 2.600000000000000 3.100000000000000
68 2.600000000000000 6.200000000000000
69 2.700000000000000 6.000000000000000
70 2.700000000000000 2.400000000000000
71 2.700000000000000 5.900000000000000
72 2.700000000000000 4.200000000000000
73 2.700000000000000 3.800000000000000
74 2.800000000000000 4.500000000000000
75 2.800000000000000 6.100000000000000
76 2.800000000000000 3.200000000000000
77 2.800000000000000 4.800000000000000
78 2.800000000000000 3.100000000000000
79 2.800000000000000 2.300000000000000
80 2.800000000000000 3.600000000000000
81 2.900000000000000 3.300000000000000
82 2.900000000000000 4.300000000000000
83 2.900000000000000 6.000000000000000
84 2.900000000000000 5.200000000000000
85 2.900000000000000 2.300000000000000
86 2.900000000000000 2.900000000000000
87 2.900000000000000 5.300000000000000
88 3.000000000000000 3.300000000000000
89 3.000000000000000 5.400000000000000
90 3.000000000000000 3.600000000000000
91 3.000000000000000 5.900000000000000
92 3.000000000000000 4.200000000000000
93 3.100000000000000 3.600000000000000
94 3.100000000000000 2.500000000000000
95 3.200000000000000 2.400000000000000
96 3.200000000000000 5.500000000000000
97 3.200000000000000 5.700000000000000
98 3.200000000000000 4.500000000000000
99 3.200000000000000 2.400000000000000
100 3.200000000000000 2.200000000000000
101 3.200000000000000 5.100000000000000
102 3.200000000000000 3.500000000000000
103 3.200000000000000 2.500000000000000
104 3.200000000000000 3.100000000000000
105 3.200000000000000 6.400000000000000
106 3.300000000000000 5.600000000000000
107 3.300000000000000 2.600000000000000
108 3.300000000000000 4.500000000000000
109 3.400000000000000 4.200000000000000
110 3.400000000000000 3.600000000000000
111 3.400000000000000 3.200000000000000
112 3.400000000000000 3.100000000000000
113 3.400000000000000 2.300000000000000
114 3.400000000000000 3.100000000000000
115 3.500000000000000 6.700000000000000
116 3.500000000000000 2.600000000000000
117 3.500000000000000 2.200000000000000
118 3.500000000000000 2.300000000000000
119 3.600000000000000 5.200000000000000
120 3.600000000000000 1.700000000000000
121 3.600000000000000 4.300000000000000
122 3.600000000000000 2.800000000000000
123 3.600000000000000 5.700000000000000
124 3.600000000000000 7.000000000000000
125 3.600000000000000 6.800000000000000
126 3.600000000000000 2.700000000000000
127 3.700000000000000 4.100000000000000
128 3.700000000000000 6.800000000000000
129 3.700000000000000 4.400000000000000
130 3.700000000000000 3.600000000000000
131 3.700000000000000 2.400000000000000
132 3.800000000000000 6.200000000000000
133 3.800000000000000 3.800000000000000
134 3.900000000000000 2.000000000000000
135 3.900000000000000 5.400000000000000
136 3.900000000000000 7.000000000000000
137 3.900000000000000 4.400000000000000
138 4.000000000000000 5.500000000000000
139 4.000000000000000 5.300000000000000
140 4.000000000000000 4.200000000000000
141 4.000000000000000 6.800000000000000
142 4.000000000000000 6.400000000000000
143 4.100000000000000 7.000000000000000
144 4.100000000000000 7.300000000000000
145 4.100000000000000 6.500000000000000
146 4.100000000000000 3.700000000000000
147 4.100000000000000 4.700000000000000
148 4.100000000000000 1.700000000000000
149 4.100000000000000 5.300000000000000
150 4.100000000000000 3.300000000000000
151 4.100000000000000 3.300000000000000
152 4.100000000000000 2.200000000000000
153 4.100000000000000 3.400000000000000
154 4.100000000000000 5.900000000000000
155 4.200000000000000 3.500000000000000
156 4.200000000000000 6.000000000000000
157 4.200000000000000 6.600000000000000
158 4.200000000000000 3.000000000000000
159 4.200000000000000 5.200000000000000
160 4.200000000000000 2.900000000000000
161 4.200000000000000 2.400000000000000
162 4.200000000000000 5.500000000000000
163 4.200000000000000 4.900000000000000
164 4.200000000000000 3.300000000000000
165 4.200000000000000 5.200000000000000
166 4.200000000000000 5.400000000000000
167 4.200000000000000 3.800000000000000
168 4.300000000000000 7.500000000000000
169 4.300000000000000 4.700000000000000
170 4.300000000000000 1.700000000000000
171 4.300000000000000 7.000000000000000
172 4.300000000000000 2.700000000000000
173 4.400000000000000 7.300000000000000
174 4.400000000000000 2.200000000000000
175 4.400000000000000 7.400000000000000
176 4.400000000000000 3.000000000000000
177 4.400000000000000 5.500000000000000
178 4.400000000000000 7.000000000000000
179 4.400000000000000 7.200000000000000
180 4.400000000000000 4.100000000000000
181 4.400000000000000 7.900000000000000
182 4.500000000000000 0.700000000000000
183 4.500000000000000 2.400000000000000
184 4.500000000000000 2.900000000000000
185 4.500000000000000 4.900000000000000
186 4.600000000000000 4.600000000000000
187 4.600000000000000 2.500000000000000
188 4.600000000000000 3.700000000000000
189 4.600000000000000 1.300000000000000
190 4.600000000000000 2.300000000000000
191 4.600000000000000 6.300000000000000
192 4.600000000000000 4.300000000000000
193 4.600000000000000 6.400000000000000
194 4.600000000000000 1.900000000000000
195 4.600000000000000 6.200000000000000
196 4.700000000000000 5.300000000000000
197 4.700000000000000 3.500000000000000
198 4.700000000000000 7.500000000000000
199 4.700000000000000 6.700000000000000
200 4.700000000000000 5.000000000000000
201 4.700000000000000 4.500000000000000
202 4.700000000000000 7.000000000000000
203 4.700000000000000 4.000000000000000
204 4.700000000000000 4.000000000000000
205 4.800000000000000 1.400000000000000
206 4.800000000000000 3.400000000000000
207 4.800000000000000 5.000000000000000
208 4.800000000000000 1.500000000000000
209 4.800000000000000 4.000000000000000
210 4.900000000000000 2.200000000000000
211 4.900000000000000 6.700000000000000
212 4.900000000000000 6.900000000000000
213 4.900000000000000 3.900000000000000
214 4.900000000000000 1.500000000000000
215 4.900000000000000 1.400000000000000
216 5.000000000000000 2.200000000000000
217 5.000000000000000 2.900000000000000
218 5.000000000000000 4.700000000000000
219 5.000000000000000 2.400000000000000
220 5.000000000000000 2.700000000000000
221 5.000000000000000 4.000000000000000
222 5.000000000000000 3.500000000000000
223 5.100000000000000 6.500000000000000
224 5.100000000000000 6.700000000000000
225 5.100000000000000 6.300000000000000
226 5.100000000000000 5.300000000000000
227 5.100000000000000 1.800000000000000
228 5.200000000000000 4.900000000000000
229 5.200000000000000 4.300000000000000
230 5.200000000000000 1.100000000000000
231 5.200000000000000 3.000000000000000
232 5.200000000000000 4.700000000000000
233 5.200000000000000 1.800000000000000
234 5.200000000000000 3.600000000000000
235 5.200000000000000 1.300000000000000
236 5.200000000000000 7.100000000000000
237 5.200000000000000 3.700000000000000
238 5.300000000000000 6.000000000000000
239 5.300000000000000 6.200000000000000
240 5.300000000000000 5.100000000000000
241 5.300000000000000 1.500000000000000
242 5.300000000000000 5.400000000000000
243 5.300000000000000 5.800000000000000
244 5.300000000000000 5.800000000000000
245 5.400000000000000 1.300000000000000
246 5.400000000000000 1.300000000000000
247 5.400000000000000 6.600000000000000
248 5.400000000000000 4.400000000000000
249 5.400000000000000 1.400000000000000
250 5.400000000000000 3.600000000000000
251 5.400000000000000 1.100000000000000
252 5.400000000000000 2.600000000000000
253 5.500000000000000 2.800000000000000
254 5.500000000000000 4.700000000000000
255 5.500000000000000 5.800000000000000
256 5.500000000000000 7.300000000000000
257 5.600000000000000 5.100000000000000
258 5.600000000000000 5.500000000000000
259 5.600000000000000 7.500000000000000
260 5.600000000000000 3.100000000000000
261 5.600000000000000 3.000000000000000
262 5.600000000000000 5.100000000000000
263 5.600000000000000 3.000000000000000
264 5.600000000000000 6.100000000000000
265 5.700000000000000 2.300000000000000
266 5.700000000000000 4.200000000000000
267 5.700000000000000 4.800000000000000
268 5.700000000000000 7.300000000000000
269 5.700000000000000 4.200000000000000
270 5.700000000000000 6.500000000000000
271 5.700000000000000 7.000000000000000
272 5.800000000000000 6.200000000000000
273 5.800000000000000 6.400000000000000
274 5.800000000000000 3.100000000000000
275 5.800000000000000 3.300000000000000
276 5.800000000000000 2.700000000000000
277 5.800000000000000 6.800000000000000
278 5.800000000000000 6.300000000000000
279 5.800000000000000 5.700000000000000
280 5.800000000000000 5.500000000000000
281 5.900000000000000 2.900000000000000
282 5.900000000000000 6.800000000000000
283 5.900000000000000 4.700000000000000
284 5.900000000000000 4.500000000000000
285 5.900000000000000 4.500000000000000
286 5.900000000000000 6.600000000000000
287 5.900000000000000 1.400000000000000
288 6.000000000000000 6.600000000000000
289 6.000000000000000 5.000000000000000
290 6.000000000000000 3.400000000000000
291 6.000000000000000 6.400000000000000
292 6.100000000000000 5.500000000000000
293 6.100000000000000 4.300000000000000
294 6.100000000000000 2.900000000000000
295 6.100000000000000 2.800000000000000
296 6.100000000000000 4.500000000000000
297 6.100000000000000 2.400000000000000
298 6.100000000000000 3.300000000000000
299 6.100000000000000 8.000000000000000
300 6.100000000000000 6.100000000000000
301 6.200000000000000 7.400000000000000
302 6.200000000000000 4.700000000000000
303 6.200000000000000 3.400000000000000
304 6.200000000000000 4.300000000000000
305 6.200000000000000 4.300000000000000
306 6.200000000000000 4.800000000000000
307 6.200000000000000 3.900000000000000
308 6.200000000000000 4.500000000000000
309 6.300000000000000 6.900000000000000
310 6.300000000000000 6.400000000000000
311 6.300000000000000 7.600000000000000
312 6.300000000000000 4.200000000000000
313 6.300000000000000 4.900000000000000
314 6.400000000000000 3.000000000000000
315 6.400000000000000 3.800000000000000
316 6.400000000000000 2.900000000000000
317 6.500000000000000 7.900000000000000
318 6.500000000000000 5.200000000000000
319 6.500000000000000 5.700000000000000
320 6.500000000000000 3.000000000000000
321 6.500000000000000 6.500000000000000
322 6.500000000000000 7.100000000000000
323 6.500000000000000 4.700000000000000
324 6.500000000000000 5.500000000000000
325 6.600000000000000 3.900000000000000
326 6.600000000000000 3.100000000000000
327 6.600000000000000 4.600000000000000
328 6.600000000000000 6.600000000000000
329 6.600000000000000 5.400000000000000
330 6.600000000000000 8.300000000000001
331 6.600000000000000 7.800000000000000
332 6.700000000000000 5.200000000000000
333 6.700000000000000 5.800000000000000
334 6.700000000000000 4.000000000000000
335 6.700000000000000 7.800000000000000
336 6.700000000000000 7.500000000000000
337 6.700000000000000 3.100000000000000
338 6.700000000000000 6.700000000000000
339 6.700000000000000 3.900000000000000
340 6.800000000000000 8.000000000000000
341 6.800000000000000 6.500000000000000
342 6.800000000000000 3.700000000000000
343 6.800000000000000 6.400000000000000
344 6.800000000000000 2.800000000000000
345 6.800000000000000 3.900000000000000
346 6.800000000000000 7.700000000000000
347 6.800000000000000 3.500000000000000
348 6.800000000000000 3.300000000000000
349 6.900000000000000 7.200000000000000
350 6.900000000000000 7.500000000000000
351 6.900000000000000 7.000000000000000
352 6.900000000000000 7.100000000000000
353 6.900000000000000 7.000000000000000
354 6.900000000000000 8.500000000000000
355 6.900000000000000 7.600000000000000
356 7.000000000000000 3.000000000000000
357 7.000000000000000 6.400000000000000
358 7.000000000000000 5.200000000000000
359 7.100000000000000 5.600000000000000
360 7.100000000000000 5.900000000000000
361 7.100000000000000 3.800000000000000
362 7.100000000000000 8.400000000000000
363 7.200000000000000 6.000000000000000
364 7.200000000000000 4.000000000000000
365 7.200000000000000 8.600000000000000
366 7.200000000000000 3.900000000000000
367 7.200000000000000 4.600000000000000
368 7.300000000000000 6.800000000000000
369 7.300000000000000 6.200000000000000
370 7.300000000000000 5.200000000000000
371 7.300000000000000 4.300000000000000
372 7.400000000000000 6.600000000000000
373 7.400000000000000 8.000000000000000
374 7.400000000000000 5.100000000000000
375 7.400000000000000 8.199999999999999
376 7.400000000000000 8.500000000000000
377 7.500000000000000 4.500000000000000
378 7.500000000000000 6.200000000000000
379 7.500000000000000 7.300000000000000
380 7.500000000000000 7.400000000000000
381 7.500000000000000 5.200000000000000
382 7.500000000000000 8.100000000000000
383 7.500000000000000 5.500000000000000
384 7.500000000000000 4.100000000000000
385 7.600000000000000 5.400000000000000
386 7.600000000000000 5.200000000000000
387 7.700000000000000 3.600000000000000
388 7.700000000000000 4.600000000000000
389 7.700000000000000 4.400000000000000
390 7.700000000000000 6.700000000000000
391 7.700000000000000 6.000000000000000
392 7.700000000000000 7.500000000000000
393 7.700000000000000 8.100000000000000
394 7.700000000000000 8.800000000000001
395 7.700000000000000 4.500000000000000
396 7.700000000000000 3.200000000000000
397 7.700000000000000 9.000000000000000
398 7.800000000000000 3.300000000000000
399 7.800000000000000 7.400000000000000
400 7.800000000000000 9.100000000000000
401 7.800000000000000 3.300000000000000
402 7.800000000000000 6.900000000000000
403 7.900000000000000 7.000000000000000
404 7.900000000000000 6.600000000000000
405 7.900000000000000 7.700000000000000
406 7.900000000000000 4.900000000000000
407 7.900000000000000 4.600000000000000
408 7.900000000000000 8.400000000000000
409 7.900000000000000 3.100000000000000
410 7.900000000000000 8.800000000000001
411 8.000000000000000 9.300000000000001
412 8.000000000000000 9.100000000000000
413 8.000000000000000 7.100000000000000
414 8.100000000000000 4.000000000000000
415 8.100000000000000 3.300000000000000
416 8.100000000000000 8.300000000000001
417 8.100000000000000 5.300000000000000
418 8.100000000000000 4.500000000000000
419 8.100000000000000 6.100000000000000
420 8.199999999999999 7.300000000000000
421 8.199999999999999 7.200000000000000
422 8.199999999999999 5.800000000000000
423 8.199999999999999 3.100000000000000
424 8.199999999999999 7.300000000000000
425 8.199999999999999 7.400000000000000
426 8.199999999999999 8.600000000000000
427 8.199999999999999 4.800000000000000
428 8.199999999999999 5.000000000000000
429 8.199999999999999 7.100000000000000
430 8.199999999999999 3.600000000000000
431 8.300000000000001 2.700000000000000
432 8.300000000000001 5.700000000000000
433 8.300000000000001 7.100000000000000
434 8.400000000000000 3.700000000000000
435 8.400000000000000 5.300000000000000
436 8.400000000000000 6.700000000000000
437 8.500000000000000 7.600000000000000
438 8.500000000000000 4.100000000000000
439 8.500000000000000 4.800000000000000
440 8.500000000000000 3.300000000000000
441 8.500000000000000 7.700000000000000
442 8.500000000000000 5.000000000000000
443 8.500000000000000 5.000000000000000
444 8.500000000000000 6.100000000000000
445 8.500000000000000 6.500000000000000
446 8.500000000000000 6.700000000000000
447 8.500000000000000 3.200000000000000
448 8.500000000000000 4.000000000000000
449 8.600000000000000 6.000000000000000
450 8.600000000000000 4.400000000000000
451 8.600000000000000 7.200000000000000
452 8.699999999999999 6.200000000000000
453 8.699999999999999 2.700000000000000
454 8.699999999999999 2.500000000000000
455 8.699999999999999 7.200000000000000
456 8.699999999999999 2.600000000000000
457 8.699999999999999 3.200000000000000
458 8.699999999999999 7.000000000000000
459 8.699999999999999 4.900000000000000
460 8.800000000000001 3.500000000000000
461 8.800000000000001 7.600000000000000
462 8.900000000000000 4.600000000000000
463 8.900000000000000 2.500000000000000
464 8.900000000000000 4.200000000000000
465 8.900000000000000 6.500000000000000
466 9.000000000000000 8.100000000000000
467 9.000000000000000 7.300000000000000
468 9.000000000000000 5.500000000000000
469 9.100000000000000 4.800000000000000
470 9.100000000000000 4.500000000000000
471 9.100000000000000 3.600000000000000
472 9.199999999999999 5.200000000000000
473 9.300000000000001 3.100000000000000
474 9.300000000000001 3.100000000000000
475 9.300000000000001 5.700000000000000
476 9.300000000000001 4.700000000000000
477 9.300000000000001 4.200000000000000
478 9.400000000000000 4.700000000000000
479 9.400000000000000 4.800000000000000
480 9.400000000000000 5.100000000000000
481 9.400000000000000 5.200000000000000
