296
0 9.130000000000001 7.640000000000000
1 1.110000000000000 1.680000000000000
2 4.323238659731462 4.067893068827869
3 3.607628733832754 3.536093173770974
4 7.816023953385236 6.663529022715212
5 8.553074475259210 7.211262328247492
6 4.591914719887854 4.267557572385487
7 5.531014083128387 4.965441887212616
8 5.173871707445915 4.700034336206690
9 7.791589443471130 6.645370708614455
10 6.626977579845173 5.779898550608133
11 6.754219431104545 5.874457332840783
12 3.081116025551063 3.144819390559144
13 2.965863811835874 3.059170613284515
14 4.374703542841288 4.106138792435670
15 5.611967377340376 5.025601691888857
16 6.785600448130344 5.897777889134270
17 7.010224843182871 6.064705743811709
18 2.420000000000000 9.630000000000001
19 0.940000000000000 8.109999999999999
20 1.621789379455865 8.810216119441160
21 5.440000000000000 9.350000000000000
22 0.800000000000000 5.590000000000000
23 2.221235184029944 6.741690580162196
24 4.714071984034135 8.761747987062144
25 4.448354988967885 8.546425594508458
26 2.992976143918656 7.367066875244427
27 2.657125568971627 7.094912098994249
28 4.110080027663884 8.272306229313836
29 4.138424326431604 8.295274885211816
30 3.760000000000000 7.750000000000000
31 0.300000000000000 1.040000000000000
32 3.280679177445521 6.820450081115448
33 2.878252544950687 6.040021553936159
34 2.217148532803123 4.757938339626866
35 3.153868613138686 6.574525547445256
36 3.599061164706008 7.437890293403848
37 2.774599692951617 5.839006918989986
38 3.444220759914459 7.137607311857231
39 7.290000000000000 8.800000000000001
40 3.660000000000000 3.010000000000000
41 7.147247525727510 8.572303904672806
42 5.469875262205568 5.896825831451856
43 7.118403858966863 8.526297064302517
44 6.118368357702401 6.931199116004656
45 6.750402893458992 7.939320317665997
46 4.502520093958230 4.353854364743293
47 5.946253895699147 6.656669436941616
48 4.725065625841859 4.708823684194040
49 5.767059322033898 6.370846687211094
50 6.425999101258238 7.421882863990414
51 5.596931366260423 6.099485567671584
52 4.368875600253691 4.140685874784814
53 6.770637836308330 7.971595887665353
54 6.619115663604582 7.729911760956068
55 6.045099645433427 6.814332492302904
56 7.490000000000000 8.320000000000000
57 6.050000000000000 9.380000000000001
58 6.968028093951045 8.704229319730482
59 7.083638219064177 8.619127422077760
60 7.178531998905352 8.549275056361338
61 6.793204591036360 8.832918842709347
62 3.220000000000000 7.430000000000000
63 3.537794784883894 4.237606933666340
64 3.415483458683577 5.466279801405889
65 3.530495383471972 4.310932738758826
66 3.488475569490303 4.733040870120140
67 3.494440578648599 4.673119641757254
68 3.308146629069470 6.544527044347603
69 3.458122871199697 5.037947521130315
70 3.454063056558363 5.078730204572805
71 3.519973082099596 4.416634038908601
72 3.223582305581522 7.394014112112897
73 3.258467553732794 7.043575937502391
74 9.980000000000000 9.770000000000000
75 2.970000000000000 3.750000000000000
76 7.462347400327078 7.607907467898574
77 3.012789134081814 3.786746160794938
78 7.497095483018428 7.637748189410974
79 4.112067216675248 4.730776696773893
80 6.351405505375683 6.653860362676406
81 4.100741357717922 4.721050352847630
82 6.919177754698126 7.141447943406948
83 7.159777511369538 7.348068561832328
84 5.685751909402160 6.082214906505136
85 3.243041359231045 3.984480596657758
86 7.607590822179725 7.732638623326953
87 9.682265257718043 9.514313388225766
88 4.249429929204346 4.848740110386613
89 6.326264450887814 6.632269899335897
90 6.777505170794778 7.019783327843731
91 6.304055667386808 6.613197591678827
92 4.030000000000000 4.810000000000000
93 4.026784467204070 4.813434064150993
94 3.884985094192020 4.964870287756095
95 3.719147037658911 5.141978891820581
96 3.509448221462645 5.365929083874845
97 3.931385806451613 4.915316129032258
98 2.742207139450416 6.185312763693730
99 7.043373649341166 8.726640887197798
100 5.752044569153969 8.342534503572711
101 5.131520010261672 8.157959209851207
102 4.924240617725543 8.096303866462272
103 5.927687153530975 8.394779464931311
104 4.541260420785208 7.982386244142909
105 5.012233112231026 8.641327499098940
106 4.687699612143907 8.410327671526014
107 4.404403714801768 8.208680373417852
108 4.323788905317138 8.151299526492112
109 6.750000000000000 9.510000000000000
110 9.600000000000000 1.900000000000000
111 7.276588275983616 8.103916919215678
112 7.442987776663356 7.659601059505914
113 7.424825319958492 7.708098005303816
114 8.576321460456239 4.633401293308078
115 7.453749827514834 7.630864495653373
116 7.831275780789628 6.622803967786290
117 7.349991355463347 7.907917819271553
118 8.218141018070154 5.589805913153025
119 8.669111160931781 4.385636514143561
120 7.466349355076653 7.597221546619885
121 7.141225036561099 8.465360516410540
122 8.358441399367111 5.215179280988169
123 6.970045892620294 8.922438862161250
124 8.462828504043127 4.936447397976072
125 7.010341221671938 7.834337147951560
126 5.613610541427399 6.420123051681706
127 6.842337861844646 7.664230825344787
128 3.938677459259748 4.724224186844362
129 4.996212080425734 5.794996376286418
130 6.539336138946860 7.357436313147864
131 5.345266796837489 6.148420345059376
132 3.251524519883348 4.028469889395100
133 2.832241491665091 3.603938533980787
134 4.222035592026296 5.011129222524539
135 6.738162010451677 7.558750964685426
136 6.773359387296850 7.594388920656615
137 6.021245398947942 6.832860431758139
138 8.680000000000000 7.160000000000000
139 2.490000000000000 9.660000000000000
140 7.387908751368408 7.681846223195311
141 7.474941716923452 7.646695590903291
142 7.287024868639499 7.722590925428312
143 7.505203564051481 7.634473520173069
144 6.883464481918176 7.885579773054049
145 6.770930521816996 7.931029676164380
146 5.792335188308925 8.326262040262954
147 5.230000000000000 2.580000000000000
148 6.820000000000000 1.130000000000000
149 5.306164326805093 2.510541966121142
150 3.100000000000000 7.770000000000000
151 2.849959850442900 8.544714561742492
152 2.526340600927970 9.547403711878914
153 8.070000000000000 0.910000000000000
154 5.000341738588467 3.873283965224005
155 4.122585867775478 4.720622553385058
156 7.652137925644166 1.313381705442513
157 4.299921941687664 4.549431788964879
158 5.069839790182943 3.806194261952109
159 6.812831142859199 2.123603599715130
160 5.882748335698580 3.021455814548400
161 7.990000000000000 8.109999999999999
162 3.940000000000000 5.230000000000000
163 6.567386907929749 7.098364023416710
164 6.757364657814096 7.233459312223357
165 7.236632069476806 7.574271693850172
166 5.255950920245398 6.165787321063394
167 4.547258064516130 5.661827956989248
168 4.158858483729597 5.385632699541048
169 6.517807454170207 7.063107522965480
170 6.775868559578880 7.246617642367204
171 6.103824769527621 6.768719836108531
172 6.850000000000000 7.680000000000000
173 3.750000000000000 1.300000000000000
174 5.399903459861727 4.695607765779942
175 6.468499572084338 6.894847506418735
176 6.659945097283760 7.288854748603351
177 6.040162304081470 6.013301774206381
178 4.021003269660987 1.857742213044226
179 4.565096445347637 2.977521071392879
180 6.168597618597619 6.277629937629939
181 6.773872121823685 7.523323915237134
182 4.663932872542074 3.180932815102720
183 6.324087652178963 6.597638458355415
184 8.750000000000000 4.630000000000000
185 0.580000000000000 4.790000000000000
186 3.572451139397075 4.731396305715602
187 6.252904301355655 4.678902730940403
188 2.730337483825807 4.747888127611734
189 3.387778538444763 4.735012904999857
190 3.776357504215851 4.727403035413153
191 2.876928653058501 4.745017309120029
192 2.550787598913978 4.751404404427634
193 4.271534888290409 4.717705559103248
194 5.464693644099173 4.694338924962562
195 6.794471163272984 4.668296770364299
196 7.720792828403169 4.650155832001897
197 7.640000000000000 7.770000000000000
198 2.580000000000000 3.990000000000000
199 6.850716305372290 7.180377002827521
200 7.188548745309269 7.432749853215225
201 5.443694460641400 6.129281632653061
202 3.355881444668673 4.569611039693198
203 4.112464589235127 5.134805562709245
204 2.923545511092681 4.246640717772793
205 2.713149502079919 4.089467414597252
206 4.191244017386209 5.193656597968353
207 6.430322656722137 6.866327992571083
208 6.776745180798075 7.125117941386704
209 6.199836170019113 6.694146387879891
210 9.119999999999999 5.890000000000000
211 7.061986220004751 7.060243129801219
212 6.135555555555555 7.587037037037037
213 6.964244309158284 7.115821863419799
214 5.920739217072700 7.709187504017484
215 6.626600397614315 7.307815460180096
216 6.776040115915676 7.222839934087164
217 5.433588317107093 7.986194878507732
218 5.286159030522974 8.070027217937916
219 3.260000000000000 1.860000000000000
220 2.600000000000000 0.650000000000000
221 2.890332749562171 1.182276707530648
222 6.080000000000000 4.170000000000000
223 6.664999058203051 5.891805738682740
224 7.137214280450962 7.281659052391129
225 6.783134845873251 6.239510361967370
226 6.783559439538787 6.240760052543238
227 2.560000000000000 6.690000000000000
228 8.680000000000000 5.500000000000000
229 3.721245836109261 6.464202198534311
230 5.003518850987433 6.214871334530222
231 2.697500842034355 6.663263725159987
232 3.985579141901003 6.412804055741471
233 6.050213009838572 6.011347470309166
234 6.785813029342110 5.868314133183478
235 8.679894595069390 5.500020495403174
236 7.422451495092444 5.744523320398692
237 2.560000000000000 4.680000000000000
238 3.445205459384232 5.032799277290818
239 2.871401347289382 4.804109232615334
240 2.567562585627102 4.683014073981815
241 7.320000000000000 0.310000000000000
242 8.215601911605679 3.015594586109464
243 2.978005218661935 2.610139964513098
244 3.063682065884432 2.660373116009622
245 2.116768281938326 2.105188546255507
246 3.840000000000000 7.080000000000000
247 3.267322713574020 4.110391167968509
248 2.678209418586071 1.055553678635835
249 3.021139910253834 2.833814212042060
250 2.948355716281746 2.456392948138407
251 2.670000000000000 6.450000000000000
252 6.270000000000000 7.750000000000000
253 4.186112448042004 5.224075694596369
254 5.711708099438653 7.073282544774125
255 0.050000000000000 9.150000000000000
256 6.760000000000000 6.920000000000000
257 9.670000000000000 9.710000000000001
258 6.778099902490913 6.937353514759329
259 2.150000000000000 0.740000000000000
260 4.686890658021627 2.255545068428504
261 4.269623863110837 2.006268801338942
262 1.820000000000000 7.230000000000000
263 2.635575381823681 7.325303190685014
264 3.808522491654498 7.462366673182099
265 4.168967185722049 7.504486053163026
266 5.027396949289866 7.604796946883310
267 2.514736378603974 8.617181988742965
268 2.688896714630580 6.755249669040348
269 9.890000000000001 6.200000000000000
270 2.480000000000000 5.040000000000000
271 3.098193211054859 2.519673831853265
272 4.730000000000000 2.000000000000000
273 4.602596851316896 2.755224850441084
274 4.539637241998912 3.128439029387891
275 3.830335145288442 7.333064860403563
276 3.720000000000000 0.770000000000000
277 6.773050322970693 7.637225236261813
278 4.821431314612345 3.247449147433368
279 6.797146874201153 7.691425602194751
280 6.314261139162016 6.605270853633330
281 6.770000000000000 8.060000000000000
282 6.800485805364305 3.834667376507323
283 6.772621013591778 7.696727516179424
284 6.783123385700663 6.241098741888000
285 5.230000000000000 3.420000000000000
286 8.239575263930643 5.109851429769978
287 2.260000000000000 9.140000000000001
288 1.290000000000000 4.210000000000000
289 7.480000000000000 2.900000000000000
290 8.880000000000001 3.120000000000000
291 5.214229229717856 8.033615151810993
292 4.190331644287861 8.254957718073065
293 8.190000000000000 9.539999999999999
294 4.766868105176693 7.807153481306141
295 8.690000000000000 4.760000000000000
522
1 13
13 12
12 3
3 2
2 14
14 6
6 8
8 7
7 15
15 10
10 11
11 16
16 17
17 9
9 4
4 5
5 0
19 20
20 18
22 23
23 27
27 26
26 28
28 29
29 25
25 24
24 21
31 34
34 37
37 33
33 35
35 32
32 38
38 36
36 30
40 2
2 52
52 46
46 48
48 42
42 51
51 49
49 47
47 55
55 44
44 50
50 54
54 45
45 53
53 43
43 41
41 39
57 61
61 58
58 59
59 41
41 60
60 56
62 72
72 73
73 32
32 68
68 64
64 70
70 69
69 66
66 67
67 71
71 65
65 63
63 3
3 40
75 77
77 85
85 63
63 81
81 79
79 88
88 42
42 84
84 91
91 89
89 80
80 90
90 82
82 83
83 76
76 78
78 86
86 87
87 74
19 23
23 98
98 33
33 64
64 96
96 95
95 94
94 97
97 93
93 92
30 104
104 102
102 101
101 100
100 103
103 58
58 99
99 39
30 108
108 107
107 106
106 105
105 57
109 123
123 99
99 59
59 43
43 121
121 111
111 117
117 113
113 112
112 115
115 76
76 120
120 4
4 116
116 118
118 122
122 124
124 114
114 119
119 110
31 133
133 77
77 132
132 65
65 128
128 93
93 134
134 129
129 131
131 126
126 137
137 44
44 130
130 135
135 136
136 127
127 125
125 111
111 56
139 24
24 105
105 100
100 146
146 45
45 145
145 144
144 125
125 142
142 140
140 112
112 141
141 78
78 143
143 5
5 138
147 149
149 148
139 152
152 151
151 150
92 79
79 155
155 157
157 46
46 6
6 154
154 158
158 160
160 159
159 156
156 153
162 168
168 167
167 166
166 126
126 47
47 171
171 169
169 163
163 164
164 170
170 165
165 140
140 113
113 161
173 178
178 179
179 182
182 154
154 174
174 7
7 177
177 180
180 183
183 80
80 175
175 163
163 176
176 181
181 127
127 172
185 34
34 192
192 188
188 191
191 189
189 66
66 186
186 190
190 128
128 81
81 155
155 193
193 48
48 8
8 174
174 194
194 187
187 195
195 196
196 114
114 184
198 205
205 204
204 202
202 67
67 186
186 94
94 203
203 206
206 129
129 201
201 49
49 209
209 207
207 175
175 208
208 199
199 200
200 115
115 141
141 197
139 25
25 106
106 101
101 218
218 217
217 214
214 212
212 50
50 130
130 215
215 176
176 164
164 216
216 199
199 82
82 213
213 211
211 9
9 116
116 210
220 221
221 219
222 187
187 10
10 223
223 225
225 226
226 211
211 224
224 83
83 200
200 165
165 142
142 117
117 56
227 231
231 35
35 68
68 229
229 232
232 230
230 166
166 131
131 201
201 51
51 84
84 177
177 233
233 223
223 11
11 234
234 236
236 118
118 235
235 228
237 240
240 188
188 239
239 238
238 69
69 95
95 162
241 156
156 242
242 119
119 184
31 245
245 243
243 244
244 40
220 248
248 250
250 243
243 249
249 12
12 85
85 132
132 247
247 202
202 189
189 238
238 70
70 96
96 229
229 246
227 251
75 247
247 71
71 190
190 97
97 203
203 253
253 167
167 230
230 254
254 212
212 252
255 19
256 258
258 213
213 224
224 120
120 143
143 86
86 257
259 248
248 221
221 178
178 261
261 260
260 147
262 263
263 26
26 72
72 36
36 264
264 265
265 266
266 214
214 252
18 267
267 263
263 27
27 268
268 231
231 98
98 37
37 239
239 191
191 204
204 75
257 87
87 269
257 74
270 192
192 240
240 205
205 133
133 13
13 249
249 244
244 271
271 219
30 264
264 275
275 232
232 168
168 253
253 206
206 134
134 88
88 193
193 157
157 52
52 14
14 274
274 179
179 273
273 260
260 272
276 261
261 273
273 278
278 158
158 194
194 15
15 233
233 180
180 280
280 89
89 207
207 169
169 215
215 135
135 277
277 279
279 144
144 121
121 60
60 39
281 53
53 145
145 283
283 277
277 136
136 181
181 170
170 216
216 208
208 90
90 258
258 284
284 225
225 16
16 234
234 195
195 282
282 159
159 148
1 245
245 250
250 271
271 274
274 182
182 278
278 285
272 149
149 160
160 282
282 196
196 286
286 122
122 235
235 210
287 18
31 288
289 242
242 290
255 20
20 267
267 151
151 28
28 292
292 107
107 102
102 291
291 217
217 54
54 283
283 279
279 172
227 268
268 73
73 38
38 275
275 265
265 294
294 291
291 218
218 146
146 103
103 61
61 123
123 293
18 152
152 29
29 292
292 108
108 104
104 294
294 266
266 254
254 137
137 55
55 171
171 209
209 91
91 280
280 183
183 284
284 226
226 17
17 236
236 286
286 124
124 295
594
0 0.100000000000000 9.100000000000000
1 0.300000000000000 9.000000000000000
2 0.400000000000000 4.100000000000000
3 0.400000000000000 2.900000000000000
4 0.400000000000000 3.300000000000000
5 0.500000000000000 1.500000000000000
6 0.500000000000000 6.000000000000000
7 0.500000000000000 5.100000000000000
8 0.500000000000000 6.000000000000000
9 0.500000000000000 6.400000000000000
10 0.500000000000000 4.800000000000000
11 0.500000000000000 6.500000000000000
12 0.600000000000000 6.700000000000000
13 0.600000000000000 5.200000000000000
14 0.600000000000000 5.300000000000000
15 0.600000000000000 3.700000000000000
16 0.700000000000000 8.800000000000001
17 0.700000000000000 6.500000000000000
18 0.700000000000000 6.100000000000000
19 0.700000000000000 7.800000000000000
20 0.700000000000000 6.100000000000000
21 0.700000000000000 1.500000000000000
22 0.700000000000000 7.000000000000000
23 0.700000000000000 8.300000000000001
24 0.700000000000000 8.900000000000000
25 0.800000000000000 6.800000000000000
26 0.800000000000000 7.800000000000000
27 0.800000000000000 4.900000000000000
28 0.800000000000000 5.500000000000000
29 0.800000000000000 6.600000000000000
30 0.800000000000000 5.400000000000000
31 0.900000000000000 6.900000000000000
32 0.900000000000000 3.000000000000000
33 0.900000000000000 4.800000000000000
34 0.900000000000000 2.600000000000000
35 0.900000000000000 8.100000000000000
36 0.900000000000000 3.600000000000000
37 1.000000000000000 5.000000000000000
38 1.000000000000000 5.400000000000000
39 1.000000000000000 5.100000000000000
40 1.000000000000000 7.400000000000000
41 1.000000000000000 2.400000000000000
42 1.000000000000000 4.200000000000000
43 1.000000000000000 2.000000000000000
44 1.000000000000000 8.500000000000000
45 1.000000000000000 7.900000000000000
46 1.100000000000000 2.900000000000000
47 1.100000000000000 7.300000000000000
48 1.100000000000000 1.800000000000000
49 1.100000000000000 8.800000000000001
50 1.100000000000000 2.900000000000000
51 1.100000000000000 8.199999999999999
52 1.100000000000000 3.500000000000000
53 1.200000000000000 8.400000000000000
54 1.200000000000000 1.600000000000000
55 1.200000000000000 2.800000000000000
56 1.200000000000000 2.400000000000000
57 1.200000000000000 7.100000000000000
58 1.200000000000000 8.199999999999999
59 1.300000000000000 1.800000000000000
60 1.300000000000000 2.000000000000000
61 1.300000000000000 2.600000000000000
62 1.300000000000000 4.900000000000000
63 1.300000000000000 5.800000000000000
64 1.300000000000000 4.900000000000000
65 1.300000000000000 5.500000000000000
66 1.300000000000000 4.700000000000000
67 1.300000000000000 4.200000000000000
68 1.300000000000000 4.900000000000000
69 1.400000000000000 2.100000000000000
70 1.400000000000000 6.300000000000000
71 1.400000000000000 5.000000000000000
72 1.400000000000000 2.200000000000000
73 1.400000000000000 2.500000000000000
74 1.500000000000000 4.400000000000000
75 1.500000000000000 4.700000000000000
76 1.500000000000000 8.500000000000000
77 1.500000000000000 2.700000000000000
78 1.500000000000000 4.400000000000000
79 1.500000000000000 3.100000000000000
80 1.500000000000000 3.800000000000000
81 1.600000000000000 7.200000000000000
82 1.600000000000000 6.800000000000000
83 1.600000000000000 6.800000000000000
84 1.600000000000000 8.600000000000000
85 1.600000000000000 3.300000000000000
86 1.600000000000000 7.300000000000000
87 1.700000000000000 7.500000000000000
88 1.700000000000000 2.300000000000000
89 1.700000000000000 2.300000000000000
90 1.700000000000000 4.100000000000000
91 1.700000000000000 5.300000000000000
92 1.700000000000000 8.600000000000000
93 1.700000000000000 3.500000000000000
94 1.800000000000000 7.400000000000000
95 1.800000000000000 4.500000000000000
96 1.900000000000000 8.199999999999999
97 1.900000000000000 5.500000000000000
98 1.900000000000000 7.100000000000000
99 1.900000000000000 2.900000000000000
100 1.900000000000000 2.900000000000000
101 1.900000000000000 6.700000000000000
102 1.900000000000000 6.200000000000000
103 1.900000000000000 4.900000000000000
104 1.900000000000000 7.000000000000000
105 2.000000000000000 5.700000000000000
106 2.000000000000000 6.300000000000000
107 2.000000000000000 7.100000000000000
108 2.000000000000000 9.000000000000000
109 2.000000000000000 2.200000000000000
110 2.000000000000000 8.100000000000000
111 2.000000000000000 7.500000000000000
112 2.000000000000000 6.700000000000000
113 2.100000000000000 3.100000000000000
114 2.100000000000000 6.100000000000000
115 2.100000000000000 7.100000000000000
116 2.100000000000000 4.300000000000000
117 2.100000000000000 8.100000000000000
118 2.100000000000000 7.000000000000000
119 2.100000000000000 6.400000000000000
120 2.100000000000000 6.400000000000000
121 2.100000000000000 4.200000000000000
122 2.100000000000000 5.900000000000000
123 2.200000000000000 3.700000000000000
124 2.200000000000000 3.400000000000000
125 2.200000000000000 8.199999999999999
126 2.300000000000000 6.400000000000000
127 2.300000000000000 3.000000000000000
128 2.300000000000000 4.000000000000000
129 2.300000000000000 7.100000000000000
130 2.300000000000000 6.100000000000000
131 2.300000000000000 2.700000000000000
132 2.300000000000000 3.400000000000000
133 2.300000000000000 3.400000000000000
134 2.300000000000000 8.400000000000000
135 2.400000000000000 2.400000000000000
136 2.400000000000000 4.100000000000000
137 2.400000000000000 4.600000000000000
138 2.400000000000000 4.600000000000000
139 2.400000000000000 5.900000000000000
140 2.400000000000000 8.600000000000000
141 2.500000000000000 8.100000000000000
142 2.500000000000000 8.800000000000001
143 2.500000000000000 8.300000000000001
144 2.500000000000000 9.500000000000000
145 2.500000000000000 6.300000000000000
146 2.500000000000000 8.600000000000000
147 2.500000000000000 4.600000000000000
148 2.500000000000000 5.200000000000000
149 2.500000000000000 5.600000000000000
150 2.500000000000000 8.199999999999999
151 2.500000000000000 4.300000000000000
152 2.500000000000000 6.400000000000000
153 2.600000000000000 8.300000000000001
154 2.600000000000000 8.300000000000001
155 2.600000000000000 6.600000000000000
156 2.600000000000000 8.800000000000001
157 2.600000000000000 8.400000000000000
158 2.600000000000000 2.700000000000000
159 2.600000000000000 3.800000000000000
160 2.600000000000000 6.500000000000000
161 2.600000000000000 6.900000000000000
162 2.700000000000000 1.400000000000000
163 2.700000000000000 6.200000000000000
164 2.700000000000000 1.500000000000000
165 2.700000000000000 5.500000000000000
166 2.700000000000000 7.300000000000000
167 2.700000000000000 9.500000000000000
168 2.700000000000000 6.000000000000000
169 2.700000000000000 9.500000000000000
170 2.700000000000000 2.000000000000000
171 2.700000000000000 7.400000000000000
172 2.700000000000000 0.900000000000000
173 2.700000000000000 9.199999999999999
174 2.800000000000000 3.100000000000000
175 2.800000000000000 5.900000000000000
176 2.800000000000000 4.000000000000000
177 2.800000000000000 5.100000000000000
178 2.800000000000000 1.300000000000000
179 2.800000000000000 9.199999999999999
180 2.800000000000000 8.000000000000000
181 2.800000000000000 9.100000000000000
182 2.800000000000000 8.600000000000000
183 2.900000000000000 1.600000000000000
184 2.900000000000000 3.500000000000000
185 2.900000000000000 5.600000000000000
186 2.900000000000000 8.500000000000000
187 2.900000000000000 7.900000000000000
188 2.900000000000000 4.300000000000000
189 2.900000000000000 8.100000000000000
190 2.900000000000000 5.100000000000000
191 2.900000000000000 7.800000000000000
192 3.000000000000000 5.500000000000000
193 3.000000000000000 6.700000000000000
194 3.000000000000000 5.100000000000000
195 3.000000000000000 4.600000000000000
196 3.000000000000000 2.500000000000000
197 3.000000000000000 1.500000000000000
198 3.000000000000000 6.600000000000000
199 3.000000000000000 6.400000000000000
200 3.000000000000000 1.900000000000000
201 3.000000000000000 5.200000000000000
202 3.000000000000000 2.900000000000000
203 3.100000000000000 3.500000000000000
204 3.100000000000000 4.300000000000000
205 3.100000000000000 5.300000000000000
206 3.100000000000000 2.800000000000000
207 3.200000000000000 8.100000000000000
208 3.200000000000000 6.900000000000000
209 3.200000000000000 6.300000000000000
210 3.200000000000000 5.000000000000000
211 3.200000000000000 3.900000000000000
212 3.200000000000000 4.000000000000000
213 3.200000000000000 8.199999999999999
214 3.200000000000000 4.300000000000000
215 3.200000000000000 7.700000000000000
216 3.300000000000000 4.400000000000000
217 3.300000000000000 9.000000000000000
218 3.300000000000000 9.000000000000000
219 3.300000000000000 8.699999999999999
220 3.300000000000000 7.700000000000000
221 3.300000000000000 6.700000000000000
222 3.300000000000000 7.000000000000000
223 3.300000000000000 9.000000000000000
224 3.300000000000000 2.100000000000000
225 3.400000000000000 7.200000000000000
226 3.400000000000000 1.700000000000000
227 3.400000000000000 1.700000000000000
228 3.400000000000000 5.000000000000000
229 3.500000000000000 5.300000000000000
230 3.500000000000000 7.200000000000000
231 3.500000000000000 6.900000000000000
232 3.500000000000000 6.900000000000000
233 3.500000000000000 5.100000000000000
234 3.500000000000000 6.700000000000000
235 3.600000000000000 8.300000000000001
236 3.600000000000000 7.000000000000000
237 3.600000000000000 3.800000000000000
238 3.600000000000000 1.700000000000000
239 3.600000000000000 7.600000000000000
240 3.700000000000000 3.700000000000000
241 3.700000000000000 5.500000000000000
242 3.700000000000000 4.300000000000000
243 3.700000000000000 7.100000000000000
244 3.700000000000000 5.000000000000000
245 3.700000000000000 5.400000000000000
246 3.700000000000000 5.000000000000000
247 3.700000000000000 6.500000000000000
248 3.800000000000000 2.300000000000000
249 3.800000000000000 7.500000000000000
250 3.800000000000000 1.900000000000000
251 3.800000000000000 5.500000000000000
252 3.800000000000000 2.100000000000000
253 3.900000000000000 3.000000000000000
254 3.900000000000000 8.000000000000000
255 3.900000000000000 6.600000000000000
256 3.900000000000000 8.300000000000001
257 3.900000000000000 4.500000000000000
258 3.900000000000000 3.700000000000000
259 3.900000000000000 8.100000000000000
260 3.900000000000000 8.199999999999999
261 4.000000000000000 3.100000000000000
262 4.000000000000000 7.800000000000000
263 4.000000000000000 7.500000000000000
264 4.000000000000000 7.600000000000000
265 4.000000000000000 5.500000000000000
266 4.000000000000000 2.500000000000000
267 4.000000000000000 5.800000000000000
268 4.000000000000000 7.700000000000000
269 4.100000000000000 6.700000000000000
270 4.100000000000000 8.900000000000000
271 4.100000000000000 2.100000000000000
272 4.100000000000000 4.900000000000000
273 4.100000000000000 4.300000000000000
274 4.100000000000000 7.900000000000000
275 4.100000000000000 3.500000000000000
276 4.200000000000000 5.100000000000000
277 4.200000000000000 4.100000000000000
278 4.200000000000000 6.700000000000000
279 4.200000000000000 2.000000000000000
280 4.200000000000000 6.900000000000000
281 4.200000000000000 6.800000000000000
282 4.200000000000000 4.000000000000000
283 4.300000000000000 8.500000000000000
284 4.300000000000000 6.700000000000000
285 4.300000000000000 8.800000000000001
286 4.300000000000000 8.500000000000000
287 4.400000000000000 7.800000000000000
288 4.400000000000000 5.500000000000000
289 4.400000000000000 8.699999999999999
290 4.400000000000000 5.500000000000000
291 4.500000000000000 3.500000000000000
292 4.500000000000000 7.600000000000000
293 4.500000000000000 3.300000000000000
294 4.500000000000000 8.000000000000000
295 4.500000000000000 4.200000000000000
296 4.500000000000000 4.800000000000000
297 4.500000000000000 8.100000000000000
298 4.500000000000000 4.200000000000000
299 4.600000000000000 8.800000000000001
300 4.600000000000000 3.900000000000000
301 4.600000000000000 7.500000000000000
302 4.600000000000000 6.900000000000000
303 4.600000000000000 6.700000000000000
304 4.600000000000000 5.000000000000000
305 4.600000000000000 5.000000000000000
306 4.600000000000000 2.800000000000000
307 4.600000000000000 8.300000000000001
308 4.700000000000000 8.699999999999999
309 4.700000000000000 6.800000000000000
310 4.700000000000000 3.500000000000000
311 4.700000000000000 5.000000000000000
312 4.800000000000000 5.200000000000000
313 4.800000000000000 2.300000000000000
314 4.800000000000000 7.200000000000000
315 4.800000000000000 4.600000000000000
316 4.800000000000000 5.300000000000000
317 4.800000000000000 5.500000000000000
318 4.900000000000000 5.300000000000000
319 4.900000000000000 2.500000000000000
320 4.900000000000000 5.800000000000000
321 4.900000000000000 4.000000000000000
322 4.900000000000000 8.400000000000000
323 4.900000000000000 5.200000000000000
324 4.900000000000000 4.900000000000000
325 5.000000000000000 6.600000000000000
326 5.000000000000000 6.100000000000000
327 5.000000000000000 8.199999999999999
328 5.000000000000000 2.700000000000000
329 5.000000000000000 5.600000000000000
330 5.100000000000000 2.700000000000000
331 5.100000000000000 7.000000000000000
332 5.100000000000000 8.000000000000000
333 5.100000000000000 6.100000000000000
334 5.100000000000000 8.400000000000000
335 5.100000000000000 7.300000000000000
336 5.100000000000000 4.500000000000000
337 5.100000000000000 7.400000000000000
338 5.200000000000000 8.400000000000000
339 5.200000000000000 3.800000000000000
340 5.200000000000000 5.300000000000000
341 5.200000000000000 3.500000000000000
342 5.200000000000000 4.400000000000000
343 5.200000000000000 8.100000000000000
344 5.200000000000000 3.700000000000000
345 5.200000000000000 3.700000000000000
346 5.200000000000000 7.000000000000000
347 5.300000000000000 5.800000000000000
348 5.300000000000000 2.900000000000000
349 5.300000000000000 5.100000000000000
350 5.300000000000000 2.700000000000000
351 5.300000000000000 8.800000000000001
352 5.300000000000000 6.200000000000000
353 5.400000000000000 6.500000000000000
354 5.400000000000000 5.200000000000000
355 5.400000000000000 4.700000000000000
356 5.400000000000000 6.000000000000000
357 5.400000000000000 7.800000000000000
358 5.400000000000000 6.500000000000000
359 5.500000000000000 3.400000000000000
360 5.500000000000000 8.300000000000001
361 5.500000000000000 6.100000000000000
362 5.500000000000000 5.800000000000000
363 5.500000000000000 2.700000000000000
364 5.500000000000000 6.000000000000000
365 5.500000000000000 4.800000000000000
366 5.500000000000000 6.200000000000000
367 5.500000000000000 5.600000000000000
368 5.500000000000000 8.000000000000000
369 5.600000000000000 3.800000000000000
370 5.600000000000000 7.900000000000000
371 5.600000000000000 6.800000000000000
372 5.600000000000000 5.100000000000000
373 5.600000000000000 8.000000000000000
374 5.600000000000000 6.100000000000000
375 5.600000000000000 8.500000000000000
376 5.600000000000000 4.400000000000000
377 5.600000000000000 7.200000000000000
378 5.600000000000000 4.900000000000000
379 5.700000000000000 5.600000000000000
380 5.700000000000000 4.700000000000000
381 5.700000000000000 7.100000000000000
382 5.700000000000000 2.400000000000000
383 5.700000000000000 4.100000000000000
384 5.800000000000000 6.700000000000000
385 5.800000000000000 8.600000000000000
386 5.800000000000000 7.600000000000000
387 5.800000000000000 4.500000000000000
388 5.800000000000000 5.700000000000000
389 5.900000000000000 7.500000000000000
390 5.900000000000000 4.300000000000000
391 5.900000000000000 5.100000000000000
392 5.900000000000000 9.100000000000000
393 5.900000000000000 7.800000000000000
394 5.900000000000000 8.100000000000000
395 6.000000000000000 8.100000000000000
396 6.000000000000000 7.600000000000000
397 6.000000000000000 9.300000000000001
398 6.000000000000000 5.000000000000000
399 6.000000000000000 4.500000000000000
400 6.100000000000000 4.300000000000000
401 6.100000000000000 2.000000000000000
402 6.100000000000000 9.100000000000000
403 6.100000000000000 9.300000000000001
404 6.100000000000000 7.900000000000000
405 6.100000000000000 7.000000000000000
406 6.200000000000000 3.600000000000000
407 6.200000000000000 5.500000000000000
408 6.200000000000000 4.100000000000000
409 6.200000000000000 5.000000000000000
410 6.200000000000000 1.800000000000000
411 6.200000000000000 6.200000000000000
412 6.200000000000000 7.900000000000000
413 6.200000000000000 9.100000000000000
414 6.200000000000000 4.700000000000000
415 6.200000000000000 6.100000000000000
416 6.200000000000000 7.000000000000000
417 6.300000000000000 4.500000000000000
418 6.300000000000000 3.100000000000000
419 6.300000000000000 3.500000000000000
420 6.300000000000000 4.400000000000000
421 6.300000000000000 8.800000000000001
422 6.400000000000000 3.400000000000000
423 6.400000000000000 8.100000000000000
424 6.400000000000000 4.000000000000000
425 6.400000000000000 5.300000000000000
426 6.500000000000000 2.300000000000000
427 6.500000000000000 5.700000000000000
428 6.500000000000000 1.700000000000000
429 6.500000000000000 2.500000000000000
430 6.500000000000000 8.100000000000000
431 6.500000000000000 4.900000000000000
432 6.500000000000000 7.300000000000000
433 6.500000000000000 4.200000000000000
434 6.500000000000000 3.400000000000000
435 6.600000000000000 1.600000000000000
436 6.600000000000000 5.300000000000000
437 6.600000000000000 5.900000000000000
438 6.600000000000000 3.400000000000000
439 6.600000000000000 3.700000000000000
440 6.600000000000000 4.100000000000000
441 6.600000000000000 3.000000000000000
442 6.600000000000000 8.800000000000001
443 6.600000000000000 5.800000000000000
444 6.600000000000000 4.800000000000000
445 6.700000000000000 7.500000000000000
446 6.700000000000000 3.200000000000000
447 6.700000000000000 4.700000000000000
448 6.700000000000000 2.600000000000000
449 6.700000000000000 8.800000000000001
450 6.700000000000000 7.700000000000000
451 6.700000000000000 7.100000000000000
452 6.700000000000000 5.500000000000000
453 6.700000000000000 2.000000000000000
454 6.800000000000000 7.000000000000000
455 6.800000000000000 5.000000000000000
456 6.800000000000000 2.000000000000000
457 6.800000000000000 5.700000000000000
458 6.800000000000000 2.700000000000000
459 6.800000000000000 7.000000000000000
460 6.800000000000000 8.500000000000000
461 6.800000000000000 8.500000000000000
462 6.800000000000000 1.300000000000000
463 6.900000000000000 4.700000000000000
464 6.900000000000000 7.900000000000000
465 6.900000000000000 8.500000000000000
466 6.900000000000000 3.400000000000000
467 7.000000000000000 3.300000000000000
468 7.000000000000000 8.100000000000000
469 7.000000000000000 4.200000000000000
470 7.000000000000000 3.800000000000000
471 7.000000000000000 4.800000000000000
472 7.000000000000000 2.800000000000000
473 7.000000000000000 2.900000000000000
474 7.000000000000000 7.700000000000000
475 7.000000000000000 2.100000000000000
476 7.100000000000000 3.700000000000000
477 7.100000000000000 6.100000000000000
478 7.100000000000000 2.400000000000000
479 7.100000000000000 5.300000000000000
480 7.100000000000000 2.600000000000000
481 7.100000000000000 7.700000000000000
482 7.100000000000000 6.200000000000000
483 7.100000000000000 5.800000000000000
484 7.200000000000000 6.400000000000000
485 7.200000000000000 4.500000000000000
486 7.200000000000000 8.000000000000000
487 7.200000000000000 4.400000000000000
488 7.200000000000000 7.400000000000000
489 7.200000000000000 6.600000000000000
490 7.300000000000000 5.900000000000000
491 7.300000000000000 7.100000000000000
492 7.300000000000000 1.900000000000000
493 7.300000000000000 3.900000000000000
494 7.300000000000000 6.500000000000000
495 7.300000000000000 4.700000000000000
496 7.300000000000000 7.500000000000000
497 7.300000000000000 7.200000000000000
498 7.400000000000000 2.200000000000000
499 7.400000000000000 3.600000000000000
500 7.400000000000000 6.000000000000000
501 7.400000000000000 3.600000000000000
502 7.400000000000000 4.400000000000000
503 7.400000000000000 3.900000000000000
504 7.400000000000000 6.800000000000000
505 7.500000000000000 5.900000000000000
506 7.500000000000000 4.800000000000000
507 7.500000000000000 3.500000000000000
508 7.500000000000000 7.300000000000000
509 7.500000000000000 1.600000000000000
510 7.500000000000000 4.100000000000000
511 7.500000000000000 3.300000000000000
512 7.500000000000000 3.200000000000000
513 7.500000000000000 7.200000000000000
514 7.500000000000000 6.100000000000000
515 7.600000000000000 5.800000000000000
516 7.600000000000000 6.200000000000000
517 7.600000000000000 3.500000000000000
518 7.600000000000000 6.800000000000000
519 7.600000000000000 3.800000000000000
520 7.600000000000000 2.700000000000000
521 7.600000000000000 7.300000000000000
522 7.600000000000000 4.800000000000000
523 7.600000000000000 5.200000000000000
524 7.600000000000000 4.300000000000000
525 7.700000000000000 4.100000000000000
526 7.700000000000000 7.200000000000000
527 7.700000000000000 2.500000000000000
528 7.700000000000000 2.200000000000000
529 7.700000000000000 6.500000000000000
530 7.800000000000000 3.600000000000000
531 7.800000000000000 3.700000000000000
532 7.800000000000000 3.400000000000000
533 7.800000000000000 5.600000000000000
534 7.800000000000000 6.900000000000000
535 7.800000000000000 2.800000000000000
536 7.800000000000000 2.500000000000000
537 7.900000000000000 5.400000000000000
538 7.900000000000000 5.100000000000000
539 7.900000000000000 6.800000000000000
540 7.900000000000000 6.300000000000000
541 7.900000000000000 7.500000000000000
542 7.900000000000000 3.900000000000000
543 8.000000000000000 6.900000000000000
544 8.000000000000000 6.200000000000000
545 8.000000000000000 6.000000000000000
546 8.000000000000000 4.800000000000000
547 8.000000000000000 8.000000000000000
548 8.000000000000000 6.600000000000000
549 8.000000000000000 6.400000000000000
550 8.000000000000000 4.200000000000000
551 8.000000000000000 3.100000000000000
552 8.100000000000000 4.600000000000000
553 8.100000000000000 7.700000000000000
554 8.100000000000000 5.800000000000000
555 8.100000000000000 4.600000000000000
556 8.100000000000000 4.800000000000000
557 8.100000000000000 4.600000000000000
558 8.100000000000000 4.900000000000000
559 8.199999999999999 6.900000000000000
560 8.199999999999999 8.300000000000001
561 8.300000000000001 5.100000000000000
562 8.300000000000001 3.300000000000000
563 8.300000000000001 4.700000000000000
564 8.300000000000001 4.000000000000000
565 8.400000000000000 3.800000000000000
566 8.400000000000000 6.000000000000000
567 8.400000000000000 7.600000000000000
568 8.400000000000000 6.200000000000000
569 8.500000000000000 4.800000000000000
570 8.500000000000000 4.700000000000000
571 8.500000000000000 5.200000000000000
572 8.500000000000000 5.900000000000000
573 8.600000000000000 5.000000000000000
574 8.600000000000000 4.600000000000000
575 8.600000000000000 4.400000000000000
576 8.699999999999999 5.800000000000000
577 8.699999999999999 8.500000000000000
578 8.699999999999999 5.500000000000000
579 8.699999999999999 5.800000000000000
580 8.699999999999999 5.100000000000000
581 8.900000000000000 8.600000000000000
582 8.900000000000000 8.300000000000001
583 8.900000000000000 8.699999999999999
584 8.900000000000000 7.600000000000000
585 9.000000000000000 7.900000000000000
586 9.000000000000000 8.400000000000000
587 9.000000000000000 7.500000000000000
588 9.000000000000000 7.100000000000000
589 9.000000000000000 7.800000000000000
590 9.000000000000000 7.400000000000000
591 9.100000000000000 6.700000000000000
592 9.100000000000000 8.000000000000000
593 9.300000000000001 9.300000000000001
